0 0.982996975 0.42468707656249993 0.980378078892684 0.3955212795892061 0.5372006249875027 0.43531569048582003 0.5398195210948187 0.46448148745911394
0 0.556068165625 0.7897847109375 0.5536363333658559 0.7627021829388634 0.14185124843750002 0.799677765625 0.14428308069664422 0.8267602936236369
0 0.5391574062500001 0.61620788125 0.5367255739244868 0.589125353115044 0.11388767656250001 0.6270934062500001 0.1163195088880133 0.6541759343849562
0 0.9799905656249999 0.3159886828125001 0.9773716693519934 0.28682288429061126 0.5268256734250024 0.32727894204832003 0.529444569698009 0.3564447405702088
0 0.973249934375 0.2590352703125 0.9706310381856863 0.22986947334356014 0.5219271781249999 0.27016012031249986 0.5245460743143138 0.29932591728143976
0 0.5435119656250001 0.6426305437500002 0.5410801333119842 0.615548015754224 0.11824223750000003 0.6535160687500001 0.1206740698130159 0.6805985967457763
0 0.522295134375 0.4352512578125 0.5194891740727037 0.4040021872107854 0.0799199078125 0.44347260625 0.08272586811479637 0.4747216768517147
0 0.5502240046875 0.7178529171875 0.547698640507498 0.6897287547013631 0.13219124531249998 0.7270385765625 0.13471660949250208 0.7551627390486368
0 0.9858183781250001 0.5055215750000002 0.9830124177944789 0.474272504539628 0.5452852875 0.5135775125000002 0.5480912478305211 0.5448265829603723
0 0.9693862156250003 0.19952605937500004 0.9666737874036491 0.16931862480967771 0.5068790765625 0.21060515468749993 0.5095915047838512 0.24081258925282226
0 0.97750634375 0.37004070312500004 0.9748874477915104 0.34087490614380334 0.52986785625 0.38083472656249995 0.5324867522084896 0.4100005235436967
0 0.5494689578124998 0.6932239109374999 0.5469435937184419 0.6650997484467995 0.12775192798582 0.7027403921999975 0.13027729207987795 0.7308645546906978
0 0.9857036203125 0.7357245781249999 0.9830847241977676 0.7065587810122563 0.567539290625 0.7438720187500001 0.5701581867397326 0.7730378158627436
0 0.52900609375 0.513434825 0.5263871976161678 0.4842690264707211 0.09242041548582 0.5232363781374975 0.0950393116196522 0.5524021766667764
0 0.9878038718750002 0.7121916296875 0.9849979115489971 0.6809425590870443 0.5656921265625 0.7185934515625 0.5684980868885031 0.7498425221629559
0 0.5526911640625001 0.7444660562500003 0.5500722679799164 0.7153002592753929 0.1345268343625025 0.75261349673582 0.1371457304450861 0.7817792937104274
0 0.5253131125 0.4882631984375 0.5226942164099851 0.4590974014632875 0.08872743436250256 0.4980647545483202 0.0913463304525175 0.5272305515225327
0 0.5079767234375 0.2964203921875 0.5051707630898077 0.2651713217280396 0.05454868749999999 0.3056342109375001 0.05735464784769223 0.3368832813969605
0 0.5016190093749999 0.20929241562500006 0.49881304903679 0.17804334502519245 0.037138165625000004 0.21949870312499997 0.03994412596320997 0.25074777372480755
0 0.5194998156249999 0.37961523750000004 0.5168809195461053 0.3504494405251969 0.0681770578125 0.3907400859375 0.07079595389139463 0.41990588291230324
0 0.9882109109374999 0.634192140625 0.9855920148910103 0.6050263420910831 0.5571516389108225 0.6434974576858176 0.5597705349573122 0.6726632562197346
0 0.5448275421875001 0.6677132343750001 0.5423957100313049 0.6406307079282898 0.12324208437499999 0.6782679375 0.12567391653119508 0.7053504639467104
0 0.519203246875 0.40667815 0.5164908186725621 0.3764707154336734 0.07511745468749999 0.41610312968749985 0.07782988288993799 0.4463105642538265
0 0.4912133624999999 0.11962562343750005 0.4883138703597658 0.08733491848372588 0.022916679675002542 0.12912451392331992 0.025816171815236676 0.1614152188770941
0 0.5304858734375 0.5398132140625 0.5278669773327487 0.5106474155316768 0.09758446237331747 0.5492839439016775 0.10020335847806885 0.5784497424325008
0 0.9803345859375 0.45113499531250023 0.9777156899142577 0.42196919833474167 0.5400646390625001 0.4612673734374998 0.5426835350857424 0.49043317041525836
0 0.9857879031250002 0.5569129859374999 0.98307547474654 0.5267055499629707 0.5527549234375 0.5653454953124999 0.55546735181596 0.5955529312870291
0 0.9880098859374999 0.6880013421875001 0.9851103938080357 0.655710637233154 0.56208230142332 0.6936957671999975 0.5649817935527844 0.7259864721543434
0 0.5061280187500001 0.267130834375 0.5034155905003982 0.2369233998111778 0.04914728424831745 0.27771369546417735 0.05185971249791934 0.3079211300279996
0 0.9759807796874999 0.22895228750000002 0.9733618836672822 0.19978649066192478 0.5172894857983199 0.24073878126249743 0.5199083818185375 0.26990457810057267
0 0.522914896875 0.4619882796875001 0.5202024686461497 0.4317808452624196 0.0843555108233149 0.4709170252908573 0.08706793905216519 0.5011244597159379
0 0.9896934578124998 0.7600631203125001 0.9870745617174188 0.7308973231987128 0.5715291265500025 0.76821056079832 0.5741480226450835 0.7973763579121073
0 0.5385081375 0.5926194093750002 0.5358892413992017 0.56345361240136 0.11113313437500003 0.6015939078124999 0.11375203047579836 0.6307597047861401
0 0.5640132750000001 0.8195180843750002 0.5611137829149022 0.787227379418298 0.14545423111082 0.8245508625124973 0.14835372319591786 0.8568415674691995
0 0.53182039375 0.565457021875 0.529388561276342 0.5383744921905173 0.106550665625 0.5763425453125001 0.10898249809865793 0.6034250749969827
0 0.9814975093749998 0.47857087031249995 0.9787850810625031 0.44836343561217396 0.541095990600005 0.48766502784664006 0.5438084189125019 0.5178724625469661
0 0.513819446875 0.35305121718749993 0.511013486684974 0.32180214671966734 0.06223354829831999 0.3620996218874974 0.06503950848834596 0.39334869235533004
0 0.9791339890624998 0.34277846875 0.9765150930758285 0.3136126717702997 0.5278112328125 0.35390331562499994 0.5304301287991714 0.3830691126047002
0 0.9853786625000002 0.5310432890625002 0.9826662340798545 0.5008358529503407 0.5486614125 0.539806621875 0.5513738409201455 0.5700140579871593
0 0.498824771875 0.150695203125 0.49592527970270267 0.1184044980330848 0.026843815625 0.1605249171875 0.029743307797297346 0.19281562227941523
0 0.9856464031250001 0.6622063203125 0.9827469111240271 0.6299156169087241 0.5597188203125001 0.6679007468749999 0.562618312313473 0.7001914502787758
0 0.5106965015625 0.32502691406250006 0.5077970095612935 0.2927362106587365 0.057136893749999994 0.33320251406249995 0.06003638575120647 0.36549321746626345
0 0.9822423390624999 0.5837426171875 0.9795299108631275 0.5535351827608542 0.5565778967608149 0.5915134815408574 0.5592903249601874 0.6217209159675031
0 0.9935237984375 0.7864950531249999 0.9906243062716958 0.754204349590133 0.5694383484250025 0.79202407017332 0.5723378405908066 0.824314773708187
0 0.9864226953124999 0.609172890625 0.9837102670904161 0.5789654560597166 0.5570739828125 0.617274578125 0.5597864110345842 0.6474820126902834
0 0.9781823843749999 0.287018896875 0.975563488414932 0.2578530998938871 0.5213332218749999 0.298639978125 0.5239521178350679 0.32780577510611286
0 0.55409676875 0.7668777781250004 0.5516649363889466 0.7397952485743817 0.13803771549831745 0.7769362423391775 0.14046954785937085 0.8040187718897961
0 0.49686869062500005 0.1789529609375001 0.4941562623421464 0.14874552651528725 0.032519420312500005 0.19019746875000001 0.035231848595353624 0.2204049031722129
0 0.5031219093750001 0.23982266406250008 0.500222417301481 0.20753196052273287 0.042193762499999996 0.24865991093750006 0.04509325457351907 0.28095061447726727
0 0.9794982296875 0.39707873125000004 0.9768793335560891 0.36791293286043614 0.5337018779983175 0.4077073423391774 0.5363207741297282 0.4368731407287413