0 0.9162333328125 0.8218541671875 0.4995666671875002 0.8218541671875 0.4995666671875002 0.8541458328125 0.9162333328125 0.8541458328125
0 0.49348518593749996 0.5966583328125 0.07311481406250006 0.5966583328125 0.07311481406250006 0.6237416671875 0.49348518593749996 0.6237416671875
0 0.48794444375 0.16975416718750003 0.04905555625000002 0.1697541671875 0.04905555625000002 0.20204583281250005 0.48794444375 0.2020458328125001
0 0.49354444375 0.2547166671875 0.05465555625000003 0.25471666718749997 0.054655556250000036 0.28388333281250006 0.49354444375 0.2838833328125001
0 0.931440740625 0.4682583328125001 0.499959259375 0.4682583328125 0.499959259375 0.49534166718750006 0.931440740625 0.49534166718750017
0 0.4953814812500002 0.7453583328125 0.08241851875000009 0.7453583328125 0.08241851875000009 0.7724416671875 0.4953814812500002 0.7724416671875
0 0.9430518515624999 0.1953166671875001 0.4893481484375 0.19531666718750004 0.4893481484375 0.22448333281250007 0.9430518515624999 0.22448333281250007
0 0.49628148125000016 0.8181958328125001 0.08331851875000011 0.8181958328125001 0.08331851875000011 0.8484041671875 0.49628148125000016 0.8484041671875
0 0.4958814812500002 0.7940583328125 0.08291851875000009 0.7940583328125 0.0829185187500001 0.8211416671875 0.4958814812500002 0.8211416671875
0 0.9221851859375001 0.6476958328125001 0.5018148140625 0.6476958328125 0.5018148140625 0.6779041671875001 0.9221851859375001 0.6779041671875002
0 0.4944333328125 0.6968583328125 0.0777666671875001 0.6968583328125 0.0777666671875001 0.7239416671875001 0.4944333328125 0.7239416671875001
0 0.4949074078125001 0.7218583328125 0.08009259218750009 0.7218583328125 0.08009259218750009 0.7489416671875 0.4949074078125002 0.7489416671875
0 0.9236111109375 0.7487166671875001 0.5013888890625002 0.7487166671875001 0.5013888890625002 0.7778833328125001 0.9236111109375 0.7778833328125001
0 0.9351962968749999 0.4146166671875001 0.492603703125 0.4146166671875 0.492603703125 0.44378333281250015 0.9351962968749999 0.4437833328125002
0 0.9407 0.30547500000000005 0.4907 0.30547500000000005 0.4907 0.33672500000000005 0.9407 0.33672500000000005
0 0.9240370375 0.6987166671875001 0.4999629625 0.6987166671875 0.49996296250000005 0.7278833328125001 0.9240370375 0.7278833328125002
0 0.9259370375 0.6219166671875 0.5018629625 0.6219166671874999 0.5018629625 0.6510833328125001 0.9259370375 0.6510833328125002
0 0.49393333281249996 0.6718583328125 0.0772666671875001 0.6718583328125 0.0772666671875001 0.6989416671875001 0.49393333281249996 0.6989416671875001
0 0.9361259265624999 0.3877166671875001 0.4842740734375 0.3877166671875001 0.4842740734375 0.4168833328125001 0.9361259265624999 0.41688333281250023
0 0.4842925921875 0.1414541671875 0.04910740781250002 0.14145416718749998 0.04910740781250002 0.17374583281250003 0.4842925921875 0.17374583281250006
0 0.4934925921875 0.3364166671875001 0.058307407812500045 0.3364166671875 0.058307407812500045 0.36558333281250005 0.4934925921875 0.3655833328125001
0 0.9264148140625 0.5708166671875001 0.4967851859375 0.5708166671875 0.4967851859375 0.5999833328125 0.9264148140625 0.5999833328125002
0 0.49348888906250005 0.46905833281250003 0.06571111093750007 0.46905833281250003 0.06571111093750007 0.49614166718749997 0.49348888906250005 0.49614166718749997
0 0.492640740625 0.38961666718750004 0.06115925937500004 0.3896166671875 0.06115925937500004 0.4187833328125 0.492640740625 0.4187833328125
0 0.944477778125 0.2502750000000001 0.48892222187499995 0.2502750000000001 0.48892222187499995 0.2815250000000001 0.944477778125 0.2815250000000001
0 0.4939666671875 0.36383750000000004 0.06063333281250004 0.3638375 0.06063333281250004 0.39196250000000005 0.4939666671875 0.3919625000000001
0 0.49259629687500006 0.19817500000000002 0.05000370312500002 0.198175 0.05000370312500002 0.22942500000000005 0.49259629687500006 0.22942500000000007
0 0.9375481484374999 0.3617166671875001 0.4912518515625 0.3617166671875001 0.4912518515625 0.3908833328125001 0.9375481484374999 0.3908833328125001
0 0.49401481406250003 0.44325833281250004 0.06438518593750005 0.44325833281250004 0.06438518593750006 0.4703416671875 0.49401481406250003 0.4703416671875
0 0.4916851859375 0.5460791671874999 0.07131481406250006 0.5460791671874999 0.07131481406250006 0.5721208328125 0.4916851859375 0.5721208328125
0 0.4916851859375 0.5710583328125 0.07131481406250006 0.5710583328125 0.07131481406250006 0.5981416671875001 0.4916851859375 0.5981416671875001
0 0.9254370375000001 0.7239166671875001 0.5013629625 0.7239166671875 0.5013629625000001 0.7530833328125002 0.9254370375000001 0.7530833328125002
0 0.493040740625 0.3104583328125 0.06155925937500004 0.3104583328125 0.06155925937500004 0.33754166718750006 0.493040740625 0.3375416671875001
0 0.9296407406249999 0.5448166671875001 0.49815925937500005 0.5448166671875 0.49815925937500005 0.5739833328125001 0.9296407406249999 0.5739833328125001
0 0.49211111093750004 0.5200583328125 0.06988888906250007 0.5200583328125 0.06988888906250007 0.5471416671875 0.49211111093750004 0.5471416671875
0 0.9217111109375 0.5966166671875002 0.4994888890625 0.5966166671875001 0.4994888890625 0.6257833328125001 0.9217111109375 0.6257833328125002
0 0.49124444375 0.22629583281250004 0.052355556250000025 0.2262958328125 0.052355556250000025 0.2565041671875 0.49124444375 0.2565041671875001
0 0.48930740781250004 0.6216583328125 0.07449259218750007 0.6216583328125 0.07449259218750007 0.6487416671874999 0.48930740781250004 0.6487416671874999
0 0.9481296296874999 0.13545416718750009 0.48887037031249997 0.13545416718750006 0.48887037031249997 0.16774583281250008 0.9481296296874999 0.16774583281250013
0 0.4930629625 0.4945583328125 0.06713703750000007 0.4945583328125 0.06713703750000007 0.5216416671874999 0.4930629625 0.5216416671874999
0 0.9444000000000001 0.1653750000000001 0.4944 0.16537500000000005 0.4944 0.1966250000000001 0.9444000000000001 0.19662500000000013
0 0.49354074062500003 0.41715833281250003 0.06205925937500004 0.41715833281250003 0.06205925937500004 0.44424166718749997 0.49354074062500003 0.44424166718749997
0 0.4948814812500002 0.7695375 0.08191851875000009 0.7695375 0.08191851875000009 0.7976625 0.4948814812500002 0.7976625
0 0.9314925921875 0.5203583328125001 0.49630740781249993 0.5203583328125 0.49630740781249993 0.5474416671875001 0.9314925921875 0.5474416671875002
0 0.9328925921875 0.44143750000000004 0.4977074078125 0.4414375 0.4977074078125 0.46956250000000005 0.9328925921875 0.46956250000000016
0 0.48938148124999997 0.6461375 0.07641851875000008 0.6461375 0.07641851875000008 0.6742625 0.48938148124999997 0.6742625
0 0.920859259375 0.7729166671875001 0.5023407406250001 0.7729166671875001 0.5023407406250001 0.8020833328125001 0.920859259375 0.8020833328125001
0 0.9379481484375001 0.33441666718750007 0.4916518515625 0.33441666718750007 0.4916518515625 0.3635833328125001 0.9379481484375001 0.3635833328125001
0 0.4921666671875 0.28181666718750004 0.05883333281250005 0.2818166671875 0.05883333281250005 0.31098333281250007 0.4921666671875 0.3109833328125001
0 0.920859259375 0.7984583328125001 0.5023407406250001 0.7984583328125 0.5023407406250001 0.8255416671875 0.920859259375 0.8255416671875
0 0.941677778125 0.2220958328125001 0.486122221875 0.2220958328125001 0.486122221875 0.2523041671875001 0.941677778125 0.2523041671875001
0 0.9430518515624999 0.2778750000000001 0.4893481484375 0.2778750000000001 0.4893481484375 0.3091250000000001 0.9430518515624999 0.3091250000000001
0 0.9323925921875 0.4942583328125001 0.4972074078125 0.4942583328125 0.4972074078125 0.5213416671875001 0.9323925921875 0.5213416671875002
0 0.9250370374999999 0.6734166671875002 0.5009629624999999 0.6734166671875 0.5009629624999999 0.7025833328125001 0.9250370374999999 0.7025833328125002