0 0.7712847218750001 0.40243085937500006 0.24871527812500008 0.402430859375 0.24871527812500008 0.43416914062500006 0.7712847218750001 0.43416914062500017
0 0.775590971875 0.37019843750000003 0.24520902812500006 0.3701984375 0.24520902812500006 0.40340156250000014 0.775590971875 0.4034015625000002
0 0.78734375 0.20124531250000005 0.23265625 0.2012453125 0.23265625 0.23835468750000005 0.78734375 0.23835468750000008
0 0.7551916671875001 0.718554296875 0.26560833281250007 0.718554296875 0.26560833281250007 0.752245703125 0.7551916671875002 0.7522457031250002
0 0.78209930625 0.26997773437500006 0.24130069375000002 0.269977734375 0.24130069375000002 0.30562226562500006 0.78209930625 0.3056222656250001
0 0.785571528125 0.23415703125000004 0.23782847187499997 0.23415703125 0.23782847187499997 0.27224296875000004 0.785571528125 0.2722429687500001
0 0.7521833328125002 0.826266015625 0.2730166671875001 0.826266015625 0.2730166671875001 0.860933984375 0.7521833328125002 0.860933984375
0 0.7584638890625001 0.6656425781250002 0.26193611093750013 0.665642578125 0.26193611093750013 0.6983574218750002 0.7584638890625001 0.6983574218750002
0 0.7582958328125 0.6922984375000001 0.2635041671875001 0.6922984375000001 0.2635041671875001 0.7255015625000001 0.7582958328125001 0.7255015625000002
0 0.7556895828125001 0.7464542968750001 0.2687104171875001 0.746454296875 0.2687104171875001 0.7801457031250001 0.7556895828125001 0.7801457031250002
0 0.7611020828124999 0.6101984375 0.2584979171875001 0.6101984375 0.2584979171875001 0.6434015625 0.7611020828124999 0.6434015625000001
0 0.7663125 0.4935542968750001 0.25068750000000006 0.493554296875 0.25068750000000006 0.5272457031250001 0.7663125 0.5272457031250002
0 0.7671145828125 0.4632542968750001 0.24888541718750007 0.463254296875 0.24888541718750007 0.4969457031250001 0.7671145828125 0.4969457031250002
0 0.75933194375 0.6367660156250001 0.26106805625000007 0.636766015625 0.26106805625000007 0.6714339843750001 0.75933194375 0.6714339843750002
0 0.7541534718750003 0.7994335937500001 0.27064652812500006 0.79943359375 0.27064652812500006 0.8355664062500001 0.7541534718750003 0.8355664062500001
0 0.7649444437499999 0.5230660156250001 0.2510555562500001 0.523066015625 0.2510555562500001 0.5577339843750001 0.7649444437499999 0.5577339843750002
0 0.77716319375 0.30326601562500005 0.23983680624999998 0.303266015625 0.23983680624999998 0.33793398437500005 0.77716319375 0.3379339843750001
0 0.763240278125 0.5528984375000001 0.2545597218750001 0.5528984375 0.2545597218750001 0.5861015625000001 0.763240278125 0.5861015625000002
0 0.792984028125 0.09083906250000005 0.229615971875 0.09083906250000003 0.229615971875 0.13576093750000007 0.792984028125 0.1357609375000001
0 0.7686826390625 0.4333867187500001 0.2487173609375001 0.43338671875 0.2487173609375001 0.4656132812500001 0.7686826390625 0.4656132812500002
0 0.7502152781250002 0.851024609375 0.2727847218750001 0.851024609375 0.2727847218750001 0.890575390625 0.7502152781250002 0.890575390625
0 0.78968194375 0.1289039062500001 0.22891805625 0.12890390625000006 0.22891805625 0.1708960937500001 0.78968194375 0.1708960937500001
0 0.7781951390625 0.33666601562500004 0.2426048609375 0.336666015625 0.24260486093750006 0.37133398437500004 0.7781951390625 0.3713339843750001
0 0.7558895828125002 0.7731660156250001 0.2689104171875001 0.773166015625 0.2689104171875001 0.807833984375 0.7558895828125002 0.807833984375
0 0.7985923609375 0.05300664062500006 0.2248076390625 0.053006640625000025 0.2248076390625 0.09939335937500006 0.7985923609375 0.09939335937500009
0 0.76213819375 0.58131015625 0.2560618062500001 0.58131015625 0.2560618062500001 0.61548984375 0.76213819375 0.6154898437500002
0 0.7879798609375 0.16538046875000006 0.2298201390625 0.16538046875000006 0.2298201390625 0.20541953125000006 0.7879798609375 0.2054195312500001