0 0.7882659734678814 0.06871817219312479 0.7874290624619543 0.03436743906342687 0.25376644993157293 0.047369435620302144 0.2546033609375 0.08172016875000007
0 0.7878633436705674 0.10362404571939395 0.7870264328125 0.06927331406250002 0.24966620476693263 0.08236539646810612 0.25050311562500005 0.11671612812500003
0 0.7838468060863936 0.13651820502764825 0.7830098953125001 0.10216747343749999 0.2530449001636064 0.11507937934735175 0.2538818109375 0.1494301109375
0 0.7811533516474436 0.1691593195057614 0.7803418015624999 0.1358495171875 0.2504693655400562 0.14875917111923856 0.251280915625 0.18206897343749998
0 0.7796940952992347 0.20385346354963843 0.7788064624999999 0.16742086718750002 0.24865634532576508 0.1803372848878616 0.24954397812499995 0.21676988125000002
0 0.7747431249260858 0.23594964680267777 0.7738808530860275 0.20055798277538123 0.24382329847244155 0.21347214534770348 0.2446855703125 0.24886380937500005
0 0.772084757800201 0.26838993001386274 0.7712478468750001 0.23403919687500002 0.24682927657479908 0.2468159731111373 0.24766618750000005 0.28116670625
0 0.7681874077146431 0.30098121912422704 0.767350496875 0.2666304859375 0.2503271625978569 0.27922708556327297 0.25116407343749997 0.31357781875000007
0 0.76612958278167 0.3333277112625741 0.7652926718351004 0.2989769780498354 0.24642053124093044 0.3116186230372614 0.24725744218749995 0.3459693562500001
0 0.713023229638877 0.8644826452373063 0.7121609577744543 0.829090981250927 0.23202124063557733 0.8407889610136206 0.2328835125 0.8761806249999999
0 0.713162020255923 0.8324578758464531 0.7124519140235273 0.8033117999628813 0.23101875001760427 0.8150412928664282 0.23172885625000003 0.8441873687500001
0 0.7190813421469942 0.8060166258098699 0.7183712359356461 0.7768705499239084 0.22769402660115196 0.7888252616140387 0.2284041328125 0.8179713375000001
0 0.7185763594579178 0.7781529066851132 0.7178408921485274 0.7479658968378813 0.22707112487810957 0.7599228651527681 0.22780659218749996 0.790109875
0 0.7233081515206677 0.7502615890713373 0.7225473234374999 0.7190336499999999 0.22798737347933223 0.7310829593661626 0.22874820156250003 0.7623108984375001
0 0.7274722795402659 0.7204634859964545 0.7267114515625 0.6892355468749999 0.22845388608473413 0.7013749421285455 0.2292147140625 0.7326028812500001
0 0.7292914921765175 0.6922223437968784 0.7285306640625001 0.660994403125 0.23027309844848273 0.6731337999531217 0.23103392656250005 0.7043617406250001
0 0.7312277265632701 0.6635992245983205 0.7304415374610274 0.6313303546503811 0.2320914108977572 0.6434720081770606 0.23287759999999996 0.6757408781249999
0 0.7359779686425485 0.6339868183224561 0.735191779686573 0.6017179499619544 0.2331440360440245 0.6139496894519982 0.233930225 0.6462185578125
0 0.7378228280258363 0.6045451870715153 0.737036639061573 0.5722763187119544 0.23868651259823676 0.5844179707029391 0.2394727015625 0.6166868390625
0 0.7400074047444063 0.5743536957124153 0.7392719374990732 0.5441666874619544 0.23925812337966684 0.5563488745620391 0.239993590625 0.5865358828125
0 0.7443423328573562 0.5434515551269344 0.7436068655869543 0.513264545313427 0.23989543272959807 0.5255368198739927 0.24063090000000004 0.5557238296875001
0 0.7457075265102607 0.5145215535373067 0.744972059375 0.4843345453124999 0.24126062348973928 0.4966068183376934 0.241996090625 0.5267938265625001
0 0.7593610811525769 0.36314760586286077 0.7585748921875 0.33087873593749995 0.24543429540992306 0.34338073788713913 0.246220484375 0.37564960781249995
0 0.7563593405403085 0.39501715273641547 0.7555731515625 0.36274828281249993 0.24613017508469145 0.3751601972635844 0.24691636406249998 0.40742906718749994
0 0.7538679593170734 0.4242328973642541 0.7531324921874999 0.39404588906250004 0.24572344224542655 0.4064082495107459 0.24645890937499995 0.4365952578125
0 0.7528311483809169 0.4542547738884507 0.7520956812499999 0.424067765625 0.24468663130658297 0.4364301261115492 0.2454220984375 0.46661713437499996
0 0.7485018483619407 0.4840360696401513 0.7477917421875002 0.45488999375 0.24232406257555955 0.4672050553598487 0.24303416875000003 0.49635113124999997