0 0.6650905921875001 0.5308864453125002 0.24440119225433982 0.5288830240898872 0.24426626875000007 0.5572150031249999 0.6649556686831604 0.5592184243476128
0 0.6740048921875 0.29711834843750007 0.23668131670108838 0.2950357119265433 0.23653010937500002 0.326787065625 0.6738536848614116 0.32886970213595673
0 0.6601289953125001 0.6542605609375 0.2472770691191541 0.6522944633377008 0.24714447187500008 0.6801379578125 0.6599963980683461 0.6821040554122991
0 0.6539244406250002 0.8400027250000001 0.25484707477993795 0.8381022261683528 0.2546981937425238 0.8693650984449052 0.653775559587586 0.8712655972765525
0 0.6578775437500001 0.7959113734375001 0.24850090172661582 0.7939618289693136 0.2483683046875001 0.8218053234375 0.6577449467108843 0.8237548679056866
0 0.6573941187500002 0.7260787375000002 0.24541101422214995 0.7241167805319576 0.24527841718005933 0.7519602765624647 0.6572615217079095 0.7539222335305071
0 0.6560209296875 0.7724482031250001 0.24749502810396348 0.7705027084823252 0.24736010468746472 0.7988346859449409 0.6558860062710012 0.8007801805876158
0 0.6570360109375001 0.7497873328125001 0.24679055026962687 0.7478336492784108 0.24665795311755928 0.7756771453124645 0.6569034137854325 0.7776308288465539
0 0.6640489796875001 0.4815483359375 0.2433957490889808 0.47954508696171017 0.24326547812496463 0.5069001000074409 0.6639187087234839 0.5089033489832308
0 0.6751881984375 0.18505459843750002 0.23256128070426368 0.18294670792096485 0.2323984421800592 0.21714047343746468 0.6750253599132956 0.21924836395399988
0 0.6640002734375 0.5553477390625 0.24503043560125626 0.5533525082971518 0.24489318593750004 0.58217296875 0.6638630237737437 0.5841681995153483
0 0.6582827250000001 0.678462284375 0.24629962057803118 0.6765003258410428 0.2461670234300593 0.7043438218749647 0.6581501278520283 0.7063057804089219
0 0.6771343484375 0.24230943593750004 0.233729021261554 0.24019783848570056 0.2335778140625 0.2719491921875 0.6769831412384459 0.27406078963929953
0 0.6710236812500001 0.3771271921875 0.23981801719641585 0.37507369196670315 0.2396714624925947 0.4058480828050238 0.670877126546179 0.4079015830258207
0 0.6730091234375001 0.35122539218750004 0.23919699699739194 0.34915947790081886 0.23905044218750007 0.37993386875000007 0.6728625686276082 0.3819997830366812
0 0.6647953718750002 0.45491961875 0.24318290531285017 0.45291180325295716 0.24304100312500004 0.48270922812499995 0.66465346968715 0.4847170436220428
0 0.6660838906250002 0.5055360203125 0.24450759027568875 0.5035283770547374 0.24437034061752377 0.5323488375074055 0.6659466409668351 0.5343564807651681
0 0.6741703656250001 0.3234864484375001 0.23769752409813308 0.3214078648767672 0.2375439906175592 0.3536477015624645 0.6740168321444262 0.35572628512319737
0 0.6636944343750001 0.5802012203125 0.24648032027284716 0.5782143506704256 0.24634539687496465 0.6065463281324409 0.6635595109771175 0.6085331977745153
0 0.6675582859375001 0.42957762187500015 0.2433212738741064 0.4275573062110244 0.2431770453125001 0.45784321406250006 0.6674140573758938 0.4598635297264758
0 0.6534972250000001 0.8191330328124999 0.25199422159831686 0.8172209810524473 0.2518686031250001 0.8435990296875001 0.6533716065266834 0.8455110814475528
0 0.6617718843750001 0.6293692874999999 0.24627733258467668 0.6273906051758192 0.24614008281250008 0.6562110640625001 0.6616346346028235 0.6581897463866807
0 0.6576584109375002 0.7021696109375 0.246544128506121 0.7002117883375905 0.24641153125000007 0.7280552843750001 0.6575258136813792 0.7300131069749096
0 0.6695787625 0.40288736406250003 0.2400926575231377 0.40084205272564793 0.23994377655509463 0.43210492499252384 0.669429881531957 0.43415023632937577
0 0.6774117625 0.21411022656249998 0.23397027234294926 0.21199845532008205 0.23381441249999999 0.2447267734375 0.6772559026570508 0.24683854467991795
0 0.6626339937500001 0.6047627015625 0.24627061841090847 0.6027798833044079 0.24613336874996458 0.631600342194941 0.6624967440890562 0.6335831604530332
0 0.6752924109375 0.26956836875 0.23447546483632498 0.2674690961233922 0.23432193125 0.2997089328125001 0.675138877351175 0.3018082054391079