0 0.9473065078124998 0.6279366734374999 0.9464910051493733 0.6010147446620738 0.543292623390213 0.6132281843764322 0.5441081260533396 0.6401501131518583
0 0.5230282890625001 0.6157480765625001 0.5221979590741908 0.588336660003248 0.12068401718749999 0.6004990765625 0.1215143471758093 0.6279104931217521
0 0.5145379390625 0.5658915828125 0.5137224363999934 0.5389696555954405 0.1087963796875 0.5512354296874998 0.10961188235000655 0.5781573569045594
0 0.4771249484375 0.2864730171875 0.4761759998850642 0.25514568287090234 0.052720248437500006 0.267972746875 0.053669196989935775 0.2993000811915977
0 0.50463445 0.49212929843750014 0.503789292719534 0.4642283909796724 0.09704909218749999 0.47654911718750004 0.09789424946796596 0.5044500246453277
0 0.939966446875 0.55330578125 0.9391509442511392 0.5263838524768467 0.5299057030777131 0.5387804593764324 0.5307212057015738 0.5657023881495857
0 0.4706383515625001 0.23218518125000012 0.4696894029498611 0.20085784537158718 0.041914464062500004 0.21381574374999998 0.042863412675138976 0.24514307962841292
0 0.9568992359375 0.7741416984375001 0.9560837331743096 0.7472197696562823 0.5606598859374999 0.759197709375 0.5614753887006905 0.7861196381562178
0 0.9246029218749999 0.3238139062500001 0.9237132825460312 0.2944445308086837 0.4978389593750001 0.3073448578124999 0.49872859870396863 0.33671423325381633
0 0.9266674593750001 0.3773326375 0.9257778200041971 0.34796326049793164 0.50767803125 0.3606280859375 0.5085676706208028 0.3899974629395684
0 0.9593350484374998 0.7489387609375 0.9585343731163981 0.7225063230163321 0.5545153859360675 0.734744620265213 0.5553160612571694 0.7611770581863809
0 0.9297119718750004 0.428425296875 0.9288519872289885 0.40003489846714463 0.5142940155762807 0.4125924358916455 0.5151540002222925 0.44098283429950086
0 0.5359808546875 0.68825821875 0.5351653520478581 0.6613362899759334 0.1328308077652131 0.6735235625014325 0.13364631040485503 0.7004454912754992
0 0.52688798125 0.6406599765625002 0.5260428239770433 0.6127590691051068 0.1270771578125 0.62484429375 0.12792231508545668 0.6527452012073932
0 0.9660139812500003 0.8193871812500001 0.9652429604673498 0.7939337204011332 0.5639019562500001 0.8060908984375 0.5646729770326505 0.8315443592863669
0 0.487004825 0.3895143656250001 0.4861596677805432 0.36161345821790747 0.07769179214164548 0.37398651723621923 0.07853694936110231 0.40188742464331184
0 0.932161171875 0.4526450125 0.9313308418616593 0.42523359442817255 0.515131665625 0.437840846875 0.5159619956383409 0.4652522649468275
0 0.944129096875 0.5776742750000001 0.9433432489069519 0.5517313249114754 0.5350483108902131 0.5640991453139323 0.5358341588582614 0.5900420954024572
0 0.5384560578124999 0.7365468578125001 0.5376405552038088 0.7096249305985554 0.1422167078125 0.72160286875 0.14303221042119119 0.7485247959639446
0 0.46904175937500003 0.2041827875000001 0.4680779835055276 0.17236596384171718 0.036804462498567614 0.185429839015213 0.03776823836804009 0.2172466626734959
0 0.5452822343749999 0.7847037015625 0.5444667318720888 0.757781774307474 0.1490428843735676 0.7697597108902129 0.14985838687647882 0.7966816381452391
0 0.49872422187500004 0.44099057656250007 0.4978938919220043 0.41357915839975734 0.084286228125 0.4261079093749999 0.08511655807799574 0.4535193275377427
0 0.4708653515625 0.25933776562500005 0.4699608849430675 0.22947889928520587 0.05009018437500001 0.24219736718750004 0.05099465099443253 0.2720562335272942
0 0.5364946374999999 0.7124805125000001 0.5356939622354993 0.6860480746293123 0.1377218390625 0.698103203125 0.13852251432700063 0.7245356409956878
0 0.5417656296875 0.7607287546874999 0.540950127056756 0.7338068274250749 0.14466244062356762 0.745810932765213 0.14547794325431154 0.7727328600276381
0 0.5088977390625 0.51704073125 0.5080674091296589 0.48962931313562785 0.09877893281106762 0.5020272296402131 0.09960926274390873 0.5294386477545853
0 0.9342600359374998 0.47786697812499995 0.9334297059876648 0.45045555996244024 0.519822040625 0.4629843109375 0.5206523705748349 0.4903957291000597
0 0.5309376765625001 0.6643295156250001 0.5301221739214258 0.6374075868036464 0.1277876280777131 0.6495948593764325 0.1286031307187874 0.6765167881977862
0 0.94798046875 0.65180880625 0.947194620802215 0.6258658577209787 0.5458103827680778 0.6380243438460063 0.5465962307158628 0.6639672923750275
0 0.4820562921874999 0.3386357703125 0.48119630750766607 0.3102453735554257 0.06750217499999998 0.3227767453125 0.0683621596798338 0.3511671420695742
0 0.9184821 0.29754223125000007 0.9175479786833911 0.26670438622318315 0.4915439499985676 0.27960864214021314 0.4924780713151765 0.31044648716703005
0 0.49081248593750015 0.4162221921875002 0.489922846723689 0.38685281675284894 0.08305294062500002 0.3991774718749999 0.08394257983881115 0.4285468473096512
0 0.9268273406249999 0.35009151250000003 0.9259525287943943 0.32121162636365996 0.5027129499985676 0.33403214057771313 0.5035877618291734 0.3629120267140532
0 0.9275145406249999 0.4026603296875 0.9266693832461618 0.37475942066564766 0.5104269718750001 0.38736798281249996 0.511272129253838 0.4152688918343522
0 0.559191965625 0.8593660562500002 0.5581985351381668 0.8265702523509834 0.15880051874999998 0.8386685734374998 0.15979394923683327 0.8714643773365166
0 0.48600319062499997 0.36315542968750003 0.48515803326115464 0.3352545206665156 0.0732348078125 0.3477322484375 0.07407996517634532 0.37563315745848447
0 0.9581992124999997 0.7959880812500002 0.9574133644695392 0.7700451311578629 0.562075987452713 0.7820204500014323 0.5628618354831737 0.8079634000935695
0 0.5531233499999999 0.8304777031249999 0.5523226747637998 0.8040452636504156 0.1569420608887807 0.8160218905791454 0.15774273612498083 0.8424543300537298
0 0.5480829578125 0.8065724296875001 0.5473415918120246 0.782097950647237 0.15213391718749997 0.7940693406249999 0.1528752831879754 0.818543819665263
0 0.9519024546875 0.6758157625 0.9511017792371674 0.6493833230602255 0.54794663125 0.6615954546874999 0.5487473067003324 0.6880278941272744
0 0.9357835250000001 0.5033070515625001 0.9349531950940074 0.47589563344968183 0.5265285530777131 0.4882673828139323 0.5273588829837057 0.5156788009267506
0 0.9582239171875001 0.7250355796875001 0.9574084146250718 0.6981136524290291 0.5524823578125 0.710379425 0.5532978603749282 0.737301352258471
0 0.9371734796875 0.5281608890625001 0.9363728042902038 0.5017284511841261 0.529762309375 0.5140452499999999 0.5305629847722961 0.540477687878374
0 0.9514411718750001 0.7010592296875 0.9506256693016006 0.674137302428394 0.5491549625 0.6862984078125 0.5499704650733994 0.713220335071606
0 0.5019904515625001 0.4665224890625 0.5011452942702543 0.43862158004565976 0.09181358276378074 0.4510208062041456 0.0926587400560265 0.4789217152209858
0 0.94655165 0.602830384375 0.9457509746757783 0.5763979464536515 0.5417319890610677 0.5886362437027131 0.5425326643852895 0.6150686816240616
0 0.5189369875000001 0.591979459375 0.5180770028166641 0.5635890626177229 0.115612753125 0.575780265625 0.11647273780833589 0.604170662382277
0 0.4802873078124999 0.3130792796875001 0.4793680139089524 0.2827309224023916 0.058590243750000014 0.29547686562500003 0.05950953765354748 0.3258252229101085
0 0.9701244484374998 0.8466408375000001 0.9691903271381499 0.8158029924741823 0.5630545562500001 0.8281054109375002 0.5639886775493501 0.8589432559633179
0 0.51355036875 0.5418843203125001 0.5127200388171589 0.5144729021981279 0.10343156249856764 0.5268708187027131 0.10426189243140875 0.5542822368170853