0 0.9734765267040821 0.5042437562843054 0.5388918984375002 0.5033223906250001 0.5388328623584183 0.531168199965695 0.9734174906250003 0.5320895656250002
0 0.973361872009501 0.5823825281586615 0.5439729812500002 0.5814721781250002 0.5439139451779994 0.6093179874663389 0.9733028359375002 0.6102283375000003
0 0.5247598032580734 0.5520167562901581 0.09623686406250007 0.5511082421875 0.09617782799191973 0.5789540515256546 0.524700767187493 0.5798625656283127
0 0.9678386268967613 0.7321897627536645 0.5514824515625002 0.7313070437500001 0.5514244512282391 0.7586643309963358 0.9677806265625003 0.7595470500000002
0 0.516944769404666 0.30675703644868435 0.05876243437500004 0.30578564062499997 0.05869821965450729 0.3360740666829338 0.5168805546841734 0.33704546250661827
0 0.5429894603709831 0.7042079368505194 0.12156768906250011 0.703314478125 0.1215127958790101 0.7292061975277934 0.542934567187493 0.7300996562533127
0 0.5264572193039616 0.6045348582849617 0.10754655625000006 0.6036467234375 0.10748959163353852 0.6305154870275385 0.5264002546875001 0.6314036218750001
0 0.5164512489769862 0.3352702270632106 0.06519656093750004 0.33431352031249995 0.06513234633551386 0.3646019448117894 0.516387034375 0.36555865156250006
0 0.9755270086606529 0.4230309897898037 0.53470716875 0.42209640468750004 0.53464398977684 0.45189630708850903 0.975463829687493 0.4528308921908127
0 0.9671221608300244 0.7801238966911519 0.5550090062500002 0.7792501734375001 0.554948934482476 0.8075845064338486 0.9670620890625002 0.8084582296875003
0 0.9728761284623586 0.682475615875927 0.552190175 0.6815837171874999 0.5521321746626416 0.708941002874073 0.972818128125 0.7098329015625
0 0.9726635605290493 0.55553522282592 0.5405466609375 0.5546190875 0.540484517592638 0.5839304662365729 0.9726014171841874 0.584846601562493
0 0.9662009572264363 0.8038544962207229 0.5560366125 0.8029849046875002 0.555981719336064 0.8288766225292774 0.9661460640625004 0.8297462140625
0 0.9714109926454203 0.6584046317134341 0.5516343734375002 0.6575146625 0.55157740891708 0.6843834276615661 0.9713540281250002 0.6852733968750002
0 0.9752363595295485 0.39709398597298456 0.5311262156250002 0.39615242500000014 0.5310671795329516 0.4239982343395157 0.9751773234375 0.4249397953125002
0 0.5559603534996378 0.845864745596088 0.1401664796875001 0.84498321875 0.14010122931286234 0.8757601669039122 0.555895103125 0.8766416937500002
0 0.9709292253423181 0.6331468596293972 0.5493773171875002 0.6322531250000001 0.5493193168451822 0.659610412245603 0.9708712250000001 0.6605041468750001
0 0.5442098825409101 0.8006027948889516 0.1332229609375001 0.7997314578125001 0.13316910339658314 0.8251346519893612 0.544156024999993 0.8260059890658129
0 0.5052499773917472 0.156392333567944 0.03208611406250002 0.15538917656249998 0.03201568510825285 0.18860873830705605 0.5051795484375 0.18961189531250006
0 0.9714887945519589 0.8493352850983973 0.5583795453125001 0.84845945 0.5583163663855345 0.8782593508424155 0.9714256156249931 0.8791351859408127
0 0.970542149822607 0.4771798841814805 0.5367801000000001 0.47626026406250005 0.5367200283023934 0.5045945970685196 0.9704820781250001 0.5055142171875001
0 0.977061640029733 0.36905143062474544 0.5293575343750001 0.36810225156250015 0.5292953912202674 0.3974136287502549 0.9769994968750003 0.39836280781250016
0 0.524650584083051 0.49980217459783305 0.08738132968750004 0.4988751171875 0.08732022216364341 0.5276979722738473 0.5245894765591943 0.5286250296841802
0 0.5229714923407218 0.4464602640978638 0.07972730312500007 0.4455205390625001 0.07966826703427834 0.4733663484021363 0.5229124562500002 0.4743060734375001
0 0.968250808261182 0.7075224598378883 0.5519380125000001 0.7066398343750001 0.551881047988818 0.733508597974612 0.9681938437500002 0.7343912234375002
0 0.5252070355524248 0.4731900652140705 0.08360800156250008 0.4722538296875 0.0835468941350754 0.5010766847859297 0.525145928125 0.5020129203125001
0 0.5334636594995603 0.6298740750360707 0.11100241562500006 0.6289784125 0.11094337956293274 0.656824221842242 0.5334046234374931 0.6577198843783127
0 0.9721671360669658 0.6069922844082035 0.54624206875 0.606089278125 0.5461830326830343 0.6339350874667966 0.9721081 0.6348380937500001
0 0.5086095248096607 0.18810356838634382 0.035532423437500016 0.18710059375000004 0.03546406581201953 0.21934311130446185 0.5085411671841802 0.22034608594080565
0 0.9681702385708613 0.8269702118546036 0.558871846875 0.8261024546875 0.5588169536133331 0.8519941725170769 0.9681153453091943 0.8528619296841805
0 0.5438771648310248 0.7281776460032916 0.1258758375000001 0.7272914390624999 0.12581990860316283 0.7536716805592012 0.5438212359341874 0.754557887499993
0 0.5489397824492961 0.8233241605053264 0.13622094687500014 0.8224491531250001 0.13616708942569705 0.8478523488729863 0.5488859249999931 0.8487273562533126
0 0.5238537920321757 0.4185040341868006 0.07623644375000006 0.4175550390625 0.0761763720303244 0.4458893720631997 0.5237937203125 0.4468383671875002
0 0.5424540788887245 0.752086567877561 0.12964848281250013 0.7512113765624999 0.1295925539237757 0.777591618059939 0.5423981500000001 0.778466809375
0 0.9741502614695825 0.31182840830922415 0.5272253531250001 0.31088088125 0.5271611385304177 0.341169305753276 0.9740860468750002 0.3421168328125001
0 0.9755649725111949 0.3404456958153782 0.530371978125 0.3395018390625001 0.5303077634263049 0.36979026355962197 0.9755007578124999 0.3707341203125001
0 0.970630784586264 0.2809172360077071 0.5192893359375 0.2799603437500001 0.5192230497887362 0.3112258139922931 0.9705644984375003 0.3121827062500001
0 0.9686396472071962 0.756003350253771 0.5514175156250001 0.7551187953125001 0.5513595152927971 0.7824760809995419 0.9685816468749933 0.7833606359408127
0 0.5120470998064299 0.24788484045957473 0.04420910937500003 0.2468929765625 0.044141787693570106 0.27864697047792536 0.5119797781250001 0.2796388343750001
0 0.543538267831149 0.7767570442309114 0.1306892937500001 0.7758817593749999 0.13063232904053856 0.8027505229565813 0.5434813031216874 0.8036258078124929
0 0.5340099989971885 0.6540755973476882 0.11336742343750006 0.6531837906249999 0.11331045881531154 0.6800525557773117 0.533953034375 0.6809443625
0 0.5389916288986826 0.6794429600662608 0.11752647968750007 0.6785494093750001 0.1174705507888176 0.7049296493087394 0.5389357000000002 0.7058232000000002
0 0.5155564191994098 0.27789554404370065 0.050403057812500054 0.27690936875000005 0.05033780736309037 0.3076863168937995 0.5154911687500001 0.3086724921875001
0 0.5248118052450756 0.5786184301602904 0.10330327343750009 0.5777247875 0.10324630881742454 0.6045935510897096 0.5247548406250001 0.60548719375
0 0.5209080258632528 0.3906514632286769 0.06969671718750006 0.389694846875 0.06963353819924037 0.4194947492746359 0.5208448468749931 0.42045136562831276
0 0.5096169642995798 0.21840911570086785 0.04009044218750003 0.21741366875000004 0.040024156009600693 0.24867914055243784 0.5095506781216804 0.24967458750330565
0 0.519220550644228 0.3629899364447161 0.06623395312500005 0.36202955624999994 0.06616973841495935 0.39231798074277685 0.5191563359341873 0.39327836093749297
0 0.5226219451280375 0.5264553232499642 0.09318967343750005 0.5255448828124999 0.09312960174696255 0.5538792158125357 0.5225618734374999 0.55478965625
0 0.9692582593012199 0.4504638248159026 0.5346302515625001 0.44954236718750007 0.5345701797612803 0.47787670018409756 0.9691981875000002 0.47879815781250007
0 0.9731434479296828 0.5288229009415901 0.5384286812500002 0.5279012593750001 0.5383665380078172 0.55721263812091 0.9730813046875 0.5581342796875001