0 0.80811643125 0.8935886140625 0.8071750268273753 0.8601754242202133 0.6458322359374999 0.8647211984375 0.6467736403601247 0.8981343882797865
0 0.327025628125 0.8959817359375 0.3261365239859221 0.8644248351810047 0.1731795984375 0.8687343406249999 0.17406870257657792 0.9002912413814952
0 0.4804928828125001 0.8656751984375 0.47960377930238246 0.8341182977303312 0.32456741397576344 0.8384863875464668 0.3254565174858811 0.8700432882536354
0 0.2780568953125 0.3260959578125 0.2770631906929457 0.2908264819629549 0.10733453281250001 0.29560852500000007 0.1083282374320543 0.33087800084954516
0 0.6060254390625002 0.21282462500000002 0.6050317347823803 0.17755514915334164 0.4384222375000001 0.182249309375 0.43941594178012 0.21751878522165838
0 0.64467795625 0.9191341218750001 0.6437888521575224 0.8875772226797876 0.48771276562376065 0.891974609331012 0.4886018697162383 0.9235315085262246
0 0.4647452328125 0.659461465625 0.46385612898890827 0.6279045648272105 0.3067403202672727 0.6323312437072514 0.3076294240908645 0.663888144505041
0 0.6143031609375 0.43926062968750007 0.6134140570927716 0.40770372888953066 0.45317908745601204 0.41221828906373936 0.4540681913007404 0.4437751898617088
0 0.325739671875 0.8681552562500002 0.3247982674662288 0.8347420663638541 0.17073351718750002 0.839082784375 0.17167492159627123 0.872495974261146
0 0.8067719578124999 0.8648609109374998 0.8057782535933351 0.8295914366522465 0.6433276375 0.8341684218750001 0.6443213417191649 0.8694378961602534
0 0.29991155156250004 0.6037134734375 0.29902244777941067 0.5721565742449187 0.1429463609375 0.576553959375 0.14383546472058936 0.6081108585675813
0 0.6311035093749999 0.7146909140625 0.6301621050164963 0.6812777257816455 0.4740179140625 0.68567703125 0.47495931842100364 0.7190902195308545
0 0.6166903671874999 0.47262565156249997 0.6157489627556862 0.4392124617201354 0.4544061734375 0.44375823593749997 0.45534757786931374 0.4771714257798646
0 0.31228869843749996 0.6929497390625 0.31139959463799893 0.6613928398697794 0.15116462656250002 0.6659074 0.152053730362001 0.6974642991927207
0 0.6238468093749999 0.5945867171875 0.6229577052606039 0.5630298179921012 0.4648021796875 0.5674857921874998 0.46569128380189584 0.5990426913828988
0 0.27671630625 0.29312873437500003 0.2757226019656857 0.25785925848432856 0.10599394374752132 0.2626412999120241 0.10698764803183558 0.2979107758026956
0 0.46023405312499993 0.5690003875 0.45934494897147615 0.5374434867433819 0.29910998125 0.5419580484375 0.29999908540352377 0.573514949194118
0 0.6469603312500001 0.9542855484374998 0.6458620261678354 0.9153034959341703 0.489513525 0.9197085578124999 0.4906118300821647 0.9586906103158295
0 0.29616247656250005 0.513182621875 0.29516877227827093 0.4779131460283067 0.12751955468749998 0.4826366 0.1285132589717291 0.5179060758466932
0 0.7925523031249999 0.40176113593750007 0.7916108990309161 0.3683479476588942 0.6167517421875 0.37327453906249997 0.6176931462815838 0.4066877273411057
0 0.6104671734374999 0.2800136203125 0.6094734691697556 0.24474414442196943 0.44390369057977275 0.24940901089475132 0.4448973948475169 0.2846784867852819
0 0.4479507265624999 0.38405702343750003 0.4470616224415943 0.35250012424204585 0.2805883328125 0.35719044843750003 0.28147743693340566 0.3887473476329542
0 0.7866161796875001 0.27093760312500004 0.7856224753834721 0.23566812727813832 0.61277465625 0.24053804999999998 0.6137683605540281 0.2758075258468617
0 0.6322655749999999 0.7452295 0.6313764712121219 0.7136726008073782 0.47634010625 0.7180406921875 0.477229210037878 0.7495975913801219
0 0.31334713281250004 0.7222131062500001 0.31245802896825736 0.6906562054960121 0.154302503125 0.695112178125 0.15519160696924264 0.7266690788789879
0 0.6341055874999999 0.7735679734375 0.6332164834006432 0.7420110742422289 0.4781801171874999 0.7463791671874999 0.4790692212868567 0.7779360663827709
0 0.28154244062499995 0.38869721406249996 0.28054873631958194 0.35342773821562645 0.10978035937499997 0.35823907343749994 0.110774063680418 0.39350854928437345
0 0.6077236921875 0.245781771875 0.6067299875793136 0.21051229606952893 0.44219993281249986 0.2151478703125 0.44319363742068624 0.25041734611797106
0 0.784615334375 0.17107611718750002 0.7836216300898865 0.13580664285770833 0.6066149296875 0.140793740625 0.6076086339726134 0.1760632149547917
0 0.7835359671875001 0.13815355 0.7824376624701326 0.09917149910463682 0.6073741953125 0.104103846875 0.6084725000298674 0.1430858977703632
0 0.8099547578124998 0.9219011265624999 0.8090656539638019 0.8903442257644967 0.6477909655797727 0.8948880796447514 0.6486800694284707 0.9264449804427546
0 0.7970132281249999 0.5302705890624999 0.796019523819582 0.49500111321562645 0.625251146831012 0.4998124484387394 0.62624485113643 0.5350819242856129
0 0.30950714375 0.6624307718750001 0.3086180399592341 0.6308738726823534 0.1483830703125 0.6353884328124999 0.14927217410326593 0.6669453320051466
0 0.32067065468749995 0.8097860109375 0.319781550855634 0.7782291101836174 0.16474518589351209 0.7825972015637392 0.16563428972537805 0.8141541023176219
0 0.8108020265624998 0.9561901140625 0.8097037218448226 0.9172080616062477 0.6471168983947513 0.9217888844202273 0.6482152031124284 0.9607709368764796
0 0.802210403125 0.775805721875 0.8012166988231109 0.7405362444672698 0.6377263624547728 0.7451425233947513 0.6387200667566618 0.7804120008024814
0 0.8058923562499999 0.8355925062499999 0.8048986519837632 0.8003230304474369 0.6414083155822514 0.8049293094202271 0.6424020198484882 0.8401987852227901
0 0.26698576874999996 0.19684757812499998 0.265887463668869 0.15786552718256572 0.0949828796875 0.16268070156249997 0.0960811847686309 0.20166275250493423
0 0.7944233671875 0.46664090781249995 0.793429662883472 0.4313714319656383 0.6205818437060121 0.4362413546887394 0.6215755480100401 0.47151083053560106
0 0.468020640625 0.689565240625 0.4671315364754669 0.6580083398684159 0.30897600937499997 0.6624643140625001 0.30986511352453305 0.6940212148190842
0 0.7862228546875001 0.20353422499999993 0.7852291504036258 0.1682647507141962 0.6082224515624999 0.17325184843749997 0.6092161558463741 0.20852132272330373
0 0.7926162203125001 0.43418842343750014 0.791622516008472 0.3989189475906383 0.618774696875 0.40378887031250005 0.6197684011790281 0.4390583461593619
0 0.27906524374999997 0.35766807500000003 0.27807153916907346 0.3223986007116699 0.1104223234375 0.32712205625 0.11141602801842654 0.3623915305383302
0 0.3227155078125 0.8385199890625001 0.32182640404580376 0.8069630898260808 0.16782975624876068 0.8113018874560118 0.16871886001545694 0.8428587866924312
0 0.6182085484375002 0.5037078156250001 0.6172148438687558 0.4684383413367736 0.45580395000000007 0.47298603437500014 0.4567976545687443 0.5082555086632266
0 0.7988997859375 0.5919880156249999 0.7979583818017623 0.5585748258291308 0.6282978280834907 0.5633549485267152 0.6292392322192284 0.5967681383225842
0 0.8012924984375 0.6852434046875 0.8002987941573801 0.6499739288408417 0.633689296875 0.6546680890625 0.6346830011551199 0.6899375649091584
0 0.6372485718750001 0.8333959546875 0.6363071678125143 0.7999827648042991 0.48328213745601206 0.8042941875012394 0.4842235415184978 0.8377073773844405
0 0.4709523875 0.7186755078125 0.4700632833464763 0.6871186070558818 0.309828315625 0.6916331687499999 0.31071741977852374 0.7231900695066181
0 0.2702695218750001 0.22740069843750005 0.2692758176239732 0.19213122419595302 0.09850744062500001 0.196942559375 0.09950114487602692 0.23221203361654702
0 0.4756976953125 0.8072239250000003 0.4748085912131432 0.775667025804729 0.319772225 0.7800351187499998 0.3206613290993568 0.8115920179452711
0 0.8011583859374998 0.7149416468750001 0.8001646816592093 0.6796721709843797 0.6366743453124999 0.6842784499999999 0.6376680495907905 0.7195479258906202
0 0.4846914781249999 0.9226384906249999 0.4838023743358826 0.8910815913883899 0.3287660078125 0.8954496828124997 0.32965511160161737 0.9270065820491096
0 0.80042318125 0.6234713093750001 0.7994294770137391 0.5882018350456238 0.6307405374987607 0.5929545827685121 0.6317342417350217 0.6282240570978883
0 0.6032191765624999 0.14554124843750002 0.6021208718553613 0.10655919749824642 0.43225600625 0.11134507656249995 0.43335431095713856 0.15032712750175353
0 0.7896538859375001 0.304759884375 0.788660181961234 0.2694904085309258 0.6137329202672728 0.2744189171447514 0.614726624243539 0.3096883929888256
0 0.29020939375000004 0.4497963187500001 0.2893202899129938 0.41823941955696026 0.11868812031126066 0.42304691714351217 0.11957722414826691 0.45460381633655195
0 0.2983557375 0.5744901296875 0.29741433344966955 0.5410769413652889 0.13919070312499998 0.5455348328125 0.14013210717533048 0.5789480211347111
0 0.79075726875 0.370136871875 0.7897635644537855 0.3348673959842274 0.6169157452660334 0.33973731866326357 0.617909449562248 0.3750067945540362
0 0.78692788125 0.23935430156250007 0.7858818767266433 0.2022285381912799 0.6098467937500001 0.2071882609374999 0.6108927982733567 0.24431402430872007
0 0.6231291125 0.5644108796875 0.6222400083564507 0.532853978974944 0.462005040625 0.537368540625 0.46289414476854934 0.568925441337556
0 0.8041190484375 0.8082813546875001 0.8030730438765523 0.7711555881941871 0.6395146030822513 0.7757637859827271 0.640560607643199 0.8128895524760402
0 0.45673851406249993 0.5398056859375 0.45584941026299897 0.5082487867447791 0.2956144421875 0.5127633468749999 0.296503545987001 0.5443202460677208
0 0.29298195937499993 0.4835777671875 0.29198825512669263 0.44830829290199886 0.12225959687499999 0.453090334375 0.12325330112330737 0.4883598086605012
0 0.641519578125 0.8908327937500001 0.6406304743021642 0.8592758929961942 0.4855941093297728 0.8636439843322515 0.48648321315260856 0.8952008850860574
0 0.2973851109375 0.5438198218749999 0.2964437065178062 0.510406631988761 0.13718035468749998 0.5148938187499998 0.13812175910719374 0.5483070086362388
0 0.3184934843750001 0.7805541640625001 0.31760438060861057 0.7489972648260835 0.16152829062376065 0.7533946499560121 0.16241739439015013 0.7849515491924287
0 0.4637884 0.5999991765625 0.46289929619137143 0.5684422773257242 0.30058488593749993 0.573015425 0.30147398974612855 0.6045723242367759
0 0.7897395453125 0.33816374218749995 0.7887458410510699 0.3028942679018871 0.6179774640625 0.307705603125 0.6189711683239301 0.34297507741061284
0 0.6291772890625001 0.6850247125 0.6282881852883804 0.653467813307495 0.472212096875 0.6578651984375 0.47310120064911976 0.689422097630005
0 0.64104581875 0.8644139078125 0.6400521145093285 0.8291444319661772 0.48280010000000007 0.8335749484374999 0.4837938042406715 0.8688444242838228
0 0.8013773109375 0.7460344093750001 0.8003836067235868 0.7107649350897913 0.6368932703112606 0.7153712140185121 0.6378869745251738 0.7506406883037209
0 0.7961719984375001 0.4981921671875001 0.795178293821216 0.4629226913379828 0.6223304734374999 0.46779261562499996 0.623324178053784 0.5030620914745173
0 0.6260294874999999 0.6251225578125001 0.6251403833843645 0.5935656585731133 0.46698485625 0.5980216328125 0.46787396036563533 0.6295785320518867
0 0.3298195484375 0.9232901421875003 0.3289304446202028 0.8917332414777187 0.1749337983947514 0.896072039107727 0.1758229022120486 0.9276289398175086
0 0.620206446875 0.5347987609375 0.6193173430842341 0.5032418617448535 0.4590823749547727 0.5077564218322514 0.4599714787455387 0.5393133210248979
0 0.47788687500000016 0.8378599015625001 0.4769977712211523 0.806303002369955 0.3219614046875 0.8106710937500001 0.3228505084663479 0.8422279929425451
0 0.3053848296875 0.6346842078125001 0.3044434256075479 0.6012710179291505 0.14518007187499998 0.605758203125 0.1461214759549521 0.6391713930083496
0 0.2624633171875 0.16261755312499998 0.26126041196289607 0.11992292401458629 0.090219621875 0.124741934375 0.09142252709960387 0.16743656348541372
0 0.28635569687500007 0.421566596875 0.2853619925919252 0.3862971210283165 0.11563333276851204 0.39107916250123936 0.11662703705158697 0.4263486383479228
0 0.614397915625 0.377513390625 0.6134042116952785 0.34224391482529903 0.44783443433101205 0.34690877968873934 0.4488281382607336 0.38217825548844037
0 0.6141122218749999 0.4094972359375001 0.6131708177822569 0.3760840460540418 0.45078830312499996 0.3806591125 0.45172970721774297 0.4140723023834584
0 0.8009155375000001 0.65415509375 0.7999218332302681 0.6188856179034301 0.6312328937047729 0.6236383655822515 0.6322265979745048 0.6589078414288214
0 0.60543391875 0.1784318265625 0.6044402141429381 0.1431623507570385 0.43575127656249996 0.14791510000000002 0.4367449811695618 0.1831845758054615
0 0.47436325156250003 0.7789715265625 0.4734741474528737 0.7474146273231643 0.31843778125000005 0.7517827203125 0.3193268853596264 0.7833396195518357
0 0.6274666718749999 0.6552781249999999 0.6265775677275023 0.6237212242434331 0.46946176093750003 0.6281479046875 0.4703508650849978 0.6597048054440668
0 0.48259813906250004 0.8934785921874999 0.4817613355227303 0.8637779820803676 0.3267930734375 0.8681441546875 0.32762987697726975 0.8978447647946324
0 0.314830828125 0.7518657656250001 0.31394172435088025 0.7203088664324951 0.1578656359375 0.7247062515625 0.15875473971161974 0.7562631507550049
0 0.4873281937499999 0.9555469046874998 0.48628218925930594 0.9184211397116936 0.3310415125 0.9227949874999999 0.33208751699069394 0.9599207524758061
0 0.6143277515624999 0.31200697343750006 0.6133340475974636 0.27673749759352134 0.44360538901851204 0.2815195375012393 0.4445990929835483 0.31678901334521803
0 0.6360578140625 0.8036347203124998 0.6351164100252742 0.7702215319904004 0.480011940625 0.7745915421874999 0.4809533446622257 0.8080047305095993
0 0.7981717687500001 0.5604340078125001 0.7971780644977338 0.525164533526965 0.6264096859375 0.5299758687499999 0.6274033901897662 0.565245343035535
0 0.6140676671875 0.34406440625 0.6131785633600138 0.31250750701306373 0.44566555312376055 0.317227123393512 0.4465546569512468 0.3487840226304483
0 0.46490703437500003 0.630189728125 0.4639656302839583 0.596776538329511 0.30366256089351207 0.6012930171887394 0.3046039649845538 0.6347062069842283
0 0.27222592031250004 0.2612534437500001 0.27123221575622514 0.22598396941790216 0.10254327656002134 0.23073671866202408 0.10353698111629628 0.266006192994122
0 0.4718606328125 0.7493475734375001 0.47097152903714096 0.7177906742010072 0.3148954406237607 0.722188059331012 0.3157845443991198 0.753744958567505
0 0.33466584531250004 0.9575667765625001 0.3335675402657507 0.9185847256203583 0.1782587609375 0.9229604937500001 0.17935706598424933 0.9619425446921419
0 0.4345793171875001 0.15495559687500005 0.43358561289768255 0.11968612107223656 0.26177751401851207 0.12452675000123933 0.2627712183083296 0.15979622580400282
0 0.4357283328125 0.18747492500000004 0.4348392289909232 0.15591802580709152 0.26628649687500006 0.16066693593749998 0.26717560069657686 0.19222383513040853
0 0.4387866265625 0.22315438749999994 0.43779292230106986 0.18788491321438708 0.26702454531250003 0.19269624843749997 0.2680182495739301 0.22796572272311283
0 0.4411721515624999 0.2564934484375001 0.44017844727144306 0.22122397259074864 0.26837034687500005 0.2260646015625 0.2693640511660569 0.26133407740925146
0 0.4425007328125 0.2880565421875 0.4415070285498306 0.25278706785789923 0.27073864999999997 0.25759840312499993 0.2717323542626694 0.29286787745460074
0 0.44324567968750006 0.3205129453125001 0.44230427528689387 0.28709975698731005 0.2747231625 0.29182129375 0.2756645669006062 0.32523448207519
0 0.4465312062500001 0.3538526578125 0.4455375022922438 0.3185831820125607 0.27684856401975144 0.3233359281702274 0.2778422679775078 0.3586054039701667
0 0.44990608437499996 0.4141719828125 0.44906928080381814 0.384471372749078 0.2826640952685121 0.3891597765637393 0.28350089883969387 0.4188603866271613
0 0.45285227031249986 0.447547265625 0.45191086588061163 0.4141340757386575 0.2864091921875 0.4187970250000001 0.2873505966193882 0.4522102148863426
0 0.45517248125 0.4789821015625 0.4542310771749626 0.44556891324007875 0.28976912499999996 0.45020256718749996 0.29071052907503736 0.4836157555099212
0 0.45737169218749996 0.5100933828125 0.4564825883835703 0.4785364835757641 0.2931284578112606 0.4831389249560121 0.2940175616151903 0.514695824192748