0 0.8036418799548395 0.24912058439895873 0.2334860828125 0.1980239234375 0.22995331848266037 0.23744383903854133 0.800109115625 0.2885405000000001
0 0.7461914892528905 0.6789673015795625 0.22535114218750013 0.6322902296875 0.22247259342069614 0.6644101609079882 0.7433129404860865 0.7110872328000508
0 0.7275049453125002 0.8242235562500001 0.2179119793277906 0.7785544624677634 0.21507704517358645 0.8101877265500509 0.724670011158296 0.8558568203322876
0 0.7961880281250002 0.3210359875000001 0.23122332947511887 0.2704045468559667 0.22773417968750004 0.3093377953125 0.7926988783373814 0.35996923595653346
0 0.7642038656249999 0.5558544125000001 0.2269250332378952 0.5077041452105941 0.2240028703125001 0.5403107406250001 0.7612817026996048 0.588461007914406
0 0.7649151468750001 0.52327730625 0.22504076562500003 0.4748944281250001 0.22203137377197 0.5084743561399454 0.7619057550219701 0.5568572342649454
0 0.7666475078125 0.4897544375 0.22590794338203796 0.4412940234045237 0.22268047968750007 0.4773072796875001 0.7634200441179622 0.5257676937829763
0 0.7404459734375001 0.7400728406250001 0.22133598906250013 0.6935508421875001 0.21858828345447373 0.7242107764800035 0.7376982678294737 0.7707327749175036
0 0.7905582640625 0.35616284531250003 0.22991948125000006 0.30591908906250004 0.22669201777723397 0.3419323438028513 0.7873308005897339 0.3921761000528513
0 0.7260770968750003 0.8517482843750003 0.21561894652650712 0.8060016530937686 0.21260955468750006 0.8395815812500003 0.7230677050359933 0.8853282125312318
0 0.7104352125000002 0.9342178046875 0.21555036362623445 0.8898668327734024 0.21232290000000012 0.9258800875000001 0.7072077488737658 0.9702310594140977
0 0.7372277593750001 0.7669908921874999 0.22071332745288305 0.7207015046272657 0.21774755000000007 0.7537947671875002 0.7342619819221171 0.8000841547477344
0 0.7989513057484416 0.2853598563450803 0.23225624326089095 0.23457334214366665 0.22881070781249999 0.273019925 0.7955057703000507 0.3238064392014136
0 0.7215988125 0.8800133593750001 0.21460139531250016 0.834576875 0.21172284661807791 0.8666968062269751 0.7187202638055779 0.9121332906019752
0 0.7431496962167216 0.7084011313310354 0.22490489531250007 0.6619566703125 0.221895503644365 0.6955365967815156 0.7401403045485865 0.7419810578000509
0 0.7507026734375001 0.6480929640625 0.22640159156736717 0.6011057483819245 0.22339219986108647 0.6346856765500508 0.7476932817312194 0.6816728922306263
0 0.781850584375 0.3908808203125 0.22553771875000006 0.341024746875 0.222441098216225 0.3755780063701991 0.7787539638412249 0.42543407980769904
0 0.8202846375 0.13935965468750008 0.24061182449950774 0.0874100905801465 0.2369482171875 0.1282900015625 0.8166210301879924 0.1802395656698536
0 0.7568966687499998 0.6179043625 0.22567411824450115 0.5702968515171978 0.22266472656250008 0.603876778125 0.7538872770679987 0.6514842891078023
0 0.7306635956068244 0.795727973463877 0.21847507999427362 0.7498262686374634 0.2155965312500001 0.7819462 0.7277850468625509 0.8278479048264137
0 0.7732205300461312 0.4575786375321401 0.22555950000000005 0.40849793125 0.22241926526636874 0.4435378546553599 0.7700802953125 0.49261856093750006
0 0.7612037522844388 0.5870886563146993 0.22392491948438797 0.5389383889882857 0.22095914218750007 0.5720316500000001 0.7582379749875509 0.6201819173264138
0 0.7789987815799544 0.42453962815457 0.22614665000000006 0.3749937 0.22300641515613195 0.4100336233954806 0.7758585467360863 0.4595795515500507
0 0.8289640160229306 0.10051988923819137 0.23977418323532906 0.04771742177286412 0.2359797328125 0.09005732968750003 0.8251695656001015 0.1428597971528273
0 0.8142314984856268 0.17773149375431307 0.2371542328730763 0.12601454049039945 0.2336214687500001 0.16543445468750004 0.8106987343625507 0.21715140795141363
0 0.80835705625 0.21446748437500002 0.23560570702824107 0.16313821555471572 0.23216017159717278 0.20158479997510156 0.8049115208189317 0.2529140687953859
0 0.7176125218750002 0.9076310125000001 0.21580620447621937 0.8626597484185655 0.2129712703125001 0.8942930125000004 0.7147775877112809 0.939264276581435