0 0.6802379963368537 0.7103072829048445 0.27471972320399013 0.6737501951505915 0.2721328609375001 0.7024455859375002 0.6776511340703636 0.7390026736917532
0 0.6862014970597763 0.6649870859541576 0.2763600031250001 0.6280402640625 0.2739046763777238 0.6552765656083426 0.6837461703125 0.6922233875000001
0 0.6912864687500001 0.618273253125 0.2771217515625001 0.580936696875 0.27449104421799214 0.6101184499013312 0.6886557614054921 0.6474550061513312
0 0.6792055921875002 0.7332774593750001 0.2728226740195362 0.6966424249116122 0.2701042765625001 0.7267969015625001 0.676487194730464 0.7634319360258879
0 0.7549727833792761 0.2047872344260943 0.29757584290659417 0.1635533342989678 0.2948574453125 0.19370781250000005 0.7522543857851819 0.23494171262712663
0 0.7011125515625001 0.5479519718750001 0.2800306765625001 0.509991840625 0.2774876594710104 0.5382008686177975 0.6985695344710104 0.5761609998677975
0 0.7102103402089266 0.49872036885334936 0.2804820214715225 0.4599807687136269 0.2778951593750001 0.4886761578125 0.7076234781124043 0.5274157579522225
0 0.7130788187330341 0.4739634735768285 0.2824858562582257 0.43514592642238376 0.279986684375 0.462868590625 0.7105796468498085 0.5016861377794448
0 0.7382366754097341 0.3175615312869372 0.2920801125 0.2773409421875 0.2896686308402659 0.30409088277556284 0.73582519375 0.34431147187500005
0 0.7285575721594295 0.3985284484631411 0.28672423310952533 0.3586975936359187 0.2843127515625 0.38544753281250005 0.7261460906124042 0.4252783876397224
0 0.7515320806416149 0.23328483758601268 0.29586442923143313 0.19220683120888604 0.293233721875 0.22138858437500003 0.7489013732851818 0.2624665907521267
0 0.743397553125 0.289676759375 0.29378241250000003 0.24914438125 0.29123939540422844 0.27735340924241136 0.7408545360292283 0.31788578736741135
0 0.7243422140625 0.42372209843749997 0.2859674526784178 0.384203031209741 0.28342443579777765 0.4124120577999042 0.7217991971818598 0.45193112502766314
0 0.7308805406250001 0.3705325828125 0.28904720156249997 0.3307017265625 0.28654802956412573 0.358424392176378 0.7283813686266257 0.39825524842637794
0 0.6724792374999999 0.7788834828125 0.271284189060695 0.7427161296873372 0.2687850171875001 0.77043879375 0.6699800656268051 0.8066061468751627
0 0.6681737201092475 0.7998868110600349 0.2695726030740659 0.7639532984329084 0.2666788250000001 0.7960532265625 0.6652799420351818 0.8319867391896265
0 0.7335212018423348 0.3438472359627268 0.29082321875000006 0.303938434375 0.28841173722016517 0.3306883734122732 0.7311097203124999 0.370597175
0 0.6874021845585597 0.6424011890790479 0.2758314015625001 0.6052984734375002 0.27337607481644055 0.6325347749834525 0.6849468578125001 0.6696374906250002
0 0.681588203125 0.6871766890625 0.27434064344830067 0.6504637093478022 0.2717976264227776 0.6786727374874044 0.679045186099477 0.7153857172021022
0 0.7647532917825224 0.14499655947934964 0.30043919218750004 0.10313908593750006 0.29750156915497783 0.13572537645815053 0.7618156687500002 0.17758285000000013
0 0.7485896041057992 0.26073453915091815 0.2920573055411726 0.21957858743609995 0.2894265983103735 0.24876034047268183 0.745958896875 0.2899162921875001
0 0.6759041754761042 0.7557743937929204 0.2712505500000001 0.7192952546875001 0.26853215264889607 0.7494497312070798 0.6731857781250001 0.7859288703125001
0 0.7605832495965374 0.17414309541698614 0.2997277275944111 0.13259740932716796 0.2967901045603734 0.16518369984768183 0.7576456265624999 0.20672938593749998
0 0.7062940198550597 0.52282462666212 0.28002428125000006 0.4843968140624999 0.27739357389494035 0.51357856708788 0.7036633125 0.5520063796875001
0 0.6975826328125 0.572581378125 0.2816886280358062 0.5350889295386013 0.27918945625 0.56281159375 0.6950834610266938 0.6003040423363986
0 0.694650684375 0.5958145359374999 0.27962132489396285 0.5584000343654407 0.27712215312500005 0.5861226984375001 0.6921515126060371 0.6235372000095591
0 0.7183787703125001 0.44899155000000013 0.2843272312026607 0.4098622154798746 0.2817842140625001 0.43807124375000006 0.7158357531723394 0.4772005782701256