0 0.4599494671875 0.22258710312500002 0.4587922578236704 0.1923168218225112 0.0009687874403540075 0.20981905781478022 0.002125996804183587 0.24008933911726907
0 0.45740312187499993 0.25359271250000004 0.45624591249477264 0.22332243119789807 0.003977673435219781 0.24061229525285407 0.0051348828154471286 0.270882576554956
0 0.45852256718750006 0.28283165 0.457405261561689 0.2536051740804134 0.007004031249999999 0.270823665625 0.008121336875811045 0.30005014154458665
0 0.4586214359375001 0.3112273484375 0.45750413041080407 0.28200087245587524 0.007102898437500002 0.29921936250000003 0.008220203964196 0.32844583848162484
0 0.458291878125 0.34106525312499997 0.45713466870156133 0.31079497182391747 0.014125150000000003 0.3277308828125 0.0152823594234387 0.35800116411358257
0 0.46072595000000005 0.3681465515625001 0.4596086443412385 0.33892007564369087 0.016614390625 0.3558554046875 0.01773169628376154 0.38508188060630927
0 0.46081052187500005 0.39634209375 0.45969321632820603 0.36711561626692213 0.024105940565354006 0.38376777968978015 0.02522324611214794 0.4129942571728581
0 0.9287735453125002 0.3241620625000002 0.9276562397722614 0.2949355865186948 0.4809584953125001 0.3120124953124999 0.48207580085273893 0.3412389712938053
0 0.9348888937499998 0.3520852390625 0.9338513956014106 0.3249463661005549 0.4779254578125 0.34237606249999997 0.47896295596108923 0.3695149354619451
0 0.9346546562499999 0.3827432171875001 0.9335373507361326 0.3535167412652723 0.4812843749999999 0.37080602187499995 0.48240168051386717 0.40003249779722766
0 0.46081358125000005 0.423838290625 0.4596962756802956 0.3946118147040896 0.020405509375 0.41140556093749997 0.02152281494470446 0.44063203685841035
0 0.45997116875 0.4510657546875 0.45885386326006267 0.4218392787647078 0.025118329687499996 0.43842065156249993 0.026235635177437315 0.46764712748529214
0 0.4586245953125001 0.47823304843750014 0.45746738592506875 0.4479627670758683 0.029271820312499995 0.4643323515625 0.03042902969993136 0.49460263292413187
0 0.4660197109375 0.5043218781250001 0.4649024053455051 0.4750954022046156 0.029315129687500007 0.49174756718749996 0.030432435279494963 0.5209740431078844
0 0.4632392328125 0.5309000671875 0.46216183099201913 0.5027173919643466 0.03214505306307379 0.5191565999426342 0.033222454883554645 0.5473392751657877
0 0.9369913343749999 0.4098073359375 0.9359538363314293 0.38266846297307733 0.4763244109375 0.4002397390625001 0.47736190898107045 0.42737861202692284
0 0.92874421875 0.43778200000000006 0.9275870093893028 0.40751172025906424 0.48272574843749994 0.42451842187499994 0.48388295779819723 0.45478870161593576
0 0.46471208906250006 0.5582606281250002 0.4635947834599598 0.5290341522048646 0.03171099375 0.5455447359375001 0.03282829935254025 0.5747712118576357
0 0.46519552500000005 0.58543740625 0.464078219314853 0.5562109287701863 0.0358979203125 0.5725799312500001 0.03701522599764705 0.6018064087298137
0 0.4674225031249999 0.60909376875 0.4663850050822657 0.5819548942239304 0.040086978063073785 0.598251935880134 0.041124476105807925 0.6253908104062036
0 0.9240457578125 0.4640906453124999 0.9230082597821164 0.4369517723477661 0.483748021875 0.45374435 0.4847855199053834 0.48088322296473385
0 0.9258310218749998 0.48886775625000006 0.9248733313997933 0.4638164894240223 0.48749536400513416 0.4805371094369262 0.48845305448034065 0.5055883762629041
0 0.9306107062499999 0.5171472296874999 0.9295333043895242 0.48896455452499 0.4865543124449144 0.5058992985590722 0.48763171430539015 0.5340819737215822
0 0.9269436359375 0.544503584375 0.9258263304543602 0.5152771084520473 0.49023905306535404 0.5319292718772802 0.4913563585484937 0.5611557478002329
0 0.924199675 0.5712810781250001 0.9231222731477947 0.5430984044642222 0.4912537484375 0.5596084046875001 0.4923311502897052 0.5877910783482779
0 0.9255984593749998 0.5986444734374999 0.9244811537273672 0.5694179959568012 0.48889387656249994 0.5860701609374999 0.4900111822101326 0.6152966384181987
0 0.92531655 0.6274185015624999 0.9240795330889465 0.5950606172443214 0.4884464640625 0.6117145328124999 0.48968348097355346 0.6440724171306784
0 0.9275217968750002 0.6511551359375001 0.9264044912724598 0.6219286600173644 0.4945207015625 0.63843924375 0.49563800716504025 0.6676657196701358
0 0.9257304171875003 0.6793847625000001 0.924493400340641 0.6470268781803069 0.4981190546875 0.6633268390625 0.4993560715343593 0.6956847233821932
0 0.9232855781250002 0.7032573546875001 0.9222480800386347 0.6761184817240868 0.49595005312499996 0.6924155249999999 0.4969875512113654 0.7195543979634131
0 0.9191578093749999 0.7303929874999999 0.9179606963801785 0.699078905437265 0.4953051015625001 0.7152367 0.4965022145573217 0.7465507820627348
0 0.9232990484375 0.7555817890625002 0.9221817429297315 0.7263553131401285 0.49214969999771985 0.7427951046278539 0.49326700550548813 0.7720215805502256
0 0.916806696875 0.7821429906249999 0.915649487432036 0.7518727093243781 0.498564390625 0.76781755 0.4997216000679641 0.7980878313006217
0 0.9204712890624999 0.8073709203125 0.919353983612535 0.7781444443887648 0.5004324046875 0.7941594906249999 0.5015497101374649 0.8233859665487351
0 0.915868378125 0.8354864187500001 0.9146712649701849 0.80417233669104 0.5012743906250001 0.8199761796875003 0.5024715037798152 0.8512902617464603
0 0.9194070734374998 0.85784241875 0.9185690942547147 0.835922561764672 0.50160610625 0.8518627343749998 0.5024440854327852 0.8737825913603278
0 0.9229554500000001 0.8822761625 0.9219578558695695 0.856181094914348 0.5012303218130738 0.8722651811926344 0.5022279159435045 0.8983602487782865
0 0.9213056828124998 0.9121310859375 0.9199489546510664 0.8766417932796067 0.4935288187500001 0.8929435046875 0.4948855469114335 0.9284327973453934
0 0.4683413234375 0.6354510890625 0.4673038253652898 0.6083122160987531 0.0391540515625 0.62468005 0.04019154963471026 0.651818922963747
0 0.4692976953125 0.661606271875 0.46826019723374024 0.6344673989114075 0.041962168747719776 0.6507644421278539 0.04299966682647953 0.6779033150914465
0 0.4674611171875 0.6880689296875 0.4664236190595702 0.6609300567250675 0.04938431406249999 0.6768731468749998 0.05042181219042983 0.7040120198374322
0 0.47479440781250004 0.7139008812500001 0.47371700594826444 0.6857182076492057 0.04555197031249999 0.7020866265624999 0.04662937217673553 0.7302693001632944
0 0.477023046875 0.7380798421875 0.47598554884927957 0.710940970784283 0.051539262499999995 0.7271672234375 0.05257676052572047 0.754306094840717
0 0.47245713125 0.765491465625 0.4713398256794198 0.7362649897041103 0.054269992187500005 0.7522092468749999 0.0553872977580802 0.7814357227958897
0 0.46876839687499994 0.7933504078124999 0.4676111875308834 0.763080126509546 0.054229578065354014 0.7788833843772801 0.055386787409470506 0.8091536656802341
0 0.47327769374999995 0.8160957968750001 0.4722401956080602 0.7889569239128982 0.05890437812500001 0.8047584328125001 0.05994187626693977 0.8318973057746021
0 0.4766368312500001 0.8445299296875002 0.47547962203159155 0.8142596483218807 0.05839452337785402 0.8302044859397805 0.05955173259626258 0.8604747673054
0 0.4727036328125001 0.8668537921875001 0.4717459422842464 0.841802526864701 0.062144139062500006 0.8574612875 0.06310182959075364 0.8825125528227991
0 0.47342815781249986 0.8900282 0.4724305635337229 0.8639331324178479 0.06281349531249998 0.8795924765625 0.06381108959127693 0.9056875441446521
0 0.48067684687499995 0.9209269578124999 0.47936002241738834 0.8864814674150615 0.06221387187271976 0.9024286421278538 0.0635306963303314 0.9368741325252922