0 0.77556805625 0.34253085937500005 0.27383194375 0.342530859375 0.27383194375000003 0.37426914062500005 0.77556805625 0.3742691406250001
0 0.7740979171875 0.40164257812500004 0.2767020828125001 0.401642578125 0.2767020828125001 0.43435742187500004 0.7740979171875 0.43435742187500015
0 0.7651875 0.4607750000000001 0.2808125000000001 0.46077500000000005 0.2808125000000001 0.4920250000000001 0.7651875 0.4920250000000002
0 0.7836763890625 0.24838671875000004 0.2715236109375 0.24838671875 0.2715236109375 0.28061328125000007 0.7836763890625 0.28061328125000007
0 0.7482944437500001 0.8014398437500001 0.2969055562500001 0.8014398437500001 0.2969055562500001 0.8297601562500001 0.7482944437500001 0.8297601562500001
0 0.770159721875 0.4316867187500001 0.27884027812500006 0.43168671875 0.27884027812500006 0.4639132812500001 0.770159721875 0.46391328125000014
0 0.7616833328125 0.515742578125 0.28251666718750007 0.515742578125 0.28251666718750007 0.548457421875 0.7616833328125 0.5484574218750001
0 0.7537388890625001 0.5978632812500001 0.2884611109375001 0.59786328125 0.2884611109375001 0.6281367187500001 0.7537388890625001 0.6281367187500002
0 0.7487284718750001 0.7764632812500001 0.2964715281250001 0.7764632812500001 0.2964715281250001 0.8067367187500001 0.7487284718750001 0.8067367187500001
0 0.7981270828125 0.07994531250000006 0.2642729171875 0.07994531250000002 0.2642729171875 0.11705468750000007 0.7981270828125 0.1170546875000001
0 0.7443881937500001 0.8252984375000001 0.3008118062500001 0.8252984375000001 0.3008118062500001 0.8585015625000001 0.7443881937500001 0.8585015625000001
0 0.7625854171875 0.4878867187500001 0.28081458281250005 0.48788671875 0.28081458281250005 0.5201132812500001 0.7625854171875 0.5201132812500002
0 0.7532708328125 0.6498632812500001 0.2897291671875001 0.64986328125 0.2897291671875001 0.6801367187500001 0.7532708328125 0.6801367187500003
0 0.754540971875 0.623319140625 0.2866590281250001 0.6233191406249999 0.2866590281250001 0.654080859375 0.754540971875 0.6540808593750002
0 0.7484965281250002 0.7508632812500001 0.2945034718750001 0.75086328125 0.2945034718750001 0.7811367187500001 0.7484965281250002 0.7811367187500002
0 0.788384721875 0.18331015625000008 0.265815278125 0.18331015625000005 0.265815278125 0.21748984375000005 0.788384721875 0.21748984375000008
0 0.7572111109375 0.5434867187500001 0.2849888890625001 0.54348671875 0.2849888890625001 0.5757132812500001 0.7572111109375 0.5757132812500002
0 0.78257430625 0.27915429687500004 0.27302569375 0.279154296875 0.27302569375 0.31284570312500004 0.78257430625 0.3128457031250001
0 0.7760701390625 0.31138671875 0.27172986093749996 0.31138671875 0.27172986093749996 0.34361328125 0.7760701390625 0.34361328125000007
0 0.795590971875 0.11518945312500006 0.265209028125 0.11518945312500004 0.265209028125 0.15181054687500006 0.795590971875 0.1518105468750001
0 0.75286875 0.6752632812500001 0.2919312500000001 0.67526328125 0.2919312500000001 0.7055367187500001 0.75286875 0.7055367187500001
0 0.7875166671875 0.21683085937500005 0.2666833328125 0.216830859375 0.2666833328125 0.24856914062500005 0.7875166671875 0.24856914062500007
0 0.7929229171875 0.15095429687500006 0.2642770828125 0.15095429687500003 0.2642770828125 0.18464570312500006 0.7929229171875 0.1846457031250001
0 0.7506666671875001 0.70113984375 0.29233333281250007 0.7011398437499999 0.29233333281250007 0.72946015625 0.7506666671875002 0.7294601562500002
0 0.7498305562500002 0.7259074218750001 0.29496944375000006 0.725907421875 0.29496944375000006 0.7556925781250001 0.7498305562500002 0.7556925781250002
0 0.7738979171875 0.37238671875 0.2765020828125001 0.37238671874999996 0.2765020828125001 0.40461328125000007 0.7738979171875 0.4046132812500002
0 0.755675 0.5715191406250001 0.2869250000000001 0.571519140625 0.2869250000000001 0.6022808593750001 0.755675 0.6022808593750002