0 0.8228287891598727 0.5880543502962646 0.8205404312370488 0.5630238420458361 0.44509928738967625 0.5973477042495714 0.4473876453125 0.6223782124999999
0 0.8129521482825723 0.716860148616693 0.8107958109375 0.6932737078125 0.4416412985924275 0.7270228295083067 0.4437976359374999 0.7506092703124998
0 0.8130964620851795 0.6964571467893139 0.8108521109375 0.6719079937499999 0.44156153478982035 0.7056695547731859 0.4438058859374999 0.7302187078124998
0 0.4462327306437106 0.7801268008966037 0.443460296733336 0.7498013750129516 0.06900866296462543 0.784034774116348 0.071781096875 0.8143602000000001
0 0.45392691457380535 0.4216884414597099 0.4517265703125001 0.39762064375000006 0.06078069011369473 0.4333619913527901 0.062981034375 0.4574297890625
0 0.4534838642877461 0.327580142474065 0.4511955062240974 0.30254963252917205 0.060982496623851225 0.3382239791176071 0.0632708546875 0.3632544890625
0 0.4489627153054988 0.536502663830073 0.44671836406250004 0.511953509375 0.06265591750700125 0.547065554919927 0.06490026875 0.571614709375
0 0.4454444738560038 0.6044962633312589 0.4430240953125001 0.5780216875 0.0673788558314963 0.6123642085437411 0.06979923437499999 0.6388387843750001
0 0.4580664910216141 0.205906867593947 0.4555580984375001 0.1784695765625 0.053708793353386006 0.21520774490605304 0.056217185937500004 0.2426450359375
0 0.8337617301752589 0.45338645379521025 0.8313413514078846 0.42691187643378736 0.44526891185762557 0.4622076820135771 0.44768929062499996 0.488682259375
0 0.4452002156510946 0.670082447006627 0.44282384362128724 0.6440892251546153 0.0681155685951927 0.6783460890854883 0.07049194062500001 0.7043393109375
0 0.46598253748997875 0.25356148468031503 0.463606165625 0.2275682625 0.05674735782252125 0.26476441375718507 0.059123729687500015 0.29075763593750004
0 0.44501359628084963 0.7128994696739555 0.44268123122409736 0.6873876028416721 0.07064778806824776 0.7213999237927167 0.07298015312500002 0.7469117906250001
0 0.4554414409518868 0.39847621759481566 0.4531530828125 0.3734457078125 0.05859540436061311 0.4095172574051843 0.060883762499999994 0.4345477671875
0 0.475413133287537 0.2773957930054283 0.4729927546875 0.25092121718750005 0.056507649524963045 0.28899743199457173 0.058928028125 0.31547200781250007
0 0.857166483813532 0.19031853231096676 0.85483411875 0.16480666562500002 0.45065014274896786 0.20175827706403324 0.4529825078124999 0.22727014375
0 0.8445913053470754 0.35984972098310264 0.8421709265625001 0.33337514218750003 0.44480235402792473 0.3697036696418974 0.4472227328125 0.3961782484375
0 0.8507231186814078 0.26441225809071883 0.8483467466046234 0.23841903610506665 0.4484394060482155 0.2749796686393478 0.4508157781250001 0.300972890625
0 0.45474207468153083 0.18022203880449555 0.452277688920836 0.15326610470045138 0.056578948614305145 0.1894419737084558 0.05904333437499999 0.2163979078125
0 0.4446183849710833 0.626639841269667 0.44219800610833604 0.6001652640754512 0.06742169769975276 0.6344283478057843 0.0698420765625 0.660902925
0 0.8250786337365306 0.565327458746906 0.8227462687499999 0.5398155921875001 0.4481060240759692 0.5740662334405942 0.4504383890625 0.5995781000000001
0 0.4457725008751476 0.5823104620076972 0.44344013593750004 0.5567985968750001 0.06619309443735247 0.5912875598673029 0.06852545937500001 0.6167994250000001
0 0.45200612990207434 0.3757281708705638 0.44971777187500006 0.3506976624999999 0.06211156072292564 0.38613369006693615 0.06439991875 0.41116419843749996
0 0.8110626790346194 0.7412851509124702 0.8085102796875001 0.71336650625 0.43874347565288063 0.7471716053375297 0.44129587499999995 0.7750902499999999
0 0.4461357945014843 0.7339702776414039 0.44380342967454867 0.708458413920836 0.07003212267306443 0.7426296159669321 0.07236448749999999 0.7681414796875
0 0.8275549612097457 0.5433867552524182 0.825266603125 0.5183562453125001 0.44895652629025395 0.552759547872582 0.4512448843749999 0.5777900578125001
0 0.8373922935395575 0.4073718153619762 0.8349279077995486 0.3804158811083361 0.44878743613499117 0.4157179063713599 0.45125182187499996 0.4426738406250001
0 0.4593072974946505 0.23055708503456346 0.4568869187500001 0.2040825078125 0.0551736775053495 0.24080823840293655 0.057594056250000004 0.267282815625
0 0.45704905681857727 0.3039261022341067 0.454628678125 0.277451525 0.05899797130642279 0.3136211727658933 0.06141835 0.34009575000000003
0 0.44557331397828703 0.7555372015754201 0.4431969420328848 0.7295439795587874 0.0684886671170978 0.7638008420458673 0.07086503906250001 0.7897940640625001
0 0.8167613408243171 0.6753901896241615 0.8144729826837873 0.6503596798421153 0.4433765059219704 0.6842863417804538 0.44566486406249994 0.7093168515625
0 0.8348500813272409 0.42988274701502016 0.8324737093750001 0.40388952500000014 0.44907609992275904 0.43894079048497997 0.45145247187499987 0.4649340125
0 0.45192833773962954 0.49124465367715564 0.44963997954583607 0.46621414376295134 0.06116483555620657 0.5017296119607957 0.06345319375 0.526760121875
0 0.8418576252631018 0.3843429707095224 0.839349232670836 0.3569056812629514 0.44358246053273415 0.3930877699284291 0.446090853125 0.42052505937500007
0 0.8450903311565533 0.3132383718900974 0.8427139593620488 0.28724515142083595 0.44888915164299553 0.3232496998432386 0.4512655234375 0.3492429203125001
0 0.4462565555265918 0.6911154010786993 0.44392419062500005 0.6656035359375001 0.06754608041090818 0.7000130582963009 0.06987844531250001 0.7255249234375001
0 0.8539327265107811 0.23976444248219372 0.8515563546875 0.213771221875 0.4490422156767189 0.2505701731428063 0.45141858749999997 0.27656339375
0 0.4474468426611026 0.6481510945682665 0.4450264640625 0.62167651875 0.06764335890139739 0.6561779210567336 0.0700637375 0.6826524968750001
0 0.45352363925289146 0.46833491150126616 0.45123528124999995 0.44330440312499997 0.06102227168460853 0.4789787509987338 0.0633106296875 0.504009259375
0 0.44907353610375084 0.5140707318194587 0.446785178125 0.4890402234375001 0.06178577014624922 0.5242379291180415 0.06407412812499999 0.5492684375000001
0 0.8558749066610017 0.21527637568830996 0.8534545281120485 0.188801799858336 0.4465276870760467 0.2260041710450261 0.44894806562499995 0.25247874687500005
0 0.8593656333324151 0.1659502553501277 0.8569452545458359 0.1394756781379513 0.4534941462134208 0.1763602899753236 0.4559145250000001 0.2028348671875
0 0.830674226865502 0.49836903791294773 0.8283858687500001 0.47333852812499994 0.44686219188449805 0.5082184730245523 0.44915055000000004 0.5332489828125
0 0.8266842518701214 0.5212988958690766 0.82439589375 0.49626838593750006 0.4472168856298787 0.5307511291309235 0.44950524375 0.5557816390625001
0 0.45450869941652855 0.4450278118589373 0.45217633434909743 0.419515945029172 0.06015742399506886 0.45535539254523466 0.06248978906249999 0.48086725937499997
0 0.8646991550478564 0.14010255976954314 0.8621907625000003 0.1126652703125 0.45252105745214377 0.1501184027304569 0.4550294499999999 0.17755569218750003
0 0.4491058378928051 0.5585137555296991 0.44690549374999994 0.534445959375 0.06291108085719482 0.5695517850953008 0.06511142499999999 0.5936195812499999
0 0.45137175735892343 0.3513879044662348 0.44912740623704855 0.32683875142083607 0.06854069262812508 0.3616330360171012 0.07078504375 0.38618218906249996
0 0.8322964071632161 0.4756001230809385 0.8299640420587876 0.45008825640461547 0.4475034005205716 0.4850538614486769 0.44983576562500005 0.510565728125
0 0.8215148689720794 0.6099443097865759 0.8192265109245487 0.5849138014208358 0.4472611013274692 0.6189199041342599 0.449549459375 0.6439504125
0 0.8439385735186964 0.3373004330963055 0.8415622015625 0.3113072109375 0.4468684608563036 0.3473911997161946 0.44924483281249994 0.373384421875
0 0.8197379971873311 0.6534476222857479 0.8174496390625 0.6284171125 0.4437463637501689 0.662582094901752 0.446034721875 0.6876126046875
0 0.8485705412457841 0.289206128784296 0.8461501624999999 0.2627315515624999 0.4487815900042156 0.29906008059070394 0.45120196874999985 0.3255346578125001
0 0.8191674024983664 0.6326684791808794 0.8168350373583358 0.6071566125129514 0.4448015942349694 0.6411689348945718 0.447133959375 0.6666808015625