0 0.7856518515625 0.07104583281250006 0.23194814843749997 0.07104583281250001 0.23194814843749997 0.11375416718750006 0.7856518515625 0.11375416718750009
0 0.787077778125 0.10704583281250006 0.231522221875 0.10704583281250005 0.231522221875 0.14975416718750006 0.787077778125 0.1497541671875001
0 0.7824259265625 0.14402916718750008 0.2305740734375 0.14402916718750006 0.2305740734375 0.18257083281250006 0.7824259265625 0.18257083281250008
0 0.7805481484375 0.17630833281250008 0.2342518515625 0.17630833281250005 0.2342518515625 0.21589166718750005 0.7805481484375 0.2158916671875001
0 0.7805481484375 0.20986666718750002 0.2342518515625 0.20986666718749997 0.2342518515625 0.25153333281250007 0.7805481484375 0.2515333328125001
0 0.779596296875 0.24635 0.237003703125 0.24634999999999999 0.237003703125 0.28385000000000005 0.779596296875 0.28385000000000005
0 0.7690000000000002 0.8963083328125 0.2690000000000001 0.8963083328125 0.2690000000000001 0.9358916671875 0.7690000000000002 0.9358916671875
0 0.7708518515625002 0.8661125000000001 0.2671481484375001 0.8661125000000001 0.2671481484375001 0.9004875 0.7708518515625002 0.9004875
0 0.7721777781250002 0.8390124999999999 0.2666222218750001 0.8390124999999999 0.2666222218750001 0.8733875 0.7721777781250002 0.8733875
0 0.7736037031250003 0.8091333328125 0.2661962968750001 0.8091333328125 0.2661962968750001 0.8424666671875001 0.7736037031250003 0.8424666671875001
0 0.7763555562500002 0.7822541671875001 0.26524444375000006 0.7822541671875001 0.26524444375000006 0.8145458328125 0.7763555562500002 0.8145458328125
0 0.7768333328125002 0.7516125 0.2601666671875001 0.7516125 0.2601666671875001 0.7859875000000001 0.7768333328125002 0.7859875000000002
0 0.7740296296875001 0.7239125000000001 0.26477037031250006 0.7239125 0.26477037031250006 0.7582875 0.7740296296875002 0.7582875000000001
0 0.7750333328125001 0.6930125000000001 0.2583666671875001 0.6930125 0.2583666671875001 0.7273875000000001 0.7750333328125002 0.7273875000000002
0 0.77498148125 0.6630541671875001 0.2620185187500001 0.6630541671875 0.2620185187500001 0.6953458328125002 0.77498148125 0.6953458328125002
0 0.7805851859375 0.6328541671875001 0.26021481406250013 0.6328541671875 0.26021481406250013 0.6651458328125001 0.7805851859375 0.6651458328125002
0 0.7759333328125 0.6023541671875001 0.2592666671875001 0.6023541671875 0.2592666671875001 0.6346458328125001 0.7759333328125 0.6346458328125002
0 0.7796370375 0.5703125000000001 0.2555629625000001 0.5703125 0.2555629625000001 0.6046875 0.7796370375 0.6046875000000002
0 0.7758851859375 0.5401541671875001 0.2555148140625001 0.5401541671875 0.2555148140625001 0.5724458328125002 0.7758851859375 0.5724458328125002
0 0.7749851859375 0.5078125000000001 0.2546148140625001 0.5078125 0.2546148140625001 0.5421875 0.7749851859375 0.5421875000000002
0 0.7745370375 0.4781541671875001 0.2504629625000001 0.4781541671875 0.2504629625000001 0.5104458328125001 0.7745370375 0.5104458328125002
0 0.7712888890625 0.44663333281250006 0.2435111109375001 0.44663333281249995 0.2435111109375001 0.47996666718750014 0.7712888890625 0.4799666671875002
0 0.7740407406250001 0.4135125000000001 0.24255925937500006 0.41351250000000006 0.24255925937500006 0.4478875000000001 0.7740407406250001 0.4478875000000002
0 0.7735888890625 0.38103333281250007 0.24581111093750008 0.3810333328125 0.24581111093750008 0.41436666718750004 0.7735888890625 0.41436666718750015
0 0.7768444437500001 0.34687083281250003 0.23795555625000003 0.3468708328125 0.23795555625000006 0.38332916718750004 0.7768444437500001 0.3833291671875001
0 0.7758925921875 0.31305000000000005 0.2407074078125 0.31305 0.2407074078125 0.35055000000000003 0.7758925921875 0.3505500000000001
0 0.779596296875 0.27892916718750005 0.237003703125 0.2789291671875 0.237003703125 0.31747083281250005 0.779596296875 0.3174708328125001