0 0.46909990989901684 0.18422378835881867 0.46551493901826585 0.15430559025584503 0.009609215056748976 0.2089348409595264 0.013194185937500005 0.23885303906250005
0 0.4679343629072658 0.2153056166881039 0.4643493921874999 0.18538741875000003 0.013973087092734099 0.23935410049939615 0.0175580578125 0.26927229843750006
0 0.47032312435019447 0.24433323171843302 0.46686177325292244 0.21544669689711723 0.018351022340227986 0.2691898401786842 0.021812373437499994 0.29807637499999995
0 0.4716793838106826 0.2726013442103784 0.46821803281249996 0.24371480937499998 0.01970728181431742 0.29745795110212153 0.023168632812500003 0.3263444859375
0 0.47269476924890796 0.3023376949878147 0.4691097984375 0.272419496875 0.027949202626092084 0.3252819003246853 0.0315341734375 0.3552000984375
0 0.4762987135546597 0.32911000651464695 0.4728373624778828 0.3002234716904225 0.03169917392322315 0.35308319173827557 0.035160525 0.3819697265625
0 0.4776318525278989 0.35717996609003105 0.47417050156249996 0.32829343125 0.04040488028460104 0.38026972609746906 0.04386623125000001 0.40915626093750007
0 0.9410161446965016 0.24730487546363517 0.9375547935654224 0.2184183406471171 0.49273032386892074 0.271719772995982 0.4961916750000001 0.30060630781250003
0 0.9483053727129314 0.27461928479386905 0.9450912607308053 0.2477960717125396 0.49109590364287403 0.3021964119186705 0.494310015625 0.32901962500000004
0 0.9494745290457265 0.30516183015887066 0.9460131781250002 0.27627529531250006 0.49565928501677375 0.3302392917161294 0.4991206359375001 0.35912582656250003
0 0.4788527461373063 0.384560144230906 0.4753913953125 0.35567361093750005 0.03793948980019376 0.4080916182690942 0.04140084062500001 0.4369781515625001
0 0.4792187633146702 0.4117413737321279 0.47575741231542246 0.38285483908461704 0.04383492868825225 0.4346102794149892 0.0472962796875 0.46349681406250004
0 0.47910184888813456 0.4389009403071656 0.475516878125 0.4089827421875 0.04910141048686549 0.46007829875533457 0.05268638125000001 0.489996496875
0 0.48760822900828416 0.46428212078510683 0.48414687794042244 0.4353955859596172 0.050381256744638336 0.4873718823620104 0.05384260781250001 0.5162584171875
0 0.4859907360135815 0.4909768668544917 0.4826530046874999 0.4631219937499999 0.05443921554891841 0.5144330362705083 0.05777694687499999 0.5422879093749999
0 0.9529581929382929 0.33192762736916803 0.9497440812500001 0.30510441562499996 0.4920624445617071 0.3599464648183319 0.49527655625 0.3867696765625
0 0.9460416942616892 0.3604461244857844 0.9424567234374999 0.3305279265624999 0.4994529854258106 0.38361118645171555 0.5030379562499999 0.41352938437500003
0 0.4886934867521576 0.5180999473573463 0.4852321359375001 0.4892134140625 0.05515279606034242 0.5407479979551539 0.058614146874999995 0.5696345312500001
0 0.4903791914865698 0.5451230442256885 0.48691784044042236 0.5162365093971173 0.06052478332885256 0.5673293823589287 0.063986134375 0.5962159171875
0 0.49360254775415296 0.5685043412298129 0.49038843593749987 0.5416811281249999 0.06588333818334693 0.5925477728326871 0.06909745 0.6193709859375
0 0.9424551226876245 0.3870335724851767 0.939241010730805 0.3602103592125397 0.5018339271056806 0.4126229961023629 0.5050480390625001 0.43944620937499995
0 0.945287708364377 0.41156676795814595 0.9423208359375002 0.38680687968749994 0.506801710385623 0.438993289854354 0.5097685828125 0.46375317812500005
0 0.9513730438252278 0.4393310027921128 0.9480353125000001 0.4114761296874999 0.5069195342997722 0.46433316283288706 0.5102572656249998 0.4921880359374999
0 0.9489508602460065 0.4668672598493492 0.9454895091904225 0.4379807250221172 0.511723886444416 0.4899570214227681 0.5151852375000001 0.51884355625
0 0.9473786047731639 0.49375750747813163 0.9440408734374998 0.4659026343749998 0.5139839405393358 0.5174345331468683 0.5173216718750001 0.54528940625
0 0.9500076290682816 0.5208894237179534 0.9465462781028828 0.49200288887792265 0.512780655284601 0.5439791839099692 0.5162420062499999 0.57286571875
0 0.9510682192474299 0.5495571368602657 0.9472360093528829 0.5175756170029224 0.5134031588554531 0.5695599676426566 0.51723536875 0.6015414875
0 0.9542510540208825 0.5730228174706025 0.9507897029183052 0.5441362826500395 0.5207103613974227 0.595670868304437 0.5241717125 0.624557403125
0 0.9537825208746288 0.6012709915385841 0.9499503109153828 0.5692894716904224 0.525333166603254 0.6201695442143385 0.5291653765625 0.6521510640625001
0 0.9522902023659364 0.6252550193614808 0.9490760906028829 0.5984318076279225 0.5245709944869464 0.6492984538914418 0.5277851062499999 0.676121665625
0 0.9494661339590653 0.6526008360656393 0.9457575437278827 0.6216509779404226 0.5248490894563175 0.6720866528122833 0.5285576796875 0.7030365109375001
0 0.9546659696106905 0.677352683292391 0.95120461875 0.6484661484375 0.5229684194518096 0.699779874520109 0.5264297703125 0.728666409375
0 0.9493916302637395 0.7043265479141235 0.9458066593749999 0.6744083499999998 0.5304500384862605 0.7241787739608763 0.5340350093749999 0.754096971875
0 0.9541403726470513 0.72915337511296 0.9506790216461883 0.700266840277962 0.5335016677491371 0.7502554339150022 0.5369630187500001 0.7791419687500001
0 0.9508411435222962 0.7575188862266427 0.9471325529183054 0.7265690264000397 0.5354398047085093 0.7759004245483971 0.5391483953125001 0.8068502843750002
0 0.9551578803189852 0.779517581609871 0.9525618671875 0.7578526812499999 0.5373845243685149 0.8076016215151292 0.5399805375 0.829266521875
0 0.9598676199334107 0.8035495766011916 0.9567771281249999 0.777758028125 0.5378238613165893 0.8279594202738085 0.540914353125 0.8537509687500002
0 0.9597467266629209 0.8333885935579307 0.9555436576058053 0.7983120873375398 0.5308592840678845 0.8492002156546092 0.535062353125 0.8842767218750002
0 0.4956860555878415 0.5946760787268058 0.4924719437500002 0.5678528656250001 0.06612370378715864 0.6189403665856943 0.06933781562500002 0.6457635796875
0 0.49779805087915313 0.6206434787298127 0.49458393906250003 0.593820265625 0.07007884130834692 0.6446869103326871 0.073292953125 0.6715101234374999
0 0.49713896326073914 0.6471438490550402 0.4939248515403828 0.6203206373154226 0.07863546171714367 0.6700830038853823 0.08184957343749999 0.6969062156249999
0 0.5056171423182976 0.6722688840342266 0.5022794109375 0.6444140109375001 0.07590876080670232 0.6955041987782736 0.07924649218749999 0.7233590718750001
0 0.50888770855994 0.6961677599944276 0.5056735966904223 0.6693445468971171 0.0830116381304823 0.7199903369026897 0.08622575000000002 0.7468135500000002
0 0.5055941915124709 0.7238293535970126 0.5021328404404224 0.694942818772117 0.0867986301779515 0.7447105573626045 0.09025998125 0.7735970921875001
0 0.5031726692520136 0.7518678401121577 0.4995876984375 0.7219496421875 0.08791735887298643 0.7712783536378425 0.0915023296875 0.8011965515625002
0 0.5086088461061712 0.7741593599878664 0.505394734352883 0.7473361482529224 0.09379162574671171 0.7966568038900559 0.0970057375 0.823480015625
0 0.5132846785016794 0.8021929528176612 0.5096997078125 0.7722747546875001 0.0943430886858206 0.8220451753073391 0.097928059375 0.8519633734375003
0 0.5102398019717029 0.8247556289118165 0.5072729296875 0.7999957421875 0.0994009199032971 0.8488693164006836 0.1023677921875 0.873629203125
0 0.5120110216130026 0.8477709453345741 0.5089205296874999 0.821979396875 0.10102610963699728 0.8708556562279259 0.1041166015625 0.8966472046874999
0 0.5207861307698786 0.8779295257244423 0.5167066812500001 0.8438846796874999 0.10126042235512145 0.8936658430255578 0.105339871875 0.9277106890625001