0 0.9203015750000001 0.8037355171874999 0.45395906495457156 0.8002811290602729 0.4537043515625001 0.8346674453125003 0.9200468616079288 0.8381218334397273
0 0.46892527812499996 0.25458243125000013 3.087807787238717e-17 0.25110891093750004 -0.0002547134349900514 0.28549522729645954 0.4686705646900099 0.28896874760895963
0 0.44061524687500003 0.8720890609374997 1.0685896612017132e-16 0.8688252437499997 -0.0002624320793569182 0.9042535685583474 0.440352814795643 0.9075173857458474
0 0.4527850625 0.5472794656250001 6.661338147750939e-17 0.5439255015625 -0.00021612054366188793 0.5731017694192801 0.4525689419563381 0.5764557334817801
0 0.925474165625 0.748852746875 0.45727980724118644 0.745384640005675 0.4570250937500001 0.77977095625 0.9252194521338135 0.7832390631193251
0 0.4428083031250001 0.7931374875000001 9.71445146547012e-17 0.7898574265625001 -0.00023927622560870678 0.8221597226048244 0.44256902689939126 0.8254397835423244
0 0.9693830546875002 0.3479239406250001 0.47896647288736627 0.344291224368321 0.47871175937500016 0.37867754062500014 0.9691283411751339 0.38231025688167924
0 0.970053025 0.25497238125000005 0.47588644456043055 0.2513118877132271 0.47562401249999997 0.2867402125000001 0.9697905929395695 0.29040070603677304
0 0.9554342906250002 0.4374383562500001 0.4726102891158309 0.4338618819674392 0.4723864500000001 0.46408016093750015 0.9552104515091694 0.4676566352200611
0 0.4465635812500001 0.7400073937499999 0.00003819601841116571 0.73669979836174 -0.00017792448191047554 0.7658760664158977 0.4463474607496785 0.7691836618041575
0 0.46800077187500005 0.192310009375 2.3245294578089216e-17 0.18884333749999999 -0.00027015060078625606 0.22531367396369406 0.46773062127421383 0.2287803458386941
0 0.450240278125 0.659024359375 8.049116928532385e-17 0.6556892453125001 -0.00020840197721644084 0.6838235047187378 0.45003187614778345 0.6871586187812377
0 0.46735774687500004 0.22207501093749998 2.706168622523819e-17 0.21861310156250005 -0.0002855878154563174 0.25716745510233907 0.4670721590595437 0.26062936447733903
0 0.45525098750000004 0.49207652968750004 5.967448757360216e-17 0.48870430000000004 -0.00021612051228911758 0.5178805678572449 0.4550348669877108 0.521252797544745
0 0.9519283640625 0.4968352015625002 0.4709562156936961 0.49327244446687046 0.4707323765625001 0.5234907234375001 0.9517045249313041 0.5270534805331298
0 0.9490994140625002 0.5238829734375001 0.4698865293309386 0.5203332492709039 0.4696472531250001 0.5526355453125 0.9488601378565618 0.5561852694790963
0 0.9714008343749999 0.3177272875 0.4772805462904822 0.3140671368695934 0.4770258328125 0.34845345312500015 0.9711461208970176 0.35211360375540673
0 0.46817052343750004 0.28693092968750006 3.434752482434078e-17 0.2834630000000001 -0.00023927626114984038 0.3157652963333099 0.46793124717635015 0.3192332260208099
0 0.9335441984375 0.637090425 0.46724798242426013 0.633636378223967 0.46700098749999996 0.6669806859375003 0.93329720351324 0.6704347327135333
0 0.9466427781250001 0.5809075109374999 0.4674761874158687 0.577358128122459 0.4672446296875001 0.608618415625 0.9464112203966314 0.612167798440041
0 0.9400675625 0.609248871875 0.46826208408108166 0.6057540164560855 0.46802280781250005 0.6380563125000001 0.9398282862314182 0.6415511679189145
0 0.4484050609375 0.713210740625 8.743006318923108e-17 0.7098892218749999 -0.0002161204883401359 0.7390654897325997 0.4481889404491598 0.7423870084825996
0 0.9520672843750002 0.46764585781250007 0.4692895767604587 0.46406972644769595 0.46907345625000013 0.49324599375000017 0.9518511638645417 0.4968221251148043
0 0.44426984531250013 0.7663797015625 9.298117831235686e-17 0.7630888140625001 -0.00022383908685606816 0.7933070930199186 0.444046006225644 0.7965979805199186
0 0.447494690625 0.6858935125 8.326672684688674e-17 0.6825787374999999 -0.00021612047095668634 0.7117550053578573 0.44727857015404326 0.7150697803578574
0 0.9119788890625001 0.883642071875 0.4510530535868802 0.8802278065548093 0.45077518437500014 0.9177401515625 0.9117010198506199 0.9211544168826908
0 0.4591024390625001 0.462672925 5.551115123125783e-17 0.459272165625 -0.00022383914423222684 0.4894904450569884 0.45887859991826774 0.4928912044319884
0 0.927230525 0.722197184375 0.46098060277156333 0.7187434820832882 0.4607413265625002 0.7510457781250001 0.9269912487909368 0.7544994804167119
0 0.45874654218750005 0.405369121875 4.9613091412936685e-17 0.40197099999999997 -0.00021612046069355366 0.43114726785800944 0.45853042172680647 0.4345453897330095
0 0.4503309875 0.6316937046875 0.00004729951584140774 0.6283582689193681 -0.0001688210557992252 0.6575345369732699 0.45011486692835945 0.6608699727414018
0 0.9320964500000002 0.6655114515625 0.46399467786475174 0.6620440305173396 0.46375540156250006 0.6943463265625003 0.9318571736977483 0.6978137476076607
0 0.4632272234375 0.346037853125 4.198030811863873e-17 0.34260654062499996 -0.00023155767005874766 0.37386682850813263 0.46299566576744117 0.37729814100813264
0 0.45132283906250004 0.5754794656250001 7.0082828429463e-17 0.5721363328125 -0.00021612054603917797 0.601312600669245 0.4511067185164608 0.6046557334817451
0 0.9160734875000001 0.8307562515625 0.45167541841329506 0.8273162664576688 0.45143614218750017 0.8596185625000002 0.9158342112742053 0.8630585476048314
0 0.946726821875 0.5522763078125001 0.4675139372491072 0.5487265820794933 0.46727466093750003 0.581028878125 0.9464875455633928 0.5845786038580069
0 0.4392424390625001 0.8454728421874999 1.0408340855860843e-16 0.8422191937499998 -0.0002238391578622892 0.8724374731817865 0.4390185999046377 0.8756911216192866
0 0.9616231171875003 0.4078311500000001 0.47500282635331914 0.4042265539529496 0.47476355000000015 0.4365288500000001 0.9613838408341812 0.44013344604705057
0 0.4556209562500002 0.5196690296875002 6.245004513516506e-17 0.5162940593750001 -0.00022383912105310364 0.5465123383336841 0.45539711712894704 0.5498873086461842
0 0.9730082406249998 0.2867272875 0.47888795410289653 0.2830671368811668 0.47863324062500007 0.31745345312500006 0.9727535271471034 0.32111360374383324
0 0.9310394125000002 0.6936144140625 0.46293764036475177 0.6901469930173395 0.4626983640625001 0.7224492890625 0.9308001361977484 0.7259167101076607
0 0.4657201546875001 0.31582387968750003 3.8163916471489756e-17 0.3123741015625 -0.0002392762115847196 0.34467639760430513 0.4654808784759153 0.34812617572930515
0 0.4749588265625001 0.12857456093750003 1.5439038936193584e-17 0.12505634687499997 -0.0002933064533397903 0.16465271208379909 0.47466552010916024 0.16817092614629914
0 0.453165803125 0.603603909375 7.355227538141662e-17 0.6002471265624999 -0.00021612044378479522 0.6294233944207599 0.4529496826812151 0.6327801772332599
0 0.4589364515625001 0.37519644375000005 4.5796699765787705e-17 0.37179691562500006 -0.00023927618849394172 0.40409921195938636 0.45869717537400617 0.4074987400843864
0 0.459611328125 0.4335655171875 5.2735593669694933e-17 0.43016098906250005 -0.00022383909169000488 0.46037926849526684 0.45938748903330995 0.4637837966202668
0 0.9668890421875 0.37865894062500016 0.4765650480938003 0.3750269117704279 0.47632577187500014 0.4073292078125002 0.9666497659686998 0.41096123666707235
0 0.4770388890625 0.16084401874999998 1.9255430583342558e-17 0.15731039687499998 -0.00027786926988103595 0.19482274327133559 0.476761019792619 0.19835636514633556
0 0.9229890421875003 0.7774870062500001 0.45488726994406725 0.7740195867713433 0.4546479937500002 0.8063218828125003 0.9227497659934333 0.8097893022911571
0 0.44006466093750013 0.8199691390625 9.992007221626409e-17 0.8167094 -0.0002238391641245105 0.8469276794316937 0.4398408217733755 0.8501874184941937
0 0.9166223140625002 0.8568286593750001 0.4521316588383826 0.853387986879391 0.4518769453125001 0.8877743031250003 0.9163676005366177 0.8912149756206093