0 0.7676122853545932 0.7575465209437786 0.7662181827505858 0.7224195703149572 0.2826501052084927 0.7416112024961786 0.28404420781250006 0.7767381531250002
0 0.7695112665980248 0.7027423838767131 0.7681558890625 0.6685911828125001 0.2776534365269753 0.6880580239357872 0.27900881406250005 0.7222092250000001
0 0.7708337509609455 0.6763145266922082 0.7694590109375001 0.6416754499999999 0.2746144568515546 0.6613146170577919 0.275989196875 0.6959536937500002
0 0.780418879052126 0.34720262712596717 0.7790828640625 0.3135393000000001 0.24346367563537416 0.3347967134990329 0.244799690625 0.368460040625
0 0.7698433449672031 0.8119866001883806 0.7684105171875 0.7758839 0.28570292222029686 0.7950413826241196 0.28713575 0.8311440828125003
0 0.7898355700556388 0.14500927745267675 0.7882672046875 0.10549145781250002 0.2274414502568613 0.1277492569223233 0.22900981562500006 0.16726707656250003
0 0.7737003229274775 0.47415127506336735 0.7723255828125 0.4395121984375 0.25492085363502254 0.46004672493663257 0.25629559375000005 0.49468580156249997
0 0.7659735749068168 0.8671898930074791 0.7644052093106285 0.8276720733780432 0.28861394690381165 0.8465550647455637 0.2901823125 0.8860728843749998
0 0.7742402368692589 0.4433629447541265 0.7728848593106286 0.409211742128043 0.2520129411913696 0.42988387237391656 0.25336831875 0.4640350750000001
0 0.7870773026448792 0.24768564388224162 0.7856444749380858 0.21158294375245737 0.23612406448070655 0.23339206237021576 0.23755689218749998 0.26949476250000004
0 0.7872212074241822 0.21375483294041792 0.7857883796231285 0.17765213275304298 0.23019407532394642 0.19970231075012512 0.23162690312500006 0.23580501093750006
0 0.7813471368033046 0.3139971062509589 0.7800304843180002 0.2808216532512858 0.2418118068896955 0.30218223450032683 0.243128459375 0.3353576875
0 0.791772457967007 0.11074852202203518 0.7900104671875 0.066351959375 0.22394243734549302 0.08881781235296489 0.22570442812499997 0.13321437500000005
0 0.7769114368539191 0.4116010884345663 0.775614146875 0.3789135093749999 0.2495468615835808 0.39979183187793366 0.2508441515625 0.43247941093750003
0 0.7680210089591593 0.8374894568738693 0.7666269062475426 0.8023625061880859 0.28739732385088335 0.8213819555642168 0.2887914265625 0.8565089062500002
0 0.7723628354648129 0.5349375698789951 0.7709493702505857 0.49932274531495724 0.2587436175982728 0.5196509379359621 0.26015708281249994 0.5552657625
0 0.7941011268873235 0.07401727776981765 0.7923004109375 0.028644965624999998 0.22101896998767648 0.05131772691768235 0.2228196859375 0.0966900390625
0 0.7701225260147065 0.5930252521925835 0.7687284234375001 0.5578983015625 0.26693866617279355 0.5778131071824164 0.26833276875 0.6129400578124999
0 0.7746790947799075 0.5045349375644302 0.7733043546875 0.46989586093749985 0.2585027239700926 0.4903270764980697 0.2598774640625 0.5249661531250001
0 0.7700253915704891 0.5633747442501137 0.7686893765005858 0.5297114171899573 0.26257195211759676 0.5497979791898436 0.2639079671875 0.58346130625
0 0.7799807369225198 0.38008847450160677 0.7786253593749999 0.345937271875 0.2456056583899801 0.3670915176858933 0.2469610359375 0.4012427203125001
0 0.7699746870431107 0.6484721350003436 0.7685805843130857 0.6133451843774572 0.270261625394975 0.6331222446896136 0.27165572812500005 0.6682491953125
0 0.7682724776078863 0.785028953258984 0.76683965 0.7489262546875001 0.28413205676711384 0.7680837358035161 0.2855648843750001 0.8041864343750001
0 0.7689475619472301 0.7296287720024105 0.767572821875 0.6949896953124999 0.2779344599277698 0.7144222420600894 0.27930920000000004 0.7490613187499999
0 0.7842513432202985 0.28159037818929405 0.782876603125 0.2469513015625 0.24117630677970148 0.268450059310706 0.242551046875 0.30308913593750003
0 0.7883551840730012 0.18016157113406134 0.78684490625 0.14210737499999998 0.22863307530199867 0.16426143511593855 0.23014335312499998 0.20231563124999993
0 0.7699762650580948 0.6214962558829626 0.7685628000000001 0.5858814328124999 0.26850483337940534 0.6057275081795374 0.26991829843750004 0.64134233125