0 0.7094380572262804 0.5319459768189415 0.7060807515624999 0.5031314203124999 0.23068313339871951 0.5585220044310585 0.2340404390625 0.5873365609375001
0 0.7082308758178527 0.5864170768354928 0.7048735703124999 0.5576025218749999 0.2329528913696472 0.6125879934770071 0.23631019687500002 0.6414025484374999
0 0.7119456069572428 0.47625910996275644 0.7084204359374999 0.44600382500000013 0.22681149460525712 0.5021181165997438 0.23033666562499996 0.5323734015625001
0 0.7121011366191928 0.4189198757769714 0.7085759656249999 0.38866459062500003 0.222620849318307 0.44528527266052853 0.2261460203125 0.47554055781249993
0 0.7098118494581614 0.5036904689972745 0.7064545435703848 0.47487591095842774 0.22931845036222348 0.5304690528986532 0.23267575625 0.5592836109375
0 0.704949690340551 0.8199923364371033 0.7013126092163127 0.7887765673880429 0.2587348251257617 0.8403431747009398 0.26237190625 0.8715589437500002
0 0.7086491067450774 0.6133400340105075 0.70534775625 0.5850057203125 0.2334693041924226 0.6399862706769925 0.2367706546875 0.6683205843750001
0 0.7062862776342403 0.7440524111903963 0.702928971875 0.715237853125 0.24317759424075963 0.7688054263096038 0.24653490000000003 0.797619984375
0 0.706491724684752 0.6917591716157896 0.703302284375 0.66438534375 0.2384621612527479 0.7185458299467105 0.24165160156249996 0.7459196578125
0 0.7177446464835369 0.17452025978996127 0.7137158796875 0.13994279218749997 0.19869597070396303 0.1999499370850387 0.2027247375 0.23452740468750002
0 0.712001162670777 0.4476976095210028 0.708531946695385 0.4179225672084277 0.22435752308710805 0.47433577487492506 0.22782673906250003 0.5041108171875002
0 0.7150093272217795 0.3307317517615009 0.7112603359375 0.298555496875 0.21209778684072064 0.35671503261349924 0.21584677812500003 0.38889128750000007
0 0.7202216491874986 0.14148969353160018 0.7162488374999999 0.10739246875 0.19518650237500126 0.16810364240589987 0.1991593140625 0.20220086718750005
0 0.7189951816305163 0.2383865053875902 0.715078324820385 0.2047695218959278 0.20448904318986857 0.26426043682083755 0.20840589999999998 0.2978774203125
0 0.705438587720435 0.6399879693005803 0.7021931921874999 0.6121338968749999 0.23557237790456495 0.6665018572619195 0.23881777343749996 0.6943559296874999
0 0.7174870234017632 0.2695214702104751 0.713626121875 0.2363847296875 0.20655600628573678 0.29546560947702494 0.21041690781249994 0.32860235000000004
0 0.7058615133171218 0.7172092651021819 0.7027280281249999 0.6903156796875 0.2405378413703782 0.744167409897818 0.24367132656249998 0.7710609953124999
0 0.7179631549288115 0.20660630679490538 0.7140462984165721 0.17298932482038487 0.2017185450502606 0.23268279458797952 0.2056354015625 0.26629977656250003
0 0.7099354112290557 0.5595898579497278 0.7064661953125 0.529814815625 0.2327225981459443 0.5850126826752722 0.23619181406249998 0.614787725
0 0.7117401306753202 0.3903952279803956 0.7081590046874999 0.3596597015625 0.21955395682467982 0.41658913920710433 0.2231350828125 0.44732466562499995
0 0.7130894748672867 0.3606744129844338 0.70945239375 0.32945864375000006 0.2147204720077133 0.3871019495155662 0.218357553125 0.4183177187499999
0 0.7138503435480703 0.29987522706123065 0.7102132625000002 0.2686594578125 0.21113516113942987 0.32680915418876944 0.21477224218750007 0.3580249234375001
0 0.7068050442638869 0.7675975953427849 0.7037275140625 0.7411842515625 0.2476641979236131 0.7943221140322152 0.250741728125 0.8207354578125001
0 0.7200345026248363 0.10845878929980368 0.7160057357369571 0.07388132171631256 0.19229347061212093 0.13490125116650892 0.1963222375 0.16947871875000003
0 0.7167339003746105 0.07404025168120991 0.7125932230782698 0.03850229691685554 0.18879651020365926 0.09953206554814562 0.19293718749999997 0.13507002031249998
0 0.7040415962018425 0.7917892240943889 0.7009081105782697 0.7648956359793552 0.25436416281392715 0.8169243587599663 0.2574976484375 0.843817946875
0 0.7053430360617421 0.6662172802417768 0.7020976406249999 0.6383632093749998 0.2363460592507578 0.692629893195723 0.23959145468749998 0.7204839640625