0 0.5088025078124999 0.3006118203125 0.5071513401558716 0.2703382003860438 0.04972304374999999 0.29528701093750004 0.05137421140662827 0.3255606308639563
0 0.530594396875 0.6938540921875 0.5292095465109604 0.6684633126500624 0.111741634375 0.6912326249999999 0.11312648473903955 0.7166234045374376
0 0.5124812359375001 0.3565781046875 0.5108300682688841 0.32630448311512417 0.05600318272289743 0.35111140773216604 0.05765435039151329 0.3813850293045419
0 0.531758540625 0.718853365625 0.5303204268197587 0.6924860173334813 0.11457237968286571 0.7151615249150318 0.1160104934881071 0.7415288732065505
0 0.5363182015625 0.81308546875 0.5348800877427797 0.786718121935148 0.12346772812499998 0.8091571562499998 0.12490584194472028 0.8355245030648518
0 0.5305219812499999 0.7424908578125 0.529083867461023 0.7161235109964257 0.11507009531250001 0.7387044296874999 0.1165082091014769 0.7650717765035743
0 0.9564530671875001 0.7465292781249999 0.9549616899391505 0.7191853626407197 0.5461363375 0.741483296875 0.5476277147483495 0.7688272123592803
0 0.9742864328125 0.3356708703125 0.9727151603777703 0.30686210269157826 0.5205113046071659 0.3315259641521027 0.5220825770418956 0.36033473177302444
0 0.9633284812499999 0.6484196765625 0.9618637358031472 0.6215640461900896 0.5417727953125 0.644476421875 0.5432375407593527 0.6713320522474102
0 0.5225500375000001 0.6216977953124999 0.5210320284076277 0.59386559471804 0.10179381718286569 0.6167314624150316 0.1033118262752379 0.6445636630094915
0 0.9606085875 0.6241513171875 0.9591704737874247 0.5977839703683886 0.5399538734328656 0.6206486577275317 0.541391987145441 0.6470160045466432
0 0.9673047656249999 0.47036254843750014 0.9657867565597078 0.44253034784196377 0.528338653125 0.46638940937500006 0.529856662190292 0.49422160997053644
0 0.9681079374999998 0.4163583734375001 0.966589928457636 0.38852617292620467 0.5256732734375 0.41257441406249995 0.5271912824798638 0.4404066145737954
0 0.5057353781249999 0.18345111249999996 0.5039510517270055 0.1507360716873447 0.03261253125 0.1764435671875 0.03439685764799437 0.20915860800015523
0 0.9609908750000005 0.5993008140625 0.9595261295014378 0.5724451822160543 0.5403023264775318 0.5953102625046344 0.5417670719760943 0.62216589435108
0 0.9536715328125001 0.7691152390625002 0.9522600507450318 0.7432361758002323 0.5469248624953656 0.7653437514775318 0.5483363445628338 0.7912228147397997
0 0.519380875 0.5435495968749999 0.5179161295399284 0.5166939649418715 0.08481812178539742 0.540315763982166 0.08628286724546896 0.5671713959152944
0 0.9572663312499998 0.8185197093750002 0.9556417952757444 0.7887343730890584 0.5485146968749999 0.8109396828124998 0.5501392328492553 0.8407250190984416
0 0.5264129828125002 0.6701994546875001 0.5249748690538822 0.6438321078702189 0.10835968437500001 0.6665549109375 0.10979779813361776 0.6929222577547811
0 0.966196809375 0.54796515 0.9647320637929854 0.521109518156872 0.53423546875 0.544589434375 0.5357002143320146 0.571445066218128
0 0.51636273125 0.5193182687500001 0.5147914588214744 0.49050950104367913 0.0825317734328657 0.5140855780400316 0.08410304586139128 0.5428943457463526
0 0.5147558296874999 0.4111842796875001 0.5131845572454633 0.38237551198171615 0.0687849421875 0.40661371874999996 0.07035621462953659 0.4354224864557839
0 0.508856515625 0.2724133609375 0.5071520844611299 0.24116317069834445 0.04450655156250001 0.2663965359375 0.04621098272637009 0.29764672617665555
0 0.9668506000000002 0.25063147656250007 0.9650929053385184 0.21840471774181108 0.5137057578125 0.24302403437500003 0.5154634524739818 0.275250793195689
0 0.522738446875 0.6456705140624999 0.5212737013657195 0.618814883777724 0.1063855890625 0.6414434906250001 0.10785033457178046 0.668299120909776
0 0.5092441000000001 0.3287272250000001 0.5076195639986457 0.29894188715389236 0.0554013 0.32360653437500003 0.05702583600135432 0.35339187222110785
0 0.5149542671875 0.43865513125 0.5133829948216456 0.4098463635411876 0.071584790625 0.433942684375 0.07315606299085446 0.4627514520838124
0 0.5173013921875 0.4662536578124999 0.5157034878660269 0.43695660499794464 0.0756323578125 0.46095873125000003 0.07723026213397313 0.4902557840645553
0 0.532516209375 0.7674005859374999 0.531051463817327 0.7405449540082516 0.1178976265625 0.7630789703124999 0.11936237212017302 0.7899346022417482
0 0.9565710593749998 0.7916362140625 0.9552128407774854 0.7667337195531702 0.5490249234374999 0.7888878046874999 0.5503831420350145 0.8137902991968297
0 0.9650590828125001 0.5228849031250001 0.9635144421380939 0.49456441897118897 0.5329962327275318 0.5180455125046342 0.534540873401938 0.5463659966584453
0 0.5065108000000001 0.2428973375 0.5047797371568862 0.211158865351754 0.0395255875 0.23653450937500003 0.04125665034311392 0.268272981523246
0 0.5189805875 0.5701386671875001 0.5174625784907471 0.5423064681509794 0.09042012656250001 0.5655979906249999 0.09193813557175293 0.5934301896615206
0 0.5166879484375 0.49312273125000006 0.515116676016562 0.4643139635433774 0.0793884390625 0.4880792203125 0.08095971148343808 0.5168879880191227
0 0.9553744843749998 0.722271696875 0.9539097389651555 0.6954160665862708 0.542490175 0.7178554921874999 0.5439549204098442 0.7447111224762291
0 0.50403941875 0.21255326718749998 0.5023616192872066 0.1817913620642068 0.03625473905786571 0.20721351554003178 0.037932538520659184 0.23797542066332497
0 0.9596262140625 0.6982131296875 0.9581348368177597 0.6708692141179238 0.5415052437407315 0.6935928029550636 0.5429966209854719 0.7209367185246399
0 0.9649728640624999 0.5737524890625001 0.9634814868270789 0.5464085721016146 0.5381805139775316 0.5696051093796343 0.5396718912129528 0.5969490263405197
0 0.967164509375 0.49682538593750003 0.965539973455857 0.4670400480881239 0.5323987405493003 0.4906642048620708 0.5340232764684434 0.5204495427114469
0 0.9713051671875 0.3076939843750002 0.9697072630245895 0.27839693163929347 0.5235661671071661 0.3027301204021025 0.5251640712700766 0.33202717313780916
0 0.5179351859375 0.5956388796875001 0.5164970722242055 0.5692715329535696 0.09728047335253173 0.5921362203171343 0.09871858706582623 0.6185035670510648
0 0.9661876499999998 0.4441336265625 0.9646163776398031 0.4153248588534626 0.5271538639775317 0.4391847046921343 0.5287251363377286 0.4679934724011717
0 0.9735381281250002 0.3625030265625001 0.9720201192505037 0.33467082752062216 0.5224320828078658 0.3591920171025317 0.5239500916823622 0.38702421614440957
0 0.9605119999999998 0.6729014531249999 0.9590738862285735 0.6465341063933806 0.5415915640625 0.6693042046875 0.5430296778339264 0.6956715514191194
0 0.5351028499999999 0.7902395203125001 0.533691367924544 0.7643604570505496 0.120551940625 0.7868936874999999 0.12196342270045593 0.8127727507619505
0 0.5126444093749999 0.3840626328124999 0.5110465051363857 0.3547655799946505 0.062303996875 0.3792406546875 0.06390190111361416 0.40853770750534935
0 0.9697328593749998 0.2792390578125 0.9681083234098133 0.2494537213558929 0.5219600218657314 0.27378730451756345 0.5235845578309178 0.3035726409741705
0 0.5425927390624998 0.8413579765625 0.5408350443443278 0.8091312177440646 0.12673482187500001 0.8317168515625 0.12849251659317207 0.8639436103809354
0 0.50230854375 0.1528347515625001 0.500470953863371 0.11914314199764942 0.029118021875 0.1448514234375 0.030955611761628966 0.17854303300235067
0 0.97224524375 0.39018803437499994 0.9706473396293201 0.3608909816376145 0.5262405202321659 0.3851295797771026 0.5278384243528457 0.41442663251448797