0 0.6953354171874999 0.51883984375 0.27606458281250007 0.51883984375 0.27606458281250007 0.54716015625 0.6953354171874999 0.54716015625
0 0.6944819437499999 0.28513085937500005 0.25871805625 0.285130859375 0.25871805625 0.31686914062500005 0.6944819437499999 0.31686914062500005
0 0.6955291671875 0.642183984375 0.28407083281250006 0.642183984375 0.28407083281250006 0.670016015625 0.6955291671875 0.670016015625
0 0.6970847218750003 0.827875 0.29951527812500006 0.827875 0.29951527812500006 0.859125 0.6970847218750003 0.859125
0 0.6991930562500002 0.7837839843750001 0.2912069437500001 0.7837839843750001 0.2912069437500001 0.8116160156250001 0.6991930562500002 0.8116160156250001
0 0.6957951390625001 0.713983984375 0.2852048609375001 0.713983984375 0.2852048609375001 0.741816015625 0.6957951390625002 0.741816015625
0 0.6963590281250002 0.76033984375 0.2892409718750001 0.76033984375 0.2892409718750001 0.78866015625 0.6963590281250002 0.78866015625
0 0.6964270828125001 0.737683984375 0.2875729171875001 0.737683984375 0.2875729171875001 0.765516015625 0.6964270828125001 0.765516015625
0 0.6922354171875 0.46952812499999996 0.2729645828125001 0.46952812499999996 0.2729645828125001 0.49687187499999996 0.6922354171875 0.49687187499999996
0 0.6909861109375 0.17311015625000006 0.2500138890625 0.17311015625000004 0.2500138890625 0.20728984375000006 0.6909861109375 0.2072898437500001
0 0.6952673609375 0.543295703125 0.27773263906250006 0.543295703125 0.27773263906250006 0.572104296875 0.6952673609375 0.572104296875
0 0.6946951390625 0.666383984375 0.2841048609375001 0.666383984375 0.2841048609375001 0.694216015625 0.6946951390625 0.694216015625
0 0.6953201390625 0.23033085937500006 0.2534798609375 0.23033085937500003 0.2534798609375 0.2620691406250001 0.6953201390625 0.2620691406250001
0 0.69484375 0.36511914062500006 0.2651562500000001 0.365119140625 0.2651562500000001 0.39588085937500006 0.69484375 0.3958808593750001
0 0.6957458328125 0.339219140625 0.26345416718750003 0.33921914062499997 0.26345416718750003 0.369980859375 0.6957458328125 0.3699808593750001
0 0.69186944375 0.44290742187500004 0.2717305562500001 0.44290742187500004 0.2717305562500001 0.47269257812500004 0.69186944375 0.47269257812500004
0 0.69526944375 0.49349570312499996 0.27513055625000005 0.49349570312499996 0.27513055625000005 0.522304296875 0.69526944375 0.522304296875
0 0.6957479171875 0.31148671875 0.2608520828125 0.31148671875 0.2608520828125 0.34371328125 0.6957479171875 0.34371328125000006
0 0.69599930625 0.56813984375 0.28020069375000006 0.56813984375 0.28020069375000006 0.59646015625 0.69599930625 0.59646015625
0 0.693571528125 0.41756328125 0.2708284718750001 0.41756328125 0.2708284718750001 0.44783671875 0.693571528125 0.44783671875
0 0.6957868062500002 0.80701640625 0.29561319375000006 0.80701640625 0.29561319375000006 0.83338359375 0.6957868062500002 0.83338359375
0 0.69613125 0.617295703125 0.2820687500000001 0.617295703125 0.2820687500000001 0.646104296875 0.69613125 0.646104296875
0 0.6950611109375 0.690083984375 0.28533888906250005 0.690083984375 0.28533888906250005 0.717916015625 0.6950611109375 0.717916015625
0 0.6944756937500001 0.39087500000000003 0.2665243062500001 0.390875 0.2665243062500001 0.42212500000000003 0.6944756937500001 0.42212500000000003
0 0.6944201390625 0.20214257812500006 0.25257986093749996 0.202142578125 0.25257986093749996 0.23485742187500006 0.6944201390625 0.23485742187500008
0 0.695965278125 0.592695703125 0.2810347218750001 0.592695703125 0.2810347218750001 0.621504296875 0.695965278125 0.621504296875
0 0.6946180562500001 0.25758671875000005 0.25538194375 0.25758671875 0.25538194375 0.28981328125000005 0.6946180562500001 0.2898132812500001