0 0.47159804811803935 0.379396243496651 0.4689708389627181 0.34733442221978406 -0.0026272091553212694 0.3859781005981331 5.551115123125783e-18 0.41803992187500005
0 0.4726932265477794 0.29106715963222046 0.46998126874999624 0.25797108437495525 -0.0027119577977832267 0.2967045013052348 0 0.3298005765625
0 0.47528685519205743 0.493579811116904 0.4729138921874999 0.46462074687499993 0.008553211995442483 0.5026713795080958 0.010926175 0.5316304437499999
0 0.4759362883843897 0.46516023010361673 0.4734785765520787 0.43516691237281957 0.005361611605189043 0.47352534320670275 0.007819323437499998 0.5035186609374999
0 0.9605832346105387 0.818753137998043 0.9577865279978196 0.7846228109479212 0.49871350901228084 0.8222401635748783 0.501510215625 0.856370490625
0 0.9668054714951516 0.5986007325738805 0.9641782624999999 0.5665389109375 0.4941031331923482 0.6050577955511194 0.4967303421875 0.6371196171874999
0 0.4843040554646779 0.7414495629304927 0.48184634375000013 0.7114562453125 0.03409552266032214 0.7481458323820072 0.036553234375 0.7781391499999999
0 0.9639755089457628 0.6269199481988708 0.9613483000000003 0.594858128125 0.4968275723042373 0.6329218752386293 0.49945478125 0.6649836953125001
0 0.4820183894937385 0.7140284797481576 0.4796454265624999 0.685069415625 0.03194795269376145 0.7217546311893424 0.034320915625 0.7507136953125
0 0.47697303318858186 0.548616742126976 0.47460007031250007 0.5196576781250001 0.01579379181141819 0.5572531703730241 0.018166754687499998 0.5862122343749999
0 0.9729273167687549 0.5415246278915963 0.9703001078125002 0.5094628062500001 0.49096763948124555 0.5487402549209038 0.4935948484375001 0.5808020765625
0 0.4910692476176982 0.8783581746999826 0.48810304373957863 0.8421593420603198 0.04003213205938044 0.8788751579853372 0.04299833593750001 0.9150739906249999
0 0.9790591987076835 0.24819598500360757 0.9762624921875 0.21406565781250003 0.47830864972981635 0.25486898062139246 0.48110535624999995 0.28899930781250005
0 0.9790697628704246 0.3098881102645462 0.9761883078125001 0.27472353281250006 0.4855869886920755 0.3149243756729538 0.48846844375 0.350088953125
0 0.47230941966449674 0.4081832708597897 0.46985170781249985 0.37818995156250007 0.001734742835503089 0.4165483807027105 0.004192454687500008 0.44654170000000015
0 0.483245380611803 0.7678244488482647 0.48078766862281974 0.7378311296979214 0.036739780198516724 0.7742172933496567 0.039197492187500016 0.8042106125
0 0.4848460368618029 0.820769334785765 0.4823883248728196 0.7907760156354212 0.038340436448516715 0.8271621792871565 0.04079814843750002 0.8571554984375002
0 0.9682898933055499 0.5705916810134107 0.9656626843749999 0.5385298609375 0.49373608481945 0.5772004596115894 0.49636329375 0.6092622796875001
0 0.4846412932961176 0.7963388107021755 0.482014084375 0.764276990625 0.036008034828882415 0.8008236080478246 0.038635243750000006 0.8328854281250001
0 0.9637921314533806 0.7117383723839875 0.9609954249999998 0.6776080453125001 0.49266506698411916 0.7159839604285126 0.49546177343749986 0.7501142875
0 0.9735450727782649 0.39629785666358563 0.9710873609374999 0.36630453906249993 0.484455717846735 0.4061800995864143 0.4869134296875 0.43617341718749997
0 0.9730225571101659 0.42542754755815276 0.9705648453125001 0.3954342281250001 0.48393320538983414 0.4353097852543474 0.4863909171875001 0.46530310468750014
0 0.4837572149899495 0.8461471441669752 0.4812995031250001 0.8161538250000001 0.04095455532255049 0.8522365605205249 0.0434122671875 0.8822298796875
0 0.4765125192608215 0.5773415314285641 0.4741395562499999 0.5483824671874998 0.017184746364178428 0.5858262482589358 0.01955770937500001 0.6147853125000001
0 0.47674496185751447 0.5218683442965497 0.47428725000000005 0.49187502500000013 0.013576155329985623 0.5296266025784504 0.016033867187500005 0.559619921875
0 0.9636233000207742 0.7386192486899611 0.9609113421875 0.7055231734375 0.49448579997922587 0.7437430044350389 0.49719775781250003 0.7768390796875
0 0.47958503486177423 0.6051770876817888 0.4772120718750001 0.5762180234375001 0.018405794825725852 0.6138135170057113 0.020778757812500003 0.6427725812500001
0 0.9698342901985869 0.4840832790455344 0.9672918296874998 0.45305570937500006 0.48801270980141276 0.49232878970446564 0.4905551703124999 0.5233563593749999
0 0.4692604031478499 0.1385424117598933 0.466039953125 0.09924082187499998 -0.003220450022849848 0.1376929476151067 2.7755575615628915e-18 0.1769945375
0 0.4820471271548031 0.6867384392301383 0.4796741640625001 0.657779375 0.028273757220197083 0.6947680185823619 0.030646720312499997 0.7237270828125001
0 0.9600781841346928 0.7914651903676695 0.9574509748728198 0.7594033671979215 0.496633182925627 0.7971636893302521 0.49926039218749996 0.8292255125000001
0 0.9708206198261532 0.45531540392499315 0.9682781593645785 0.42428783424781963 0.4852961036009254 0.4638643396978265 0.4878385640625001 0.494891909375
0 0.46963573355093813 0.20022130751305361 0.4666695296875 0.16402247500000006 -0.0029662038634381744 0.2025053549869465 5.551115123125783e-18 0.23870418750000008
0 0.962237979771136 0.7665410475219897 0.9594412734374999 0.7324107218750001 0.4985167858538639 0.7701797852905105 0.5013134921875 0.8043101109374999
0 0.47191623996169973 0.3486423724177087 0.46945852809988764 0.31864905438103497 -0.0024577118618120007 0.3573188054008263 0 0.3873121234375
0 0.4718465814723958 0.26117089113143754 0.46904987499999995 0.22704056406249995 -0.0027967064723958325 0.26570460574356236 0 0.29983493281249995
0 0.47474685083606155 0.16933707352792104 0.47169589843750004 0.132103990625 -0.0030509523985615657 0.17100568584707893 2.7755575615628915e-18 0.20823876874999997
0 0.46878959012808064 0.23099761725377702 0.4657386375 0.1937645328125 -0.0030509526280806777 0.232178079621223 0 0.2694111640625
0 0.9643136215729429 0.6546797044384495 0.9616864125 0.6226178828125001 0.49716568467705696 0.6606816299365507 0.49979289375 0.6927434515625001
0 0.4814168067074628 0.6326145376790869 0.47904384363324093 0.603655473575102 0.020237566613278173 0.6412509687085152 0.0226105296875 0.6702100328125
0 0.47365636654991833 0.4361602241119701 0.4711986546875 0.4061669046875 0.003081691262581676 0.4445253337005298 0.005539403124999997 0.4745186531249999
0 0.4706591573997539 0.32009997319665956 0.46803194843750007 0.288038153125 -0.002627208962253874 0.32660489555334044 0 0.358666715625
0 0.9647216605833762 0.6830334575704311 0.9620944515624998 0.6509716359375 0.49387078941662355 0.6893388080545688 0.49649799843749987 0.7214006296874999
0 0.9786511424015174 0.2795153036325611 0.9758544359270787 0.24538497643531967 0.481603527900561 0.28588487280275854 0.4844002343749999 0.3200152
0 0.9711744230905446 0.5133810278753377 0.9685472140625 0.48131920781250004 0.4892147440969555 0.5205966596246624 0.4918419531249999 0.5526584796875
0 0.978784507319447 0.36720229767589235 0.976242046737398 0.3361747264457411 0.48585412066795114 0.37635808345734867 0.48839658124999996 0.4073856546875
0 0.9784732417805305 0.33856157306730716 0.9758460326748981 0.30649975144574115 0.48540475808186756 0.34668747994093396 0.4880319671875 0.3787493015625
0 0.48217283167597574 0.6593405000613634 0.4797998687499999 0.6303814359375 0.024696524574024166 0.6676735030636367 0.027069487499999996 0.6966325671875
0 0.9606575322078801 0.8481962594490863 0.9576065796875 0.8109631765625 0.49652204435461994 0.8487453561759135 0.499572996875 0.8859784390624998
0 0.9730797644076011 0.21772075870544177 0.9701983092478198 0.1825561796979214 0.4721911167152185 0.22336387411747963 0.4750725718749999 0.258528453125