0 0.7488479812500001 0.233154303125 0.7482648785113903 0.19978724069016668 0.24485283281250006 0.20858456718750001 0.2454359355511097 0.24195162962233327
0 0.753642065625 0.3827049125 0.7531136287179104 0.35246601297122 0.2702533265615459 0.36090419057040596 0.2707817634686353 0.39114309009918596
0 0.7511138609375001 0.35353148281250013 0.7505672021070543 0.32224986287263285 0.2657880921875 0.33072157187499995 0.26633475101794585 0.3620031918148673
0 0.7731140484375001 0.8293319171875 0.772603833546056 0.8001357397168366 0.33234947343750004 0.8078293609375 0.3328596883289441 0.8370255384081634
0 0.7609623562499999 0.60244545625 0.7604521413595104 0.5732492787793835 0.30355304375 0.5812337734374999 0.3040632586404894 0.6104299509081164
0 0.7466817859374999 0.17349694375000013 0.7460257953339134 0.13595899949876727 0.23863735468749994 0.14482581562499983 0.23929334529108642 0.1823637598762327
0 0.7440071234374999 0.14170178750000012 0.7433511328334365 0.10416384322147047 0.235962690625 0.11303065937500004 0.23661868122906352 0.15056860365352967
0 0.7672823703125 0.7546354078125002 0.7667721553871674 0.7254392303129023 0.32281896250000003 0.7331974906250001 0.3233291774253326 0.762393668124598
0 0.76372375 0.678997990625 0.7632135351097922 0.6498018131543973 0.3118626828125 0.6576893499999998 0.312372897702708 0.6868855274706026
0 0.7512424234374999 0.2940718343750001 0.7506775426409416 0.2617474955008141 0.2565819640625 0.27038201406250006 0.2571468448590585 0.3027063529366861
0 0.759764265625 0.5494966953125001 0.7592540507339678 0.5203005178418569 0.2912584625000001 0.528478928125 0.2917686773910323 0.5576751055956432
0 0.7724910671874999 0.8058535640625 0.7719444083180951 0.7745719441207232 0.327852434375 0.7823326296875001 0.3283990932444049 0.8136142496292769
0 0.7587768421875001 0.5758486031250001 0.7582666273621351 0.5466524256303023 0.2976686984375 0.5547015578125001 0.29817891326286494 0.5838977353071979
0 0.7533276234375 0.26381646718749996 0.752744520595254 0.23044940477486042 0.24933247656250007 0.2392467328125 0.24991557940474607 0.27261379522513957
0 0.7518960031249999 0.4398897953125 0.7513857882037475 0.4106936178131021 0.27969136718702303 0.41893666716020306 0.2802015821082754 0.44813284465960096
0 0.774052059375 0.857435859375 0.7734689565604007 0.824068796936442 0.33478644375 0.8317349499999999 0.3353695465645994 0.865102012438558
0 0.7708691125 0.7806278453125 0.7703406755908524 0.7503889458108928 0.326318092187023 0.758148418722703 0.3268465290961707 0.7883873182243102
0 0.7633863343749999 0.65296963125 0.7628761194499506 0.6237734537504159 0.3078264359375 0.6317256296875 0.3083366508625493 0.660921807187084
0 0.7542594640625 0.467985515625 0.7537492491417246 0.43878933815289906 0.28205482812500005 0.44703238749999985 0.2825650430457754 0.4762285649721008
0 0.76607978125 0.7290226953125 0.7655695663924595 0.6998265178162251 0.31791754375000003 0.707649415625 0.31842775860754047 0.736845593121275
0 0.7593910484374999 0.6271845984375 0.7588990555123265 0.5990311398738897 0.30576817809770296 0.6069497828129768 0.3062601710228764 0.6351032413765871
0 0.7524405093750001 0.49515300781250005 0.7519302945154355 0.4659568303161259 0.2876335359375 0.4740706015625 0.28814375079706456 0.5032667790588742
0 0.7528234874999999 0.4116364328125 0.7523132726101223 0.3824402553419134 0.27322119218749996 0.39081258124999996 0.27373140707737764 0.4200087587205864
0 0.7518707156250001 0.32355800156250003 0.7513422787479663 0.2933191020624668 0.2610843171875 0.30188655625 0.26161275406453377 0.33212545575003316
0 0.7657820078124999 0.7037738359375001 0.7652900148456934 0.6756203788779869 0.31585797031154594 0.6834743843204062 0.31634996327835263 0.7116278413799193
0 0.7551620500000001 0.522441415625 0.7546518350774164 0.49324523815281046 0.28850566093749996 0.5013913296875 0.2890158758600837 0.5305875071596896
0 0.7468258062500001 0.203170975 0.7462244814484822 0.16876119214723911 0.24274304687499998 0.17755973281249998 0.24334437167651785 0.21196951566526087