0 0.8914159765284573 0.6076576884643404 0.5190572953125 0.6074513234375001 0.5190432047215426 0.6328759505981599 0.8914018859375 0.6330823156250003
0 0.8889515447571409 0.737963051207903 0.5226906093750001 0.7377600671875 0.5226773318053592 0.7617178894170972 0.8889382671874999 0.7619208734375001
0 0.8878100131552188 0.7164453536485603 0.521541853125 0.7162423671875 0.5215280337197814 0.7411780604139397 0.8877961937500002 0.7413810468750002
0 0.522696955389798 0.7608730182937937 0.15203766250000011 0.7606675984375 0.15202059148520233 0.7914705129562064 0.5226798843750002 0.7916759328125
0 0.5110959141035631 0.4068668828964782 0.12309241250000007 0.40665185 0.12307886402143701 0.4310986077285219 0.5110823656250001 0.4313136406250001
0 0.5052053421250127 0.31104716815075484 0.11806417500000004 0.31083261093750003 0.11805008443662184 0.3362572380983787 0.5051912515616345 0.33647179531163357
0 0.5125121929248427 0.5215769708367188 0.13146154218750006 0.521365790625 0.13144772269929136 0.5463014838507807 0.5124983734366342 0.5465126640624995
0 0.5125380221465013 0.5877889929056981 0.14016850625000007 0.5875826234374999 0.14015360285349882 0.6144740555318019 0.5125231187500001 0.6146804250000001
0 0.5026114219277589 0.18645837034741317 0.10414794062499999 0.1862375390625 0.10413249525974119 0.21410684215258696 0.5025959765625 0.2143276734375001
0 0.894612194011089 0.4715449616556091 0.51180798125 0.4713328093750001 0.5117930778639114 0.49822424303189117 0.8945972906250003 0.4984363953125001
0 0.5160603059102472 0.6543240846545051 0.14456396093750007 0.6541181984375 0.1445493284638868 0.6805206965954944 0.516045673436634 0.6807265828124994
0 0.5134659465586384 0.23666395965469084 0.10979595000000002 0.23644024218749998 0.10978131750299618 0.26284274034444277 0.5134513140616346 0.2630664578116336
0 0.5183560020465741 0.6979278232773002 0.1494719421875001 0.6977233859374999 0.14945758076592608 0.7236369470351998 0.518341640625 0.723841384375
0 0.5111741591982188 0.3826462462757067 0.11968520156250004 0.38242928125 0.1196711111142809 0.4078539084126592 0.5111600687499996 0.4080708734383659
0 0.5242288113122994 0.26105840696988447 0.11099006718750001 0.2608293859375 0.11097516368770066 0.28772081803011557 0.5242139078125001 0.28794983906250005
0 0.9034486411394077 0.20968785452753463 0.5023909296875001 0.2094655859375001 0.5023765682355925 0.2353791485974656 0.9034342796875002 0.23560141718750013
0 0.9002283611418612 0.37832336946853107 0.5061198953125001 0.37810495312500014 0.506104991983138 0.40499638522070114 0.9002134578124992 0.4052148015642321
0 0.9010797371227373 0.28324079403007313 0.5043662062500001 0.28302093281250007 0.504351573814762 0.30942342940829287 0.9010651046874993 0.309643290625866
0 0.49788622282902145 0.16076552772082314 0.10551325781250001 0.16054807187499998 0.10549808342097808 0.18792843946754284 0.4978710484374996 0.188145895313366
0 0.5129563486449384 0.6100189600935488 0.14145639218750006 0.6098130734374999 0.1414414888550618 0.6367045070939511 0.5129414453125001 0.63691039375
0 0.8923290505642475 0.5844830529662964 0.5208363171875001 0.58427716875 0.5208219556857524 0.6101907314095697 0.8923146890624999 0.6103966156258661
0 0.5117519427207352 0.5664482920276905 0.13765053750000006 0.5662409625 0.13763617602839842 0.592154525160675 0.5117375812491336 0.5923618546883656
0 0.5064352872606609 0.3594125447127099 0.12190279218750007 0.35919943593750003 0.12188870180183917 0.3846240630997902 0.506421196875 0.38483717187500005
0 0.8878186616185733 0.7579919504737482 0.5215252187500001 0.7577889484375001 0.5215095024430609 0.7861471870262514 0.8878029453116343 0.7863501890624995
0 0.5206735459224596 0.7192576389032999 0.1500503718750001 0.7190522359375 0.15003601032667507 0.7449657985958338 0.5206591843741346 0.7451712015616337
0 0.8936499170013847 0.5630993197122666 0.5204216781250002 0.5628924750000001 0.5204075876861153 0.5883171021627336 0.8936358265625002 0.5885239468750002
0 0.8956002807178844 0.4250391589705636 0.5127924562499999 0.424827003125 0.5127772817821155 0.45220737071693645 0.8955851062500001 0.45241952656250006
0 0.5053858284222235 0.21238286634340248 0.10692957187500003 0.21216203906250003 0.10691466845277656 0.23905347115659764 0.505370925 0.2392742984375001
0 0.5072535705004613 0.28608248509340073 0.11488421875000002 0.28586503281250003 0.11486931543703875 0.31275646490659936 0.5072386671875 0.31297391718750006
0 0.5212566886117027 0.7404421580919892 0.14976034375000008 0.7402362734375 0.1497457113882965 0.7666387700347428 0.5212420562499991 0.7668446546892319
0 0.8902400873729084 0.6950739712761014 0.5222291984375002 0.6948700171875 0.5222151079395919 0.7202946443488987 0.8902259968750001 0.7204985984375
0 0.8944487449441996 0.44845812996677836 0.5142568171875002 0.44824742500000003 0.5142421847433004 0.4746499215957217 0.8944341124999999 0.47486062656250005
0 0.5128741186715622 0.4757717603390005 0.12747206562500007 0.4755581671875001 0.1274579750775716 0.500982792786865 0.5128600281241337 0.5011963859383654
0 0.8987248280644012 0.40176561409564704 0.5063482515625001 0.4015481578125 0.5063328063105988 0.429417460904353 0.8987093828124999 0.4296349171875001
0 0.8981684622260676 0.33190427840502784 0.5075418390624999 0.3316877890625 0.507527206523067 0.35809028721910596 0.8981538296866347 0.3583067765616338
0 0.5183772770340634 0.6760986342138284 0.14514542656250007 0.6758917875 0.14513106515343682 0.7018053501611716 0.5183629156250001 0.702012196875
0 0.9029176542817083 0.2587089955923466 0.50359545 0.2584876890625 0.5035808175932911 0.2848901856585194 0.9029030218749995 0.28511149218836607
0 0.5170150284125234 0.6319505444691979 0.1429063968750001 0.6317432109375002 0.14289149346161079 0.6586346430308019 0.5170001249991343 0.6588419765624997
0 0.5131862983751261 0.45284125877662174 0.12604513281250007 0.45262670156250007 0.1260310422490076 0.4780513287242439 0.5131722078116336 0.47826588593836555
0 0.5112903155178863 0.49850128690126 0.1293664984375001 0.498289621875 0.1293524079196139 0.5237142490362401 0.511276225 0.5239259140625001
0 0.9034218955519154 0.23373172259380937 0.4997482875000001 0.23350800468750008 0.49973338413558477 0.2603994367811909 0.9034069921875 0.26062315468750014
0 0.9041503095836031 0.18436608978019225 0.5039549359375001 0.18414430000000004 0.5039400326038969 0.21103573365730788 0.90413540625 0.2112575234375001
0 0.8942477545483787 0.5180393759635122 0.5158021687500001 0.5178296390625 0.5157880782632555 0.5432542662239873 0.894233664061634 0.5434640031249995
0 0.8915279623752429 0.54076827440112 0.51743016875 0.5405609468750001 0.5174160782497573 0.5659855740363802 0.8915138718750001 0.5661929015625
0 0.5127944208220183 0.4289649623399959 0.12391052500000004 0.42874944062500003 0.12389616355298169 0.4546630032850042 0.512780059375 0.4548785250000001
0 0.907921309338531 0.15784441878420455 0.5016318046875001 0.15761925156250006 0.5016163594114691 0.18548855465329564 0.9079058640625 0.1857137218750001
0 0.5139657640424284 0.5442522469593588 0.13291872656250006 0.5440410703125002 0.13290517814507177 0.5684878280406414 0.513952215625 0.5686990046875
0 0.5044917928936876 0.3353233864606055 0.12691937500000003 0.335114134375 0.12690555554381228 0.3600498260393945 0.5044779734374999 0.360259078125
0 0.8945271068308068 0.4947642560905684 0.5152083500000001 0.4945540343750001 0.515193988480828 0.5204675970335655 0.8945127453116347 0.5206778187491337
0 0.8913292983722568 0.6295869744015926 0.5224488500000002 0.6293825375000001 0.5224347594402433 0.6548071646609077 0.8913152078125 0.6550116015625002
0 0.8983674434310535 0.3560366690305362 0.5068712625 0.3558196984375 0.5068566300055803 0.3822221965944633 0.898352810936634 0.3824391671874996
0 0.8919963060933365 0.6732457431517325 0.52137674375 0.67304034375 0.5213626532816624 0.6984649709124995 0.891982215624999 0.6986703703142321
0 0.9002454909360293 0.30752868040687803 0.506137025 0.30731026250000004 0.5061221215639702 0.334201694593988 0.9002305874999994 0.334420112500866
0 0.890182252156394 0.6517718748406722 0.5212981921875002 0.6515674359375 0.5212838306552403 0.6774809985968273 0.8901678906241342 0.6776854374999997