0 0.9174067474737674 0.6007221968594689 0.5082878078124999 0.5968198250000001 0.5080095759637328 0.6259892437655312 0.9171285156250001 0.6298916156250001
0 0.49315544249150445 0.474494507693748 0.08237376562500005 0.4705762765625 0.08211540750849565 0.4976621673062521 0.492897084375 0.5015803984375001
0 0.9208286115849417 0.6492638265517618 0.513557521875 0.6453790796875001 0.5132792899775585 0.6745484984482382 0.9205503796875 0.6784332453124999
0 0.49943911731898527 0.5741145638416238 0.09808181406250005 0.570286225 0.09784332954111233 0.595288584595734 0.4992006327975975 0.5991169234373579
0 0.4689748515972081 0.1836475063140029 0.03758913593750002 0.17953274218749998 0.037300967152792006 0.20974392649849719 0.4686866828125 0.21385869062500004
0 0.9131461897832519 0.34833479377631377 0.48370088125000005 0.34423853750000005 0.48342264927910616 0.3734079562385889 0.912867957812358 0.3775042125149026
0 0.9141691968600398 0.32041854223169564 0.48093562968750003 0.316286153125 0.48064746093755756 0.3464973390181624 0.9138810281100973 0.35062972812485793
0 0.9144002828709137 0.29341574225383726 0.47562316093750007 0.28923047500000004 0.47533499211404184 0.3194416608859233 0.9141121140474556 0.32362692813976046
0 0.47313651908844784 0.2102504595431077 0.04341353593750002 0.2061515546875 0.043105493396649694 0.23844626858175016 0.47282847654759746 0.24254517343735787
0 0.9139312753528559 0.4014937983235585 0.48836678750000007 0.39743456093750007 0.4881084293346444 0.42452045167644165 0.9136729171875002 0.42857968906250016
0 0.9145028285458672 0.5025179702052556 0.5000254515625 0.49856448593750013 0.4997670933289907 0.5256503766846471 0.9142444703123578 0.5296038609524025
0 0.5042119478157632 0.6212479810601981 0.10645779062500009 0.6174540125000001 0.10620936937173711 0.6434981361273021 0.5039635265625001 0.6472921046875001
0 0.5213273729071759 0.7850415607566995 0.12726891875000013 0.7812828421875001 0.12702049740532423 0.8073269658058008 0.5210789515625001 0.8110856843750002
0 0.523565531404447 0.8084880841414682 0.13144748750000007 0.8047478734374998 0.13120900295579274 0.8297502330309868 0.5233270468602396 0.8334904437349552
0 0.9152453224757313 0.4509738328269953 0.48949571562500005 0.44691282968749996 0.48921748377426894 0.47608224842300484 0.9149670906250001 0.48014325156250015
0 0.9103288562381883 0.18345653598200565 0.460464628125 0.17916551562500002 0.46017645938681173 0.20937669995549452 0.9100406874999999 0.21366772031250014
0 0.5158906197679791 0.7390811951614596 0.12183216406250008 0.7353224765624998 0.12158374271683425 0.7613666001807031 0.5156421984223133 0.7651253187796629
0 0.47654095372573113 0.23975089220199525 0.05079134687500002 0.23568988906250002 0.05051311502426888 0.2648593077980048 0.47626272187499996 0.2689203109375001
0 0.49561141295477606 0.49952256864609457 0.08667758906250006 0.4956219609375001 0.08641923079522416 0.5227078516664057 0.4953530546875001 0.526608459375
0 0.4901235315672799 0.4242562826950553 0.07564615312500005 0.4203028000000001 0.07538779499522018 0.4473886907424448 0.4898651734375 0.4513421734375
0 0.9180214926036434 0.5525608014561156 0.4998484109375 0.5485720656249999 0.4995900527088567 0.5756579547938846 0.9177631343750002 0.5796466906250002
0 0.9255246027780768 0.7685515499399622 0.5238896265625002 0.7647205640625001 0.5236213315820212 0.7928482188098958 0.9252563077975978 0.796679204687358
0 0.502277107944918 0.5973459341542158 0.10091980625000008 0.5935175953125 0.10068132174258212 0.6185199533457844 0.5020386234375002 0.6223482921875001
0 0.9097858859587603 0.21155656568767872 0.4654652078125001 0.20731842187500002 0.46517703904109764 0.2375296062022239 0.9094977171873578 0.2417677500149026
0 0.925647353276181 0.8376238547480555 0.5275229609375002 0.8338263515625002 0.5272347920214169 0.8640375374393028 0.9253591843600976 0.867835040624858
0 0.9255302278383798 0.7456473593059838 0.5220474000000002 0.741798746875 0.521779104959218 0.7699264016313743 0.9252619327975976 0.7737750140623579
0 0.9128635709294011 0.23991200467375454 0.46678760312500006 0.23565711875000006 0.4665093712580989 0.26482653751374563 0.9125853390625001 0.26908142343750013
0 0.47972463479128535 0.2936329061287132 0.06155155468750003 0.2896441703125 0.06129319645871463 0.31673005949628685 0.47946627656249996 0.3207187953125
0 0.9262418033444444 0.815729634162785 0.5285802031250001 0.8119365453124999 0.5283417185156534 0.8369389048995727 0.9260033187350976 0.8407319937498577
0 0.4869563285511426 0.3729165655196003 0.06508754218750004 0.36889257812500004 0.06482918393395501 0.3959784688552577 0.4866979702975976 0.4000024562498579
0 0.9140494741872798 0.2665282484381645 0.4698213562500001 0.26229098593750005 0.469543124235318 0.29146040468669365 0.9137712421725978 0.295697667187358
0 0.48855182697864324 0.39873656708111566 0.07037874531250005 0.39474783124999996 0.07012038708385679 0.42183372041888434 0.48829346875000007 0.42582245625000004
0 0.925022016053678 0.72245904833235 0.5197838953125001 0.7185936921875001 0.5195255370564198 0.745679582917508 0.9247636577975976 0.7495449390623579
0 0.5085455301990629 0.6684772295905116 0.11069881406250008 0.664682375 0.11044045572339249 0.6917682657367488 0.5082871718599553 0.6955631203272603
0 0.5150716479185745 0.7167692498203219 0.11731749062500012 0.7129752796875001 0.11706906926892575 0.7390194033046782 0.5148232265625001 0.7428133734375001
0 0.9259181121063461 0.7914595467941188 0.5261309890625001 0.7876461875 0.525862694143654 0.8157738422683811 0.9256498171875001 0.8195872015624998
0 0.5274833909566733 0.8316880795578812 0.1351802296875001 0.8279461046874997 0.13492187154332674 0.8550319938796186 0.5272250328125 0.8587739687499999
0 0.921750239695039 0.6734771031141197 0.5144791500000001 0.66959235625 0.5142009181025584 0.6987617750107382 0.9214720077975975 0.7026465218748579
0 0.5046435344119489 0.6454774200809896 0.1069819343750001 0.641684334375 0.10674344996305121 0.6666866939815105 0.5044050500000001 0.6704797796875
0 0.49257950348671586 0.4492843436369308 0.07994997500000003 0.4453484859375 0.0796916168257842 0.4724343766755692 0.4923211453125 0.47637023437500003
0 0.4790905215706146 0.2668010530678256 0.05343347500000003 0.2627409328125 0.05316517999188554 0.2908685875571745 0.47882222656250006 0.2949287078125001
0 0.9169382043055136 0.6252431061865096 0.5097596734375001 0.62135924375 0.509491378506844 0.649486896953393 0.9166699093748578 0.6533707593899025
0 0.4984059906710643 0.5491000747707125 0.09335298593750005 0.5452364859375001 0.09311450151643577 0.5702388439792876 0.49816750625 0.5741024328125001
0 0.9158936043802424 0.4256961639914517 0.4865408562500001 0.4216007921875001 0.48627256122999735 0.44972844693100394 0.9156253093602397 0.4538238187349556
0 0.9142173902759139 0.374670721813424 0.48671249375 0.37059297656250006 0.4864441987865861 0.3987206313115762 0.9139490953125 0.40279837656250006
0 0.9204636753293496 0.5770886358212438 0.5022905937500001 0.5730999015625 0.5020322356081508 0.6001857923037563 0.9202053171875002 0.6041745265625001
0 0.51676510872929 0.7620937982453375 0.12640235937500008 0.7583703328125001 0.12615393814571013 0.7844144564421627 0.5165166875 0.788137921875
0 0.48145439508593385 0.3199334436868972 0.05949305312500003 0.3159085734375 0.05922475803906622 0.34403622662560285 0.48118610000000006 0.3480610968750001
0 0.9169345519359426 0.5278458545755857 0.5006093203125002 0.5238747453125001 0.5003509621265577 0.5509606360494146 0.9166761937500002 0.5549317453125002
0 0.9249662613775154 0.6984540686310499 0.5160324390625001 0.6945534609375 0.5157740808099845 0.7216393501189503 0.924707903125 0.7255399578125001
0 0.48259112544118726 0.3467700905048399 0.06072234062500005 0.34274610312500003 0.06046398237131286 0.36983199387016025 0.48233276718750007 0.3738559812500001
0 0.5126691244668684 0.6927418857875812 0.11491496562500007 0.688947915625 0.1146665442829897 0.7149920376648213 0.5124207031248579 0.7187860078274027
0 0.4983502376542107 0.5250950950938615 0.08960153125000006 0.521196253125 0.08936304672078932 0.5461986111561384 0.498111753125 0.550097453125
0 0.9148165596596808 0.4778163842543453 0.4947956265625 0.473810025 0.49453726846531937 0.500895915745655 0.9145582015625001 0.5049022750000002