0 0.7527444437499999 0.06255000000000005 0.21385555625000002 0.06255000000000002 0.21385555625000002 0.10005000000000006 0.7527444437499999 0.10005000000000008
0 0.7518925921874999 0.09817083281250005 0.21670740781250003 0.09817083281250003 0.21670740781250003 0.13462916718750007 0.7518925921874999 0.1346291671875001
0 0.7541703703125 0.13175000000000006 0.2134296296875 0.13175000000000003 0.2134296296875 0.16925000000000007 0.7541703703125 0.16925000000000007
0 0.7508962968749999 0.16515000000000007 0.208303703125 0.16515000000000005 0.208303703125 0.20265000000000005 0.7508962968749999 0.20265000000000008
0 0.747640740625 0.19895000000000007 0.216159259375 0.19895000000000004 0.216159259375 0.23645000000000005 0.747640740625 0.2364500000000001
0 0.7453888890625 0.23147083281250005 0.2176111109375 0.2314708328125 0.2176111109375 0.26792916718750004 0.7453888890625 0.2679291671875001
0 0.7448629625 0.26455000000000006 0.21893703750000001 0.26455 0.21893703750000001 0.30205000000000004 0.7448629625 0.3020500000000001
0 0.7115666671875002 0.85965 0.22823333281250008 0.85965 0.22823333281250008 0.8971500000000001 0.7115666671875002 0.8971500000000001
0 0.7115925921875002 0.8338958328125001 0.2264074078125001 0.8338958328125001 0.2264074078125001 0.8641041671874999 0.7115925921875002 0.8641041671874999
0 0.7110925921875002 0.807075 0.22590740781250007 0.807075 0.22590740781250007 0.838325 0.7110925921875002 0.838325
0 0.7115444437500001 0.7778333328125 0.2226555562500001 0.7778333328125 0.2226555562500001 0.8111666671875 0.7115444437500001 0.8111666671875
0 0.7157481484375002 0.7487125 0.21945185156250008 0.7487125 0.21945185156250008 0.7830874999999999 0.7157481484375002 0.7830874999999999
0 0.7162259265625001 0.7203125 0.2143740734375001 0.7203125 0.2143740734375001 0.7546875 0.7162259265625002 0.7546875
0 0.7171740734375001 0.6913916671875 0.21902592656250008 0.6913916671875 0.21902592656250008 0.7268083328125 0.7171740734375002 0.7268083328125
0 0.7190000000000001 0.6625125 0.21900000000000008 0.6625125 0.21900000000000008 0.6968875 0.7190000000000001 0.6968875
0 0.7231259265625 0.6344125 0.2212740734375001 0.6344125 0.2212740734375001 0.6687875 0.7231259265625 0.6687875
0 0.7240259265625 0.6044125 0.2221740734375001 0.6044125 0.2221740734375001 0.6387875000000001 0.7240259265625 0.6387875000000001
0 0.727777778125 0.5750125 0.22222222187500007 0.5750124999999999 0.22222222187500007 0.6093875000000001 0.727777778125 0.6093875000000002
0 0.7273518515624999 0.5450125000000001 0.22364814843750008 0.5450125 0.22364814843750008 0.5793875 0.7273518515624999 0.5793875000000002
0 0.7273518515624999 0.5153333328125 0.22364814843750008 0.5153333328125 0.22364814843750008 0.5486666671875 0.7273518515624999 0.5486666671875001
0 0.728677778125 0.48461250000000006 0.2231222218750001 0.4846125 0.2231222218750001 0.5189875 0.728677778125 0.5189875000000002
0 0.730977778125 0.45471250000000013 0.22542222187500008 0.4547125 0.22542222187500008 0.4890875000000001 0.730977778125 0.48908750000000023
0 0.7324296296874999 0.42451250000000007 0.2231703703125001 0.42451249999999996 0.2231703703125001 0.45888750000000006 0.7324296296874999 0.45888750000000017
0 0.731903703125 0.3937125 0.22449629687500008 0.3937125 0.22449629687500008 0.42808750000000007 0.731903703125 0.4280875000000002
0 0.7370333328124999 0.36171250000000005 0.22036666718750003 0.3617125 0.22036666718750006 0.39608750000000004 0.7370333328124999 0.3960875000000001
0 0.7384333328125 0.3302125000000001 0.2217666671875 0.3302125 0.22176666718750004 0.36458750000000006 0.7384333328125 0.3645875000000001
0 0.7421370375 0.29871250000000005 0.21806296249999998 0.2987125 0.21806296249999998 0.33308750000000004 0.7421370375 0.3330875000000001