0 0.7581771083586232 0.37709249953462837 0.7572209671875 0.3453678609375 0.25516023382887687 0.3604993473403716 0.256116375 0.39222398593749996
0 0.7580807343572258 0.43721241512968634 0.757095173436082 0.404511632765451 0.25936829532885625 0.4195125020107646 0.26035385624999996 0.45221328437499997
0 0.7504696626099313 0.4951369534536549 0.749528231204369 0.4639003844234669 0.26483534203193765 0.47850842628231216 0.26577677343750006 0.5097449953125002
0 0.7641601213133363 0.2832115424906023 0.7631892703125001 0.2509988296875 0.25070639118666377 0.2664444246968977 0.25167724218750004 0.29865713750000006
0 0.7412343830976618 0.8333119284014898 0.7403812109375 0.8050037874999999 0.28870199815233816 0.81861683722351 0.2895551703125 0.8469249781249999
0 0.7548105307493616 0.4668809643626167 0.7538396796875 0.4346682546875 0.2621938911256385 0.4494858481373833 0.26316474218749997 0.48169855781250004
0 0.7482593373972789 0.5516629745549765 0.7472737765624999 0.5189621921875 0.26777935166522104 0.5334135566950234 0.26876491249999995 0.5661143390625
0 0.742107906957471 0.6315657628105799 0.7411958953124999 0.6013053374999999 0.27561087585502886 0.61533749187692 0.2765228875 0.6455979171874999
0 0.7411591896805553 0.8102797487039854 0.7402471780779509 0.7800193234389181 0.28768533839739563 0.7936589747349324 0.28859735 0.8239193999999997
0 0.7749289934873127 0.11925018632490987 0.7738110437029511 0.08215676093891804 0.2395868361531383 0.0982576152390082 0.2407047859375 0.13535104062500003
0 0.73801723799323 0.8621640378178024 0.7370169671875 0.8289751828125 0.29311563231926985 0.8423538168696979 0.294115903125 0.8755426718750001
0 0.7485132386069046 0.5232976284705285 0.7475423874543689 0.49108491723596714 0.26544692853496427 0.5056146762654385 0.2664177796874999 0.5378273874999999
0 0.7428226069725756 0.6835690846375632 0.7419105952155659 0.6533086577212379 0.2780620023054903 0.6672884793336749 0.2789740140625 0.6975489062500001
0 0.7435038869944525 0.6574802354573075 0.742577165625 0.6267317390624998 0.27438390831804754 0.6408425004801924 0.2753106296875 0.6715909968750001
0 0.7403448819620502 0.7846920503104081 0.7394328703124999 0.7544316249999999 0.28513460710044986 0.7681236106270919 0.28604661875000004 0.7983840359375
0 0.7674478499306882 0.21995883470921598 0.766418159375 0.18579383906249994 0.2435023266318118 0.20155387310328393 0.24453201718749998 0.23571886874999998
0 0.744402693242972 0.5790480987849588 0.7434318421875001 0.5468353890625 0.270886716132028 0.5610773121525413 0.2718575671875 0.593290021875
0 0.7638018369467632 0.31547017300538166 0.76278685625 0.28179324687499996 0.25289780367823683 0.2971606691821183 0.253912784375 0.3308375953125
0 0.75798555724853 0.34642775655249347 0.7570147062029509 0.314215045313918 0.2523457348919209 0.3294251403239246 0.2533165859375 0.36163785156250006
0 0.7731794117650773 0.15407539332318676 0.772076171875 0.117470040625 0.2413284147974227 0.13346611917681322 0.24243165468749997 0.170071471875
0 0.7429982224676644 0.7089759362523884 0.7420862109375 0.6787155109375 0.28084225253233563 0.6926168293726116 0.28175426406250004 0.7228772546875
0 0.7672685833611336 0.25105839484703424 0.7663124421875 0.21933375624999996 0.24515104476386645 0.23504091296546586 0.24610718593750006 0.26676555156250015
0 0.7712361571152073 0.18698481676044015 0.7702211765624999 0.15330789218749988 0.24123146007229262 0.1692509832395598 0.242246440625 0.20292790781250009
0 0.7413255158930366 0.7329612253235394 0.7404723436559019 0.704653084377836 0.28184743401286527 0.7184754699917966 0.28270060625000004 0.7467836109374999
0 0.7410967705183964 0.7592130839192124 0.7401994687043689 0.729440729735967 0.2850365966234725 0.7431587739417547 0.2859338984375 0.772931128125
0 0.7572005073652147 0.40748058154811434 0.756229656202951 0.37526787031391795 0.2585063800877362 0.3902686325158037 0.25947723125 0.42248134375000007
0 0.7434598292096999 0.6056567948305708 0.7425331077184019 0.5749082984403361 0.2734716363212019 0.5890452286097653 0.2743983578125 0.619793725