0 0.47705976514015835 0.16457050716737193 0.032725303125000015 0.16245064843749996 0.03257125672735174 0.1947396506525468 0.47690571874251014 0.19685950938241875
0 0.4847658541613219 0.19556792112470683 0.033239173437500026 0.1934137515625 0.033100034901178146 0.22257801168779326 0.48462671562500004 0.2247321812500001
0 0.4784908657362411 0.22397795075753407 0.03450359375000002 0.22185975 0.034374393638758945 0.24894084924246598 0.47836166562500004 0.25105905000000006
0 0.4827544921250154 0.2520341164787935 0.04410930625000002 0.24994140312500002 0.04396519849998475 0.28014724602120655 0.48261038437500015 0.28223995937500007
0 0.482107874553103 0.2802501805058693 0.04538226250000003 0.2781666234375 0.045243123876942785 0.3073308835565951 0.4819687359300457 0.3094144406249644
0 0.48808762806203543 0.30755624459630243 0.04944244218750004 0.30546353125 0.04929833443796472 0.33566937415369763 0.4879435203125001 0.3377620875000001
0 0.4846050666570404 0.334358861749898 0.05157972031250004 0.33229295937500003 0.05144058178045976 0.36145721793760216 0.4844659281250001 0.3635231203125001
0 0.4918104212264388 0.36119163519337494 0.05508480781250006 0.35910808125 0.05494566939856137 0.3882723413691251 0.4916712828125001 0.39035589531250003
0 0.9393743765113778 0.2860106852296056 0.5025793250000001 0.2839267984375001 0.5024352172386225 0.31413264133289465 0.9392302687500003 0.3162165281250001
0 0.9396761053429075 0.3149520632984088 0.5067201953125002 0.31288649062500007 0.506586025899603 0.3410091710840101 0.9395419359300103 0.34307474375741875
0 0.9325329672114686 0.34273715389071435 0.5070470281250001 0.34070722187500013 0.5069178281009606 0.36778832268669454 0.932403767187429 0.3698182547024087
0 0.9376088416762144 0.3696181008207279 0.5064336296875 0.3675610250000001 0.5062944911362858 0.39672528511677235 0.9374697031250001 0.3987823609375002
0 0.934957298461504 0.39644551169576 0.5094713609375001 0.3944155796875001 0.5093421609134605 0.42149668049919453 0.9348280984374646 0.4235266125074544
0 0.9310074333333912 0.42110436016329933 0.5091523234375 0.4190917500000001 0.5090181541665734 0.4472144304691553 0.9308732640624644 0.4492270406324545
0 0.9325647001587873 0.44823100388593173 0.514479296875 0.44623637656250004 0.5143500967087943 0.4733174773565786 0.9324354999925815 0.4753121046800103
0 0.9375415525496902 0.4735115726836959 0.5137668734374999 0.47148980468749996 0.5136277349503099 0.5006540648163041 0.9374024140625 0.5026758328125001
0 0.4888563823115815 0.38937585862651186 0.05953130312500006 0.387327609375 0.059392164563418684 0.4164918694984883 0.48871724375000014 0.4185401187500001
0 0.48906541513858687 0.41457535081554553 0.06344060156250006 0.41254475468749996 0.06330146298641334 0.44170901324695455 0.4889262765625001 0.4437396093750001
0 0.49020448968748453 0.4414000148582377 0.06834937812500005 0.439387403125 0.06821520875001559 0.4675100835792624 0.49007032031250014 0.4695226953125001
0 0.4914193775529491 0.4679833898793827 0.06949482968750006 0.46597044843750013 0.06935569119701541 0.49513470700307183 0.4912802390624645 0.49714764844495446
0 0.4897486693979586 0.49459466172742256 0.07159382812500006 0.49259970312500007 0.0714596587270416 0.5207223835850776 0.4896145000000002 0.5227173421875001
0 0.4913440256633462 0.5196007804790191 0.07688945156250007 0.5176234749999999 0.07675528214915396 0.5457461538959808 0.4912098562500001 0.547723459375
0 0.48964244277412394 0.5445911679730395 0.07888813593750008 0.5426315171874999 0.07875396660087622 0.5707541976519603 0.48950827343750014 0.5727138484375
0 0.4938573220661927 0.5698306038882474 0.08132231718750008 0.56786245625 0.08119311698888877 0.5949435570417628 0.4937281218675814 0.5969117046800102
0 0.4948551225629691 0.5950755225740216 0.08430912812500008 0.593116865625 0.08418986649953113 0.6181148024259786 0.49473586093750016 0.6200734593750001
0 0.5016438990859264 0.6190439804849127 0.08348905781250007 0.617049021875 0.08335488841403818 0.6451717023350415 0.5015097296874644 0.6471666609449542
0 0.5002746106277953 0.6435776491709185 0.08595891093750006 0.6416010062499999 0.08583467999720482 0.6676405242665814 0.5001503796875 0.6696171671875
0 0.5026379460186148 0.6680082975822779 0.09394208593750009 0.6660584671875001 0.09382282429388539 0.6910564055427223 0.5025186843750001 0.6930062359375001
0 0.5031537725940242 0.6917093428961975 0.09815817968750007 0.689777165625 0.09803891802348612 0.7147751039862212 0.5030345109300102 0.7167072812574188
0 0.5085474126215469 0.7164919288907274 0.10156280937500009 0.7145502625000001 0.10143360925341771 0.741631361741727 0.5084182124999646 0.7435730281324544
0 0.5034902351463701 0.7412079913374382 0.10774530937500008 0.739319946875 0.10762604765860465 0.7643178852399349 0.5033709734299746 0.7662059297023731
0 0.5077698365688964 0.7633645851637391 0.10441606093750008 0.761440240625 0.10428189155610379 0.789562921086261 0.5076356671875001 0.791487265625
0 0.5109676954548359 0.7854993538847561 0.10768335625000011 0.7835753406250001 0.1075541561076645 0.8106564398652439 0.5108384953125003 0.8125804531249999
0 0.5108859679267989 0.8094392007101463 0.10959064062500005 0.8075246765624999 0.10947137894071146 0.8325226149222725 0.5107667062425102 0.8344371390699189
0 0.5163912187879975 0.8326599117840574 0.11289856562500009 0.8307349046875 0.11275445776711954 0.8609407475759984 0.516247110930117 0.8628657546725558
0 0.9320121485972569 0.49902533357350104 0.5139267484375 0.49703070625000006 0.5137975482702891 0.5241118070514637 0.931882948430046 0.5261064343749646
0 0.9304159212454961 0.5234745898822369 0.5158919078125 0.5214969562500001 0.5157527693795043 0.5506612163677633 0.9302767828125003 0.5526388500000002
0 0.933918255718786 0.5489897758118469 0.5175441093750002 0.5470033140625 0.5174049708437145 0.5761675741881531 0.9337791171875004 0.5781540359375
0 0.9330982781081871 0.5755259429353864 0.5187131421875001 0.5735489718750001 0.518583942204313 0.6006300726896138 0.9329690781250001 0.6026070437500001
0 0.9341198990161572 0.5982086304729675 0.5233655906250002 0.5962489796875001 0.5232314212889244 0.6243716601445428 0.9339857296800815 0.6263313109300103
0 0.9315059619141088 0.6234738164403967 0.52438248125 0.6215314890625001 0.5242433427733912 0.6506957491846037 0.9313668234375001 0.6526380765625002
0 0.9330183005791698 0.6482003882855041 0.5222639937500001 0.6462407375000001 0.5221298244208306 0.6743634164019962 0.9328841312500001 0.6763230671875002
0 0.9279936870425102 0.6708542289500693 0.524570471875 0.6689295531250001 0.5244313332625712 0.698093813229941 0.9278545484300812 0.7000184890550103
0 0.9226822516274711 0.6961065445984851 0.5228898703125001 0.6941991906250001 0.5227457624276102 0.7244050335190253 0.9225381437425814 0.7263123874925103
0 0.9269798806762951 0.7218463445737242 0.521706534375 0.71991284375 0.521567395886205 0.7490771038637759 0.9268407421875 0.7510106046875002
0 0.9269190110660388 0.745286319508273 0.5199344078125001 0.743344653125 0.5198052076839614 0.7704257539292271 0.9267898109375 0.7723674203125
0 0.9197254938269062 0.7681881305442946 0.5217832421875002 0.7662896031249999 0.5216391342906398 0.7964954460181699 0.9195813859300459 0.7983939734374645
0 0.9186699999923273 0.7908442398110392 0.5246363312500002 0.7889643624999999 0.524507131257673 0.8160454633139608 0.9185408000000003 0.8179253406250002
0 0.9256044470293714 0.8140759382606163 0.5241702437500002 0.8121607515625 0.5240410435881746 0.8392418523643486 0.9254752468675459 0.8411570390624649
0 0.9268451141219038 0.8372179742925467 0.525202596875 0.83530179375 0.5250584889956065 0.8655076382148719 0.9267010062425103 0.8674238187574186