0 0.7509088110893919 0.3152384086893745 0.7471282749999999 0.2840815234375 0.24159132016060814 0.34542272256062556 0.24537185625000002 0.37657960781250005
0 0.7506190994649764 0.375129594606961 0.7467222390625 0.34301403593749996 0.24543197397252361 0.403839949143039 0.24932883437500003 0.43595550781250003
0 0.7425898850545612 0.43354853511410774 0.7388675109375 0.4028709874999998 0.2507615321329387 0.4620971383233921 0.25448390625 0.49277468593750007
0 0.757387376215293 0.2211584367141218 0.7535486779381592 0.18952221564767102 0.23753339703536636 0.2521348445585493 0.24137209531249998 0.28377106562500004
0 0.7314704094309645 0.7713275349015326 0.7280970078125 0.74352600625 0.27331224525653536 0.7987090025984671 0.27668564687499997 0.82651053125
0 0.7471598153832406 0.4049909630804486 0.7433211171648287 0.37335474200065927 0.24816377521908822 0.43343649454521066 0.25200247343750004 0.46507271562499997
0 0.7402471837555696 0.49004710066437385 0.736350323227988 0.45793154202333036 0.25331075353491844 0.5165429413589565 0.25720761406250003 0.5486584999999999
0 0.7334832577182755 0.5702391568136769 0.7298772078125001 0.54052028125 0.26098972040672463 0.5974144822488231 0.26459577031250003 0.6271333578125
0 0.7316872482515399 0.7483667738102543 0.7280811984375 0.7186478999999999 0.2722299220609602 0.7739603058772456 0.275835971875 0.8036791796875
0 0.7693996035608356 0.05677446662054688 0.764979284375 0.02034487812500003 0.22674340581416433 0.08565372400445319 0.231163725 0.12208331250000004
0 0.7285713599679415 0.800309619511812 0.7246163373131591 0.7677147234601711 0.2771597226577175 0.8220085320733588 0.28111474531249997 0.8546034281249998
0 0.7405899028852138 0.4617709287050003 0.736751204664829 0.43013470762565903 0.2511537502171152 0.48905647579565886 0.2549924484375 0.5206926968750001
0 0.733952257637448 0.6219812630622672 0.730346207625659 0.5922623875226711 0.26319688280071113 0.648945683835404 0.2668029328125 0.678664559375
0 0.7348034432681902 0.595922830337354 0.7311392312499999 0.56572461875 0.2595951442318095 0.6229411696626459 0.26325935624999997 0.65313938125
0 0.7309934373501101 0.722949906998542 0.7273873874999998 0.6932310328125 0.2697979517123897 0.7487543445639578 0.2734040015625 0.7784732187499999
0 0.761160527833087 0.15782114922436039 0.7570891812273289 0.12426758106315924 0.23044750026924196 0.1881696021512989 0.234518846875 0.22172317031250008
0 0.7362117685472839 0.5176872663885705 0.7323730703125 0.48605104531250004 0.2563355064527162 0.5438128289239296 0.2601742046875 0.57544905
0 0.7570132454339488 0.2533116727420489 0.7530000609374999 0.22023744218749997 0.2394439483160511 0.28255167882045107 0.24345713281249992 0.31562590937499996
0 0.7509080918347862 0.2847011224608821 0.7470693935631593 0.25306490158517103 0.2388758392283729 0.314728452561789 0.2427145375 0.3463646734375001
0 0.7674378195180964 0.09163402919938812 0.7630756621263183 0.055683776607842184 0.2283654644832219 0.12056482397095405 0.23272762187499993 0.1565150765625
0 0.7340076857641974 0.6472763630618698 0.730401635914829 0.6175574888756591 0.2658595532756316 0.6739244258137893 0.269465603125 0.7036433
0 0.7606050468136011 0.18884772100629346 0.756824510750659 0.15769083752267105 0.2321677795620579 0.2213520087038776 0.23594831562499996 0.2525088921875
0 0.7650625156946711 0.12463049131181961 0.7610493312500001 0.09155626093749998 0.22837343899282897 0.1561904665006804 0.2323866234375 0.18926469687500003
0 0.7320369326470506 0.6713464628650667 0.728663531227329 0.6435449357506594 0.2669261204552783 0.6995715572605928 0.27029952187499995 0.7273730843750001
0 0.7318209018789388 0.6975037068944785 0.7282730140625 0.66826416875 0.26986385280856123 0.7238869446680216 0.273411740625 0.7531264828124999
0 0.7498331904941314 0.3455957790642411 0.7459944921875 0.31395955781249996 0.24475358450586865 0.3747794834357589 0.24859228281250006 0.40641570468750005
0 0.7350048071620006 0.5442986086728927 0.7313405953125001 0.5141003984375 0.25892742877549946 0.5714224022646074 0.26259164062500007 0.6016206125000001