0 0.9474798609375 0.4847839843750001 0.5143201390625001 0.48478398437500003 0.5143201390625001 0.5126160156250001 0.9474798609375 0.5126160156250001
0 0.9405756937499999 0.5628839843750001 0.51262430625 0.562883984375 0.51262430625 0.5907160156250001 0.9405756937499999 0.5907160156250002
0 0.4934416671875 0.533483984375 0.06635833281250006 0.533483984375 0.06635833281250006 0.561316015625 0.4934416671875 0.561316015625
0 0.9220652781249999 0.7126281250000001 0.507134721875 0.712628125 0.5071347218750001 0.7399718750000001 0.9220652781249999 0.7399718750000002
0 0.5066986109375 0.28836328125000005 0.05010138906250004 0.28836328125 0.05010138906250004 0.31863671875000005 0.5066986109375 0.3186367187500001
0 0.49866944375 0.685560546875 0.07853055625000009 0.685560546875 0.07853055625000009 0.711439453125 0.49866944375 0.711439453125
0 0.49066736093749996 0.5859722656249999 0.07313263906250007 0.5859722656249999 0.07313263906250007 0.6128277343749999 0.49066736093749996 0.6128277343749999
0 0.5037263890625 0.31686328125 0.05407361093750005 0.31686328124999996 0.05407361093750005 0.34713671875 0.5037263890625 0.3471367187500001
0 0.9564180562500001 0.40360742187500004 0.51718194375 0.403607421875 0.51718194375 0.43339257812500004 0.9564180562500001 0.43339257812500015
0 0.9170951390625 0.76053984375 0.5065048609375002 0.7605398437499999 0.5065048609375002 0.78886015625 0.9170951390625 0.7888601562500002
0 0.9314354171874999 0.6629281250000001 0.5121645828125 0.662928125 0.5121645828125 0.6902718750000001 0.9314354171874999 0.6902718750000002
0 0.942077778125 0.5360515625000001 0.511522221875 0.5360515625 0.511522221875 0.5653484375000001 0.942077778125 0.5653484375000002
0 0.9143270828125001 0.7842605468750001 0.5054729171875001 0.784260546875 0.5054729171875001 0.8101394531249999 0.9143270828125001 0.8101394531249999
0 0.9321013890625001 0.6388722656250001 0.5136986109375 0.638872265625 0.5136986109375 0.6657277343750001 0.9321013890625001 0.6657277343750001
0 0.9585541671875 0.37768398437500006 0.5158458328125 0.37768398437500006 0.5158458328125 0.4055160156250001 0.9585541671875 0.4055160156250002
0 0.49893125000000016 0.827119140625 0.08486875000000012 0.827119140625 0.08486875000000012 0.857880859375 0.49893125000000016 0.857880859375
0 0.9337694437499999 0.6136281250000001 0.51363055625 0.613628125 0.51363055625 0.6409718750000001 0.9337694437499999 0.6409718750000002
0 0.49156111093750016 0.7819046875 0.08183888906250009 0.7819046875 0.08183888906250009 0.8072953125 0.49156111093750016 0.8072953125
0 0.5077770828125 0.1380984375 0.03642291718750002 0.1380984375 0.03642291718750002 0.1713015625 0.5077770828125 0.17130156250000003
0 0.9153291671874999 0.829707421875 0.5038708328125001 0.829707421875 0.5038708328125001 0.859492578125 0.9153291671874999 0.859492578125
0 0.9468458328124999 0.4577398437500001 0.5145541671875 0.45773984375000004 0.5145541671875 0.4860601562500001 0.9468458328124999 0.4860601562500002
0 0.962690278125 0.34965156250000007 0.516509721875 0.34965156250000007 0.516509721875 0.37894843750000007 0.962690278125 0.37894843750000007
0 0.49778194375 0.481295703125 0.062018056250000064 0.481295703125 0.062018056250000064 0.510104296875 0.49778194375 0.510104296875
0 0.5008201390625 0.42798398437499996 0.05897986093750004 0.42798398437499996 0.05897986093750005 0.45581601562499996 0.5008201390625 0.45581601562499996
0 0.9246652781250001 0.6879722656250001 0.509734721875 0.687972265625 0.509734721875 0.7148277343750001 0.9246652781250001 0.7148277343750002
0 0.5006520828125 0.45469570312499996 0.060547917187500064 0.45469570312499996 0.060547917187500064 0.48350429687499996 0.5006520828125 0.48350429687499996
0 0.495403471875 0.611283984375 0.07439652812500007 0.611283984375 0.07439652812500008 0.639116015625 0.495403471875 0.639116015625
0 0.9372395828125001 0.5874839843750002 0.5127604171875 0.587483984375 0.5127604171875 0.6153160156250002 0.9372395828125001 0.6153160156250002
0 0.5084770828125 0.16978671875 0.03712291718750002 0.16978671875 0.03712291718750002 0.20201328125000004 0.5084770828125 0.2020132812500001
0 0.91429305625 0.8073605468749999 0.5063069437500002 0.8073605468749999 0.5063069437500002 0.8332394531249999 0.91429305625 0.8332394531249999
0 0.4974333328125001 0.70951640625 0.08076666718750009 0.70951640625 0.08076666718750009 0.73588359375 0.49743333281250013 0.73588359375
0 0.4943291671875002 0.8046046875 0.08287083281250009 0.8046046875 0.0828708328125001 0.8299953125 0.4943291671875002 0.8299953125
0 0.504090278125 0.40003984375 0.05790972187500004 0.40003984375 0.05790972187500004 0.42836015625 0.504090278125 0.42836015625
0 0.4939291671875002 0.73341640625 0.08247083281250009 0.73341640625 0.08247083281250009 0.75978359375 0.4939291671875002 0.75978359375
0 0.96465625 0.2924632812500001 0.51934375 0.2924632812500001 0.51934375 0.3227367187500001 0.96465625 0.3227367187500001
0 0.96358819375 0.3210632812500001 0.52001180625 0.3210632812500001 0.52001180625 0.3513367187500001 0.96358819375 0.3513367187500001
0 0.9637263890625001 0.26157500000000006 0.5140736109375 0.26157500000000006 0.5140736109375 0.29282500000000006 0.9637263890625001 0.29282500000000006
0 0.92079930625 0.7364281250000001 0.5050006937500002 0.736428125 0.5050006937500002 0.7637718750000001 0.92079930625 0.7637718750000002
0 0.5067729171875001 0.22953085937500006 0.040627082812500034 0.229530859375 0.040627082812500034 0.26126914062500006 0.5067729171875001 0.2612691406250001
0 0.49282916718750014 0.758072265625 0.0813708328125001 0.758072265625 0.0813708328125001 0.784927734375 0.49282916718750014 0.784927734375
0 0.4939354171875 0.635472265625 0.07466458281250009 0.635472265625 0.07466458281250009 0.662327734375 0.4939354171875 0.662327734375
0 0.49676944375 0.66081640625 0.07663055625000009 0.66081640625 0.07663055625000009 0.68718359375 0.49676944375 0.68718359375
0 0.5077708328125 0.25951914062500003 0.044229167187500036 0.25951914062500003 0.044229167187500036 0.29028085937500003 0.5077708328125 0.2902808593750001
0 0.49126944375 0.560072265625 0.07113055625000006 0.560072265625 0.07113055625000006 0.586927734375 0.49126944375 0.586927734375
0 0.5034263890624999 0.37220742187500006 0.05377361093750005 0.372207421875 0.05377361093750005 0.40199257812500006 0.5034263890624999 0.40199257812500006
0 0.506940971875 0.20007500000000006 0.03905902812500002 0.200075 0.03905902812500003 0.23132500000000006 0.506940971875 0.23132500000000009
0 0.50409444375 0.34456328125 0.05270555625000004 0.34456328125 0.05270555625000004 0.37483671875 0.50409444375 0.3748367187500001
0 0.49347569375000006 0.50793984375 0.06552430625000007 0.50793984375 0.06552430625000007 0.53626015625 0.49347569375000006 0.53626015625
0 0.9478798609375 0.4310398437500001 0.5147201390625 0.43103984375 0.5147201390625 0.4593601562500001 0.9478798609375 0.45936015625000015
0 0.9448798609375 0.5093515625000001 0.5117201390624999 0.5093515625 0.5117201390624999 0.5386484375000001 0.9448798609375 0.5386484375000002