0 0.794940740625 0.05154583281250006 0.213459259375 0.051545832812500025 0.213459259375 0.09425416718750006 0.794940740625 0.0942541671875001
0 0.7902629625 0.08876666718750006 0.2143370375 0.08876666718750002 0.2143370375 0.13043333281250008 0.7902629625 0.13043333281250008
0 0.7916370374999999 0.12576666718750007 0.2175629625 0.12576666718750004 0.2175629625 0.16743333281250006 0.7916370374999999 0.16743333281250009
0 0.7870333328125 0.16250833281250004 0.22036666718750003 0.16250833281250004 0.22036666718750003 0.20209166718750002 0.7870333328125 0.20209166718750007
0 0.7870333328125 0.1974083328125001 0.22036666718750003 0.19740833281250006 0.22036666718750003 0.23699166718750003 0.7870333328125 0.2369916671875001
0 0.78608148125 0.23230833281250005 0.22311851875 0.23230833281250002 0.22311851875 0.2718916671875001 0.78608148125 0.27189166718750013
0 0.78655555625 0.26744583281250006 0.22544444375 0.2674458328125 0.22544444375 0.31015416718750005 0.78655555625 0.3101541671875001
0 0.7856555562499999 0.30210833281250005 0.22454444375 0.3021083328125 0.22454444375 0.34169166718750005 0.7856555562499999 0.3416916671875001
0 0.781003703125 0.33755000000000007 0.223596296875 0.33755 0.22359629687500004 0.37505000000000005 0.781003703125 0.3750500000000001
0 0.7708037031250001 0.8984500000000001 0.2633962968750001 0.8984500000000001 0.2633962968750001 0.9359500000000001 0.7708037031250001 0.9359500000000001
0 0.7759333328125002 0.8684541671874999 0.2592666671875001 0.8684541671874999 0.2592666671875001 0.9007458328125001 0.7759333328125002 0.9007458328125001
0 0.7731814812500002 0.8398333328125 0.26021851875000007 0.8398333328125 0.26021851875000007 0.8731666671875 0.7731814812500002 0.8731666671875
0 0.7773111109375002 0.8106333328125 0.2550888890625001 0.8106333328125 0.2550888890625001 0.8439666671875001 0.7773111109375002 0.8439666671875001
0 0.7758851859375002 0.7805125000000002 0.2555148140625001 0.7805125 0.2555148140625001 0.8148875 0.7758851859375002 0.8148875
0 0.7759370375000001 0.7505125 0.25186296250000006 0.7505124999999999 0.25186296250000006 0.7848875000000001 0.7759370375000001 0.7848875000000002
0 0.7800629625000001 0.7231333328125001 0.2541370375000001 0.7231333328125 0.2541370375000001 0.7564666671875001 0.7800629625000002 0.7564666671875002
0 0.7764370375000001 0.6942541671875001 0.25236296250000007 0.6942541671875 0.25236296250000007 0.7265458328125001 0.7764370375000003 0.7265458328125002
0 0.7777370375 0.6612125000000001 0.2536629625000001 0.6612125 0.2536629625000001 0.6955875 0.7777370375 0.6955875000000001
0 0.7787370375 0.6302541671875 0.2546629625000001 0.6302541671874999 0.2546629625000001 0.6625458328125001 0.7787370375 0.6625458328125002
0 0.7810666671875001 0.5994541671875001 0.24773333281250007 0.5994541671875 0.24773333281250007 0.6317458328125001 0.7810666671875001 0.6317458328125002
0 0.779640740625 0.5674333328125001 0.24815925937500008 0.5674333328125 0.24815925937500008 0.6007666671875 0.779640740625 0.6007666671875002
0 0.77964444375 0.5364125000000001 0.24075555625000006 0.5364125 0.24075555625000006 0.5707875 0.77964444375 0.5707875000000001
0 0.7837962968750001 0.5057541671875001 0.2412037031250001 0.5057541671875 0.2412037031250001 0.5380458328125001 0.7837962968750001 0.5380458328125002
0 0.77731851875 0.4708708328125001 0.2402814812500001 0.4708708328125 0.2402814812500001 0.5073291671875001 0.77731851875 0.5073291671875002
0 0.7745703703125 0.4374500000000001 0.23382962968750007 0.43745 0.23382962968750007 0.4749500000000001 0.7745703703125 0.4749500000000002
0 0.776396296875 0.40547083281250007 0.23380370312500007 0.40547083281249996 0.23380370312500007 0.44192916718750014 0.776396296875 0.4419291671875002
0 0.7801259265625 0.3721708328125001 0.22827407343750009 0.3721708328125 0.22827407343750009 0.4086291671875001 0.7801259265625 0.4086291671875002