0 0.7714228428300529 0.06366894500878115 0.7705104906250002 0.02613448281249999 0.23042028529494715 0.03926248467871892 0.2313326375 0.07679694687500008
0 0.7706204027935437 0.09831984497699589 0.7697333937499999 0.06182800468750001 0.23337256439395623 0.07486535502300415 0.23425957343749998 0.11135719531250003
0 0.7729961006350836 0.13293522000912866 0.7720837484375 0.0954007578125 0.23014042436491633 0.10857380342837135 0.23105277656249995 0.14610826562499998
0 0.7697904303168652 0.1664635871588944 0.768878078125 0.12892912499999995 0.2250816353081347 0.1421472144036056 0.22599398749999997 0.17968167656250003
0 0.766604135001038 0.2003920855957059 0.7656917827736199 0.16285762340046533 0.23301404621008198 0.1758054503047594 0.23392639843750002 0.21333991249999995
0 0.7643941823902343 0.2319725168182208 0.7635071734375002 0.19548067656250007 0.23455881135976586 0.2083378503692793 0.23544582031250005 0.24482969062500004
0 0.7639632005687652 0.26615535907471427 0.7630508484375 0.22862089687499995 0.2359324650562348 0.24143359092528574 0.2368448171875 0.27896805312500006
0 0.7319027755705908 0.8629334652866291 0.7309904234365774 0.8253990030870428 0.24649373692848667 0.8371756893629139 0.2474060890625 0.8747101515625001
0 0.7316968456082296 0.8298427260175576 0.7309618953124999 0.7996066328125002 0.2447740747042703 0.811424425544943 0.24550902499999996 0.8416605187500004
0 0.7311651214613138 0.8040375494941555 0.7304048281250001 0.77275883125 0.2441938676011862 0.7845771848808447 0.24495416093750003 0.8158559031250002
0 0.7316061234221495 0.7768274776846597 0.7307951437499999 0.7434635109375 0.24083166876535045 0.7553730785653403 0.2416426484375 0.7887370453125
0 0.7357764539331364 0.7486045339371346 0.7349401312500001 0.7141979421875 0.23754104450436375 0.7262882457503654 0.23837736718750008 0.7606948375
0 0.7361944931172445 0.7201514761552901 0.7353581703125001 0.6857448875000001 0.23239973032025568 0.6979703254072099 0.23323605312500004 0.7323769140625
0 0.7371074643642104 0.6922080105267583 0.7362457984374999 0.6567587984375 0.23697045594828953 0.6688947113482417 0.237832121875 0.7043439234375
0 0.7388482165621165 0.6621996745924472 0.7380118937129653 0.62779308441388 0.23690657246334873 0.6399734785714328 0.23774289531249998 0.67438006875
0 0.742917530587152 0.6339583215088773 0.7420812078125001 0.5995517296874999 0.23912276941284802 0.6117771659911229 0.23995909218749997 0.6461837578125001
0 0.7437546976305188 0.6038926620637394 0.7429183750000001 0.5694860718750001 0.23995993518198128 0.5817115066862607 0.24079625781249997 0.616118096875
0 0.7474469321703221 0.5743585089682285 0.7466106093379652 0.5399519187888799 0.23994593498014308 0.5522674441956514 0.24078225781249998 0.586674034375
0 0.7469572648844915 0.5443251011983038 0.7461209421875 0.5099185125 0.2413093882405084 0.5221889925516964 0.24214571093749998 0.5565955812500001
0 0.7468691515073763 0.5135600104990102 0.746058171875 0.48019604375 0.24126975630512387 0.4924659613759899 0.24208073593750004 0.5258299281250001
0 0.7481563523473669 0.4838047308892177 0.7473200296875 0.4493981390625 0.24065535702763322 0.46171366129828223 0.24149167968749996 0.49612025312499997
0 0.7503946883521332 0.45380516365974455 0.7495583655879653 0.41939857191387986 0.2428936912983321 0.4317140957541355 0.2437300140625 0.46612068750000013
0 0.7517836586561201 0.42352578866014057 0.7509473359374998 0.3891191984375001 0.2405764272813799 0.4015248097773596 0.24141275 0.43593140000000014
0 0.7511922322078389 0.39269364486682623 0.7503559093361201 0.35828705308796543 0.2418381193157812 0.3706476222836392 0.2426744421875 0.4050542140625001
0 0.7562576882626557 0.3605221886267506 0.755421365625 0.3261155968749999 0.23763798829984434 0.3387013816857493 0.2384743109375 0.3731079734375
0 0.757592022770391 0.3289421761568885 0.7567557 0.2945355875 0.23897232410460903 0.3071213754056116 0.23980864687499998 0.3415279640625001
0 0.7612316368102203 0.2973061324079433 0.7603953140245427 0.2628995421884227 0.23519946627682237 0.2756655050929794 0.23603578906249995 0.3100720953125