0 0.9916225312500002 0.7827784874999999 0.9900543731473826 0.7525354384871402 0.5560515421875001 0.7750392890625001 0.5576197002901176 0.8052823380753598
0 0.5320024687499999 0.6196745531250001 0.5304883851623392 0.5904743699356974 0.09836049374999997 0.6128810015624998 0.0998745773376607 0.6420811847518025
0 0.9947040124999997 0.29665933906250014 0.9931358544774668 0.26641629004726325 0.5276515421875 0.29055251249999997 0.5292197002100331 0.3207955615152368
0 0.5112135796875 0.31990138437499993 0.5096994960551979 0.29070120118702236 0.055349382812500014 0.314260096875 0.05686346644480218 0.34346028006297763
0 0.9957811734374997 0.4931973546875 0.9941048665638155 0.4608685803436027 0.5378336421874998 0.48452708906249997 0.5395099490611842 0.5168558634063973
0 0.534435803125 0.67084465 0.5329217195293223 0.6416444668109353 0.10449753125000001 0.6638590546875 0.10601161484567771 0.6930592378765648
0 0.5215506171875001 0.4595015765625002 0.5200365335390884 0.4303013933750005 0.0730938265625 0.4534762015624999 0.07460791021091177 0.4826763847499995
0 0.995473765625 0.7083363953125 0.9937974588281854 0.6760076209663212 0.550489196875 0.6989939749999998 0.5521655036718146 0.7313227493461787
0 0.999090740625 0.5199077703125001 0.9974685081101304 0.48862185859445173 0.5393685187500001 0.5123751921874999 0.5409907512648697 0.5436611039055483
0 0.5435824078125 0.8201225281250002 0.5421223986688358 0.7919652076399436 0.12112870312499999 0.8137945093749999 0.12258871226866416 0.8419518298600563
0 0.539561728125 0.7217747453125 0.5380476445211653 0.6925745621236774 0.113327159375 0.7145971062500001 0.11484124297883473 0.7437972894388226
0 0.9975506171875 0.3537097531250001 0.996036533684839 0.32450956993317454 0.5287234578125 0.3487406171875 0.530237541315161 0.37794080037932554
0 0.9958077171874999 0.3251111906250001 0.9942395590634595 0.294868141612776 0.528755246875 0.3190043656249999 0.5303234049990404 0.349247414637224
0 0.5386469125 0.7474201234375001 0.5371328289774104 0.718219940246266 0.11981975312499997 0.7398583953124999 0.12133383664758957 0.7690585785037339
0 0.5237395046875 0.513495103125 0.5222254211154673 0.48429491993523344 0.08269012343749998 0.5070856390624999 0.08420420700953266 0.5362858222522664
0 0.53764753125 0.6952303921875 0.5362415964757881 0.6681159343279769 0.1078635796875 0.6903281265625 0.10926951446171193 0.7174425844220231
0 0.9966759250000001 0.5744411593750001 0.9950536925712734 0.5431552477353205 0.5462129640625001 0.5664284703125 0.5478351964912267 0.5977143819521795
0 0.5432580249999999 0.7960680796874999 0.5417439415035878 0.766867896495489 0.11702345624999996 0.7888904390624998 0.11853753974641204 0.8180906222545108
0 0.5247972234375 0.565418303125 0.5233372142178202 0.5372609825612742 0.0893805546875 0.5597624390625 0.09084056390717987 0.5879197596262257
0 0.52323641875 0.538575384375 0.5218304838958537 0.5114609265987748 0.08604506249999999 0.5340572078125 0.08745099735414627 0.5611716655887251
0 0.517106790625 0.43067917031250014 0.5157008557977176 0.40356471245455194 0.0688043203125 0.42673712499999983 0.07021025513978245 0.453851582857948
0 0.5136839515625 0.3474793000000001 0.5121698680393277 0.31827911680878335 0.0559679015625 0.3419340328124999 0.0574819850856723 0.37113421600371665
0 0.9947280859375001 0.8372514984375 0.9928354813317222 0.800751267113406 0.5605459875000001 0.8231662781249998 0.562438592105778 0.8596665094490937
0 0.508098765625 0.2910518921875001 0.5065846820018286 0.2618517089992514 0.050382715625000005 0.2855066265624999 0.05189679924817148 0.3147068097507486
0 1.0004710962180652 0.5470402852898076 0.9988488638209893 0.5157543733470189 0.542801851546856 0.5394012543857946 0.5444240839439318 0.5706871663285833
0 0.5300675921875 0.5928510328125001 0.5286075829705368 0.5646937123296192 0.09279907499999998 0.5872911906249998 0.0942590842169632 0.6154485111078806
0 0.9950120374999999 0.4082286453125 0.9935520282518395 0.38007132474961947 0.529965740625 0.4041091328125 0.5314257498731603 0.4322664533753805
0 0.9928842593749998 0.7615152921874999 0.9910998036621195 0.7271007893122448 0.555152778125 0.74970545 0.5569372338378804 0.7841199528752552
0 0.53160246875 0.644791315625 0.5300883851543222 0.6155911324359353 0.10166419687499997 0.6378057203124999 0.1031782804706777 0.6670059035015646
0 0.5139358031249999 0.37597532187500005 0.5124217195947663 0.3467751386839929 0.05992345624999999 0.3702380109375 0.061437539780233565 0.39943819412850706
0 0.5055783953125 0.17426021249999998 0.5037398652372705 0.13880284699900072 0.0325845671875 0.163233121875 0.03442309726272942 0.19869048737599926
0 0.990492284375 0.6285885765625001 0.988815977559647 0.5962598022168714 0.551063271875 0.6189580906249998 0.5527395786903531 0.6512868649706285
0 0.9971990749999999 0.2683053046875 0.9954146192835072 0.233890801812352 0.52428240625 0.25831987968750003 0.5260668619664928 0.292734382562648
0 0.5052361109375 0.23338327500000006 0.5034516551916105 0.19896877212572447 0.03972685156249999 0.22301376249999985 0.04151130730838946 0.25742826537427543
0 0.501977778125 0.14497581562500006 0.5000310991511518 0.10743272159440646 0.030681481249999993 0.13176936874999992 0.03262816022384812 0.16931246278059353
0 0.9929737640625002 0.6820650093750001 0.9912974572454338 0.6497362350294223 0.5516929015625001 0.6725305453124999 0.5533692083795663 0.7048593196580777
0 0.9936033953124997 0.8085163125000001 0.991927088478131 0.7761875381549359 0.5597299390625 0.7985977609375 0.5614062458968688 0.8309265352825642
0 0.5222209874999999 0.4868716734375001 0.5207069039462592 0.4576714902471906 0.07746789999999999 0.4806542531249999 0.07898198355374077 0.5098544363153094
0 0.5074441359374999 0.2625391109375 0.5057678290724003 0.23021033659334797 0.0457929015625 0.2540608890625 0.04746920842759968 0.286389663406652
0 0.9912351843750002 0.6013250546875001 0.9896129519303145 0.5700391430482942 0.5481796296875001 0.592928278125 0.5498018621321857 0.624214189764206
0 0.9949114187499999 0.7326166781250002 0.9933432606538245 0.7023736291119491 0.5537848765625 0.7251655453124999 0.5553530346586755 0.7554085943255511
0 0.9958432093749998 0.38150429374999995 0.9943291258656111 0.3523041105583742 0.5307197531249999 0.3763431140624999 0.5322338366343886 0.40554329725412563
0 0.5510324078125 0.8508803937499998 0.5492479520712695 0.8164658908755861 0.12441203593750001 0.8384944203125 0.1261964916787304 0.8729089231869137
0 0.9945950625 0.4649881890625 0.9930809789768278 0.43578800587128336 0.5368790124999999 0.459442921875 0.5383930960231723 0.4886431050662166
0 0.9909166656249997 0.6536416796875 0.9892944331621729 0.6223557680488325 0.5534166671874999 0.6449568374999999 0.5550388996503269 0.6762427491386673
0 0.9939929000000001 0.43753508593750007 0.9924247418537322 0.4072920370068614 0.534347840625 0.4310441734375 0.5359159987712679 0.4612872223681387
0 0.5434018515625 0.7736164125 0.5417796190739003 0.7423305008620975 0.11701296249999997 0.7643554390624999 0.11863519498859967 0.7956413507004024
0 0.5150787046875 0.4033000031250002 0.5136186954985951 0.3751426825603609 0.06669907343749999 0.3983162921875 0.06815908262640503 0.42647361275213924
0 0.5035441359375 0.2034143375000001 0.5018678290906471 0.1710855631553064 0.03633734531249999 0.1952241812499999 0.03801365215935297 0.22755295559469363
0 0.9906388890625 0.23595789374999998 0.9890166566040997 0.2046719821112013 0.51425 0.2292895125 0.5158722324584004 0.26057542413879864