0 0.7814530164201219 0.34694442204521914 0.28238983125 0.30978588749999997 0.28008038357987786 0.3408032654547809 0.7791435687499998 0.37796180000000007
0 0.7941595850314014 0.15709678754888995 0.27491883281249996 0.11843590000000001 0.27239287434359866 0.1523611577636102 0.7916336265624999 0.19102204531250008
0 0.7763292664461041 0.4069454719319815 0.28334828124999994 0.370239796875 0.2810388335538959 0.40125717494301866 0.77401981875 0.43796285000000007
0 0.7693229158064023 0.5226418820836609 0.28766963749999996 0.48677962812500014 0.28539627481859775 0.5173123601038394 0.767049553125 0.5531746140625001
0 0.7610718025012033 0.6606138188158652 0.2863374015625001 0.6252667218750001 0.28402795374879697 0.656284101496635 0.7587623546875003 0.6916311984375001
0 0.7754214219675479 0.43686369157076416 0.2859481765625001 0.4004191890625 0.28367481396995214 0.43095191936673605 0.7731480593750001 0.4673964218750002
0 0.7484799120970067 0.8445697500404409 0.29572525312500014 0.8108591890625 0.2937044863404935 0.8379993952720592 0.7464591453125001 0.8717099562500001
0 0.7630536000888619 0.6338578492580569 0.2909580546875001 0.5987072328124999 0.28868469209863823 0.6292399648044432 0.7607802375000001 0.6643905812500002
0 0.7791078304175793 0.3768230688433203 0.2817180140625 0.3397891265625 0.2793363961449207 0.3717757967816797 0.7767262125000001 0.4088097390625
0 0.7675401939339632 0.5784004290759402 0.289362453125 0.5427969515625 0.28708909044103675 0.5733296834240597 0.76526683125 0.6089331609374999
0 0.7888349326699553 0.2214185868652053 0.2765774625 0.18327765000000001 0.27408758908934766 0.21671826156368032 0.786345059259303 0.2548591984288856
0 0.7493458889541994 0.867615696237286 0.30051702812500003 0.8341974375 0.2980271547958006 0.8676380490752139 0.7468560156249999 0.9010563078124999
0 0.7671591064578936 0.5508256353215604 0.2889813671875 0.515222159375 0.2867080044796064 0.5457548928034398 0.7648857437500001 0.5813583687500001
0 0.7566792047935296 0.6876776228149046 0.28805920000000007 0.6527857828125 0.2857858373939707 0.6833185146850955 0.7544058421875002 0.7182103546875002
0 0.7843411343569031 0.31587617116713956 0.2800324390625001 0.27832707343750007 0.2776869062680971 0.30982909758286065 0.7819956015625 0.3473781953125001
0 0.7651413359810437 0.6066664884310565 0.29130802343750006 0.5713864843749998 0.2890346608853418 0.6019192163721403 0.7628679734288855 0.637199220428197
0 0.7711199094908842 0.49423120238688345 0.2877288593750001 0.4582395609375001 0.28545549675911597 0.4887722929256168 0.768846546875 0.5247639343750001
0 0.7879746156044312 0.2536916290544404 0.27832380156250003 0.21574477656250002 0.275833928145569 0.24918538969555973 0.7854847421875002 0.2871322421875001
0 0.7561006368588571 0.7140390438211774 0.28744842968750006 0.6791448046875002 0.285138981775446 0.7101621842952084 0.7537911889468031 0.7450564234288857
0 0.7552227110697164 0.7404662837561127 0.2874715906250001 0.7056391375 0.2851982279927836 0.7361718693688872 0.7529493484374999 0.770999015625
0 0.7523846207097662 0.8201643774037283 0.29264667968750013 0.785933865625 0.29058982772773406 0.8135587194712718 0.7503277687500001 0.8477892312499999
0 0.785489676494208 0.2849337603809083 0.277641034375 0.24712109062500004 0.27522333131829224 0.2795924083690918 0.7830719734375002 0.3174050781250001
0 0.772116849301565 0.4659048157635219 0.28615134687500005 0.4297214890625001 0.2839140693413523 0.45976957473716673 0.7698795717679173 0.4959529014381886
0 0.7919309239276031 0.12211030007457002 0.274363540625 0.08357400625000001 0.27176541200989696 0.1184685561754301 0.7893327953125 0.15700485000000008
0 0.7527292486847931 0.7933656525900965 0.2902558437500001 0.7589314671875 0.288054651315207 0.7884949067849036 0.7505280562500001 0.8229290921875002
0 0.7922306852138519 0.1894898798713735 0.2747277046875 0.15095837968750006 0.2722017460361483 0.18488363887862666 0.7897047265625001 0.22341513906250016
0 0.7529396891941972 0.7672321853939966 0.2878596265625001 0.7326039171875001 0.285658434243303 0.7621673552310038 0.7507384968750002 0.7967956234375002