0 0.9291962968749999 0.7069958328125001 0.486603703125 0.7069958328125 0.4866037031250001 0.7372041671875001 0.9291962968749999 0.7372041671875003
0 0.9319703703125001 0.6538750000000001 0.49122962968749995 0.653875 0.49122962968749995 0.6851250000000001 0.9319703703125001 0.6851250000000002
0 0.9573777781249999 0.2969166671875001 0.501822221875 0.2969166671875001 0.501822221875 0.32608333281250007 0.9573777781249999 0.32608333281250007
0 0.9541777781249999 0.3549166671875001 0.498622221875 0.3549166671875001 0.498622221875 0.38408333281250007 0.9541777781249999 0.38408333281250007
0 0.471722221875 0.5417166671875 0.02727777812500007 0.5417166671875 0.02727777812500007 0.5708833328125 0.471722221875 0.5708833328125
0 0.47267037031250014 0.8586333328125001 0.0319296296875001 0.8586333328125001 0.031929629687500106 0.8919666671875 0.47267037031250014 0.8919666671875
0 0.9231925921874999 0.7338541671875001 0.4880074078125002 0.7338541671875001 0.4880074078125002 0.7661458328125 0.9231925921874999 0.7661458328125001
0 0.4726703703125 0.6502375 0.03192962968750008 0.6502375 0.03192962968750008 0.6783625 0.4726703703125 0.6783625
0 0.49211111093750004 0.17267500000000002 0.019888889062500022 0.172675 0.019888889062500022 0.20392500000000005 0.49211111093750004 0.20392500000000008
0 0.9342962968749999 0.6270958328125001 0.49170370312499995 0.6270958328125 0.49170370312499995 0.6573041671875001 0.9342962968749999 0.6573041671875002
0 0.47504814843750004 0.6229166671875 0.02875185156250008 0.6229166671875 0.02875185156250008 0.6520833328125 0.47504814843750004 0.6520833328125
0 0.9421259265625 0.5445541671875 0.49027407343749996 0.5445541671874999 0.49027407343749996 0.5768458328125001 0.9421259265625 0.5768458328125001
0 0.47727407343749995 0.43047500000000005 0.029125926562500053 0.43047500000000005 0.029125926562500053 0.46172500000000005 0.47727407343749995 0.46172500000000005
0 0.46901851875000017 0.7820166671875 0.031981481250000096 0.7820166671875 0.031981481250000096 0.8111833328125 0.46901851875000017 0.8111833328125
0 0.473622221875 0.5973583328125 0.029177778125000074 0.5973583328125 0.029177778125000074 0.6244416671875 0.473622221875 0.6244416671875
0 0.951877778125 0.4083541671875001 0.496322221875 0.40835416718750006 0.496322221875 0.4406458328125001 0.951877778125 0.44064583281250014
0 0.9212925921874999 0.760175 0.48610740781250017 0.760175 0.48610740781250017 0.791425 0.9212925921874999 0.7914250000000002
0 0.9417 0.5174541671875 0.49169999999999997 0.5174541671874999 0.49169999999999997 0.5497458328125001 0.9417 0.5497458328125002
0 0.4680185187500002 0.8070375000000001 0.0309814812500001 0.8070375000000001 0.0309814812500001 0.8351625 0.4680185187500002 0.8351625
0 0.4888851859375 0.20155416718750002 0.018514814062500023 0.2015541671875 0.018514814062500027 0.23384583281250007 0.4888851859375 0.2338458328125001
0 0.9453259265625 0.4361958328125001 0.49347407343749994 0.43619583281249996 0.49347407343749994 0.4664041671875001 0.9453259265625 0.4664041671875002
0 0.9536777781250001 0.3825166671875001 0.498122221875 0.3825166671875001 0.498122221875 0.4116833328125001 0.9536777781250001 0.41168333281250014
0 0.9537259265625 0.3260166671875001 0.5018740734375 0.3260166671875001 0.5018740734375 0.3551833328125001 0.9537259265625 0.3551833328125001
0 0.9198666671875 0.7861541671875001 0.48653333281250016 0.7861541671875 0.48653333281250016 0.8184458328125 0.9198666671875 0.8184458328125
0 0.931496296875 0.6801958328125001 0.488903703125 0.6801958328125 0.488903703125 0.7104041671875001 0.931496296875 0.7104041671875001
0 0.95508148125 0.2658750000000001 0.49211851875 0.2658750000000001 0.49211851875 0.2971250000000001 0.95508148125 0.2971250000000001
0 0.4907851859375 0.1416541671875 0.020414814062500015 0.14165416718749999 0.02041481406250002 0.17394583281250003 0.4907851859375 0.17394583281250003
0 0.4787259265625 0.4042166671875 0.026874073437500045 0.4042166671875 0.026874073437500052 0.4333833328125 0.4787259265625 0.4333833328125
0 0.47264444375000014 0.7289166671875 0.03375555625000009 0.7289166671875 0.03375555625000009 0.7580833328125001 0.47264444375000014 0.7580833328125001
0 0.48608148125 0.31825416718750005 0.02311851875000004 0.3182541671875 0.023118518750000042 0.35054583281250007 0.48608148125 0.35054583281250007
0 0.4824296296875 0.34585416718750006 0.023170370312500042 0.3458541671875 0.023170370312500042 0.3781458328125 0.4824296296875 0.3781458328125001
0 0.4883851859375 0.23043333281250003 0.01801481406250003 0.23043333281249997 0.01801481406250003 0.2637666671875 0.4883851859375 0.2637666671875001
0 0.47081851875000014 0.7547166671875 0.03378148125000009 0.7547166671875 0.03378148125000009 0.7838833328125 0.47081851875000014 0.7838833328125
0 0.48097777812500003 0.37475416718750004 0.025422221875000046 0.3747541671875 0.025422221875000046 0.40704583281250006 0.48097777812500003 0.40704583281250006
0 0.47361851875000005 0.6765166671875 0.036581481250000075 0.6765166671875 0.03658148125000008 0.7056833328125001 0.47361851875000005 0.7056833328125001
0 0.9194925921875001 0.8371958328125 0.4843074078125002 0.8371958328125 0.4843074078125002 0.8674041671875001 0.9194925921875001 0.8674041671875001
0 0.9412 0.5718541671875002 0.49119999999999997 0.5718541671875 0.49119999999999997 0.6041458328125 0.9412 0.6041458328125001
0 0.4652666671875002 0.8320375 0.0319333328125001 0.8320375 0.0319333328125001 0.8601625 0.4652666671875002 0.8601625
0 0.4879333328125 0.25991250000000005 0.021266667187500032 0.2599125 0.021266667187500032 0.29428750000000004 0.4879333328125 0.2942875000000001
0 0.48608148125 0.28987500000000005 0.023118518750000032 0.289875 0.023118518750000035 0.32112500000000005 0.48608148125 0.3211250000000001
0 0.4731481484375 0.5148166671875 0.026851851562500067 0.5148166671875 0.026851851562500067 0.5439833328125 0.4731481484375 0.5439833328125
0 0.9180666671875001 0.8120166671875 0.4847333328125002 0.8120166671875 0.4847333328125002 0.8411833328125 0.9180666671875001 0.8411833328125
0 0.47637407343750005 0.45939583281249996 0.028225926562500052 0.45939583281249996 0.028225926562500052 0.48960416718750005 0.47637407343750005 0.48960416718750005
0 0.9430999999999999 0.4630541671875001 0.4931 0.46305416718750003 0.4931 0.4953458328125001 0.9430999999999999 0.4953458328125002
0 0.4740444437500001 0.7041583328125001 0.03515555625000009 0.7041583328125001 0.03515555625000009 0.7312416671874999 0.47404444375000016 0.7312416671874999
0 0.9394 0.5986541671875001 0.4894 0.5986541671875 0.4894 0.6309458328125002 0.9394 0.6309458328125002
0 0.47224814843749996 0.5685166671874999 0.025951851562500065 0.5685166671874999 0.025951851562500072 0.5976833328125 0.47224814843749996 0.5976833328125
0 0.475 0.4869958328125 0.025000000000000057 0.4869958328125 0.02500000000000006 0.5172041671875001 0.475 0.5172041671875001
0 0.9166925921875 0.8622125 0.4815074078125002 0.8622125 0.4815074078125002 0.8965875000000001 0.9166925921875 0.8965875000000001
0 0.9435259265625 0.4916958328125001 0.49167407343749997 0.4916958328125 0.49167407343749997 0.5219041671875001 0.9435259265625 0.5219041671875002