0 0.4880942453124999 0.19720440625000007 0.4852432886944465 0.1648290049163002 0.032015996874999994 0.20473990312499996 0.034866953493053465 0.23711530445869983
0 0.493450371875 0.22754896406250014 0.4905994152752456 0.1951735625917967 0.033706425000000005 0.235407259375 0.036557381599754454 0.26778266084570346
0 0.49222297968749995 0.25446967968750017 0.48964792205337615 0.2252273810938455 0.04397909218749999 0.26447268593749984 0.04655414982162378 0.2937149845311545
0 0.49859214218750003 0.28503235000000005 0.4955572526666009 0.25056821074014773 0.047677132812499995 0.29000824062499997 0.0507120223333992 0.3244723798848523
0 0.4987693375 0.311787278125 0.4961942798117878 0.2825449796689034 0.05785684687499999 0.32114468749999997 0.060431904563212145 0.3503869859560965
0 0.5044588109375001 0.33846515781250003 0.501883753256722 0.30922285921956805 0.0653791718629769 0.34766116705096606 0.06795422954375498 0.37690346564389804
0 0.5076989125 0.3673794625000001 0.5051238548574224 0.3381371639064764 0.07045212031249999 0.37641407187499987 0.07302717795507765 0.4056563704685236
0 0.9604650890625 0.27007818750000007 0.9580739640003937 0.24292462359571854 0.5162222078125 0.2818338 0.5186133328746064 0.30898736390428155
0 0.9690492703125001 0.30038265625000005 0.9664742126999842 0.27114035779273105 0.5263039296875001 0.3099014640624999 0.5288789873000157 0.33914376251976897
0 0.9699669156250001 0.32875211874999993 0.9675757904297407 0.30159855343190944 0.5312225843749999 0.34002353125 0.5336137095702593 0.3671770965680905
0 0.9739020984375 0.356514859375 0.97141900705689 0.3283169275553198 0.531324412375489 0.36707136889855707 0.5338075037560989 0.39526930071823724
0 0.9807428906249998 0.38440483281250015 0.9782597992927652 0.35620690071863026 0.5363323545389429 0.39512274050048923 0.5388154458711775 0.42332067259435907
0 0.5123406578125002 0.393463396875 0.5096736337246887 0.36317672854200855 0.07309336391394294 0.4016216998754891 0.07576038800175441 0.43190836820848055
0 0.5205082843749999 0.42040718437500013 0.5179332266942218 0.391164885782068 0.08142864530047689 0.4296031936134658 0.08400370298125495 0.4588454922063979
0 0.522220184375 0.4457766390624999 0.5198290593127866 0.41862307515822017 0.0889743984254769 0.45656385455096593 0.09136552348769031 0.4837174184552457
0 0.5271349078125 0.4732510484375001 0.5246518165511047 0.44505311816856497 0.09555432031249998 0.48283916250000003 0.09803741157389533 0.5110370927689352
0 0.528493734375 0.5015437718750001 0.5259186767353509 0.4723014734181512 0.09674549218749998 0.5100941828124997 0.09932054982714913 0.5393364812693486
0 0.5352241453125 0.5259661171875002 0.5328330201629186 0.498812551868702 0.1056440625 0.53643053125 0.10803518764958142 0.5635840965687982
0 0.5393164703125 0.5542412515625 0.5367414128093848 0.5249989546561282 0.10756822812500003 0.5627916640625001 0.11014328562811519 0.592033960968872
0 0.539921840625 0.578192596875 0.5375307155206682 0.5510390315555013 0.11217460455096602 0.5884956109495232 0.11456572965529774 0.6156491762690219
0 0.5474057625000001 0.60463246875 0.54492267103131 0.5764345366582437 0.11949087187500003 0.6138977828125001 0.12197396334369 0.6420957149042563
0 0.5489949234374998 0.6312672718749999 0.5465118319972894 0.6030693397828024 0.1284114296875 0.6398869875 0.13089452112771044 0.6680849195921974
0 0.5570702843750001 0.6582612843750002 0.5544952267140749 0.6290189857817606 0.13631913748797692 0.6658432983009661 0.13889419514890206 0.6950855968942056
0 0.5616883343750001 0.6812530531250001 0.5592972093347095 0.6540994893571009 0.1412724953125 0.690910471875 0.1436636203527905 0.7180640356428991
0 0.5669289390625 0.7110436609375 0.5643538814711357 0.681801362343183 0.14434494360144293 0.7187870733129891 0.14692000119280713 0.748029371907306
0 0.5723829406250001 0.7334566328125001 0.5699918156212724 0.7063030690440347 0.148301403125 0.7434368500000001 0.15069252812872758 0.7705904137684655
0 0.57434555 0.7595954640625 0.5717704923390748 0.7303531654692605 0.15359440156249998 0.7671774781249999 0.15616945922342512 0.7964197767182394
0 0.5753492203125 0.7829055140625001 0.5729580951710862 0.7557519486068555 0.15859908266394293 0.7922401311254893 0.16099020780535675 0.8193936965811339
0 0.5760847359375 0.8107689906250002 0.5735096782658269 0.781526691895207 0.1626649875 0.81770540625 0.16524004517167312 0.8469477049797932
0 0.5780238421874999 0.8316307218749998 0.5758166498002677 0.8065658927952187 0.167107559238466 0.8425565468870231 0.1693147516256982 0.8676213759668041
0 0.585201821875 0.8556937031250001 0.5828106968701202 0.8285401392198322 0.1684516828125 0.8650283218749999 0.17084280781737987 0.8921818857801679
0 0.59598285625 0.8876065406250001 0.5930399331437846 0.8541867695524973 0.17089539375 0.8913605406249999 0.1738383168562155 0.9247803116975029
0 0.9745354765624998 0.40938130156249997 0.9721443515272232 0.382227737657803 0.5376239921875 0.4204913156250001 0.5400151172227767 0.4476448795296971
0 0.9788522343750001 0.43610007343749996 0.9763691429738174 0.4079021414814181 0.5417730968750001 0.44617238437499995 0.5442561882761827 0.47437031633108184
0 0.9795995453125 0.46341522968750004 0.9771164539859342 0.4352172977302626 0.546186106101443 0.47316474050048907 0.5486691974280089 0.5013626724577265
0 0.9872821843749999 0.4906248484375001 0.9847990931136046 0.46242691816856496 0.5557015968749999 0.5002129624999998 0.5581846881363952 0.528410892768935
0 0.9843997062500002 0.5161378687500001 0.9819166149583921 0.48793993834481275 0.5583176671875001 0.5252417843750001 0.5608007584791082 0.5534397147801874
0 0.98935060625 0.5441353265625002 0.9866835820552173 0.5138486583678855 0.5611004078125 0.5513252343749999 0.5637674320072826 0.5816119025696146
0 0.9961935390625 0.568770884375 0.9936184814228509 0.5395285859181512 0.5644452968749999 0.5773212953124999 0.567020354514649 0.6065635937693487
0 0.9970059140625 0.5944637234375 0.9944308564309138 0.5652214248438063 0.567090521875 0.6028527343750001 0.5696655795065864 0.6320950329686937
0 0.9983702015624999 0.6201668984375001 0.9959790763212915 0.5930133331201212 0.5742886640625 0.630147115625 0.5766797893037083 0.6573006809423789
0 0.9975173265624999 0.6493826890625002 0.9949422689015748 0.6201403904692606 0.576766178125 0.656964703125 0.5793412357859251 0.6862070017182396
0 0.9986344671875003 0.6735331390625001 0.9960594096081591 0.6442908406047172 0.576050471875 0.6812765515624999 0.5786255294543411 0.7105188500202828
0 1.0023911250423783 0.6982173500347837 1 0.6710637859374999 0.5725699765335314 0.7087029934210318 0.5749611015759097 0.7358565575183156
0 1.0025750577019834 0.7273418389748787 0.9999999999666317 0.6980995402460717 0.5874742078125 0.7344262921874999 0.5900492655478515 0.7636685909163069
0 1.0027589903969356 0.7544455966831215 1 0.7231145609375002 0.587349763970192 0.7594522692642524 0.5901087543671275 0.7907833050098737
0 1.0025750575947316 0.7789716280564152 0.999999999980183 0.7497293294624574 0.596145865625 0.785292459375 0.5987209232395487 0.8145347579689577
0 1.0023911250135809 0.8005675953523952 0.9999999999999998 0.7734140312500001 0.601256734345621 0.8085271012288728 0.6036478593592022 0.835680665331268
0 1.002575057530406 0.8278734233803325 0.9999999999999998 0.7986311249999999 0.6025757701948666 0.8336280408516584 0.6051508277252727 0.8628703392319912
0 1.0028509566263504 0.8551922028775263 0.9999999998618353 0.8228167999935033 0.5986315203125 0.8581610453125 0.6014824770770149 0.8905364481965229