0 0.37883291331182434 0.13775223551515287 0.3762824405276052 0.09975262042390945 0.1973227350282808 0.11176410678375655 0.1998732078125 0.14976372187499998
0 0.39780232474877053 0.6871337660531409 0.39559964365260514 0.6543159141739096 0.23054359390383458 0.6653942090582687 0.23274627499999995 0.6982120609375001
0 0.39834444825144244 0.7745092047859704 0.3961997328125 0.7425549812500001 0.23460048924855753 0.7534012592765296 0.2367452046875 0.7853554828125
0 0.7393532014283536 0.38598386093642734 0.7369766249929925 0.35057512802059787 0.563992011064639 0.36218557333417056 0.5663685874999999 0.39759430625000003
0 0.3792022921616404 0.24159504728940653 0.3767677497911957 0.20532268438901466 0.20472165450455532 0.21687014022460813 0.20715619687500006 0.253142503125
0 0.561981444460026 0.8565365931010682 0.5597207982427104 0.8228551158478187 0.4034171772201843 0.8333459618092505 0.4056778234374999 0.8670274390625
0 0.7378324846606514 0.5486852045343489 0.7354559077010905 0.5132764702151051 0.5649131371029389 0.5247230250557562 0.5672897140625 0.560131759375
0 0.5580407345426107 0.49159537350324956 0.5556641576036958 0.4561866390765147 0.39049344962358506 0.4672726296357651 0.39287002656250003 0.5026813640625
0 0.7330956005785919 0.8265992336609707 0.7306030937499999 0.7894632453125 0.5658443166089081 0.8005215850890295 0.5683368234375001 0.8376575734375
0 0.3913942583459137 0.5041115337551065 0.38913361249999995 0.47043005624999995 0.2181789135290863 0.48190425686989347 0.220439559375 0.5155857343750001
0 0.3929365459272635 0.5677685195690246 0.39067589979119577 0.5340870422015146 0.22313978511393223 0.5453317945074899 0.22540043125000003 0.579013271875
0 0.7425909372875455 0.32044104251756517 0.7401563952010904 0.28416868115260513 0.5617614985385448 0.29614225738503996 0.564196040625 0.33241461875
0 0.5584126827019472 0.46008991093844676 0.55603610625 0.42468117656249993 0.38988866104805286 0.43583272187405325 0.3922652375 0.47124145625
0 0.7331514874625454 0.7654652938386565 0.730774910840105 0.7300565610489096 0.5680460499400595 0.7409786578352533 0.5704226265624999 0.7763873906250002
0 0.38374803008611114 0.37470521658266476 0.38148738437500007 0.3410237390625 0.21150942460138888 0.3524323818548353 0.21377007031249998 0.38611385937500003
0 0.5621390927260963 0.7073184415670278 0.5598784468750001 0.6736369640625 0.3996678728989039 0.6843900365579723 0.40192851875000013 0.7180715140625
0 0.40211223426743015 0.8896508075751572 0.40002548437499996 0.8585602124999998 0.24090630635756988 0.8692400314873424 0.24299305625 0.9003306265625
0 0.377782071879282 0.17360060446054437 0.37523160000000005 0.135600990625 0.1992021109332181 0.14741580178945562 0.20175258281250003 0.18541541562500002
0 0.7335221510757606 0.915751471016345 0.7307977828054927 0.8751609717705977 0.5653977582922322 0.8862623523167527 0.5681221265625 0.9268528515625001
0 0.7321368646546214 0.881993196143364 0.7298762187500001 0.84831171875 0.568200535345379 0.8591631272941361 0.57046118125 0.8928446046875003
0 0.73897637842234 0.4189547153538677 0.7366577670901051 0.3844096094864095 0.5646881105427652 0.39595193319504185 0.5670067218750001 0.4304970390625001
0 0.3928876038140324 0.5358915538351985 0.39062695770809786 0.5022100765695073 0.22113736483156546 0.5135859430468088 0.22339801093750006 0.5472674203125
0 0.7336776374276062 0.7947458471894199 0.7312430950966885 0.7584734842846126 0.5660341686065824 0.7695620402201928 0.5684687109375 0.8058344031250002
0 0.7423536331990623 0.28534469222879155 0.7399770560411956 0.24993595782651465 0.5616203806546333 0.26190697028522314 0.5639969578125 0.2973157046875
0 0.4015590672537151 0.8615053919307447 0.39947231718750004 0.830414796875 0.239376403058785 0.8411601736942552 0.24146315312500005 0.8722507687500001
0 0.5657295797409965 0.9189843801091374 0.5630631764580979 0.8792575078195073 0.40258506390460125 0.8900285386478698 0.40525146718749994 0.9297554109374999
0 0.5572282387537377 0.32838507075850804 0.5547936967776051 0.29211270948640944 0.38665455489886724 0.30339793560290135 0.389089096875 0.33967029687499994
0 0.5621370240825099 0.7979624290504856 0.5598763780205978 0.7642809515695073 0.4025960195630879 0.7748373537690215 0.40485666562499995 0.8085188312499998
0 0.39500091810108307 0.5975773864147195 0.3927982375 0.564759534375 0.222858497523917 0.5761656120227805 0.22506117812500004 0.6089834640625
0 0.7422420871781538 0.2524066175390946 0.7398075453054928 0.2161342545830979 0.5614126487523391 0.22810782923150325 0.5638471906250001 0.2643801921875
0 0.3802501389792849 0.2758034832333134 0.3778155966591884 0.23953112022211243 0.2072346092424034 0.25098024011379905 0.20966915156249993 0.287252603125
0 0.4051179118681095 0.922632681846598 0.4026833703125 0.8863603187500001 0.2408930287568905 0.8972194212784024 0.24332757031250002 0.9334917843750002
0 0.5616823277676073 0.0847070242367363 0.558957959375 0.044116523437500006 0.37402316441989286 0.0565290460757637 0.3767475328125 0.09711954687499999
0 0.5597474222815564 0.5858543070969373 0.5574867765625 0.5521728312499998 0.39532272459344353 0.5630570179030625 0.39758337031249996 0.59673849375
0 0.3993792924190795 0.8047890025388231 0.397118646875 0.7711075249999999 0.23690807476842055 0.7818605958986768 0.23916872031249997 0.8155420734375
0 0.38946396926279114 0.43998089760488546 0.38720332331908325 0.40629942011070297 0.21478351655629205 0.41787195688081746 0.2170441625 0.45155343437499995
0 0.5619628126216136 0.8281894341281522 0.5596442015624998 0.793644328125 0.40232562331588617 0.8042032939968481 0.40464423437499997 0.8387484000000003
0 0.5607563370331914 0.6469146974370619 0.5585536562500001 0.6140968453125 0.3969161942168088 0.6249456885004381 0.399118875 0.6577635406250001
0 0.5589640202024426 0.5554937843712364 0.5565874436385905 0.5200850499026051 0.3928818437486477 0.5310727030313686 0.3952584203124999 0.5664814374999999
0 0.734002359019967 0.7340276251334414 0.7316257828125 0.6986188906249999 0.5659667081675333 0.7097376561165587 0.5683432843750003 0.7451463906250001
0 0.37952624799383766 0.10173007112137304 0.3768018796875 0.061139570312500016 0.19333219106866234 0.07345375700362697 0.196056559375 0.11404425781250001
0 0.55908142318777 0.1555676661789087 0.5566468812500001 0.11929530312500003 0.37874035493723013 0.13123609944609135 0.381174896875 0.1675084625
0 0.5587776741035594 0.4258185711351046 0.556517028125 0.39213709375000005 0.38800417589644065 0.4034474023023954 0.390264821875 0.43712887968749997
0 0.561299443449718 0.12077636608615638 0.558633040625 0.08104949531250003 0.37666668155028205 0.09326278078884366 0.3793330843750001 0.13298965156250003
0 0.37868241348473164 0.2071512990187423 0.3762478718750001 0.1708789390625 0.2012715615152684 0.18262306348125773 0.20370610312499998 0.21889542343750001
0 0.5595686865218246 0.617046988221895 0.5573080405135905 0.5833655108401052 0.39612072586676594 0.5941841413682103 0.39838137187500006 0.62786561875
0 0.5603516474596356 0.22667233834314066 0.5578591406179927 0.18953635145809794 0.3808911337833571 0.20141415530245727 0.383383640625 0.23855014218749998
0 0.5588366373262714 0.3948018812533488 0.5564600609375 0.35939314843750003 0.38689403142372847 0.37077414374665124 0.3892706078125 0.4061828765625
0 0.5589754956070414 0.5238126375562255 0.55659891875 0.48840390468750006 0.39142821220545854 0.4994898952562745 0.3938047890625 0.534898628125
0 0.7369052982915032 0.642689242292936 0.734528721875 0.607280509375 0.5669161704584967 0.618530390519564 0.569292746875 0.6539391234375
0 0.7387134651032505 0.48509945516195474 0.7362789234374999 0.44882709375 0.5647211958342494 0.46034176827554524 0.5671557374999999 0.49661412968749996
0 0.7354288228701557 0.704584091109203 0.73299428125 0.6683117281250001 0.5677853552548443 0.6794002807657971 0.5702198968750001 0.71567264375
0 0.5578813043959089 0.29382859074669954 0.555504728125 0.2584198578125 0.38545032841659105 0.26983363112830044 0.3878269046875 0.3052423640625
0 0.7403044388867996 0.35403976406606913 0.7379278625000001 0.31863103125 0.5629897704882005 0.3303725906214309 0.5653663468750001 0.3657813234375
0 0.5610408959505027 0.7674549430085836 0.55878025 0.7337734671875 0.40149988998699737 0.7443298694914164 0.4037605359375 0.7780113453124999
0 0.3827657153276358 0.30951365659886 0.3803311734375 0.27324129375 0.2092618159223642 0.28472319027614007 0.21169635781250004 0.32099555312500005
0 0.38336600189612036 0.3430844886821301 0.3810473905205979 0.30853938281950727 0.2110312104994775 0.31995059257487724 0.21334982187499998 0.35449569843750006
0 0.5636106514146171 0.8835423922770509 0.5614659358401051 0.8515881688614092 0.404262015675488 0.8621394406468582 0.40640673125 0.8940936640624999
0 0.5617512208072576 0.7381254056251147 0.5594905749096124 0.7044439299033115 0.4002567384773548 0.7151314461531968 0.402517384375 0.7488129218749999
0 0.39037767555410224 0.4726992665652956 0.38811702968749995 0.4390177890624999 0.2171623322583977 0.4504919896847044 0.21942297812499997 0.4841734671875001
0 0.39871906345219676 0.745835836410406 0.3965163828054927 0.7130179842705978 0.23390218341579588 0.7239323837976918 0.23610486406249995 0.7567502359374999
0 0.7377328403164461 0.6116528923157494 0.7353562640625 0.5762441578125 0.566278604996054 0.5875923733092507 0.56865518125 0.6230011078125001
0 0.40149892998241976 0.8348280400317476 0.3992382843750001 0.8011465624999999 0.2375626043925803 0.8119979693432524 0.23982325000000007 0.8456794468750001
0 0.7385252822085645 0.5163927082914805 0.7360907406179927 0.48012034833309797 0.5645330146594283 0.4916350228541175 0.5669675562500001 0.5279073828125
0 0.7382931058804791 0.5801347891975597 0.7359165296875 0.5447260546875001 0.5648853909945208 0.5562053842399405 0.5672619671875 0.5916141187500001
0 0.3877862534622647 0.40864701212387794 0.3854676421875 0.37410190624999995 0.2130096168502354 0.38567700818862205 0.21532822812500005 0.42022211406250004
0 0.39943351847916314 0.657742422309986 0.3972308375 0.6249245703125 0.22777946589583684 0.636297871440014 0.229982146875 0.6691157234375
0 0.5595655320437837 0.19024769623746263 0.5570730249096125 0.1531117080283116 0.3796166475533289 0.165022291478349 0.38210915468750006 0.20215827968750005
0 0.7439209121350727 0.21631622243246693 0.7414863703125001 0.1800438625 0.5586961519274274 0.1923124447550331 0.5611306937499999 0.22858480468749995
0 0.736073206139447 0.6735260250009467 0.7336966296874999 0.638117290625 0.5675491844855529 0.6492688359365533 0.5699257609374999 0.6846775703125
0 0.7318259552999457 0.8532318915494684 0.7295653091732031 0.8195504141809167 0.5674012569982574 0.8304346023189483 0.569661903125 0.8641160796875
0 0.39764916901813174 0.7159581402358499 0.3955624186455978 0.6848675453195072 0.23204791681496606 0.6958423738336574 0.23413466718749998 0.7269329687500001
0 0.5589166328468349 0.361217312585292 0.55654005625 0.3258085796875 0.386485656215665 0.33722235460220795 0.3888622328125 0.37263108749999996
0 0.5612754286197263 0.6767953525047734 0.5590147827151053 0.6431138751114094 0.39733910097037894 0.6539652835441362 0.39959974687500005 0.6876467609375001
0 0.5590110193505129 0.2592401152148168 0.5566924077010904 0.22469500927760513 0.3827692742880775 0.23636844875028834 0.38508788593749993 0.2709135546875
0 0.39874621333889315 0.6281069411105626 0.39654353281250004 0.5952890890625001 0.2261154241611069 0.6067279448269375 0.22831810468749997 0.639545796875
0 0.7392659312618407 0.4519488594628046 0.7368893545830979 0.4165401250070072 0.5648814780087572 0.42808501398170257 0.5672580546875 0.46349374843749996