0 0.7353570191329705 0.12586221396204872 0.73132384375 0.08976429999999996 0.21055836367952954 0.14794878447545126 0.2145915390625 0.18404669843750002
0 0.7292952697426225 0.6558149043180187 0.7259611779525763 0.6259739609567647 0.25520504570995384 0.6785709628887461 0.2585391375 0.7084119062500001
0 0.7307854262158083 0.8386058950012603 0.7271824562499999 0.806358425 0.27885385659669154 0.8564496253112397 0.2824568265625 0.8886970953125
0 0.7341429670689429 0.22277331224608057 0.73027111875 0.18811931406250007 0.2200431641810571 0.2451264518164195 0.2239150125 0.27978045
0 0.7302986694445301 0.6294432101116082 0.7268570263708114 0.5986396560968408 0.2525532756762813 0.6516330287977325 0.25599491874999997 0.6824365828125
0 0.7313847087293347 0.46146682308212983 0.7280506171875 0.43162588125 0.2442542443956653 0.4856798519178702 0.24758833593749996 0.51552079375
0 0.7348326830046709 0.2836985815843505 0.7311759373275762 0.25096980626926474 0.22630451838540538 0.3073784668724142 0.2299612640625 0.3401072421875
0 0.7327414710299973 0.40411706965834293 0.7292998279525763 0.37331351564426485 0.23847844129757897 0.428152383485922 0.24192008437500007 0.4589559375
0 0.7286355994827481 0.760991668693783 0.7254090593557354 0.7321133388900763 0.2651553395604872 0.7835369186337935 0.26838187968750005 0.8124152484374999
0 0.7306197672549265 0.09244717149739887 0.7264790405864706 0.05538664653015261 0.20825139364404405 0.11328758128275376 0.21239212031249996 0.15034810625
0 0.7309003987361062 0.5458094583759775 0.7276200828124999 0.5164498218750001 0.25081361376389366 0.5697228197490227 0.2540939296875 0.5990824562500001
0 0.7292794361987158 0.70866761012145 0.7259991203125 0.6793079734374999 0.2578861450512842 0.7316096570660501 0.26116646093750007 0.7609692937500001
0 0.7344389887901477 0.19030462943653717 0.7305671402994172 0.15565063146095326 0.21686178900926958 0.2130462973369161 0.22073363750000002 0.24770029531249999
0 0.7288315305774133 0.8100516359992579 0.7258738685775762 0.7835798312692646 0.27361984425016284 0.8341096140200065 0.27657750624999994 0.8605814187499998
0 0.7300192610914198 0.6013977443275778 0.7267389452932353 0.5720381092025764 0.25254052638931557 0.6250197133124986 0.2558208421875 0.6543793484375
0 0.7313838770429493 0.3145351770030666 0.7278346826208114 0.28276901234684104 0.2291189290153622 0.3384899087812744 0.2326681234375 0.3702560734375
0 0.731775975266624 0.4900221910184216 0.7284956592025761 0.4606625531442649 0.24647309487345206 0.5145183386883433 0.24975341093749998 0.5438779765625
0 0.7286904948657116 0.734438238993163 0.7254639544958115 0.7055599076593408 0.2608634877550997 0.7574691452286781 0.26409002812499993 0.7863474765625001
0 0.7345689980408073 0.15864121646061496 0.7305895984182353 0.12302460920257632 0.21246728006492796 0.18091377711696127 0.21644667968750003 0.21653038437499994
0 0.7306156157343857 0.7856445022502618 0.7276041781249999 0.7586913921874999 0.26836024832811417 0.8100021477497382 0.2713716859375 0.8369552578125001
0 0.7307398482997811 0.3746438046732532 0.7272444296874999 0.34335894531249994 0.23377988451271872 0.3984931281392467 0.23727530312499995 0.42977798749999996
0 0.7287608289425055 0.6829209215252846 0.7254267373275762 0.6530799797067648 0.2564093021350707 0.70548271911898 0.25974339374999994 0.7353236609374998
0 0.731111454921309 0.5181407599377028 0.7278311386983878 0.48878112174110583 0.24928597440207864 0.5422483836784031 0.25256629062499997 0.5716080218750001
0 0.732256997285083 0.3450767976806898 0.728707803125 0.313310634375 0.2299920511524171 0.3690315288818103 0.23354124531250003 0.40079769218749994
0 0.7341263358516319 0.25382524536271733 0.7303620388900762 0.22013385939426472 0.22107365460094425 0.2770360218440474 0.2248379515625 0.3107274078125001
0 0.7307015385118927 0.43241270325100417 0.7274749984375 0.4035343734375001 0.24114079898810722 0.45787189206149603 0.2443673390625 0.4867502218750001
0 0.7316781578476644 0.5746534065266262 0.7282902906249998 0.544331159375 0.25141360152733544 0.5976120028483738 0.2548014687499999 0.62793425