0 0.7699333328125 0.4104541671875001 0.25326666718750007 0.41045416718750005 0.25326666718750007 0.4427458328125001 0.7699333328125 0.44274583281250013
0 0.7523370375000001 0.8312125 0.2782629625000001 0.8312125 0.2782629625000001 0.8655875 0.7523370375000001 0.8655875
0 0.7550666671875 0.7232125 0.2717333328125001 0.7232125 0.2717333328125001 0.7575875000000001 0.7550666671875002 0.7575875000000002
0 0.7662296296875 0.44165416718750006 0.2569703703125001 0.44165416718749995 0.2569703703125001 0.4739458328125001 0.7662296296875 0.4739458328125002
0 0.7852259265625 0.07530416718750006 0.2333740734375 0.07530416718750002 0.2333740734375 0.12009583281250007 0.7852259265625 0.1200958328125001
0 0.7527888890625002 0.7499708328125001 0.2750111109375001 0.7499708328125 0.2750111109375001 0.7864291671875001 0.7527888890625002 0.7864291671875001
0 0.765777778125 0.4997333328125001 0.2602222218750001 0.49973333281250004 0.2602222218750001 0.5330666671875001 0.765777778125 0.5330666671875002
0 0.782396296875 0.14636666718750008 0.239803703125 0.14636666718750005 0.239803703125 0.18803333281250006 0.782396296875 0.1880333328125001
0 0.7754629625 0.28311250000000004 0.24953703749999998 0.2831125 0.24953703749999998 0.31748750000000003 0.7754629625 0.3174875000000001
0 0.75644444375 0.6150541671875001 0.2675555562500001 0.6150541671875 0.2675555562500001 0.6473458328125001 0.75644444375 0.6473458328125001
0 0.7601481484375 0.5588541671875001 0.2638518515625001 0.5588541671875 0.2638518515625001 0.5911458328125001 0.7601481484375 0.5911458328125001
0 0.781496296875 0.21535000000000007 0.238903703125 0.21535 0.238903703125 0.2528500000000001 0.781496296875 0.25285000000000013
0 0.7620259265625 0.4715750000000001 0.2601740734375001 0.47157499999999997 0.2601740734375001 0.5028250000000001 0.7620259265625 0.5028250000000002
0 0.7736370375 0.3156125 0.24956296249999999 0.31561249999999996 0.24956296249999999 0.3499875 0.7736370375 0.34998750000000006
0 0.7551148140625001 0.80335 0.2754851859375001 0.80335 0.2754851859375001 0.84085 0.7551148140625001 0.84085
0 0.778740740625 0.24845000000000006 0.24725925937499998 0.24845 0.24725925937499998 0.28595000000000004 0.778740740625 0.2859500000000001
0 0.7472333328125002 0.8559875 0.2805666671875001 0.8559875 0.2805666671875001 0.8966125 0.7472333328125002 0.8966125
0 0.781496296875 0.18102916718750006 0.238903703125 0.18102916718750003 0.238903703125 0.21957083281250003 0.781496296875 0.21957083281250006
0 0.7555925921875 0.6695125000000001 0.2704074078125001 0.6695125 0.2704074078125001 0.7038875000000001 0.7555925921875 0.7038875000000002
0 0.7842481484375 0.11072500000000007 0.2379518515625 0.11072500000000005 0.2379518515625 0.15447500000000008 0.7842481484375 0.15447500000000008
0 0.7629259265624999 0.5294333328125 0.2610740734375001 0.5294333328125 0.2610740734375001 0.5627666671875 0.7629259265624999 0.5627666671875001
0 0.7713333328124999 0.38129583281250007 0.2546666671875001 0.3812958328125 0.2546666671875001 0.41150416718750005 0.7713333328124999 0.41150416718750016
0 0.759696296875 0.5872333328125001 0.2671037031250001 0.5872333328125 0.2671037031250001 0.6205666671875001 0.759696296875 0.6205666671875002
0 0.75601851875 0.6400708328125001 0.2689814812500001 0.6400708328125 0.2689814812500001 0.6765291671875 0.75601851875 0.6765291671875001
0 0.7573925921875001 0.6961125000000001 0.2722074078125001 0.6961125 0.2722074078125001 0.7304875000000001 0.7573925921875002 0.7304875000000002
0 0.7736370375 0.34813333281250003 0.24956296249999999 0.3481333328125 0.24956296250000004 0.38146666718750005 0.7736370375 0.3814666671875001
0 0.7569407406250002 0.7773708328125001 0.2754592593750001 0.7773708328125 0.2754592593750001 0.8138291671875001 0.7569407406250002 0.8138291671875001