0 0.5181549913871706 0.772131647297511 0.1443343531250001 0.7656116421875001 0.14386638673735458 0.7924422183547334 0.517687024999525 0.7989622234647443
0 0.5125109153044316 0.6636773125144312 0.1344340328125001 0.657083071875 0.1340001003205686 0.681962334360569 0.5120769828125001 0.6885565750000001
0 0.511161238727995 0.6184819312920538 0.1287413750000001 0.6118119421875 0.12830744252152998 0.6366912031101905 0.5107273062495249 0.6433611922147442
0 0.5136916885352892 0.6402242580460605 0.13122845625000007 0.6335535124999999 0.1307775067767356 0.6594084326061835 0.5132407390620248 0.6660791781522442
0 0.917541761692598 0.33947160976979934 0.5002912890625 0.3321941218750001 0.4998233226824018 0.3590246980427008 0.9170737953125 0.3663021859375001
0 0.9128981954879369 0.4389726846805645 0.5034867781250001 0.4318319203125 0.5030273201102943 0.4581746684167164 0.9124387374732311 0.4653154327847808
0 0.5140716912362403 0.23110935371554414 0.08982907656250003 0.22370991093749998 0.08934409313875975 0.25151614472195594 0.5135867078125 0.2589155875000001
0 0.49454222353072963 0.15074205253148115 0.08411041875000001 0.1435834921875 0.08359140146879515 0.17334103968326298 0.4940232062495248 0.18049960002724413
0 0.5142141499049615 0.3833610723945276 0.10389076718750004 0.37620440312500003 0.1034142922825386 0.40352280885547254 0.513737675 0.41067947812500005
0 0.5143327084380862 0.2828816365289327 0.09356448125000003 0.27554279218749994 0.09307949781191388 0.3033490259710673 0.513847725 0.31068787031250006
0 0.9174534038885067 0.38933898167138137 0.5010715296875 0.38207664375 0.5006035632989932 0.4089072214536188 0.9169854374999998 0.4161695593750001
0 0.5172287963455513 0.40853041739364837 0.10697047031250007 0.4013748828125001 0.10651952084194886 0.42722980291885176 0.5167778468750001 0.4343853375000001
0 0.5090604785270089 0.5495441001410043 0.12053875156250007 0.542767684375 0.12009631053549127 0.5681347748589957 0.5086180375 0.5749111906250001
0 0.5140148518983916 0.6852459751096354 0.13591628437500008 0.67865135625 0.1354738434141087 0.7040184467653647 0.5135724109375002 0.7106130656250002
0 0.51023277563561 0.5959239296383185 0.12522880625000007 0.5892088687500001 0.12480338214964604 0.6136003031737064 0.509807351535256 0.6203153640620249
0 0.9054048241553962 0.6044945863572686 0.5133436546875001 0.5976564390625001 0.5128756883446038 0.6244870152052315 0.9049368578125001 0.6313251625000001
0 0.928164635769315 0.1528202292812319 0.4881571703125 0.145145825 0.4876211361056849 0.17587903165626817 0.9276286015625 0.18355343593750006
0 0.900295783898604 0.7395095408356468 0.5187011453125001 0.7328539437500001 0.5182501957616522 0.7587088638513781 0.8998448343477561 0.765364460937025
0 0.5166880483135123 0.2571829020802344 0.09159852187500003 0.24976868906250002 0.09112204699898774 0.2770870947947657 0.5162115734375001 0.2845013078125001
0 0.5126523191032752 0.7065089407629858 0.13802814062500007 0.6999749203125 0.13758569964672487 0.7253420107995143 0.512209878125 0.73187603125
0 0.9049712451748293 0.6271287692396134 0.5120197953125001 0.62027509375 0.5115433204501707 0.6475934995103867 0.9044947703125 0.654447175
0 0.9224251990226808 0.2616170865524912 0.49644539375 0.2541873453125001 0.49596041035231925 0.281993580635009 0.9219402156250001 0.28942332187500014
0 0.9027714619277312 0.7174664877319821 0.5168338390625001 0.7107351437500001 0.5163828896347693 0.7365900622680184 0.9023205125000004 0.7433214062500003
0 0.9100232831402888 0.5121651657341336 0.50847260625 0.5051615062500001 0.5080301652972112 0.5305285967658666 0.9095808421875 0.5375322562500002
0 0.9195475365124206 0.3132346881143556 0.49791071406250004 0.30588069531250006 0.4974257306750792 0.33368693063564453 0.919062553125 0.34104092343750014
0 0.9173434938071134 0.3650963159492966 0.5018519000000001 0.3578495062500001 0.5013924421303868 0.3841922543632036 0.9168840359375 0.3914390640625001
0 0.5156155269600379 0.7285469188634539 0.13925415468750013 0.7219825984375001 0.13881171366496242 0.7473496889490464 0.5151730859375001 0.7539140093750002
0 0.9249229445282374 0.18079036043974134 0.4944917296875001 0.17328297968750006 0.4939642039092629 0.20352835674775882 0.9243954187500002 0.2110357375000001
0 0.5104288423649195 0.47982316126924845 0.11404637500000007 0.4729096421875 0.11358691701008061 0.49925239029325164 0.5099693843750001 0.5061659093750002
0 0.9042288672847724 0.6729755159517841 0.5147951718750001 0.6661831953125 0.5143357139652278 0.692525943423216 0.9037694093749999 0.6993182640625001
0 0.9013378133404497 0.5811381675875863 0.5127510328125001 0.5743606171875001 0.5122830663470505 0.6011911933499139 0.9008698468750002 0.6079687437500001
0 0.9076590585645986 0.5581628097968873 0.5103863093750001 0.5512337640625 0.5099183429979015 0.5780643402031129 0.9071910921875 0.5849933859375002
0 0.9232655684486373 0.23510413974662944 0.4963954796875 0.22765887031250004 0.49590198780136274 0.2559529336908707 0.9227720765625002 0.26339820312500006
0 0.9015390416794405 0.7608179549222469 0.5182072093750001 0.7541320593750002 0.5177562598830597 0.7799869794527534 0.9010880921875 0.786672875
0 0.9025753384884018 0.6953768346068686 0.5166377140625001 0.6886454906250001 0.5161867646365984 0.7145004091431316 0.9021243890624999 0.7212317531250001
0 0.5167951552628998 0.7504421389823153 0.14221434843750008 0.7439088749999999 0.14178892442460045 0.7683003078926847 0.5163697312500001 0.7748335718750001
0 0.49513555774509815 0.17734754176141337 0.08639757343750003 0.17021852343749996 0.08586153910313304 0.20095173008586742 0.4945995234107312 0.2080807484097808
0 0.5097450042133278 0.5035405830232846 0.11599001093750005 0.4966728906250001 0.1155390613849034 0.5225278106989962 0.5092940546607311 0.5293955030972807
0 0.5130703670802031 0.20585176299270697 0.08624364843750001 0.19840724999999998 0.08576717351755267 0.22572565575681774 0.5125938921602559 0.23317016874952476
0 0.9208706729751833 0.28684181184480123 0.49482581249999996 0.2794109343750001 0.49431530355912223 0.30868065539671197 0.9203601640343055 0.3161115328665131
0 0.9117157534201523 0.463624961044612 0.5075592875000001 0.45657585312500004 0.5071168465798479 0.4819429436428882 0.9112733125000002 0.48899205156250014
0 0.9247321293347 0.20894604130715577 0.49091326875000013 0.20137957500000003 0.49041977691530036 0.2296736368178444 0.9242386375000002 0.23724010312500013
0 0.5065302233566255 0.33345807708290487 0.09968122812500002 0.3263620062499999 0.09920475320492425 0.3536804120340834 0.5060537484365497 0.3607764828669883
0 0.9153052529922732 0.41404195205241967 0.5023760796875001 0.4068398343750002 0.5018996048202269 0.43415824013508064 0.9148287781250002 0.44136035781250016
0 0.5163641695751339 0.4318125332104251 0.10953686093750004 0.42471684062500004 0.10906889448736616 0.4515474183520749 0.515896203125 0.4586431109375
0 0.5143289166598206 0.3083422611449702 0.09885900937500004 0.301095828125 0.09840805987591039 0.32695074820231046 0.513877967160731 0.33419718122228065
0 0.9102062697594009 0.5354097298933957 0.5077653140625001 0.5283905421875 0.5073143646155993 0.5542454607316045 0.9097553203125003 0.5612646484375002
0 0.5081104947903812 0.4565413533316022 0.11348690937500003 0.44965851249999994 0.11303595989711882 0.47551343260589773 0.5076595453125 0.48239627343749997
0 0.504637584457358 0.3589974065758602 0.10391213281250004 0.352008140625 0.10345267491764203 0.37835088873663975 0.5041781265624999 0.3853401546875
0 0.5080201692735103 0.5274280108813748 0.11954181250000007 0.520652353125 0.11911638853898968 0.5450437859936251 0.5075947453125 0.5518194437499999
0 0.9043031805260643 0.6502468410249694 0.5157163984375001 0.643469290625 0.515248431973936 0.6702998667875308 0.9038352140625001 0.6770774171875001
0 0.9001370219944922 0.7815274525318956 0.5175003093750001 0.7748536812500001 0.5169812920680081 0.8046112302806046 0.8996180046875002 0.8112850015625002
0 0.5096823675580452 0.5727404938617819 0.12637222187500008 0.5660549765625 0.1259297808794549 0.5914220670757182 0.5092399265625 0.5981075843750001
0 0.9107147978856796 0.4875484392957484 0.5082738421875002 0.48052925156250004 0.5078228927393207 0.5063841700792517 0.9102638484375001 0.5134033578125001