0 0.9129851859375 0.7338166671875002 0.4926148140625002 0.7338166671875 0.4926148140625002 0.7629833328125001 0.9129851859375 0.7629833328125002
0 0.923140740625 0.5372583328125 0.491659259375 0.5372583328125 0.491659259375 0.5643416671875001 0.923140740625 0.5643416671875002
0 0.501896296875 0.1984166671875 0.05930370312500002 0.1984166671875 0.05930370312500002 0.22758333281250004 0.501896296875 0.2275833328125001
0 0.9332962968749999 0.3041166671875001 0.490703703125 0.3041166671875001 0.490703703125 0.3332833328125001 0.9332962968749999 0.3332833328125001
0 0.5018777781250001 0.8056958328125001 0.09632222187500009 0.8056958328125001 0.0963222218750001 0.8359041671874999 0.5018777781250001 0.8359041671874999
0 0.9180629625 0.6364166671875001 0.49213703750000004 0.6364166671875 0.49213703750000004 0.6655833328125002 0.9180629625 0.6655833328125003
0 0.4962925921875 0.22521666718750005 0.06110740781250003 0.2252166671875 0.06110740781250003 0.25438333281250003 0.4962925921875 0.2543833328125001
0 0.9245148140625 0.46115833281250007 0.49488518593749997 0.46115833281249996 0.49488518593749997 0.4882416671875001 0.9245148140625 0.4882416671875002
0 0.49818148124999995 0.6596583328125 0.0852185187500001 0.6596583328125 0.0852185187500001 0.6867416671875 0.49818148124999995 0.6867416671875
0 0.49485925937499997 0.5628 0.07634074062500007 0.5628 0.07634074062500007 0.5878 0.49485925937499997 0.5878
0 0.49952962968750014 0.7567583328125 0.0902703703125001 0.7567583328125 0.0902703703125001 0.7838416671874999 0.49952962968750014 0.7838416671874999
0 0.9170888890625 0.6857166671875001 0.4893111109375 0.6857166671875 0.4893111109375 0.7148833328125 0.9170888890625 0.7148833328125002
0 0.49534444375 0.14371666718750004 0.056455556250000025 0.1437166671875 0.056455556250000025 0.1728833328125 0.49534444375 0.17288333281250004
0 0.9190111109375 0.6106958328125001 0.49678888906249996 0.6106958328125 0.49678888906249996 0.6409041671875001 0.9190111109375 0.6409041671875002
0 0.5027888890625001 0.46245833281250004 0.07501111093750007 0.46245833281250004 0.07501111093750007 0.48954166718750003 0.5027888890625001 0.48954166718750003
0 0.9212888890625001 0.5614166671875 0.4935111109375 0.5614166671875 0.4935111109375 0.5905833328125001 0.9212888890625001 0.5905833328125002
0 0.49998148125 0.6843583328125 0.08701851875000008 0.6843583328125 0.08701851875000008 0.7114416671875 0.49998148125 0.7114416671875
0 0.90785555625 0.8067541671875 0.4967444437500002 0.8067541671875 0.4967444437500002 0.8390458328125 0.90785555625 0.8390458328125
0 0.5096888890625 0.6361791671875 0.08191111093750009 0.6361791671875 0.08191111093750009 0.6622208328125 0.5096888890625 0.6622208328125
0 0.9300629624999999 0.3831166671875001 0.5041370374999999 0.3831166671875001 0.5041370374999999 0.41228333281250007 0.9300629624999999 0.4122833328125002
0 0.49633333281249997 0.6104583328125 0.07966666718750007 0.6104583328125 0.07966666718750007 0.6375416671874999 0.49633333281249997 0.6375416671874999
0 0.9111333328125 0.7835583328125001 0.49446666718750015 0.7835583328125 0.49446666718750015 0.8106416671875 0.9111333328125 0.8106416671875
0 0.9342444437499999 0.2767958328125001 0.49535555625 0.2767958328125001 0.49535555625 0.30700416718750007 0.9342444437499999 0.30700416718750007
0 0.49671481406250007 0.4114583328125 0.06708518593750004 0.4114583328125 0.06708518593750004 0.43854166718750004 0.49671481406250007 0.43854166718750004
0 0.4957888890625 0.3328166671875 0.06801111093750004 0.3328166671875 0.06801111093750004 0.36198333281250006 0.4957888890625 0.36198333281250006
0 0.49864074062499997 0.3854583328125 0.06715925937500004 0.38545833281249997 0.06715925937500004 0.41254166718749996 0.49864074062499997 0.41254166718749996
0 0.4986111109375 0.538 0.07638888906250006 0.538 0.07638888906250006 0.563 0.4986111109375 0.563
0 0.9351962968749999 0.2500166671875001 0.492603703125 0.2500166671875001 0.492603703125 0.2791833328125001 0.9351962968749999 0.2791833328125001
0 0.9254888890625 0.43563750000000007 0.4977111109375 0.4356375 0.4977111109375 0.4637625000000001 0.9254888890625 0.4637625000000002
0 0.9245666671875 0.4867583328125001 0.49123333281250003 0.48675833281249997 0.49123333281250003 0.5138416671875001 0.9245666671875 0.5138416671875002
0 0.9393222218749999 0.16749583281250008 0.49487777812499995 0.16749583281250005 0.49487777812499995 0.19770416718750009 0.9393222218749999 0.1977041671875001
0 0.4884333328125 0.3052166671875 0.07176666718750005 0.30521666718749996 0.07176666718750005 0.33438333281250004 0.4884333328125 0.3343833328125001
0 0.505540740625 0.4367583328125 0.07405925937500005 0.4367583328125 0.07405925937500005 0.46384166718750003 0.505540740625 0.46384166718750003
0 0.9365444437500001 0.19581666718750007 0.49765555624999996 0.19581666718750004 0.49765555624999996 0.22498333281250008 0.9365444437500001 0.22498333281250008
0 0.9369962968750001 0.22261666718750012 0.494403703125 0.22261666718750012 0.494403703125 0.2517833328125001 0.9369962968750001 0.2517833328125001
0 0.5014074078125 0.7083583328125 0.08659259218750008 0.7083583328125 0.08659259218750008 0.7354416671874999 0.5014074078125001 0.7354416671874999
0 0.49955555625000014 0.7330791671875 0.08844444375000009 0.7330791671875 0.08844444375000009 0.7591208328125 0.49955555625000014 0.7591208328125
0 0.9203888890625 0.5862166671875001 0.49261111093750004 0.5862166671875 0.49261111093750004 0.6153833328125 0.9203888890625 0.6153833328125001
0 0.5009296296875002 0.7804791671875 0.0916703703125001 0.7804791671875 0.0916703703125001 0.8065208328125 0.5009296296875002 0.8065208328125
0 0.9282148140625001 0.3580375000000001 0.4985851859375 0.3580375000000001 0.4985851859375 0.3861625000000001 0.9282148140625001 0.3861625000000001
0 0.4939370375 0.35965833281250004 0.06986296250000004 0.3596583328125 0.06986296250000004 0.3867416671875 0.4939370375 0.3867416671875001
0 0.9180888890625001 0.6606958328125001 0.49031111093749996 0.6606958328125 0.49031111093749996 0.6909041671875001 0.9180888890625001 0.6909041671875003
0 0.931496296875 0.33101666718750006 0.488903703125 0.33101666718750006 0.488903703125 0.3601833328125001 0.931496296875 0.3601833328125001
0 0.49628518593750004 0.5127791671875 0.07591481406250007 0.5127791671875 0.07591481406250007 0.5388208328124999 0.49628518593750004 0.5388208328124999
0 0.4902629625 0.25261666718750003 0.06433703750000003 0.2526166671875 0.06433703750000004 0.2817833328125 0.4902629625 0.28178333281250006
0 0.4944888890625 0.27993750000000006 0.06671111093750004 0.2799375 0.06671111093750004 0.3080625 0.4944888890625 0.3080625000000001
0 0.498659259375 0.5875 0.08014074062500007 0.5875 0.08014074062500007 0.6125 0.498659259375 0.6125
0 0.5078666671875001 0.48777916718750003 0.07453333281250006 0.48777916718750003 0.07453333281250006 0.5138208328125 0.5078666671875001 0.5138208328125
0 0.5055481484375 0.17057500000000003 0.05925185156250003 0.170575 0.05925185156250003 0.20182500000000006 0.5055481484375 0.2018250000000001
0 0.9134111109375 0.7583166671875001 0.49118888906250013 0.7583166671875 0.49118888906250013 0.7874833328125 0.9134111109375 0.7874833328125002
0 0.92364444375 0.5124583328125001 0.48475555625 0.5124583328125001 0.48475555625 0.5395416671875001 0.92364444375 0.5395416671875002
0 0.9166370374999999 0.7104166671875001 0.4925629625 0.7104166671875001 0.4925629625000001 0.7395833328125001 0.9166370374999999 0.7395833328125001
0 0.9476518515624999 0.13849583281250008 0.4939481484375 0.13849583281250005 0.4939481484375 0.1687041671875001 0.9476518515624999 0.16870416718750014
0 0.9287407406250001 0.4115000000000001 0.497259259375 0.41150000000000003 0.497259259375 0.4365000000000001 0.9287407406250001 0.4365000000000002