0 0.6132601193096753 0.4314961481110752 0.44152890468750006 0.4085368890625 0.43710210256532483 0.44164858938892504 0.6088333171875001 0.4646078484375001
0 0.7795176229612636 0.6792158118759071 0.608275796875 0.656321978125 0.6038489942262364 0.6894336787490931 0.7750908203125 0.7123275125000001
0 0.7970246245303121 0.3925141745013324 0.6208022078125002 0.3689544718750001 0.6162618973446882 0.4029151926861679 0.7924843140625001 0.4264748953125001
0 0.7872243557273959 0.5536777965970997 0.6149170359375 0.5306415140625 0.6103767254951667 0.5646022332956275 0.7826840452850626 0.5876385158302272
0 0.7630415460317315 0.9449793323239385 0.5958573265625001 0.922627971875 0.5909764928255417 0.959135744211124 0.758160712294773 0.9814871046600626
0 0.7776125577381199 0.7096579494950219 0.6093937734375002 0.6871682750000001 0.6050804781993804 0.7194309598799785 0.7732992625 0.7419206343750002
0 0.44982426901780403 0.06916141066651903 0.2626309671875 0.044134978125000036 0.257182595044696 0.08488784089598105 0.444375896875 0.10991427343750004
0 0.6195493603891029 0.29813468708334134 0.44462166718749996 0.27474807968750004 0.4398543411459598 0.31040683655938595 0.6147820343475627 0.33379344395522725
0 0.6008170897140727 0.7419376981330477 0.43642668281250013 0.7199598531250001 0.4319998805984275 0.7530715534294525 0.5963902875 0.7750493984375002
0 0.6144486962747414 0.39939921516140864 0.4417387078125 0.3763091 0.43731190528775865 0.4094208020260915 0.61002189375 0.43251091718750007
0 0.43320150612210906 0.8379335043815146 0.26987659218750015 0.8160981062499999 0.26556329697545367 0.8483607911362124 0.42888821091006263 0.8701961892677271
0 0.5959831590763858 0.8612573495523668 0.4357680062500001 0.83983770625 0.43168172686111445 0.8704023551351334 0.5918968796875002 0.8918219984375002
0 0.6057506414359325 0.590576712021863 0.4389132984375001 0.5682717281250002 0.43448649606406786 0.6013834286031373 0.6013238390625002 0.6236884125000002
0 0.43921997734695173 0.5419306383662441 0.266509990625 0.5188405234375001 0.26208318827804833 0.5519522241337561 0.4347931750000001 0.5750423390625001
0 0.6214648088965415 0.2649402712632762 0.4445795671875 0.24129195312500004 0.43981224110345857 0.2769507099867239 0.6166974828125 0.30059902812500006
0 0.44240022100707954 0.21159797311156758 0.264938871875 0.18787263437500004 0.2600580383679204 0.2243804081384325 0.4375193874999999 0.24810574687500003
0 0.7955548086394932 0.4249378511673993 0.6197350593750001 0.4014319828125001 0.6150812413605068 0.43624172070760087 0.790900990625 0.4597475890625001
0 0.6110375933867043 0.4639844278188944 0.4410904890625 0.4412636890625 0.4364366704705687 0.47607342840366834 0.606383774794773 0.4987941671600627
0 0.7851490571954958 0.5847263105923652 0.613733790625 0.5618092890625002 0.6090799722867771 0.5966190268801975 0.780495238857273 0.6195360484100627
0 0.6306282456291068 0.08596656224068772 0.44490310624999996 0.061136412500000056 0.4394547340583932 0.10188927525931242 0.6251798734375 0.12671942500000005
0 0.5993399653425733 0.7726700370332059 0.43561238437500005 0.7507808046875002 0.4314125967195353 0.7821944724921467 0.5951401776871085 0.8040837048378524
0 0.7816506824381746 0.648439810359406 0.6118770171875001 0.6257422578125 0.6074502140538087 0.6588539596929921 0.7772238793044833 0.6815515122398981
0 0.7682420134416419 0.8587969107369355 0.6001657375 0.8363262890625001 0.5953984113531312 0.871985045485627 0.763474687294773 0.8944556671600626
0 0.8017238056356101 0.32398346048343046 0.6233704015625002 0.3001388609375001 0.6186030756143902 0.3357976192040698 0.7969564796875 0.35964221875000013
0 0.6260644038485962 0.16092284349730107 0.4452640640625001 0.13675110468750007 0.4404967383389039 0.1724098596276991 0.621297078125 0.19658159843750006
0 0.4420902353394104 0.31433122163661514 0.26520499218750004 0.2906829046875001 0.2604376662230897 0.326341662738385 0.43732290937500007 0.34998997968750006
0 0.44490282406890513 0.14317181384392302 0.2628635515625 0.11883443750000003 0.2577557023158053 0.15704024686091253 0.43979497482221036 0.1813776232048355
0 0.441849501092046 0.4457455856057731 0.26602975000000006 0.42223971562499996 0.26137593172045415 0.45704945345672715 0.43719568281250004 0.4805553234375003
0 0.4366911466840541 0.6330179668664384 0.2674935875000001 0.6103974375 0.2631802923510088 0.6426601224012889 0.4323778515350628 0.6652806517677272
0 0.6246162883225415 0.19314823745098314 0.4444478453124999 0.16906097812500004 0.4392264882125211 0.2081158065042442 0.6193949312225626 0.23220306583022726
0 0.4312330341748577 0.8662447088270516 0.27061521250000015 0.8447712296874998 0.26664244061991527 0.8744868598955108 0.4272602622947729 0.8959603390350626
0 0.5972434709866917 0.9173695636207334 0.432822134375 0.8953875828124997 0.42771428526330835 0.9335933926292663 0.592135621875 0.9555753734374999
0 0.7846424837206375 0.6172808399583173 0.6114431109375001 0.594125296875 0.6070163084668625 0.6272369975416828 0.7802156812499998 0.6503925406250001
0 0.44282733077996345 0.178969215315005 0.2645606453125 0.15513620625000005 0.2599068268273094 0.18994594403255763 0.43817351229477286 0.2137789530975626
0 0.6084609009530937 0.49666041650993414 0.4406447859375001 0.47422457812500013 0.4362179834219065 0.5073362803650661 0.6040340984375001 0.5297721187500001
0 0.6297732322912887 0.12252238878770234 0.4456029734375001 0.09790011406250007 0.44026810833371144 0.13780396121229782 0.6244383671875 0.1624262359375001
0 0.5951953246333966 0.8898577540997511 0.43408811718750007 0.8683188484375002 0.43011534567910364 0.8980344771502493 0.5912225531250002 0.9195733828125002
0 0.6017178826250851 0.7116281572804952 0.43692480624999996 0.6895964765625 0.432611511124915 0.721859161469505 0.5974045875 0.7438908421875002
0 0.6037654999656612 0.6214063649178081 0.4384830390625001 0.59930925625 0.4341697437843389 0.631571941332192 0.5994522046875 0.6536690500000001
0 0.43527237924132917 0.6917330774519308 0.2686951953125001 0.669462875 0.2646089160711711 0.7000275225480692 0.4311861000000001 0.722297725
0 0.44247750080625325 0.41493567629503153 0.26634180156250004 0.3913875671875 0.26191499919374694 0.4244992674549685 0.43805069843750005 0.44804737656250004
0 0.6039113265410403 0.652287927632675 0.43862886562500003 0.6301908187499999 0.43431557033395973 0.6624535036173251 0.59959803125 0.6845506125
0 0.5968033762519644 0.8322291775635573 0.4359253984375001 0.8107209187500002 0.43161210343553574 0.8429836036864431 0.59249008125 0.8644918625000002
0 0.7891611321250471 0.521547460553889 0.6162777062500001 0.4984341578125001 0.6116238881874531 0.5332438956961113 0.7845073140625001 0.5563571984375002
0 0.4349587416202298 0.7206595948784283 0.2700789453125001 0.6986163203125001 0.2656521427547704 0.731728020746572 0.43053193906250015 0.7537712953125001
0 0.7632618357804761 0.9172709462710656 0.5981528125000002 0.8951970250000001 0.5940665327642971 0.9257616740139971 0.759175556044773 0.9478355952850628
0 0.6034407512941187 0.6822588386220956 0.4368635656250002 0.6599886359375001 0.4327772862058816 0.6905532848154048 0.5993544718750001 0.7128234875000001
0 0.4341140448793596 0.7795171308710299 0.2707891312500001 0.757681734375 0.26647583634320315 0.7899444193341971 0.4298007499725626 0.811779815830227
0 0.7656014795919279 0.8875499153267423 0.5988508546875001 0.8652565234375003 0.5945375592653452 0.8975192096458207 0.761288184169773 0.9198126015350627
0 0.44082346989541826 0.3475128074272386 0.26540639062500004 0.324060771875 0.2606390642469172 0.35971953025055103 0.43605614351733546 0.3831715658027897
0 0.7760105525820834 0.7386113293384474 0.6070422234375 0.716021446875 0.6023884052304167 0.7508311847240529 0.7713567343750001 0.7734210671875001
0 0.7998917010686494 0.35878190118051556 0.622027684375 0.33500272656250013 0.6172603578958965 0.3706614847021098 0.7951243745895459 0.3944406593201252
0 0.6078338388971554 0.5283685213266399 0.43961505468750006 0.5058788484375 0.4353017595403448 0.53814153492336 0.60352054375 0.5606312078125001
0 0.4331503964758916 0.8099198977540512 0.2704883093750001 0.7881731171875 0.2664020300866087 0.818737766308449 0.42906411718750015 0.8404845468750001
0 0.8040617635470696 0.29014864509387894 0.6237508109375001 0.2660423343750001 0.6189834848904305 0.3017010924061213 0.7992944375000002 0.3258074031250001
0 0.6067732638456482 0.5595865731318764 0.4395332515625002 0.537227753125 0.4352199560563979 0.5694904393132488 0.6024599683395458 0.5918492593201252
0 0.44847452122839127 0.10631617795281123 0.2630095390625 0.08152080781250004 0.2579016895038816 0.11972661889475147 0.44336667166977284 0.14452198903506264
0 0.4389895867066606 0.5719654637861628 0.2662795984375001 0.5488753484375001 0.26185279610583956 0.5819870487138374 0.4345627843750002 0.6050771640625001
0 0.4415733276520862 0.2810107279598088 0.265177471875 0.2574278359375 0.2604101455527492 0.29308659253048086 0.43680600132983544 0.31666948455278965
0 0.7724606824865439 0.7698968728723703 0.6037525093750001 0.7473417718750002 0.5994392143884564 0.77960445681513 0.7681473875000002 0.8021595578125001
0 0.7698480760671859 0.8280838840373288 0.6003903578125 0.8054285734375 0.5957365395578142 0.840238311275171 0.7651942578125001 0.8628936218750001
0 0.4388078634081351 0.894497470082292 0.26877403906250014 0.8717651390625001 0.264006713154365 0.9074238955427081 0.43404053750000005 0.9301562265625
0 0.4408265057113135 0.4779980871966222 0.26656163750000006 0.4547000953125 0.26202132710118675 0.4886608159283779 0.43628619531250007 0.5119588078125001
0 0.4360201438056478 0.6617992245261113 0.2687801343750001 0.6394404046875001 0.26446683880162525 0.6717030910714514 0.4317068482322729 0.6940619109100628
0 0.4401606618733 0.5094680213604231 0.26687456875000004 0.48630088437500013 0.26233425843920016 0.5202616036395771 0.4356203515625001 0.5434287406250001
0 0.6232515961199004 0.22996846547153468 0.44374597812500005 0.20596982187500004 0.43875163669259953 0.24332661421596544 0.6182572546874999 0.26732525781250005
0 0.8073766333188205 0.2545846949185237 0.6244453078125001 0.23012805781250006 0.6194509666811797 0.2674848472689765 0.8023822921875002 0.2919414843750001
0 0.43288159666074516 0.7497845106108653 0.27004607031250016 0.728014540625 0.2657327751593803 0.7602772257370892 0.42856830150762537 0.7820471957229544
0 0.6175501513364975 0.3322139012229256 0.4440906187500002 0.3090235750000001 0.4393232922082757 0.34468233312463725 0.612782824794773 0.3678726593475627
0 0.615428787035784 0.3656137762322646 0.4430347484375 0.34256590000000003 0.43838093012427864 0.37737563803546265 0.6107749687225625 0.40042351426772715
0 0.4372600602942499 0.6023633182530982 0.26739967500000006 0.5796541734375001 0.26285936452796055 0.6136148924517374 0.43271974982221034 0.6363240372673354
0 0.4422656821019852 0.2463903793761717 0.2652070000000001 0.22271887187500003 0.26021265831778784 0.260075662783891 0.43727134041977295 0.28374717028506263
0 0.5988684513429301 0.8017427527970943 0.43456476406250005 0.7797765 0.43025146896957017 0.8120391847029058 0.5945551562500002 0.8340054375000001
0 0.7709708745487391 0.799729448031166 0.6026653703125 0.7772281796875001 0.5982385674609711 0.8103398814236696 0.7665440716972103 0.8328411497673356
0 0.7924708119909694 0.45774513085148555 0.61878205 0.4345241578125001 0.6143552470010138 0.46763585951341274 0.7880440089919832 0.4908568325523982
0 0.4429041576805976 0.38057847162422037 0.2656162468750001 0.35687631718750007 0.26096242825690247 0.3916860549382798 0.43825033906250005 0.4153882093750001
0 0.7915532524390596 0.49007740578755443 0.6168857171875001 0.46672557968750006 0.612458914721003 0.49983728035517283 0.7871264499725625 0.5231891064552272