0 0.9304702157370978 0.6517587794527189 0.5129620328125001 0.6508749921875 0.5129046686379028 0.6779742877347814 0.9304128515625004 0.6788580750000002
0 0.49904782849532847 0.6500825857963994 0.08880181093750007 0.6492141703125 0.08873782775467172 0.6794403079536007 0.4989838453125001 0.6803087234375
0 0.9317441969483069 0.7020705008344115 0.5141897421875001 0.7011866171875 0.5141301718016933 0.7293281944780887 0.9316846265625001 0.7302120781250001
0 0.48811950019023226 0.5250060659769487 0.07791975312500007 0.5241377499999998 0.07785797637225389 0.5533216059046663 0.48805772343748605 0.5541899218816151
0 0.4826963237158436 0.3960180394119316 0.06324535312500004 0.3951301390625 0.06318357628415647 0.4243139949630684 0.48263454687500007 0.42520189531249997
0 0.9262260891988582 0.6275562705736583 0.5143149109375 0.6266843296875 0.5142597529886351 0.6527413434921494 0.9261709312499932 0.6536132843783077
0 0.9211093269206255 0.3158771295489929 0.4960613484375001 0.3149773812500001 0.4959973652668748 0.3452035204510074 0.9210453437500001 0.3461032687500002
0 0.9345397751068447 0.8018564716398278 0.5225823250000001 0.800984434375 0.5225249608306555 0.8280837314851723 0.9344824109375001 0.82895576875
0 0.47650913174937387 0.17941389575733643 0.04026714218750003 0.17849045156250004 0.04019874637562616 0.21080114799266364 0.4764407359375 0.21172459218750003
0 0.9215053394523889 0.36900950142547034 0.5001578500000001 0.3681175859375001 0.5000938667976114 0.39834372513702987 0.9214413562500002 0.3992356406250001
0 0.5052959909584436 0.8002057362894945 0.0987967343750001 0.7993452515624999 0.09873495747905665 0.8285291074605056 0.5052342140625001 0.8293895921875002
0 0.49295549091539775 0.6253550201708423 0.08640996250000008 0.6244944390624999 0.08634597939710234 0.6547205782666576 0.49289150781249996 0.6555811593749999
0 0.5002051267124668 0.7004357519125757 0.09185562656250008 0.6995713531249999 0.0917938498500194 0.7287552090315393 0.5001433499999861 0.7296196078191151
0 0.5144688848479706 0.8249356510196474 0.10033729375000008 0.8240590125 0.1002644854645296 0.8584542739803528 0.5143960765625002 0.8593309125000002
0 0.48707515346591085 0.49968883160564986 0.07502515937500007 0.4988165968750001 0.07496338247158937 0.5280004527693503 0.48701337656250016 0.5288726875
0 0.9250145815363112 0.4211687159748023 0.5000128750000001 0.42026906562500005 0.4999510981511889 0.4494529215251978 0.9249528046875002 0.45035257187500005
0 0.5023947269663731 0.7517500061170755 0.0958491984375001 0.7508894234375001 0.09578521521781255 0.7811155626362252 0.5023307437466855 0.7819761453158007
0 0.4799606283723706 0.3436019758428018 0.05870568125000003 0.34271025625 0.05864611068351461 0.3708518335321843 0.47990105780588516 0.3717435531249861
0 0.47482086757077535 0.15129363325193607 0.03857887812500002 0.15037019062500004 0.03851048242922463 0.182680887060564 0.474752471875 0.18360432968750007
0 0.48109741906697934 0.36939885816372875 0.059796201562500054 0.368507040625 0.059734424683020745 0.3976908965237713 0.48103564218750006 0.3985827140625001
0 0.9205826096870917 0.5243414070956656 0.5067286453125002 0.5234653531250002 0.5066690746879015 0.5516069288451422 0.9205230390624932 0.5524829828158075
0 0.9236890782583661 0.49861187378665683 0.5060883531250001 0.49772789218750013 0.506026576429134 0.5269117496508434 0.9236273015625001 0.5277957312500001
0 0.4946020065515092 0.600364506603817 0.08440225937500008 0.5994961890625 0.0843404825109909 0.6286800449586831 0.49454022968750005 0.6295483625000001
0 0.4729544800508224 0.20806504517438135 0.04235576875000003 0.20715354687500004 0.042291785574177745 0.23737968451311878 0.4728904968750001 0.23829118281250006
0 0.9312102362074277 0.7533789909740403 0.51731 0.7525028406250001 0.5172482231675724 0.7816866965259601 0.9311484593750002 0.7825628468750003
0 0.9222043691840932 0.28856323580267335 0.4934559015625 0.287655653125 0.4933919183125992 0.3178817923223198 0.9221403859341925 0.3187893749999931
0 0.48509722221261037 0.4741695019148353 0.07304722968750006 0.4732972671875001 0.07298545278408237 0.5024811230851579 0.4850354453091927 0.5033533578124931
0 0.9353706302225058 0.826147646829844 0.5212853078125002 0.8252711046875 0.5212147057149946 0.8586240844201564 0.9353000281250002 0.8595006265625005
0 0.9288856829858323 0.7774300138304204 0.5187784796875001 0.7765618921875002 0.5187211154516678 0.8036611892945797 0.9288283187499999 0.8045293109375002
0 0.48266403637441213 0.2622969399989482 0.04646831718750004 0.26137359375 0.04640212768478043 0.2926420131260449 0.4825978468716925 0.293565359374993
0 0.9282755174012978 0.5762092982074495 0.510767334375 0.575325509375 0.5107099700954016 0.602424806476736 0.9282181531216993 0.6033085953091855
0 0.9306623986548137 0.6775745075857741 0.5131542156250001 0.6766907187500001 0.5130968513451865 0.7037900158517262 0.9306050343750002 0.7046738046875002
0 0.48903380184372364 0.4483833586567297 0.07147934687500004 0.44749947187499994 0.07141977627796894 0.47564104915576333 0.48897423124669254 0.47652493593749307
0 0.9265048532689933 0.6017206919573636 0.5126971578125001 0.6008447375000001 0.512639793606007 0.6279440346051367 0.9264474890625 0.6288199890625001
0 0.9323117938620975 0.7284081669527189 0.5148036109375 0.7275243796875002 0.5147462467595953 0.7546236767972744 0.9322544296841926 0.7555074640624931
0 0.5033457282237064 0.7775298169552569 0.09693901406250008 0.7766695296874999 0.09688164990129364 0.803768826794743 0.5032883640624999 0.8046291140624999
0 0.9224740469863623 0.4727147664611815 0.5030693453125001 0.47182696562499993 0.503009774888638 0.4999685429138186 0.9224144765625001 0.5008563437500001
0 0.4892012988080589 0.549502059240526 0.07895527968750006 0.5486336437500001 0.07889129650112672 0.5788597829502747 0.4891373156216856 0.5797281984408006
0 0.48284516124685134 0.422033794100874 0.06709467968750008 0.4211537265625001 0.06703290281564878 0.45033758246162614 0.48278338437500007 0.4512176500000001
0 0.48157947528299677 0.31576804879060283 0.05657776718750005 0.31486839843750003 0.05651599034200337 0.3440522527718973 0.48151769843750014 0.34495190312500007
0 0.9192632362000417 0.2614409154821936 0.48311378906250024 0.2605176687500001 0.48304980598745856 0.2907438063928066 0.9191992531250002 0.29166705312500013
0 0.4833104940820938 0.2904566878519318 0.05090780781250004 0.2895413703125 0.05084603091790625 0.3187252262105683 0.4832487171875 0.31964054375000006
0 0.5036319847455588 0.7254370061155258 0.0933859656250001 0.724568590625 0.09332198243863377 0.7547947298219673 0.5035680015591926 0.755663145312493
0 0.9193477097943825 0.39482025611779686 0.5017007109375 0.3939361734375 0.50163672770231 0.42416231263219617 0.9192837265591924 0.4250463953124931
0 0.9224344847217978 0.4459571358019206 0.5029372421875001 0.4450691375000001 0.502873259024888 0.47529527670138005 0.9223705015591855 0.47618327500330054
0 0.4773640191655083 0.23394806919093533 0.044822518750000026 0.23303245937499995 0.04475412301869119 0.2653431573682501 0.47729562343419946 0.2662587671841855
0 0.927622364211215 0.55069277164523 0.5082639359375001 0.5498050671875001 0.5082065717229637 0.576904364298878 0.9275649999966786 0.5777920687566079
0 0.9240360972950169 0.3414776821856623 0.4989418468750001 0.3405778359375001 0.4988756573891687 0.3718462553176383 0.9239699078091854 0.37274610156580057
0 0.5001265394330658 0.6756000123622183 0.08988052187500008 0.674731596875 0.08981653868862674 0.7049577360752748 0.5000625562466926 0.7058261515624931
0 0.49080652997789775 0.5745203029833423 0.08426100156250008 0.573659721875 0.08419701845960233 0.6038858610791576 0.49074254687499996 0.6047464421875001