0 0.762002525 0.22324257812500004 0.24304636406250002 0.22324257812499998 0.24304636406250002 0.25595742187500004 0.762002525 0.2559574218750001
0 0.7416683250000002 0.835219140625 0.2939361187500001 0.835219140625 0.2939361187500001 0.865980859375 0.7416683250000002 0.865980859375
0 0.7690500874999999 0.08793359375000007 0.23526102343750002 0.08793359375000002 0.23526102343750002 0.12406640625000007 0.7690500874999999 0.1240664062500001
0 0.747370678125 0.4955632812500001 0.2649271000000001 0.49556328125000004 0.2649271000000001 0.5258367187500002 0.747370678125 0.5258367187500002
0 0.7487440203125 0.46821914062500014 0.2619493140625001 0.46821914062500003 0.2619493140625001 0.49898085937500014 0.7487440203125 0.4989808593750002
0 0.7680149296875001 0.12342187500000006 0.23685173593750003 0.12342187500000004 0.23685173593750003 0.15857812500000007 0.7680149296875001 0.15857812500000007
0 0.7420047828125 0.6586722656250001 0.2778663281250001 0.658672265625 0.2778663281250001 0.6855277343750001 0.7420047828125 0.6855277343750001
0 0.7436363625 0.6315074218750001 0.27509252656250005 0.6315074218750001 0.27509252656250005 0.6612925781250001 0.7436363625 0.6612925781250002
0 0.742939975 0.5791074218750001 0.2726600250000001 0.5791074218750001 0.2726600250000001 0.6088925781250001 0.742939975 0.6088925781250002
0 0.7526395921875 0.37973085937500006 0.2571426312500001 0.379730859375 0.2571426312500001 0.4114691406250001 0.7526395921875 0.41146914062500023
0 0.75988086875 0.25499843750000006 0.24699024218750001 0.2549984375 0.24699024218750001 0.28820156250000006 0.75988086875 0.2882015625000001
0 0.7521748781250001 0.4379867187500001 0.2610073437500001 0.43798671875000006 0.2610073437500001 0.4702132812500001 0.7521748781250001 0.4702132812500002
0 0.7426432890625 0.6057957031250001 0.2741211546875001 0.605795703125 0.2741211546875001 0.6346042968750001 0.7426432890625 0.6346042968750002
0 0.7436142968749999 0.5513191406250001 0.2689723687500001 0.551319140625 0.2689723687500001 0.5820808593750001 0.7436142968749999 0.5820808593750002
0 0.7428813281250002 0.785983984375 0.2882697828125001 0.7859839843749999 0.2882697828125001 0.813816015625 0.7428813281250002 0.813816015625
0 0.7475203984375 0.5233632812500001 0.2668129343750001 0.52336328125 0.2668129343750001 0.5536367187500001 0.7475203984375 0.5536367187500002
0 0.7397779687500001 0.81151640625 0.2912753656250001 0.81151640625 0.2912753656250001 0.83788359375 0.7397779687500001 0.83788359375
0 0.7627944796875 0.19079843750000008 0.2412232984375 0.19079843750000006 0.2412232984375 0.22400156250000003 0.7627944796875 0.22400156250000008
0 0.7427534296875 0.7085957031250001 0.2837799046875001 0.7085957031250001 0.2837799046875001 0.7374042968750001 0.7427534296875001 0.7374042968750002
0 0.7436984203125002 0.7351398437500001 0.2856038015625001 0.7351398437500001 0.2856038015625001 0.7634601562500001 0.7436984203125002 0.7634601562500002
0 0.7445625875 0.6838398437500002 0.2812596343750001 0.6838398437500001 0.2812596343750001 0.7121601562500002 0.7445625875 0.7121601562500002
0 0.751085971875 0.34927500000000006 0.25473180625 0.349275 0.25473180625 0.38052500000000006 0.751085971875 0.3805250000000001
0 0.7445618843750001 0.760983984375 0.2864781156250001 0.7609839843749999 0.2864781156250001 0.788816015625 0.7445618843750001 0.7888160156250001
0 0.7532166828125 0.31808671875000005 0.25423665 0.31808671875 0.25423665 0.35031328125000005 0.7532166828125 0.3503132812500001
0 0.7539412421875 0.40921914062500014 0.2567298703125001 0.40921914062500003 0.2567298703125001 0.43998085937500014 0.7539412421875 0.4399808593750002
0 0.7642653390625 0.15786601562500008 0.238321328125 0.15786601562500005 0.238321328125 0.19253398437500008 0.7642653390625 0.19253398437500008
0 0.7590161546874999 0.28625429687500004 0.25045495624999997 0.28625429687500004 0.25045495624999997 0.31994570312500004 0.7590161546874999 0.3199457031250001