0 0.75068051357305 0.5116830234422349 0.7479585218749999 0.48120368906249994 0.24845078486444985 0.525812796870265 0.2511727765624999 0.55629213125
0 0.7515279191587312 0.17103747509852157 0.748028215625 0.13184975937500001 0.21668705896626875 0.17930178583897843 0.22018676250000002 0.2184895015625
0 0.7481520758251692 0.7915601302229917 0.7451276404865632 0.7576942031373631 0.2714415709113941 0.7999972791643715 0.27446600625 0.83386320625
0 0.7479387400225112 0.4527594184456169 0.7452599546874998 0.422763884375 0.23970683497748874 0.4679128815543831 0.24238562031250002 0.497908415625
0 0.7492465569789817 0.3931277282269895 0.7462653281249999 0.35974560000000005 0.2344100273960182 0.40545741864801055 0.23739125625000002 0.438839546875
0 0.7545648392900622 0.10348473601589289 0.7509355171874998 0.06284562343749998 0.2125523669599377 0.1109265421091071 0.2161816890625 0.1515656546875
0 0.7512499210127727 0.6838326260614218 0.7483118984374999 0.6509342984375 0.26427148054972727 0.694162078626078 0.267209503125 0.7270604062499999
0 0.7509285689957185 0.203449612614733 0.747428865625 0.1642618984375 0.21956055600428148 0.21140377801026702 0.22306025937500001 0.2505914921875
0 0.7508404930977983 0.6275970240174722 0.7479456765625001 0.59518249375 0.2587280881522019 0.6388726275450278 0.26162290468750005 0.6712871578125001
0 0.752405350737832 0.5996252913145398 0.749380915625 0.5657593656250001 0.2574623930121679 0.6096907102479602 0.260486828125 0.6435566359374999
0 0.7482964458231899 0.8467855713984902 0.7449695670490633 0.8095330515748632 0.2771362852883733 0.8513134364263732 0.2804631640625 0.8885659562500002
0 0.7508645772705412 0.330507277116332 0.7478401421875001 0.29664135156250004 0.22553419929195884 0.34328647913366805 0.22855863437499999 0.3771524046875
0 0.7525399736700522 0.1377337115028582 0.7489970639240633 0.0980621984498634 0.21415096056651112 0.14582724007200526 0.21769387031249998 0.18549875312500005
0 0.7514889822965114 0.4825479937588904 0.7487669906249999 0.4520686593749999 0.24491819426598854 0.4970654499911095 0.2476401859375 0.5275447843750001
0 0.7508561978633878 0.541429267196178 0.7481342061115632 0.5109499328248632 0.25123110824817546 0.5553264312536853 0.25395310000000004 0.5858057656250001
0 0.7496073523117889 0.8172970817973733 0.7465829170367 0.7834311545614268 0.2737650569124111 0.8256566930765533 0.27678949218749993 0.8595226203124998
0 0.7510198789354792 0.7104632766517285 0.74803865 0.6770811484375001 0.2657025585645208 0.7201567217857716 0.2686837875 0.7535388500000001
0 0.7511842426799906 0.299439132985586 0.7479437765624999 0.2631542125 0.22634554950750924 0.309736135764414 0.22958601562499997 0.34602105625
0 0.7569466750674392 0.06879268501890493 0.7531445281249999 0.026218378125000007 0.20855549993256073 0.0748535212310951 0.21235764687500006 0.117427828125
0 0.748581135166041 0.4240476813329585 0.74559990625 0.3906655546874999 0.23548103045895896 0.4362223030420414 0.238462259375 0.4696044296875
0 0.750143066464511 0.7380064530693102 0.7471618375000001 0.704624325 0.2674303804104891 0.7474672891181899 0.27041160937500003 0.7808494171875001
0 0.7487365352214226 0.570370072962034 0.7459281312499999 0.5389231421875001 0.25503831790357734 0.5827626161004662 0.257846721875 0.6142095468750001
0 0.751186419712141 0.655941555765728 0.7483780156250001 0.6244946234375001 0.26269747403785904 0.6678688770467722 0.26550587812500004 0.699315809375
0 0.7469740256228714 0.36231448962966795 0.743949590625 0.3284485640624999 0.22945755562712855 0.374395860370332 0.23248199062499997 0.40826178593750007
0 0.7507916803916445 0.7651020777151917 0.7477240390625 0.730752353125 0.26879659773335557 0.7735235144723084 0.2718642390625 0.8078732390625
0 0.7520771349236417 0.2682874151425475 0.7487502560991999 0.2310348951864266 0.2236149821130582 0.27793270035637907 0.22694186093749996 0.3151852203125
0 0.7529463473083224 0.23618317463679395 0.7494898499999999 0.19747925781250003 0.22165364175417746 0.24461827067570602 0.22511013906249996 0.28332218749999993