0 0.7155684404614063 0.35555802013678367 0.712884228125 0.3255483171875 0.23095937047609372 0.36865399705071633 0.23364358281250003 0.3986637
0 0.7168143957374833 0.2975088398694445 0.7139450654863518 0.2654295046999013 0.22454686818636857 0.3092036367054569 0.22741619843750005 0.34128297187500006
0 0.7249456600480729 0.703334540868919 0.7225391248613516 0.6764292906374015 0.2721667320007787 0.7167127669559825 0.27457326718749997 0.7436180171875
0 0.7113241015176429 0.4695725526267559 0.7087324484375 0.4405976703124999 0.24533877348235705 0.4820458333107439 0.24793042656249997 0.511020715625
0 0.7314367520599665 0.8329365226727663 0.7285674217363518 0.8008571875124014 0.2854020712388853 0.840496032027135 0.2882714015625 0.8725753671875
0 0.7304000857778059 0.8053287853135787 0.7278084328000987 0.776353902986352 0.2829078970222928 0.8161479489227732 0.28549955 0.84512283125
0 0.7184393769993094 0.26632095080544704 0.715570046875 0.2342416171875 0.22247321987569055 0.2783465726320529 0.22534254999999997 0.31042590625
0 0.7287649687261504 0.7301718369990962 0.726173315625 0.7011969546875 0.27387552189884967 0.7416526489384039 0.27646717500000006 0.77062753125
0 0.7147930514916567 0.38454617138004654 0.7122013984375001 0.3555712890625001 0.2340132094458435 0.39834274424495353 0.23660486250000004 0.42731762656250005
0 0.7191354862815891 0.6019353880827593 0.7166363920488517 0.5739953203249014 0.2606780135797626 0.614778433804642 0.2631771078124999 0.6427185015625
0 0.7281087576561854 0.7807998354533693 0.7255171046874999 0.7518249531250001 0.2806165689063144 0.7916189989216308 0.283208221875 0.82059388125
0 0.7200841217519416 0.6279070791991583 0.7174924687500001 0.5989321968750001 0.2651946751230584 0.6393878895508418 0.26778632812500003 0.6683627718750002
0 0.714688660905017 0.17567341097961017 0.7116342124999999 0.14152444062500003 0.2092147297199829 0.18646325933288982 0.21226917812499996 0.2206122296875
0 0.723692094082083 0.6787336304068433 0.7211929997227033 0.6507935625248027 0.2707825650156203 0.6910804430554593 0.273281659375 0.7190205109375001
0 0.7150545608703351 0.32666432324957356 0.7123703484250987 0.29665462017385186 0.23044549067976364 0.3397603016117783 0.23312970312500006 0.3697700046875
0 0.7183757233544256 0.57668948701175 0.7157840703124999 0.547714603125 0.25793833758307433 0.58866652861325 0.260529990625 0.6176414125
0 0.7287254402244171 0.7564321921768558 0.7260412281249999 0.7264224906249999 0.2774040222755827 0.7665507609481441 0.28008823437499997 0.7965604625
0 0.7157858701833268 0.2066178141116987 0.7127314217363516 0.17246884376240149 0.2121612531155248 0.21724225152570273 0.21521570156249997 0.25139122187499996
0 0.7150805671621545 0.49617347137428547 0.7124889140625 0.4671985890625 0.2453966109628456 0.5089775755007145 0.24798826406250005 0.5379524578125
0 0.7164991499080903 0.523684463570214 0.713907496875 0.49470958125 0.24866450634190973 0.536323155179786 0.251256159375 0.5652980375000001
0 0.7205201984017527 0.6539037573182573 0.7179285453125 0.6249288734375 0.2674800672232474 0.6652191536192427 0.27007172031250004 0.6941940375000001
0 0.7158438607526885 0.4131915698319776 0.7132522078125 0.38421668750000004 0.2387626470598116 0.42665731766802245 0.24135430000000002 0.4556322
0 0.7148652529975641 0.11467821309089965 0.7113480092363517 0.07535515469990138 0.2031903749887877 0.12080722129650175 0.20670761875000002 0.1601302796875
0 0.7186859535632778 0.23605745080526114 0.7158166234374999 0.2039781171875 0.21347322612422198 0.2489101304447389 0.21634255624999996 0.2809894640625
0 0.7177139530347467 0.4411628620075045 0.7151223 0.4121879796875 0.24063273915275318 0.45462861142999555 0.2432243921875 0.4836034937500001
0 0.7151009941531139 0.14595835760163456 0.71176886875 0.10870493593749994 0.205536632409386 0.15398478458586537 0.20886875781249997 0.19123820625
0 0.7169669076917702 0.5507798166988633 0.7143752546875001 0.521804934375 0.2528308907457298 0.5630876848636366 0.25542254374999995 0.5920625671874999