0 0.7201835874535005 0.6414608189497342 0.7198512359375 0.6101602140625 0.20737755785899945 0.6156016873002659 0.20770990937500003 0.6469022921875001
0 0.713514391902947 0.759715174049142 0.7131931187335875 0.7294579203292652 0.2100068940181405 0.7348007790926232 0.21032816718750005 0.7650580328125001
0 0.7319746449016644 0.118560751950232 0.7315204312499999 0.07578325625 0.17070738478583553 0.08173799804976802 0.17116159843749998 0.12451549375
0 0.7354918615345298 0.19028500160374895 0.7350708828125001 0.15063756718750004 0.17428090877797028 0.15659206714625112 0.1747018875 0.19623950156250003
0 0.714361886118363 0.8467984513672329 0.71401845625 0.8144544921874998 0.2145287591941371 0.8197581001952668 0.21487218906250005 0.852102059375
0 0.7141657663688459 0.9302865724002624 0.713800179670735 0.8958559062335875 0.22728676798938907 0.901021732270825 0.22765235468749995 0.9354523984374999
0 0.7251670056549975 0.4587754094886135 0.724790340624824 0.42330139217091123 0.19558232559482644 0.4289205514322978 0.195958990625 0.46439456875000007
0 0.7146795762999435 0.8179034490653381 0.7143583031085872 0.787646195329265 0.21302803305864376 0.7929693478264268 0.21334930624999998 0.8232266015624999
0 0.716714823356003 0.731252864279578 0.7163824718749999 0.6999522578125 0.20762070164399699 0.705354316970422 0.207953053125 0.7366549234375
0 0.7333104879768608 0.2604294250434107 0.7328895093750001 0.22078199062499992 0.17952334639813924 0.22665766245658925 0.179944325 0.26630509687500004
0 0.7126503385889182 0.8995453072725453 0.7123401437499999 0.8703314093750001 0.2240092332860817 0.8755165349149545 0.224319428125 0.9047304328124998
0 0.7195197892457726 0.5809841044588834 0.7191763593748239 0.5486401468584112 0.20483903887905125 0.5541014080245279 0.20518246874999999 0.586445365625
0 0.7164665482040662 0.7886338912357224 0.7161452749834111 0.7583766375001763 0.20924714552934492 0.763758910326954 0.20956841874999999 0.7940161640625001
0 0.7313904003624951 0.22468797035796836 0.7309694218749999 0.18504053593749997 0.17760325588750478 0.1909162062045316 0.17802423437499998 0.23056364062499995
0 0.7233680943022355 0.489105261873957 0.7230135859207351 0.45571794685858746 0.19938881193099953 0.4612778240471306 0.19974332031250003 0.4946651390625001
0 0.7179601111645783 0.6722584779287791 0.7176166812334113 0.6399145187501762 0.2069912669438329 0.6453363673838971 0.207334696875 0.6776803265625
0 0.7211767064861259 0.5196604950995244 0.7208332765457351 0.48731653592108737 0.20278405130960922 0.492817211134063 0.20312748125 0.5251611703125001
0 0.7189094642440377 0.7016993279295983 0.718566034375 0.6693553703124999 0.20422871388096228 0.6748166314454016 0.20457214375000002 0.7071605890625
0 0.7196202830940567 0.6119365653946149 0.7192768531080588 0.5795926062169984 0.20493953251400207 0.5850538689473834 0.20528296249999997 0.617397828125
0 0.7287112953439645 0.3943681289914294 0.7283124734043223 0.3568074000003524 0.18980931243535776 0.362525256946423 0.19020813437499998 0.4000859859375
0 0.7339904494244861 0.15528205236057507 0.7335473140625 0.11354791250000003 0.17274195838801393 0.11950257420192494 0.17318509375 0.1612367140625
0 0.714372502566978 0.8731814619615645 0.7140623078125 0.8439675640624997 0.21830758805802195 0.8492315146009352 0.2186177828125 0.8784454125
0 0.7311545141965714 0.29388930670695834 0.7307446140625 0.255285228125 0.1810980483034287 0.26112140423054164 0.1815079484375 0.2997254828125
0 0.7285310342901823 0.3617135711811437 0.7281322124999999 0.32415284375 0.18777310008481768 0.3298904053813562 0.18817192187500004 0.36745113281249997
0 0.7212869082337292 0.5512347634388137 0.7209324 0.5178474500000001 0.20287548551627083 0.5233482053111863 0.20322999375 0.5567355187499999
0 0.7269526294247595 0.42672188723356186 0.7265648859375 0.3902045125 0.19178132213774063 0.39588287370393815 0.19216906562500002 0.43240024843749997
0 0.7303124297772521 0.32835783953696984 0.7299025296874999 0.28975375937500003 0.1839678702227478 0.29555052140053023 0.1843777703125 0.33415460156250004