0 0.767010396563336 0.502418883158788 0.76322385625 0.4720111812499999 0.266615283124164 0.5338517105912118 0.27040182343749997 0.5642594125
0 0.7456001261468113 0.16277695602276526 0.7407317169720405 0.1236813388947589 0.21267620801272935 0.18943782193449368 0.21754461718750004 0.2285334390625
0 0.7824514921754822 0.7815746421580108 0.7782442250000001 0.7477883062499999 0.3074553937620179 0.8064136156544894 0.31166266093750006 0.8401999515625003
0 0.7604727585970816 0.44376254305791213 0.7567463218750001 0.4138375015625 0.25410203046541857 0.4764296335045879 0.2578284671875001 0.5063546750000001
0 0.7578308071670183 0.3842728897725084 0.7536836435583996 0.3509692140863591 0.2448632535788812 0.4143304305638509 0.2490104171875 0.4476341062500001
0 0.7442365000658318 0.09532185242112204 0.7391877796874999 0.05477824999999999 0.20416161087166812 0.12140275695387792 0.20921033124999994 0.16194635937499996
0 0.7786264531770403 0.6740517077369218 0.77453939375 0.6412306953125001 0.29340862651045974 0.7011438391380784 0.29749568593750003 0.7339648515625001
0 0.747092944879588 0.19511482497100496 0.7422245359375 0.15601920937499997 0.21762803637041195 0.221344956278995 0.22249644531249996 0.26044057187499997
0 0.7745989165617632 0.6179938739131248 0.7705719609375 0.5856555234375 0.2842702287507369 0.6462125854618753 0.288297184375 0.6785509359375
0 0.7743168233515505 0.5900549734199589 0.77010955625 0.5562686375000001 0.2811609235234494 0.6171553078300411 0.28536819062499996 0.6509416437500001
0 0.7860617171486382 0.8366453324528926 0.7814337232458997 0.7994803625238593 0.3165753248472615 0.8573671800709668 0.32120331874999997 0.8945321500000001
0 0.7553931373145822 0.32178162967892837 0.7511858701208997 0.2879952937738592 0.23197090624381742 0.3526509015949308 0.2361781734375 0.3864372375
0 0.7444487378811424 0.12953744295942737 0.7395202249999998 0.08995916406249999 0.2079881605563573 0.1561485664155726 0.21291667343749995 0.1957268453125
0 0.7659387090275575 0.4733411784770702 0.7621521687499999 0.4429334765625 0.2612198347224426 0.5053124246479299 0.265006375 0.5357201265625001
0 0.7691074637748858 0.532071575342401 0.7653209234374999 0.5016638734374999 0.27130660966261405 0.5631813512200987 0.27509315 0.5935890531249999
0 0.7855715045156882 0.8071850529187733 0.7813642372845404 0.7733987170197588 0.3114401546438522 0.8319163437884856 0.31564742187499994 0.8657026796875
0 0.7801014382716385 0.7006139507335037 0.7759542749999999 0.6673102765625 0.2965354664158616 0.7270102383289964 0.3006826296875 0.7603139125000001
0 0.7536348111601259 0.2908025714373964 0.7491270249999998 0.2546029265625 0.23068907790237395 0.3191617754376037 0.2351968640625 0.35536142031250006
0 0.7443244060313847 0.06065559335902119 0.7390352703125 0.018181343749999967 0.19788564709361528 0.0855683800784788 0.20317478281249998 0.12804262968750002
0 0.7591610696173693 0.4151252710305323 0.7550139062500001 0.381821596875 0.24792302257013082 0.44496744459446774 0.25207018593749997 0.47827111875000006
0 0.7810018537055725 0.7281068710697765 0.7768546906250001 0.6948031984374999 0.3000301384819275 0.7541801086177234 0.3041773015625 0.78748378125
0 0.7688242291491798 0.5610050926061548 0.76491748125 0.5296320671875001 0.2769213380383202 0.5904001277063453 0.2808280859375 0.6217731531250001
0 0.7768048543543136 0.6462394238301086 0.7728981062499999 0.6148663968749999 0.2900904768956863 0.6749883542948913 0.2939972249999999 0.70636138125
0 0.7535498217958845 0.3536314952938545 0.7493425546875 0.3198451593750001 0.2379103610166155 0.38353161095614563 0.242117628125 0.41731794687500007
0 0.7833726645785852 0.7551037804980405 0.7791052937499999 0.7208347828125001 0.3031103994839147 0.7801083788769596 0.3073777703125 0.8143773765625
0 0.7524886062729006 0.259714743380411 0.7478606123083995 0.22254977346135935 0.22592856072299888 0.2875437285184484 0.23055655468749997 0.32470869843750005
0 0.7512427427617154 0.2276798131978821 0.7464344371406586 0.18906685648931867 0.2218554850039432 0.25439041985393657 0.22666379062500006 0.29300337656250003