0 0.7344056887243761 0.11052215974635153 0.19539865 0.10282755781250001 0.19486286283812396 0.14035946056614854 0.7338699015625 0.14805406250000006
0 0.7421196450348565 0.14556908944207175 0.20126544843750005 0.1378481171875 0.2007296611928427 0.17538001993260993 0.7415838577901991 0.18310099218718168
0 0.7375985745293276 0.1791608406239485 0.20053121250000006 0.17149392812500003 0.20001030828285407 0.2079832781483526 0.7370776703121817 0.21565019064730104
0 0.7408671664149391 0.21388570387084588 0.2058319953125 0.2062478015625 0.20534085702256086 0.2406520461291542 0.740376028125 0.24828994843750007
0 0.7383600836400821 0.24696396831829373 0.2087738781250001 0.23940385468750006 0.20826785698491818 0.27485065199420644 0.7378540625000001 0.2824107656250001
0 0.7427311213003693 0.2790392609033917 0.21305240000000003 0.2714778265625 0.21253149588713072 0.3079671765966084 0.7422102171875 0.31552861093750006
0 0.7418655821820914 0.3119616030831566 0.2140340234375 0.30442653906250006 0.21351311938040857 0.34091589066684347 0.741344678125 0.34845095468750004
0 0.7524838073591303 0.9072401906257331 0.2726784109375001 0.9003907218749999 0.272157506681069 0.9368800734364486 0.7519629031026992 0.9437295421871819
0 0.7538239331877465 0.8799138452554238 0.2633056437500001 0.8729114453125 0.26284427149975353 0.9052305828695764 0.7533625609375 0.9122329828125002
0 0.7518042316017881 0.8527564311701525 0.2612859421875001 0.84575403125 0.26082456996071224 0.8780731672673477 0.7513428593750001 0.8850755671875001
0 0.7482688331865888 0.8239756921079705 0.25775054375000006 0.8169732921874997 0.25728917150091124 0.8492924297670296 0.7478074609375 0.8562948296875004
0 0.7471832272513688 0.7944874757354209 0.25463274218750004 0.7874560656249999 0.2541416039986314 0.821860310202079 0.7466920890625001 0.8288917203124999
0 0.748306750746645 0.7663738788683623 0.25390910468750005 0.7593160984375001 0.2534179664185542 0.7937203430063196 0.7478156124776991 0.8007781234371818
0 0.7480224178771925 0.7377396554249878 0.2499304515625001 0.7306291375 0.24943931335050679 0.7650333820746938 0.7475312796651992 0.7721438999996817
0 0.7477729289996321 0.7079839152001287 0.2440469656250001 0.70079296875 0.24354094443786806 0.7362397644873714 0.7472669078125 0.7434307109375001
0 0.7481452161764623 0.6793006706546649 0.24460428593750008 0.6721123656250001 0.24412803067591854 0.7054740574923177 0.7476689609148808 0.7126623625219827
0 0.744626500422758 0.6513418702623063 0.24487240937500004 0.6442076234374999 0.24441103705494105 0.6765267609873752 0.7441651281026991 0.6836610078121815
0 0.7447604521362632 0.6203903362799832 0.2412195218750001 0.61320203125 0.24074326661341855 0.6465637231173178 0.7442841968746816 0.653752028147301
0 0.7453563210471059 0.5896456085526387 0.24172287343750004 0.5824559828125 0.24123173520289415 0.6168602273848615 0.7448651828124999 0.624049853125
0 0.7431320850331667 0.5603830601092361 0.23580431875000002 0.5531406968750001 0.23531318059183343 0.5875449398907643 0.7426409468750002 0.5947873031250003
0 0.740135245961586 0.34581426164846574 0.2180301984375 0.33836094531250005 0.21753906028841413 0.37276518835153444 0.7396441078125 0.38021850468750007
0 0.7417690895113872 0.3776127311801678 0.21615475312500004 0.37010931562500005 0.21569338080111292 0.40242845163233243 0.7413077171875001 0.40993186718750013
0 0.7419038851626019 0.4078047960620686 0.22349315937499997 0.40040421562499995 0.22300202104279626 0.4348084601872947 0.7414127468303982 0.44220904062436334
0 0.7438376163295783 0.43916541165418954 0.22542689062500004 0.4317648328125002 0.2249357524204218 0.4661690758458108 0.7433464781250001 0.4735696546875001
0 0.7423999568190529 0.4706989644044973 0.23147038593750002 0.4634051828125 0.23099413068062885 0.49676687468030367 0.7419237015621817 0.504060656272301
0 0.7418856257374505 0.500402091367414 0.23271070000000008 0.49313335781250006 0.23221956174024866 0.5275376023822679 0.7413944874776992 0.5348063359371817
0 0.7441900633794802 0.5301454589749445 0.2349226218750001 0.5228754046875002 0.23441660068270162 0.5583221988598568 0.7436840421871818 0.5655922531473011