0 0.8718234363659034 0.5783461990052225 0.8717682515625 0.552290003125 0.4633826136340968 0.5531549291197775 0.4634377984375001 0.579211125
0 0.45762995408413853 0.6292932392473722 0.4575703546875 0.6011525453125001 0.05830776310336151 0.6019981466901279 0.058367362499999985 0.630138840625
0 0.8577127289617312 0.7675615999797241 0.8576597515591908 0.742547650000007 0.4604315304099596 0.7433889453327829 0.4604845078125 0.7684028953125
0 0.47219102050365125 0.2540931701012652 0.47212700625000015 0.22386798125000001 0.04315242324634889 0.22477651114873481 0.0432164375 0.2550017
0 0.8636186555304219 0.7214231624793446 0.8635656781216909 0.6964092125000069 0.46078959290376903 0.6972622578331624 0.46084257031250003 0.7222762078125
0 0.4636678686677473 0.3843219183399583 0.46361047656249293 0.35722347187169085 0.04961527820724556 0.35810027696923247 0.0496726703125 0.38519872343749995
0 0.8672798640020922 0.6756313386511188 0.8672224718749861 0.6485328921808817 0.46247371256039393 0.6493901144672629 0.46253110468749997 0.6764885609375
0 0.4653478921052544 0.45986082459326755 0.46529049999999994 0.43276237812499996 0.051295303207245554 0.4336391832192324 0.051352695312499995 0.4607376296875
0 0.8542805379853616 0.8162795851483784 0.8542187312500001 0.7870966453125 0.4567437307646385 0.7879384601641218 0.4568055375 0.8171214000000001
0 0.8970653744552941 0.3294778712654919 0.8969969453091908 0.2971681875000069 0.4678989724163968 0.2980769802970151 0.46796740156250005 0.3303866640625001
0 0.8940611080383107 0.354556663846026 0.89399709375 0.32433147343749996 0.4687210841491892 0.3252321705289739 0.46878509843749994 0.35545736093749997
0 0.8816925138778056 0.4795906308462401 0.881635121875 0.45249218437499994 0.4676399251846945 0.45336898790376 0.46769731718749996 0.4804674343750001
0 0.9087351544394867 0.22027094880953507 0.9086689328124861 0.18900351249338165 0.46483835337299934 0.18994350587134656 0.464904575 0.2212109421875
0 0.46742730451148845 0.35829933241151724 0.4673699125 0.3312008859375001 0.047826851738511506 0.3320894394634828 0.04788424375 0.3591878859375
0 0.8907209459172446 0.3800572335785578 0.8906591390625002 0.35087429375 0.4672941134577555 0.3517709429839423 0.46735592031250006 0.3809538828125001
0 0.4760793994213282 0.173281177514265 0.4760109703091907 0.140971493750007 0.043214420887862516 0.141888119360742 0.04328285 0.17419780312499997
0 0.8704417718482494 0.603183919898859 0.8703843796841907 0.5760854734375069 0.46378632971094147 0.576946612913648 0.463843721875 0.604045059375
0 0.45538319985453485 0.6999168605346442 0.45532580781250004 0.6728184140625 0.05982348608296516 0.6736560519653557 0.059880878124999995 0.7007544984374999
0 0.45453825974614726 0.7455234521337334 0.454483075 0.7194672562500001 0.06459031212885283 0.7202930150537669 0.064645496875 0.7463492109375002
0 0.46215629199324565 0.4846815339784456 0.4620989 0.45758308750000004 0.05365156738175434 0.4584481410215546 0.05370895937500001 0.4855465875000002
0 0.9008876305993118 0.30235453533468654 0.9008192015625 0.2700448515624999 0.46617336471318815 0.2709653927903134 0.4662417937500001 0.3032750765625
0 0.9047579665754547 0.2752310947071212 0.9046895375000001 0.24292141250000004 0.4681944146745455 0.24384587091787888 0.46826284375 0.27615555312500006
0 0.87926244057921 0.5296238995910322 0.8792050484375002 0.502525453125 0.4633605625457903 0.5034061754089678 0.4634179546875001 0.530504621875
0 0.4722211829459207 0.20144684431090787 0.4721483390591906 0.16705266406250713 0.044776263925769916 0.16795780100159924 0.0448491078125 0.20235198125
0 0.8709742546640656 0.6270962355271613 0.8709168625 0.5999977890625 0.46431881408593434 0.6008589285353387 0.46437620625 0.627957375
0 0.4616410783532823 0.5083751083891841 0.46158589375 0.4823189125000001 0.0532002544592177 0.4831838353608158 0.0532554390625 0.5092400312499998
0 0.9137973181541561 0.16505002439362762 0.9137288890591975 0.13274034062831622 0.4661380396550415 0.13368829904718857 0.46620646875 0.16599798281249997
0 0.8907171928309733 0.4050713023261829 0.8906553859375 0.3758883624999999 0.46544107279402674 0.37678892892381705 0.4655028796874999 0.40597186875
0 0.4674800491039903 0.27989681325896193 0.46741824218749306 0.2507138734341909 0.051450364958502706 0.25159485705022894 0.05151217187499999 0.28077779687499993
0 0.4558544477403813 0.7222867702904673 0.4558014703091907 0.697272820312507 0.0622718225688094 0.6981062828345397 0.06232479999999999 0.7231202328124999
0 0.9112249117147965 0.19347144784313103 0.9111564828125 0.16116176249999997 0.4672642070352035 0.16210188496936898 0.4673326359375 0.1944115703125
0 0.855902246570923 0.7894569072067161 0.8558514765558816 0.7654852031250139 0.45868495029745865 0.766326367793298 0.45873572031250004 0.7902980718750001
0 0.8773259711407446 0.5530995265427447 0.8772729937499932 0.528085578121691 0.45970261167174853 0.5289699562664463 0.4597555890625 0.5539839046875001
0 0.45989093068657 0.6058752892416142 0.4598313312500001 0.5777345953124999 0.05871945056343014 0.5785841138833858 0.05877905 0.6067248078125
0 0.46459382029262103 0.40963418552343767 0.4645364281216908 0.38253573906250693 0.052390514079069764 0.3834086285390694 0.05244790625000001 0.41050707500000005
0 0.8836182132058721 0.45591491013485663 0.88355640625 0.4267319703125 0.4657392446066278 0.42761687111514324 0.46580105156249985 0.4567998109374999
0 0.46752852642286813 0.3324846074059768 0.46747113437500004 0.30538616093750004 0.046078782952131844 0.30627863165652325 0.046136174999999995 0.333377078125
0 0.4548239312045417 0.8150827839660119 0.45476653906250003 0.7879843375 0.0648120812954583 0.7888102269714883 0.06486947343750002 0.8159086734375001
0 0.4682722537177574 0.3067102085790969 0.4682104468716979 0.2775272687533163 0.05039328377894052 0.2784121679867194 0.050455090625 0.3075951078125
0 0.8878518018538111 0.43141300915411784 0.8877877874933745 0.40118781874670495 0.4643610668895633 0.4020846002175871 0.46442508125000004 0.432309790625
0 0.4540801522568854 0.768216345300953 0.45402717500000006 0.743202396875 0.0641961086806146 0.7440280234490473 0.06424908593749999 0.7690419718750002
0 0.4584147451081767 0.5576304605382534 0.458357353125 0.5305320140625001 0.05545787832932332 0.5313853175867468 0.05551527031250001 0.5584837640625001
0 0.4567340013487319 0.6767009527230228 0.45667660937499993 0.6496025062499999 0.05932499865126813 0.6504440597769772 0.059382390625 0.6775425062499999
0 0.45718130685080444 0.6535286445129898 0.45711949999999313 0.6243457046841907 0.05964449939918863 0.6251875211087011 0.059706306249999994 0.6543704609375001
0 0.47332778467668335 0.2271756325911778 0.47326377030919087 0.19695044218750715 0.04428918563250749 0.19785897365882937 0.0443532 0.22808416406249998
0 0.4546549262182399 0.7903067134591801 0.4546041562466838 0.7663350109341979 0.06483478315344382 0.7671605084125177 0.06488555312499998 0.7911322109375
0 0.8659287129544457 0.6982260646251199 0.8658735281183813 0.672169867187514 0.46118646360143545 0.6730269603748941 0.46124164843749993 0.6990831578125
0 0.8613691007138801 0.7446409765499534 0.8613161234375001 0.7196270265625 0.46038932741112 0.7204761531375466 0.4604423046875 0.7454901031250001
0 0.8797803214678831 0.5054300345441372 0.8797207218716838 0.47728934218419783 0.4656638285288007 0.4781662795150606 0.465723428125 0.5063069718749998
0 0.4667755967892278 0.4348437386557878 0.4667182046841978 0.40774529219081623 0.05272300633246999 0.4086220972850284 0.0527803984375 0.4357205437499999
0 0.45791652792089305 0.5331177355349304 0.45785913593749994 0.5060192890624999 0.05495966114160687 0.5068725925900696 0.05501705312500001 0.5339710390625
0 0.4598745358353723 0.5810405292851004 0.45981714374670474 0.5539420828191254 0.0569176704113324 0.554795387909025 0.056975062499999986 0.581893834375
0 0.8686050436222456 0.6511147527177485 0.8685476515624859 0.6240163062433817 0.4619496032527405 0.6248774441506331 0.4620069953125 0.6519758906249999
0 0.9072366072493205 0.24761032126000537 0.9071681781216837 0.21530063749669784 0.4632759005598632 0.21624076311169244 0.4633443296875 0.248550446875