0 0.7362779455644247 0.3753485054345994 0.7331276670374731 0.34646045331175335 0.25788695428554853 0.39828605256465416 0.2610372328125 0.4271741046875001
0 0.7385586894621524 0.4583847788572283 0.7354084109191369 0.4294967263941102 0.2638672308319846 0.480918886599382 0.2670175093750001 0.5098069390625001
0 0.7513944379040699 0.7949983048642562 0.7479066296874999 0.7630151046875 0.30577951053343 0.8112296232607438 0.30926731875 0.8432128234375
0 0.7363886130227166 0.2887065189067045 0.7329008045007467 0.2567233170374731 0.24822905866553016 0.3095773825057686 0.25171686718749997 0.3415605843750001
0 0.7479010989148216 0.6922877741566019 0.7447508203125001 0.6633997218750001 0.2954068385851786 0.7124012508433983 0.29855711718750005 0.7412893031250001
0 0.7365157810310604 0.5124062222306601 0.7334780125 0.4845498859375 0.2730961642814395 0.5347551058943399 0.2761339328125 0.5626114421875001
0 0.736916265545761 0.3473585482148251 0.733540967169137 0.31640706389411 0.250779723498376 0.3690527859917849 0.25415502187500005 0.4000042703125001
0 0.7351750181675756 0.07685551456480942 0.730674620162473 0.03558686737425324 0.21955954574489733 0.09132461062194384 0.22405994375 0.13259325781250003
0 0.7514708167326516 0.7430329040572875 0.7482080281250001 0.7131131343750001 0.30065307545484843 0.7619195662552125 0.30391586406250004 0.7918393359375
0 0.7375687201741108 0.4856321833260405 0.7345309515625 0.45777584687500006 0.26859980326338934 0.5085862260489598 0.27163757187500004 0.5364425625000002
0 0.7394577548432925 0.22838024172346105 0.7357449265624999 0.19433360781249998 0.24170288265670745 0.24820951452653892 0.2454157109375 0.2822561484375
0 0.7458125019489034 0.6413017852809607 0.7426622234375 0.6124137328125 0.2896187058635967 0.6618186990940395 0.292768984375 0.6907067515625
0 0.7500675707714584 0.7176082833632117 0.7469172921507737 0.6887202309132199 0.2975733088793154 0.7377217600500082 0.3007235875 0.7666098125
0 0.7379628472781582 0.13870622081443035 0.7339124888941099 0.10156443751836326 0.22673988067845166 0.15687225107893296 0.23079023906249999 0.194014034375
0 0.7435113139346082 0.6154739739492664 0.7404735453125 0.5876176375 0.2837912313778917 0.6374194198007337 0.28682899999999995 0.66527575625
0 0.7367756769909712 0.403456782148851 0.7336253984375 0.37456872968749994 0.25838468550902877 0.4263943287886489 0.2615349640625 0.45528238125
0 0.7338768638083155 0.43121301597652134 0.7308390951624731 0.4033566798742533 0.2630581813541576 0.4543687795227319 0.26609594999999997 0.4822251156249999
0 0.7402302686912471 0.5385601439171899 0.7371925000000001 0.51070380625 0.276810651621253 0.5609090263953102 0.27984842031249996 0.5887653640625
0 0.7382434470042354 0.318550151486181 0.7348681484374999 0.2875986656249999 0.2484073733082645 0.3406478266388189 0.251782671875 0.3715993125
0 0.7414165550879209 0.5903669694820982 0.7382662765625 0.5614789171874999 0.2815232261620791 0.6112873227054018 0.2846735046875001 0.6401753750000001
0 0.7376378755956927 0.259305283128365 0.73415006701911 0.22732208126836326 0.24207925861091734 0.2809830247024983 0.24556706718750002 0.3129662265625
0 0.7383841544126761 0.19740743037762482 0.7347838357874731 0.1643925111242533 0.23155369543729692 0.2192703932466285 0.23515401406249997 0.2522853125
0 0.7347326376768778 0.1077305637585193 0.7304572593566367 0.06852534670661006 0.22316318417975906 0.12384640482309076 0.2274385625 0.163051621875
0 0.745668931133114 0.6663522145724062 0.7426311624999998 0.638495878125 0.2914981469918857 0.6876925026150937 0.2945359156249999 0.7155488390625
0 0.7371280109076276 0.16854249680760375 0.7331901624816368 0.13243242951911002 0.2297778187615093 0.18733018114900626 0.23371566718749995 0.2234402484375
0 0.7405728685825568 0.5640795487844572 0.7375350998132468 0.5362232107874731 0.27900302029319 0.5862267120030159 0.28204078906249996 0.61408305
0 0.7507372956045721 0.7668447724438209 0.7475870170007468 0.737956720162473 0.3037923307711746 0.7863530914686524 0.306942609375 0.8152411437500001