0 0.7438103563787596 0.4192943816361412 0.7410211234257373 0.3872686764274408 0.22234277798447763 0.4324422244787997 0.2251320109375 0.4644679296875001
0 0.7413188773797017 0.8420513959240932 0.73834969375 0.8079595140624999 0.2621883538702984 0.8494301040759067 0.26515753750000004 0.8835219859375
0 0.74021632574258 0.7342244646774544 0.737247142040678 0.7001325826892034 0.2518199334855979 0.7424101711367491 0.25478911718749997 0.7765020531250001
0 0.7412116469735839 0.4506984550778358 0.7384224140507373 0.41867274986494063 0.22715676238965332 0.46320069947460485 0.22994599531249998 0.4952264046875
0 0.7482953423096331 0.09648393775396416 0.7444264061031781 0.05206118425170362 0.189901816918545 0.10035671056023945 0.19377075312500003 0.1447794640625
0 0.7390668247711373 0.7631456712961265 0.7359176905017036 0.726987614209322 0.25594401416806634 0.7687902351006954 0.2590931484375 0.8049482921875001
0 0.7429113286765241 0.5096290818098018 0.7400321203125 0.47657028749999986 0.23241981976097598 0.5207800541276979 0.23529902812499995 0.5538388484374999
0 0.7477165696742405 0.16442338135752096 0.7441175593749999 0.1230998890625 0.19901782563825937 0.17057456864247897 0.20261683593750002 0.21189806093749994
0 0.7450031022121916 0.2940215240653671 0.7420339187382372 0.2599296436149407 0.2139837134010456 0.30591941954957375 0.216952896875 0.3400113000000001
0 0.7375753845386132 0.624291450381296 0.7347861514274406 0.5922657437617627 0.24390541220132747 0.6350182996304667 0.2466946453125 0.66704400625
0 0.7392865641514293 0.5679825099033724 0.73649733125 0.5359568046875001 0.23820389678607062 0.5793549572841278 0.24099312968750003 0.6113806625000001
0 0.7489050186210393 0.22909030261395052 0.7456659092517036 0.19189915952182193 0.2007781515681642 0.23935537878287144 0.2040172609375 0.27654652187500006
0 0.7379771936614348 0.47983872051044585 0.7352779359257372 0.4488461014274409 0.23147797195180253 0.49272383716699497 0.2341772296875 0.52371645625
0 0.7443296616574878 0.32655699137978933 0.7413604781249998 0.29246511093750005 0.21516344615501198 0.33829348830771067 0.21813262968749997 0.37238536875
0 0.7433794109197367 0.8171520837188103 0.7401403015507372 0.7799609404899408 0.25826045781850043 0.8219295755211304 0.26149956718749995 0.8591207187499998
0 0.7473225843143173 0.26230451042397107 0.7440834749999999 0.22511336718749994 0.21031476412318267 0.27160118801352884 0.21355387343749999 0.30879233125
0 0.7376309227072017 0.8733754607027151 0.7341218875000001 0.8330850546875 0.26505527729279843 0.873937739297285 0.2685643125 0.9142281453125001
0 0.7477765626640951 0.19593315748613035 0.7444474781249999 0.157708928125 0.19950672639840494 0.2051697628263697 0.2028358109375 0.24339399218750005
0 0.7388362116165001 0.6806829724987927 0.7358670281132371 0.6465910920524408 0.24858664774673694 0.6890300789286481 0.25155583125000003 0.723121959375
0 0.7484843734268938 0.13082211738521704 0.7447054125 0.08743244999999998 0.19579333907310625 0.13523916073978293 0.1995723 0.178628828125
0 0.7411118271883658 0.5394646207322852 0.73823261875 0.506405825 0.23432666656163423 0.5502927917677147 0.23720587499999998 0.5833515874999999
0 0.7439962498205868 0.38805881276555754 0.7413869671875001 0.3580992796875 0.22281460955441332 0.40326359660944255 0.22542389218749997 0.4332231296875001
0 0.7399318600607661 0.597326155372347 0.7370526515625 0.5642673593749998 0.2424125696267339 0.6073473290026528 0.24529177812499997 0.6404061249999999
0 0.7383971778421655 0.6533823930419348 0.7352480436149407 0.6172243359492627 0.2460084985852752 0.6598339538448279 0.24915763281249995 0.6959920109375
0 0.741581827243822 0.7070248710726643 0.7386126437499999 0.6729329906249999 0.25133226338117776 0.7153719773648356 0.25430144687499995 0.7494638578125
0 0.7453942161834912 0.357920986359639 0.7425150077889745 0.32486219191738147 0.21637096973048334 0.3706859539952426 0.21925017812500003 0.4037447484375001
0 0.7441943731667154 0.7900795477277598 0.7410452390625 0.7539214921875 0.25736521589578454 0.7960469116472404 0.26051435 0.8322049671875