0 0.2870832203125 0.3281475328125 0.28576055876939577 0.29296378470175394 0.12088399062499999 0.2991619843749999 0.12220665216810422 0.33434573248574595
0 0.6304695734375 0.6203048546875001 0.6292861398970159 0.5888246578962166 0.47486657493913886 0.594629745256049 0.476050008479623 0.6261099420473324
0 0.31575684218749994 0.6905158468750001 0.31457340832779596 0.6590356500910062 0.16015384212884387 0.6648407390647052 0.16133727598854786 0.6963209358486991
0 0.80569360625 0.8269617578124999 0.8043709446391836 0.7917780097033 0.6446955734375 0.7977806812499998 0.6460182350483165 0.8329644293591997
0 0.63250145625 0.6790090265625001 0.6313180223198694 0.6475288297801143 0.4789789328125 0.6532557078125001 0.4801623667426306 0.6847359045948858
0 0.4674409609375001 0.5966928250000001 0.4662575271204341 0.5652126282150325 0.3066367656250001 0.5712132453125001 0.30782019944206607 0.6026934420974677
0 0.3038456359375 0.482804275 0.30259258794144434 0.4494723001875537 0.1398238046875 0.4555912624999999 0.14107685268355563 0.48892323731244625
0 0.31054709531249997 0.5710477015625 0.30936366158634315 0.5395675048341629 0.1476624218163439 0.545646332814705 0.1488458555425007 0.5771265295430421
0 0.33217420156249994 0.8901731390625001 0.3309907679559621 0.858692942272725 0.1786516780663439 0.8644198187522049 0.17983511167288174 0.89590001554198
0 0.6230232171875001 0.468476325 0.6218397833726391 0.43699612827368856 0.46221902181854907 0.4429967453733612 0.46340245563341 0.4744769420996727
0 0.619769046875 0.3114351234375 0.6184463856131514 0.27625137532033145 0.4504491015038437 0.2825668906272051 0.4517717627656924 0.3177506387443736
0 0.6304320625 0.6490456499999999 0.6292486286285255 0.617565454777909 0.4769095390624999 0.6232923328124998 0.47809297293397446 0.6547725280345907
0 0.45863553281250014 0.4143735296875001 0.4574520987815398 0.3828933329661231 0.295750859375 0.3889721625 0.29693429340596034 0.42045235922137686
0 0.8043170875000001 0.7949436312500001 0.8030640401922 0.7616116564805437 0.643415973322393 0.7676132985005665 0.644669020630193 0.8009452732700229
0 0.792040359375 0.10280781874999997 0.7906480838609837 0.06577229260702373 0.6132613421875 0.0724407875 0.6146536177015163 0.10947631364297625
0 0.7940179109375001 0.17042624843750004 0.7926256357762258 0.13339072228646884 0.6183596124999999 0.13994189843750002 0.6197518876612742 0.17697742458853122
0 0.8005124109375 0.5234143421875002 0.7992593634433873 0.49008236898393254 0.6292089078124999 0.49647506874999997 0.6304619553066126 0.5298070419535675
0 0.616888271875 0.24615380625 0.6155656106535268 0.21097005813190953 0.4506890436913438 0.2171682562522051 0.4520117049128169 0.25235200437029554
0 0.6139645546874999 0.17997286875000004 0.6126418935365409 0.1447891206302993 0.44568484994134394 0.15106552968970505 0.447007511092303 0.18624927780940578
0 0.6424590218749999 0.8534743031250001 0.6412755881349769 0.8219941063382731 0.48789626087884386 0.8277600890647049 0.48907969461886686 0.8592402858514319
0 0.6249923234375001 0.5003460781250001 0.6238088893116462 0.4688658813470837 0.4641881281250001 0.4748665000000001 0.4653715622508539 0.5063466967779165
0 0.30012222343749995 0.4518275296875001 0.2987995621309802 0.41664378157135157 0.1360034734375 0.42276376875 0.13732613474401975 0.45794751686614854
0 0.8011690843749999 0.5554595312500001 0.7998464229769193 0.5202757830772359 0.6308089 0.5266304046875 0.6321315613980806 0.5618141528602643
0 0.31778436562499995 0.7196796984375 0.3166009320747205 0.6881995017051467 0.16218136707239286 0.6940045891255662 0.16336480062267233 0.7254847858579195
0 0.6293659218750001 0.5892778375000001 0.628252101737785 0.559649418753909 0.47281959999999995 0.5654925875 0.47393342013721507 0.5951210062460911
0 0.7966662562499998 0.334926340625 0.7953435949492529 0.2997425925087197 0.6242255937500001 0.30617542499999995 0.625548255050747 0.3413591731162803
0 0.3351931093750001 0.9229825453125002 0.33380083420207335 0.8859470207233693 0.18137983119134388 0.8916769781272048 0.18277210636427058 0.9287125027163358
0 0.6273194375 0.52949866875 0.6261360040033301 0.4980184719577161 0.4665152420679828 0.504019087445754 0.4676986755646527 0.5354992842380379
0 0.2819830281249999 0.26435157187499997 0.28066036664181887 0.22916782370417915 0.11370332187499999 0.23544423437499998 0.11502598335818108 0.27062798254582077
0 0.7946016828124999 0.236268640625 0.7932790215117529 0.2010848925087197 0.6221610203124999 0.20751772499999993 0.6234836816132469 0.24270147311628026
0 0.30405495312499997 0.5124370265625 0.302801905425445 0.4791050533049173 0.1421136 0.4851458031249999 0.14336664769955498 0.5184777763825826
0 0.6415464921875 0.8260969671874998 0.640293444566258 0.7927649939868355 0.48584657499999995 0.7985711093750001 0.48709962262124196 0.8319030825756644
0 0.6148720640625001 0.21338458749999994 0.6135494025068324 0.17820083938954084 0.44867283593749996 0.18439903906249996 0.4499954974931676 0.21958278717295912
0 0.47309374374999996 0.6859288328125002 0.47184069625046954 0.652596858047422 0.3132328686913439 0.6585593953147051 0.31448591619087435 0.6918913700797833
0 0.47003570781250004 0.6267365875 0.4688522738809163 0.5952563907176474 0.30819127337884383 0.6012961140647051 0.3093747073104276 0.6327763108470577
0 0.6199305406249999 0.34437420312499994 0.6186078793448706 0.3091904534466145 0.4537313124413439 0.3153886515647051 0.45505397372147316 0.3505724012430905
0 0.482231871875 0.85899703125 0.48104843827066723 0.8275168345188811 0.3287093499413439 0.8332437109397052 0.3298927835456767 0.8647239076708241
0 0.7969375624999998 0.3664593703125001 0.7956149013999454 0.3312756221916369 0.6234566608788439 0.337747559377205 0.6247793219788983 0.3729313074980682
0 0.6467967484374999 0.9168019500000002 0.6453348596275171 0.8779146504942841 0.4908060765625001 0.8837238453125 0.49226796537248285 0.9226111448182162
0 0.6391568359375001 0.79654618125 0.6379037881830326 0.7632142064907435 0.48553739525384404 0.768942110939705 0.4867904430083114 0.8022740856989616
0 0.8036356859374999 0.7681584281249999 0.802313024530835 0.7329746800111383 0.641597415625 0.73901645625 0.642920077031665 0.7742002043638616
0 0.29229384999999997 0.35806699843749995 0.29104080248624176 0.32473502367274676 0.12411106400384389 0.33101040625220507 0.12536411151760213 0.36434238101695826
0 0.7938992640625001 0.20334989687500005 0.792576602583773 0.16816614720114959 0.620418362441344 0.17463808593970506 0.621741023920071 0.20982183561355555
0 0.6206203875 0.40690808125 0.619367339743994 0.37357610649077855 0.45867903593750003 0.37961685625 0.459932083693506 0.4129488310092214
0 0.4760601609375 0.7725101984375 0.47487672729706204 0.7410300032101335 0.3246181171875 0.7466786687500001 0.32580155082793794 0.7781588639773667
0 0.8070821515625 0.8829344859375 0.8058987174141254 0.8514542907804387 0.6483584359375 0.8573766984374999 0.6495418700858744 0.8888568935945612
0 0.4554622843749999 0.3839509656250001 0.45427885053301986 0.35247076884060136 0.2915373703125 0.358588703125 0.29272080415448004 0.3900688999093988
0 0.8021661531250001 0.5859639046875001 0.8008434917291245 0.5507801565733919 0.6318059702538439 0.557134778127205 0.6331286316497194 0.5923185262413131
0 0.7962218171875 0.301997896875 0.7948991556692149 0.2668141487049807 0.62482139375 0.27320787656249995 0.6261440552682851 0.30839162473251924
0 0.6123743921874999 0.1457857125 0.6110517307043188 0.11060196432917917 0.4440946859375 0.116878375 0.44541734742068106 0.15206212317082082
0 0.7988139859374999 0.4623203 0.7974913244192148 0.4271365518299808 0.6274135625 0.4335302796875 0.6287362240182851 0.46871402785751926
0 0.6449804968749999 0.8821189000000003 0.6437970626840757 0.8506387032235697 0.4893774984375 0.8564437937500001 0.49056093262842426 0.8879239905264307
0 0.618877628125 0.27952485625 0.6175549666440239 0.24434110813783527 0.45059792343750005 0.25061751875 0.4519205849184761 0.28580126686216467
0 0.30927455781249996 0.6022382187499999 0.30809112373006187 0.5707580219710923 0.15159107812499997 0.5766413234375 0.1527745122074381 0.6081215202164076
0 0.48393364062499994 0.8876724421874999 0.48275020675352537 0.8561922469654091 0.3304111171875 0.861919125 0.3315945510589745 0.8933993202220908
0 0.6341029359375001 0.7095908156250001 0.6329195020095745 0.6781106189012704 0.48058041406250007 0.6838374968750001 0.48176384799042565 0.7153176935987297
0 0.3256388609375 0.805101896875 0.32445542689037266 0.7736217001539925 0.1710761 0.779387684375 0.17225953404712738 0.8108678810960075
0 0.48008219374999994 0.829411259375 0.4789683736464112 0.7997828406281411 0.3266565890625 0.8055086921874999 0.32777040916608874 0.8351371109343588
0 0.6126918328125 0.11092602031250001 0.6113691711029349 0.07574227220555516 0.44233164843750006 0.08209689531249997 0.4436543101470652 0.11728064341944482
0 0.7976346171875 0.39887762968750007 0.7963119557531936 0.36369388151556314 0.624153715625 0.37016582031250006 0.6254763770593064 0.40534956848443693
0 0.8087751874999999 0.9148665421874999 0.8074525259580166 0.879682792515094 0.64881739375 0.8856463578125 0.6501400552919833 0.9208301074849059
0 0.32692037187499995 0.8337931062499999 0.32573693806438664 0.8023129126468602 0.17339784999999996 0.8080397906249999 0.17458128381061333 0.8395199842281397
0 0.798158540625 0.42990047656249997 0.7968358792049292 0.39471672844894445 0.6246776390625 0.40118866718749996 0.6260003004825709 0.43637241530105547
0 0.308764028125 0.6318980328125 0.30758059444363306 0.600417837586068 0.1542012671875 0.6061838203125 0.15538470086886694 0.6376640155389319
0 0.4868012812499999 0.9214147328124997 0.48533939236784346 0.882527433308432 0.332891084375 0.8882584171874999 0.33435297325715635 0.9271457166915678
0 0.2922460953125 0.39051325781249996 0.29099304768783407 0.3571812829915729 0.13134498118913884 0.36318292650604894 0.13259802881380475 0.396514901326976
0 0.2859701984375 0.2961454609375 0.2846475371293245 0.260961711259755 0.1166502515038439 0.2672772265647051 0.11797291281201938 0.3024609762424501
0 0.8038862531249998 0.6777250859375001 0.8025635919035267 0.6425413378194096 0.6376870249999999 0.6487395359375001 0.639009686221473 0.6839232840555907
0 0.7924583453125 0.13531074531250004 0.7911356837039287 0.10012699564161456 0.6179372062499999 0.106638040625 0.6192598678585712 0.14182179029588546
0 0.6353163359375001 0.7679511703125 0.6340632880780682 0.7346191954969339 0.48377737343750005 0.7402688890625001 0.4850304212969319 0.7736008638780663
0 0.6352582874999999 0.7373855343749999 0.6340748535698693 0.7059053375926141 0.48173576406249985 0.7116322156249999 0.4829191979926305 0.7431124124073857
0 0.3129094796875 0.6609822640624999 0.31172604550857613 0.6295020672857954 0.15730647968750003 0.6353071578125 0.1584899138664239 0.6667873545892046
0 0.30820454062499997 0.5423963781250001 0.30702110687819834 0.5109161829000624 0.14740034531029494 0.516916799941344 0.14858377905709658 0.5483969951662817
0 0.8004570765624999 0.4929005265625002 0.7991344150815678 0.4577167768299934 0.6269761749391387 0.4641887155685488 0.6282988364200708 0.4993724653010556
0 0.8032282593750001 0.7393601828125 0.8018359841417076 0.7023246566631134 0.6410930703125001 0.708367459375 0.6424853455457924 0.7454029855243867
0 0.8031044812500001 0.6471124796875001 0.801781819513453 0.6119287300195371 0.6358650140625001 0.6181660359375 0.6371876757990471 0.6533497856054631
0 0.3208580468750001 0.74780285 0.3196746130055007 0.716322653274936 0.16525504838104893 0.7221277422483612 0.1664384822505483 0.753607938973425
0 0.47437913125 0.714694071875 0.47319569735364214 0.6832138750918431 0.3156554156227949 0.6891362811913438 0.3168388495191528 0.7206164779745008
0 0.2758365703125 0.16720102812500004 0.2743746810937643 0.1283137286286181 0.10528254843749998 0.13467040468749997 0.10674443765623569 0.17355770418388192
0 0.4756661359375 0.7442863109375002 0.4744827017585762 0.7128061141607956 0.3200631359375 0.7186112046875002 0.3212465701164239 0.7500914014642046
0 0.27437821406250007 0.13433666562500002 0.2728467112799476 0.09359758658416387 0.10060655781250001 0.10007260468749998 0.10213806059505245 0.14081168372833613
0 0.8069212953125 0.8542271093749999 0.8056682473630872 0.8208951346201949 0.64602018125 0.8268967796875 0.6472732291994128 0.860228754442305
0 0.4715377484374999 0.6554195062499999 0.47035431455303944 0.6239393110282057 0.30969331562499997 0.629979034375 0.3108767495094605 0.6614592295967943
0 0.2779817546875 0.19861169218750002 0.27665909330167254 0.1634279440144561 0.10762157031029493 0.16978256556634388 0.1089442316961224 0.20496631373938778
0 0.297136203125 0.4200442187499999 0.29595276909183466 0.38856402196996703 0.13425152812500002 0.39464285156249995 0.13543496215816536 0.42612304834253284
0 0.4786757125 0.8025531796875003 0.47749227857207444 0.7710729829637704 0.325153190625 0.7767998609374999 0.3263366245529255 0.8082800576612297
0 0.7960447515624998 0.26915954218750004 0.7947220904624455 0.23397579406663688 0.6225638499413437 0.24044773125220503 0.6238865110413981 0.2756314793730682
0 0.32211309687499995 0.7782975249999999 0.3209296629448693 0.7468173282176142 0.16859057343749997 0.75254420625 0.1697740073676306 0.7840244030323859
0 0.8022280796875 0.6166035703125001 0.800905418536541 0.5814198221927993 0.6339483749413438 0.587696231252205 0.6352710360923028 0.6228799793719058
0 0.6204628999999999 0.3744435734375 0.6192794658437852 0.3429633766602769 0.45653798749999996 0.34908131249999996 0.45772142165621466 0.3805615092772231
0 0.4538359921874999 0.3528953859375 0.452582944834978 0.3195634111690649 0.28981416082239286 0.3256823703755662 0.29106720817491477 0.35901434514400127
0 0.329222803125 0.8628724499999999 0.327969755544174 0.8295404767984126 0.176643603125 0.835229275 0.17789665070582594 0.8685612482015873
0 0.627880678125 0.5601195625 0.6266972442872982 0.5286393672771379 0.4691569609375 0.5345617734375001 0.4703403947752018 0.5660419686603622
0 0.622414875 0.43695596562500005 0.6212314409668347 0.40547576884496717 0.4595302 0.4115545984375001 0.4607136340331654 0.443034795217533
0 0.803596125 0.7069760640625 0.8022734635554695 0.671792315949503 0.6384371375 0.677951409375 0.6397597989445305 0.7131351574879969
0 0.27898912343750004 0.2320196578125 0.277666461956524 0.19683590970033524 0.11070941875 0.20311232031249998 0.11203208023097604 0.23829606842466475
0 0.44453125781249997 0.12465783125 0.4432085962942149 0.08947408307998075 0.27313083437499996 0.09586781093749999 0.27445349589328505 0.13105155910751926
0 0.4447285734375 0.15899748593750007 0.4434059122453631 0.12381373781873958 0.2733281515625 0.13020746406249997 0.2746508127546369 0.16539121218126046
0 0.446980340625 0.19093078906250002 0.44572729294948 0.157598815863075 0.27671707500000003 0.1639524109375 0.27797012267552007 0.197284384136925
0 0.448718696875 0.22563902031250005 0.44739603535671496 0.1904552721424808 0.2773182734375 0.196849 0.278640934955785 0.2320327481700192
0 0.4499525156249999 0.2580371 0.44862985420268 0.2228533534481302 0.2816728109375 0.2291297640625 0.2829954723598199 0.2643135106143698
0 0.4516482 0.29041781874999995 0.4503255385190239 0.2552340706378352 0.2833684953125 0.26151048125 0.284691156793476 0.2966942293621647
0 0.4535257515625001 0.32093730781250007 0.4523423176853759 0.2894571110289038 0.28648012181413884 0.29569236244354896 0.287663555691263 0.32717255922714517
0 0.4608042359374999 0.4458352312500001 0.4596208017926703 0.414355034472517 0.296879321875 0.42047297031249997 0.2980627560198297 0.45195316708998307
0 0.4629730671875 0.47769747656250006 0.46178963340417606 0.4462172813383963 0.2990481546852949 0.45233521556634393 0.30023158846861886 0.48381541079044776
0 0.4645803359375 0.5068771265625001 0.4633969019043347 0.47539692978246706 0.3016956609375 0.481475759375 0.30287909497066534 0.512955956155033
0 0.465613365625 0.5369536375000001 0.46449954562782503 0.5073252187507112 0.3049060890625 0.513324809375 0.306019909059675 0.5429532281242888
0 0.4687765625 0.5675026796875001 0.4675931286580199 0.5360224829031013 0.30485164843749996 0.5421404171875 0.30603508227948 0.5736206139718988