0 0.4732513518040359 0.16479000557579712 0.4718199390625 0.13258322031249992 0.02731753725846416 0.15233888348670285 0.028748950000000006 0.18454566875000006
0 0.4786578263676688 0.19236888858504805 0.4773649375 0.1632788890625 0.025639950194831194 0.18335555516495194 0.026932839062500002 0.2124455546875
0 0.47024041627203694 0.21908397566820054 0.4690398765624999 0.19207183124999996 0.02484550872796305 0.2118138024567994 0.026046048437500004 0.23882594687499997
0 0.47228579171938845 0.25013505053993507 0.4709467281250001 0.22000612031250005 0.03212309734311162 0.23950939321006498 0.0334621609375 0.2696383234375
0 0.46949560451346184 0.2774203292078853 0.46820271562500004 0.24833032968750005 0.03129254392403823 0.26774855985461476 0.032585432812499995 0.29683855937500003
0 0.47336356984130806 0.30555060672062756 0.47202450625000003 0.27542167656250005 0.033200873908691954 0.29492494952937254 0.034539937500000006 0.3250538796875
0 0.4678422717826959 0.33155818857438357 0.4665493828125 0.3024681890625 0.0333429141548041 0.3217218114256164 0.03463580312499999 0.3508118109374999
0 0.4729970857634617 0.3581114401453853 0.4717041968749999 0.32902144062500005 0.03479402517403822 0.3484396707921148 0.036086914062499996 0.37752967031250007
0 0.9268887542092511 0.26170953640886147 0.925549690625 0.23158060625000004 0.48857791141574874 0.2510015745286386 0.489916975 0.2811305046875
0 0.9250157877464902 0.28863342825306765 0.9237690734375 0.26058235625 0.49062421225350983 0.27983323893443235 0.4918709265625 0.3078843109375
0 0.9157537507389814 0.31580660840150887 0.9145532109375003 0.2887944640625 0.488877360198519 0.3077133915984912 0.4900779 0.3347255359375001
0 0.9187259747958081 0.34459711983602187 0.9174330859375001 0.3155071203125 0.486078470516692 0.33467843641397815 0.487371359375 0.3637684359375
0 0.9140581944920614 0.3695466084708164 0.9128576546874999 0.3425344640625 0.48718180550793866 0.36145339152918365 0.48838234531250013 0.3884655359375001
0 0.9081869001741605 0.3955114531909632 0.9069401859375 0.3674603812499999 0.48490643263833955 0.3862174358715368 0.486153146875 0.4142685078125
0 0.907687081856321 0.4215956631724357 0.9064865421875001 0.39458351875000003 0.48821810251867914 0.41317322589006433 0.4894186421874999 0.4401853703125
0 0.9106830122480188 0.44878617296599277 0.9093901234375004 0.4196961734375 0.48544291431448156 0.43853827078400726 0.48673580312500003 0.46762827031250004
0 0.46787560457258015 0.386520493264236 0.466582715625 0.35743049375 0.03707995011491979 0.376519506735764 0.03837283906250001 0.40560950625
0 0.4661504201745695 0.41178057607912943 0.46485753125 0.38269057656250005 0.0390584688879305 0.4016149801708705 0.040351357812499995 0.4307049796875
0 0.46525504861166034 0.43758256412846314 0.4640083343749999 0.40953149218749996 0.041974581075839554 0.4282885468090368 0.043221295312500005 0.45633961874999995
0 0.4644074576511533 0.46522288076906515 0.46311456875 0.43613288125 0.041019209536346676 0.4548926754809349 0.0423120984375 0.48398267500000003
0 0.4607150471392714 0.4909493125565902 0.4594683328125 0.46289824062500007 0.04113828567322862 0.4814906874434099 0.042385000000000006 0.509541759375
0 0.4603928252409613 0.5159471734965149 0.45914611093749996 0.48789610156250013 0.04451976694653868 0.5063239390034853 0.045766481250000005 0.5343750109375001
0 0.4567706033422293 0.5410917000614834 0.45552388906249996 0.513040628125 0.044601248220270645 0.5313038561885166 0.045847962500000006 0.5593549281250001
0 0.4590767131687866 0.5651524522284384 0.4578761734375001 0.5381403078125001 0.045163286831213414 0.556483102459062 0.04636382656250001 0.5834952468750001
0 0.4581844874416553 0.588335190866509 0.45707629687500007 0.5634009046874999 0.046338476620844796 0.581655920070991 0.0474466671875 0.60659020625
0 0.4630720846392714 0.6151626453690902 0.4618253703125001 0.5871115734375001 0.043495323173228614 0.6057040202559099 0.0447420375 0.6337550921875
0 0.4598643025523305 0.6377487590882109 0.4587099375 0.6117755453124999 0.044206808385169424 0.630197906536789 0.0453611734375 0.6561711203125
0 0.46037856087312523 0.6610896768046363 0.4592703703125 0.636155390625 0.05038440318937485 0.6543281013203638 0.05149259375000002 0.6792623875
0 0.45907559835236017 0.6848319814942962 0.4579674078124999 0.6598976953125 0.052785143835139735 0.6779057966307038 0.05389333437499999 0.7028400828125
0 0.46252708355467187 0.7115025756583049 0.46132654374999993 0.6844904312499999 0.054169213320328057 0.702586313404195 0.055369753125 0.7295984578125
0 0.4556126342406116 0.7344532986869191 0.45450444375 0.7095190125000002 0.05858143919688839 0.7271155903755812 0.05968962968750001 0.7520498765625001
0 0.458126900168453 0.7595874203790569 0.4568801859374999 0.7315363484375 0.05336495139404692 0.7494703577459432 0.05461166562500001 0.7775214296875002
0 0.4596530100944273 0.7805848803481708 0.4584524703124999 0.7535727359375 0.054998843030572654 0.7715040087143293 0.0561993828125 0.7985161531250001
0 0.4577800420812109 0.8025120643089961 0.4566718515625001 0.777577778125 0.05519329073128916 0.7954212700660039 0.056301481249999986 0.82035555625
0 0.4613931995369832 0.8307369442894051 0.4600541359375 0.8006080140625 0.05641568952551679 0.818547501023095 0.057754753125 0.8486764312500001
0 0.9032344897696504 0.47256010691194783 0.9020339500000002 0.44554796249999995 0.4837655102303498 0.46413767121305227 0.48496605 0.49114981562500015
0 0.8997126419877997 0.4992408229605546 0.8984197531250002 0.4701508234375 0.4837318033247005 0.4885813989144453 0.4850246921875 0.5176713984375
0 0.9012607904325926 0.5246552260847961 0.8999679015624998 0.4955652265625 0.4834280986299075 0.514078106727704 0.4847209875000001 0.5431681062500001
0 0.8984493053722034 0.5492224116017825 0.8972487656249999 0.5222102671875 0.4826840290027965 0.5406353665232173 0.48388456875 0.5676475109375
0 0.8977076408422295 0.5729605891239833 0.8964609265625002 0.5449095171875 0.4855382857202707 0.5631727452510168 0.4867850000000001 0.5912238171875001
0 0.8931274576716082 0.5994676541348095 0.8918345687499999 0.5703776546875 0.4845540235783917 0.5884790130526905 0.4858469125 0.6175690125
0 0.8927669002172293 0.6231472547489834 0.8915201859374997 0.5950961828125001 0.48059754509527064 0.6133594108760168 0.481844259375 0.6414104828125
0 0.8859733826501944 0.6471544026441649 0.88468049375 0.618064403125 0.4811036532873055 0.6360011520433352 0.48239654218749994 0.6650911515625001
0 0.8786931995185239 0.6737814707841973 0.8773541359375001 0.6436525406250001 0.47741939423147634 0.6614274182783029 0.47875845781250004 0.6915563484375
0 0.8810437528679065 0.6983399182790244 0.8797508640625 0.66924991875 0.47432217369459356 0.6872689707834755 0.4756150625 0.7163589703125
0 0.879230046054672 0.7197647975333048 0.8780295062500001 0.692752653125 0.47087217582032803 0.7108485352791951 0.472072715625 0.7378606796874999
0 0.8701991260627157 0.7462115114111016 0.8688600625000001 0.71608258125 0.47077717081228443 0.7337751542138985 0.47211623437500005 0.7639040843750001
0 0.8674730100373642 0.7658573084094782 0.8662724703125001 0.7388451640625 0.47207810090013586 0.7563649134655218 0.47327864062499997 0.7833770578125001
0 0.8726330085250652 0.7888126990988846 0.8714324687500001 0.7618005546875 0.4698306945999349 0.7796495227761154 0.471031234375 0.8066616671875
0 0.8720287542168293 0.8150847630402012 0.8706896906250001 0.7849558328125 0.46890309734567087 0.802813015084799 0.47024216093750015 0.8329419453125002