0 0.9551259265625 0.3200750000000001 0.5032740734375001 0.3200750000000001 0.5032740734375001 0.3513250000000001 0.9551259265625 0.3513250000000001
0 0.487996296875 0.648675 0.045403703125000076 0.648675 0.04540370312500008 0.679925 0.487996296875 0.679925
0 0.9518481484375 0.34899583281250013 0.5055518515624999 0.34899583281250013 0.5055518515624999 0.37920416718750005 0.9518481484375 0.37920416718750005
0 0.9393444437499999 0.8888333328125 0.5004555562500002 0.8888333328125 0.5004555562500002 0.9221666671875001 0.9393444437499999 0.9221666671875001
0 0.4852 0.4330375 0.03520000000000005 0.4330375 0.03520000000000005 0.46116250000000003 0.4852 0.46116250000000003
0 0.9412444437499999 0.7315375000000002 0.5023555562500002 0.7315375000000001 0.5023555562500002 0.7596625000000001 0.9412444437499999 0.7596625000000002
0 0.9546259265625 0.40551666718750007 0.5027740734374999 0.4055166671875 0.5027740734374999 0.4346833328125001 0.9546259265625 0.4346833328125002
0 0.48519259218750016 0.7307583328125 0.05000740781250009 0.7307583328125 0.05000740781250009 0.7578416671875 0.48519259218750016 0.7578416671875
0 0.9495740734375 0.5417166671875001 0.5014259265625001 0.5417166671875 0.5014259265625001 0.5708833328125001 0.9495740734375 0.5708833328125003
0 0.48381851875 0.6760166671875 0.046781481250000076 0.6760166671875 0.04678148125000008 0.7051833328125 0.48381851875 0.7051833328125
0 0.9402444437499999 0.7854166671875001 0.5013555562500002 0.7854166671875 0.5013555562500002 0.8145833328125001 0.9402444437499999 0.8145833328125001
0 0.4837481484375 0.45941666718749996 0.037451851562500055 0.45941666718749996 0.037451851562500055 0.4885833328125 0.4837481484375 0.4885833328125
0 0.49028148125 0.29219583281250006 0.02731851875000003 0.2921958328125 0.027318518750000038 0.32240416718750003 0.49028148125 0.3224041671875001
0 0.48702962968749997 0.26175416718750005 0.027770370312500032 0.2617541671875 0.027770370312500032 0.2940458328125001 0.48702962968749997 0.2940458328125001
0 0.4856185187500002 0.8090958328125 0.0485814812500001 0.8090958328125 0.0485814812500001 0.8393041671875 0.4856185187500002 0.8393041671875
0 0.48569259218750016 0.7562166671874999 0.05050740781250009 0.7562166671874999 0.05050740781250009 0.7853833328125 0.48569259218750016 0.7853833328125
0 0.4842407406250002 0.7825166671875 0.05275925937500009 0.7825166671875 0.05275925937500009 0.8116833328125 0.4842407406250002 0.8116833328125
0 0.9406925921875 0.6508166671875001 0.5055074078125 0.6508166671875 0.5055074078125 0.6799833328125 0.9406925921875 0.6799833328125001
0 0.4861444437500001 0.7028958328125 0.047255556250000094 0.7028958328125 0.047255556250000094 0.7331041671875 0.4861444437500002 0.7331041671875
0 0.9523259265625 0.5161583328125001 0.5004740734374999 0.5161583328125 0.5004740734374999 0.5432416671875001 0.9523259265625 0.5432416671875002
0 0.48149629687499995 0.541375 0.038903703125000064 0.541375 0.038903703125000064 0.572625 0.48149629687499995 0.572625
0 0.48477037031250003 0.621575 0.04402962968750008 0.621575 0.04402962968750008 0.652825 0.48477037031250003 0.652825
0 0.9481481484375 0.5690166671875001 0.5018518515625 0.5690166671875 0.5018518515625 0.5981833328125001 0.9481481484375 0.5981833328125001
0 0.9509000000000001 0.48823750000000005 0.5009 0.4882375 0.5009 0.5163625000000001 0.9509000000000001 0.5163625000000002
0 0.481922221875 0.5143166671875 0.03747777812500007 0.5143166671875 0.03747777812500007 0.5434833328125 0.481922221875 0.5434833328125
0 0.950477778125 0.29119583281250006 0.494922221875 0.29119583281250006 0.494922221875 0.3214041671875001 0.950477778125 0.3214041671875001
0 0.485177778125 0.34871666718750005 0.029622221875000042 0.3487166671875 0.029622221875000042 0.3778833328125001 0.485177778125 0.3778833328125001
0 0.9407444437500001 0.7588166671875001 0.5018555562500001 0.7588166671875001 0.5018555562500001 0.7879833328125001 0.9407444437500001 0.7879833328125001
0 0.9407444437500001 0.8630166671874999 0.5018555562500001 0.8630166671874999 0.5018555562500001 0.8921833328125001 0.9407444437500001 0.8921833328125001
0 0.9369925921875 0.8380583328125001 0.5018074078125002 0.8380583328125001 0.5018074078125002 0.8651416671875 0.9369925921875 0.8651416671875
0 0.945796296875 0.6232166671875001 0.503203703125 0.6232166671875 0.503203703125 0.6523833328125 0.945796296875 0.6523833328125002
0 0.9509481484375 0.43251666718750015 0.5046518515625 0.43251666718750004 0.5046518515625 0.46168333281250007 0.9509481484375 0.4616833328125002
0 0.48842962968750003 0.32111666718750004 0.029170370312500044 0.3211166671875 0.029170370312500044 0.3502833328125 0.48842962968750003 0.35028333281250007
0 0.94031851875 0.8116958328124999 0.5032814812500002 0.8116958328124999 0.5032814812500002 0.8419041671875 0.94031851875 0.8419041671875
0 0.487077778125 0.37681666718750007 0.03152222187500005 0.3768166671875 0.03152222187500005 0.40598333281250004 0.487077778125 0.40598333281250004
0 0.9509259265625 0.4601375000000001 0.4990740734375 0.4601375 0.4990740734375 0.4882625000000001 0.9509259265625 0.48826250000000015
0 0.48938148124999997 0.2036541671875 0.02641851875000002 0.20365416718749998 0.026418518750000026 0.23594583281250006 0.48938148124999997 0.2359458328125001
0 0.482396296875 0.5945750000000001 0.039803703125000076 0.5945750000000001 0.039803703125000076 0.6258250000000001 0.482396296875 0.6258250000000001
0 0.9541259265625 0.3775958328125001 0.5022740734375 0.3775958328125001 0.5022740734375 0.40780416718750007 0.9541259265625 0.4078041671875002
0 0.9471962968750001 0.5963166671875001 0.504603703125 0.5963166671875 0.504603703125 0.6254833328125 0.9471962968750001 0.6254833328125001
0 0.48244074062500014 0.8359583328125 0.05095925937500011 0.8359583328125 0.05095925937500011 0.8630416671875001 0.48244074062500014 0.8630416671875001
0 0.48938148124999997 0.17313333281250004 0.02641851875000002 0.1731333328125 0.02641851875000002 0.20646666718750004 0.48938148124999997 0.2064666671875001
0 0.482396296875 0.5680166671875 0.03980370312500007 0.5680166671875 0.039803703125000076 0.5971833328125 0.482396296875 0.5971833328125
0 0.48474814843749997 0.48701666718750003 0.038451851562500056 0.48701666718750003 0.03845185156250006 0.5161833328125 0.48474814843749997 0.5161833328125
0 0.9393925921875 0.6789375000000001 0.5042074078125001 0.6789375 0.5042074078125001 0.7070625 0.9393925921875 0.7070625000000001
0 0.48888148124999997 0.23357500000000003 0.025918518750000036 0.233575 0.025918518750000036 0.26482500000000003 0.48888148124999997 0.2648250000000001
0 0.49217037031250016 0.8856708328125 0.05142962968750011 0.8856708328125 0.05142962968750011 0.9221291671875 0.49217037031250016 0.9221291671875
0 0.4852259265625 0.40441666718749997 0.03337407343750005 0.40441666718749997 0.033374073437500054 0.4335833328125 0.4852259265625 0.4335833328125
0 0.94031851875 0.7042166671875001 0.5032814812499999 0.7042166671875 0.50328148125 0.7333833328125001 0.94031851875 0.7333833328125002
0 0.48469259218750016 0.8601166671874999 0.0495074078125001 0.8601166671874999 0.049507407812500105 0.8892833328125 0.48469259218750016 0.8892833328125