0 0.9709705341574724 0.30559741351891645 0.5070508328125001 0.30216097031250005 0.5068116877175277 0.3344455489810837 0.9707313890625 0.33788199218750004
0 0.9430038385098906 0.8185266052163603 0.5105964812500001 0.8153235875 0.5103650505526097 0.8465667291586397 0.9427724078125002 0.8497697468750001
0 0.4947452614000915 0.7063657573664867 0.06795518593750008 0.7032043484374999 0.06773918391240867 0.7323646129460132 0.49452925937500014 0.7355260218749999
0 0.4940674832265441 0.6543692964271883 0.061721851562500075 0.6511667359375002 0.06150584958595612 0.6803270004478121 0.4938514812500001 0.6835295609375003
0 0.4919422988247509 0.8300246323636953 0.0688559265625001 0.8268906593749998 0.06863992461274929 0.8560509238863044 0.491726296875 0.859184896875
0 0.9691393347346716 0.39383181986267374 0.505312221875 0.39039606406250005 0.5050962199528288 0.4195563285748266 0.9689233328125002 0.42299208437500024
0 0.9498105625913142 0.6629609780582374 0.5099340750000001 0.6597026328125001 0.5096872155336859 0.6930286516292627 0.9495637031250002 0.6962869968750002
0 0.49159859408362755 0.3582997479867086 0.037030740625000044 0.3549325796874999 0.0368147387288725 0.3840928442007914 0.49138259218749997 0.3874600125
0 0.4955452612459766 0.6803759620482768 0.06319962968750008 0.6771734031250001 0.06298362781652361 0.7063336676392232 0.49532925937500005 0.7095362265625
0 0.9547927559605938 0.6364230916296767 0.507539721875 0.63311010625 0.5073005768519061 0.6653946849328235 0.9545536109374998 0.6687076703125001
0 0.9618971428119091 0.5031393344119373 0.5054465734375 0.49975822031250006 0.505222857188091 0.529959924963063 0.9616734265625 0.5333410390625002
0 0.9709082238955602 0.36544959799131893 0.5070811109375 0.3620138406250001 0.5068651089169398 0.39117410513368117 0.9706922218750001 0.3946098625000001
0 0.49099859563310533 0.49577266986122615 0.047541851562500057 0.49248780625000005 0.047325849679394696 0.521648070763774 0.49078259374999994 0.524932934375
0 0.9594883122718239 0.5562710760069453 0.5066797218750001 0.5529169375 0.5064405767906763 0.5852015161805549 0.9592491671875001 0.5885556546875002
0 0.49467275593570975 0.7810904166287547 0.06964194375000009 0.7779420406249999 0.06940279875179037 0.8102266193087452 0.49443361093749993 0.8133749953124999
0 0.49774768837119404 0.8554176263943691 0.0725934250000001 0.8522683359374998 0.07232342256630607 0.8887186689181308 0.49747768593749997 0.8918679593750001
0 0.9636030679008627 0.475256564102733 0.5053006484375 0.4718617312500001 0.5050769320991374 0.5020634358972672 0.9633793515625001 0.5054582687500001
0 0.49113489101806024 0.44108268392641053 0.04397444375000005 0.43777038437499993 0.0437584417944398 0.4669306488860895 0.4909188890625 0.4702429484375001
0 0.9457179419031414 0.7941298963173639 0.5114278703125001 0.7909129328125002 0.511188725284359 0.8231975114951364 0.9454787968750005 0.8264144750000002
0 0.49007859418402455 0.3303930823654284 0.035510740625000044 0.3270259125 0.035294738628475666 0.35618617700957167 0.4898625921875002 0.35955334687500007
0 0.9689578835197942 0.27612901877843155 0.4976925 0.2726381640625 0.49746878366770575 0.30283986872156854 0.9687341671875 0.30633072343750006
0 0.940344607463531 0.8437819119399702 0.5116100921875001 0.8406061015625002 0.5113709472239691 0.87289068024753 0.9401054625 0.8760664906250002
0 0.9581208745013459 0.582777414581783 0.5071950000000001 0.579437221875 0.5069635692486542 0.6106803635432173 0.9578894437500001 0.6140205562500002
0 0.4938572596860874 0.1815414160440212 0.02246842500000002 0.17804964687499997 0.022213851251412568 0.21241710270597883 0.49360268593749995 0.21590887187500005
0 0.4922526691430602 0.46888638861391063 0.045092221875000046 0.46557408906250003 0.044876219919439804 0.4947343535735894 0.49203666718749994 0.498046653125
0 0.4957719284917309 0.6285861683004351 0.05787074062500007 0.6253424562500001 0.0576547386957693 0.654502720762065 0.49555592656250014 0.6577464328125001
0 0.4908711879643225 0.3863897354915509 0.04000703750000005 0.38305 0.0397910354731776 0.41221026450844916 0.49065518593750007 0.41555
0 0.4888274832834565 0.5230520948667967 0.05092629531250008 0.5198083812500001 0.05071029327904379 0.5489686457582035 0.48861148125000015 0.5522123593750001
0 0.9611942371447935 0.5283883041272387 0.5065337968750001 0.52502045 0.5062946519177066 0.5573050286852614 0.9609550921875002 0.5606728828125
0 0.9477342371814433 0.7160576869410965 0.5097404625000002 0.7128132890625001 0.5095013175060568 0.7450978677464035 0.9474950921874999 0.7483422656250001
0 0.49533711287067 0.7566618604765044 0.0703988890625001 0.7535141703124999 0.07018288712933014 0.7826744348359955 0.49512111093750005 0.7858221249999999
0 0.490399509924998 0.15070004309301396 0.026387221875000023 0.14726291562500002 0.02612493382500202 0.18267180846948614 0.4901372218750001 0.18610893593750008
0 0.969746744222209 0.3368457026793432 0.50777148125 0.33342366250000005 0.5075554792152911 0.3625839270081569 0.9695307421875 0.3660059671875001
0 0.9655830394512591 0.42060106517625134 0.5054596296875 0.41719274375 0.5052436277362412 0.4463530082612489 0.9653670375000003 0.4497613296875002
0 0.4901015282526943 0.6032691600014377 0.05778675937500007 0.600066828125 0.05757847174730589 0.6281856556235625 0.4898932406250001 0.6313879875000001
0 0.9414987977616549 0.8675032232583657 0.5052334265625001 0.8642716281249999 0.504963424113345 0.9007219611166345 0.9412287953124998 0.9039535562500003
0 0.9460535549804485 0.7422992488558491 0.5098499078125001 0.7390681109374999 0.5095953340820514 0.7734355667691508 0.9457989812499997 0.7766667046875
0 0.48724386691044586 0.2413242447551343 0.028879723437500025 0.2379289546875 0.028640578402054074 0.27021353336986575 0.487004721875 0.27360882343750004
0 0.9633726391658124 0.4485009287505344 0.5032800921875 0.44509283593750004 0.5030718045841879 0.47321166343696586 0.9631643515625002 0.4766197562500002
0 0.4902748625820707 0.5490793646872472 0.05240453750000007 0.54583588125 0.052196249917929316 0.5739547087502528 0.490066575 0.5771981921875
0 0.48994004697264765 0.5756725068753243 0.05392157500000007 0.572442740625 0.053713287402352504 0.6005615681246755 0.489731759375 0.6037913343749999
0 0.4947815581830842 0.7316618604880778 0.06984333281250009 0.7285141703125 0.06962733087941586 0.757674434824422 0.4945655562500001 0.7608221249999999
0 0.4937564022410289 0.8056212547264421 0.0687873140625001 0.8024733359374998 0.06856359775897138 0.8326750405860578 0.4935326859375001 0.835822959375
0 0.9465816450117422 0.7688404588283326 0.5104397218750001 0.7656097781249999 0.5102005768632579 0.7978943567966672 0.9463425000000001 0.8011250375
0 0.9546712747281416 0.6096266041419034 0.5092700921875 0.6063273359375 0.5090309471468586 0.6386119146080966 0.9544321296875001 0.6419111828125001
0 0.4890215582608645 0.30198992767845967 0.03630555468750003 0.298636475 0.03608955267663544 0.3277967395090404 0.4888055562499999 0.3311501921875001
0 0.4892571429154688 0.272875631290774 0.03280657343750003 0.26949451562500004 0.03258285708453128 0.29969622027172604 0.48903342656250004 0.3030773359375
0 0.49117939479045647 0.21267895052999294 0.025438703125000024 0.20922901875000005 0.02520727239704363 0.24047216040750716 0.4909479640625 0.24392209218750005
0 0.9485623856028264 0.6891682494520762 0.5087167593750002 0.685910134375 0.5084776143971738 0.718194713047924 0.948323240625 0.7214528281250002
0 0.4905260019555602 0.4136826839264106 0.043365554687500044 0.410370384375 0.0431495527319398 0.4395306488860894 0.4903099999999999 0.4428429484375