0 0.7696148359375 0.5184388249999999 0.7687561832233795 0.4880612913972427 0.26562326718749996 0.5022828687499998 0.2664819199016205 0.5326604023527571
0 0.78256881875 0.6654480546875 0.7815993722990231 0.6311508406189996 0.29372451406249994 0.6449411312499999 0.29469396051347685 0.6792383453185002
0 0.7843124546875 0.6933845109375001 0.7833845559250884 0.6605571766224541 0.29820833124875257 0.6742711874558693 0.29913623001116413 0.7070985217709155
0 0.7609825765625 0.36552168125000006 0.7599715824310584 0.32975458742840946 0.2400346171875 0.34445114687499995 0.2410456113189416 0.3802182406965905
0 0.7952634093750001 0.8307888593750002 0.7942939627876496 0.7964916453003713 0.3176463140625 0.8099645890624998 0.31861576064985037 0.8442618031371287
0 0.7566302437499999 0.33418844843750006 0.7555638526170462 0.29646151437705726 0.2346196015625 0.311186546875 0.23568599269545368 0.34891348093544283
0 0.786102559375 0.7214644046874998 0.7852023590262579 0.6896169912896383 0.304416121875 0.7032069156249998 0.30531632222374194 0.7350543290228615
0 0.7472992062499999 0.20387743906250008 0.7461774181687888 0.16419066320632864 0.21645319999999998 0.17916387031249986 0.21757498808121115 0.2188506461686713
0 0.7772918109375001 0.6066953890625001 0.7764331583289675 0.5763178554644881 0.28366382026836956 0.5902464937512473 0.28452247287690213 0.6206240273492594
0 0.7943184078125 0.8571709937500002 0.7933351121850508 0.8223838192463091 0.32269697031125255 0.8356868952683694 0.3236802659387017 0.8704740697720604
0 0.7640106281250001 0.45909914218750003 0.7630411817916174 0.4248019281242844 0.25616643125000005 0.43912926875 0.25713587758338263 0.47342648281321564
0 0.7759718515625 0.5773527890625002 0.7750993496742551 0.5464852949805837 0.27797593906250007 0.56053700625 0.27884844095074496 0.5914045003319165
0 0.7618503218750001 0.39594916874999997 0.7608947247331029 0.36214191512264954 0.24196504531250002 0.37681000156250005 0.24292064245439718 0.4106172551898505
0 0.791000034375 0.7761339515625 0.7900444372535901 0.7423266979801447 0.3108418093296222 0.7558718577696171 0.31179740645103216 0.7896791113519723
0 0.7983085796875 0.9131038312500002 0.7972283392979461 0.8748869351914964 0.3341114859375 0.8879774156250001 0.33519172632705396 0.9261943116835039
0 0.7461163703125001 0.1693532421875 0.7449668837901704 0.12868654545698502 0.211716309375 0.143759428125 0.21286579589732968 0.184426124855515
0 0.7887323187499999 0.749597453125 0.7878044200318552 0.7167701203712128 0.30780998593750003 0.7303376625000001 0.3087378846556447 0.7631649952537873
0 0.7594865609374999 0.42770564531250005 0.7585448130536113 0.39438835216807866 0.2500146249558695 0.4087624859387472 0.250956372839758 0.4420797790831686
0 0.7507528953125 0.2695575484375 0.749631107203997 0.22987077262417657 0.225952309375 0.24467310000000003 0.227074097483503 0.28435987581332345
0 0.774320759375 0.54803131875 0.7734621068551134 0.5176537851559717 0.27292008433086956 0.5318021250012476 0.2737787368507562 0.5621796585952759
0 0.7655646406249998 0.4897406375000001 0.7646090433668615 0.4559333839115001 0.2594974671875 0.47021088906249986 0.26045306444563837 0.5040181426509999
0 0.7464324828125001 0.13612474687500012 0.7452137499453465 0.09300824790367515 0.20401092343749996 0.1083059109375 0.20522965630465367 0.15142240990882497
0 0.7766097484374999 0.6366618171875 0.775681849785771 0.6038344844366975 0.2913692578125 0.6175240828125 0.2922971564642289 0.6503514155633026
0 0.7923286296875 0.8039138500000002 0.7913730324566152 0.7701065964127249 0.3147612984375 0.7835785234375 0.31571689566838473 0.8173857770247752
0 0.7489497765624998 0.23678163125 0.7478556869233892 0.19807477470894697 0.220794190625 0.2129727171875 0.22188828026411062 0.25167957372855304
0 0.7980605078125 0.883822334375 0.7970633629064078 0.8485452009907967 0.32811657187500004 0.8618004703125001 0.32911371678109225 0.8970776036967034
0 0.7551460046875 0.30193819687500006 0.7540657643812458 0.2637213008202398 0.23049470464336955 0.27852058125124746 0.2315749449496237 0.31673747730600776