0 0.7407428321830565 0.5040204932933249 0.7400369812493706 0.4688594437186457 0.5690446475038141 0.47229208011282087 0.5697504984375 0.5074531296875
0 0.3973079057987453 0.6654710948783537 0.39660205468749987 0.6303100453124999 0.22769501295125463 0.6337008207466461 0.22840086406250001 0.6688618703124999
0 0.5542282709235008 0.8692104894076363 0.5535967203125001 0.8377506015625 0.39731100407649933 0.8408880043423638 0.39794255468750006 0.8723478921875001
0 0.3976584837179775 0.5080567987679997 0.39702693281249996 0.4765969109375 0.22510149909452246 0.48004827935700034 0.22573305000000002 0.5115081671875
0 0.7345569731767939 0.6615000948679539 0.7338511218122915 0.6263390437512588 0.5670293798854977 0.629687958258305 0.5677352312500001 0.664849009375
0 0.39253076816669796 0.7840334339464878 0.3918249171875 0.7488723859374998 0.23021641464580195 0.752116644178512 0.23092226562499993 0.7872776921875
0 0.5727520822538155 0.20692984409788945 0.5719719312493706 0.16806763278114578 0.4008700474330551 0.1715024683707564 0.4016501984375 0.21036467968750006
0 0.723677372361369 0.9042497949103414 0.722971521875 0.8690887437500002 0.559277721388631 0.8723748613396589 0.5599835718749999 0.9075359125
0 0.39656500251238824 0.41365734957294487 0.3958591515311457 0.3784963000006294 0.22382416776875752 0.38194986761518457 0.22453001875000003 0.4171109171875
0 0.3945398278220017 0.9358019487736101 0.39375967653114574 0.8969397343756296 0.22995632527164403 0.9002280543520197 0.23073647656250001 0.9390902687500002
0 0.724756048004879 0.8750364089399276 0.7240501968749999 0.8398753593750001 0.5603563957451209 0.8431614801225725 0.561062246875 0.8783225296875001
0 0.5574637742325448 0.7497052991779938 0.5567950734368704 0.7163948296561455 0.39836928982932557 0.7195751945406519 0.399037990625 0.7528856640625
0 0.39171819936932273 0.8146410807933859 0.3910123484061458 0.7794800296881295 0.23044648966182302 0.7827033567072432 0.23115234062499995 0.8178644078125
0 0.39635722584365507 0.5409995226130777 0.3956885249686458 0.5076890515631296 0.22579361318749075 0.5110996570750518 0.2264623140625 0.544410128125
0 0.750501951132805 0.3075801745324677 0.7497960999686457 0.2724191250006295 0.5746331707108406 0.2759354864056618 0.575339021875 0.31109653593750003
0 0.39610361333748206 0.2808301718294385 0.3953606125 0.24381853750000002 0.22222820697501794 0.24729413442056153 0.2229712078125 0.28430576875
0 0.7431622384579277 0.4390903057930176 0.7424563874993705 0.4039292546561457 0.5714640521664428 0.4073618910506281 0.572169903125 0.4425229421875
0 0.39336904770574055 0.1791138983922736 0.39262604687499997 0.1421022640625 0.21949363979425943 0.14557786098272643 0.22023664062499998 0.18258949531250002
0 0.3948720649518657 0.347510083950953 0.39416621406249996 0.31234903593749996 0.22317387879813425 0.3157816722990469 0.2238797296875 0.3509427203125
0 0.7276311914549456 0.814795741736879 0.726925340625 0.779634690625 0.5632315397950545 0.7829208098256211 0.563937390625 0.8180818609375
0 0.7231862494015913 0.9380019456319074 0.7224060984375 0.8991397328125001 0.5575600990359088 0.9024489824930928 0.5583402500000001 0.9413111953125
0 0.39420454798559135 0.14390709368900606 0.3934615468430164 0.10689546090677524 0.22032914104492507 0.11037105940526919 0.22107214218750001 0.14738269218750003
0 0.7361788651195051 0.6299764573810498 0.7354730140625001 0.5948154078125001 0.5676086223804949 0.5981852519939503 0.5683144734375001 0.6333463015625
0 0.7263437620421692 0.8449130604713663 0.725637910874162 0.8097520093449047 0.5619441097694928 0.8130381301235385 0.5626499609375 0.84819918125
0 0.5701391698136097 0.27411142925572146 0.56943331875 0.23895037968749996 0.40156892862389026 0.24232022386927854 0.4022747796875 0.2774812734375
0 0.7324654525579365 0.7235245230091099 0.7317596015624999 0.6883634734374999 0.5649378583795635 0.69171238636589 0.565643709375 0.7268734359375
0 0.5562535554046505 0.9357805913621157 0.5554362546875 0.8950677953125001 0.39470606959534943 0.8982944195753847 0.3955233703125 0.9390072156250001
0 0.5550967709548549 0.8095099628445068 0.5544652203124999 0.7780500734375 0.398179504045145 0.7811874762179932 0.3988110546875 0.8126473656250001
0 0.5562014557342033 0.7807477776931329 0.5554956046874999 0.7455867296875002 0.3980576911407967 0.7487472644943673 0.39876354218750004 0.7839083125
0 0.3967173382965055 0.602548928460916 0.39608578749999995 0.5710890406250001 0.22624565076599445 0.574498546539084 0.22687720156250002 0.605958434375
0 0.5742370716533832 0.16995864639712543 0.573531220249162 0.1347975952824046 0.40045358922077884 0.13827209576027918 0.40115944062500003 0.17343314687500003
0 0.3967780917294793 0.31510691559569537 0.39603509062500003 0.27809528437500003 0.22290268483302075 0.28157088284180465 0.2236456859375 0.3185825140625
0 0.745080219677203 0.37427015426250126 0.74437436875 0.3391091046875 0.5733820350102972 0.3425417410499987 0.5740878859375 0.37770279062499995
0 0.5608511443682282 0.5348981335627111 0.56018244375 0.5015876625000001 0.3996713618817718 0.5048098883122888 0.40034006250000004 0.5381203593749999
0 0.7339872479072554 0.6920028933188508 0.7332813968442753 0.6568418437819836 0.5654170067495198 0.6602116879631328 0.5661228578124999 0.6953727375
0 0.7282885853227437 0.7852168467916436 0.7275455843743706 0.7482052140311459 0.5627543599891269 0.7515133641145023 0.5634973609375 0.788524996875
0 0.3916362602060982 0.8432827597396532 0.391004709375 0.8118228734375 0.2305484038564018 0.8150440011978468 0.23117995468750002 0.8465038874999999
0 0.39577878979090897 0.24612059958488208 0.39507293906249996 0.21095955000000002 0.22199530864659098 0.2144340472901179 0.22270115937499999 0.24959509687499995
0 0.5599190680555027 0.6270648128323623 0.5592875171875 0.5956049250000002 0.39883121163199725 0.5988260527926379 0.39946276249999996 0.630285940625
0 0.39660003991542725 0.5738112761411931 0.39589418906249996 0.5386502265625 0.22594450070957275 0.5420619316713069 0.22665035156250002 0.57722298125
0 0.5595648336491486 0.7168464909579918 0.5589332828125 0.6853866046875001 0.3984769772883515 0.6886077324795083 0.39910852812500003 0.7200676187500001
0 0.39672177441667444 0.6923234065768367 0.3960902234375 0.66086351875 0.22833538339582554 0.6642311637356634 0.228966934375 0.6956910515625
0 0.7393434040522029 0.5669307730125013 0.738637553125 0.5317697234375 0.567645219385297 0.5352023597999986 0.5683510703125 0.570363409375
0 0.39456397288274336 0.7525496737933732 0.393932421875 0.7210897875000001 0.23034817242975655 0.7243737090191269 0.23097972343749995 0.7558335953125
0 0.39618514756043877 0.6330509738103218 0.395553596875 0.6015910859375 0.22779875868956134 0.6049587293146781 0.22843030937500006 0.6364186171874999
0 0.5630436604415623 0.4723977370366891 0.5623378093430162 0.43723668590677506 0.3996866551514539 0.44050187543258595 0.40039250624999995 0.4756629265625
0 0.39186356801859823 0.871970069114653 0.3912320171875 0.8405101828125 0.2307757116689017 0.8437313105728471 0.23140726249999996 0.8751911968750001
0 0.3917810758680027 0.9016633143948625 0.391149525 0.8702034265625 0.23069321944449733 0.8734245543551376 0.2313247703125 0.9048844421875
0 0.5599290539936321 0.6575559753637166 0.559297503125 0.6260960874999999 0.3988411991313679 0.6293172152612836 0.39947275000000004 0.6607771031250002
0 0.5599607543637554 0.5968984475934398 0.559292053125 0.5635879781249999 0.3987809706362445 0.5668102070940602 0.39944967187499997 0.6001206765625
0 0.5622433763754466 0.5039048808017931 0.5615375249372914 0.46874382968875894 0.39888637199934485 0.4720090207619658 0.39959222343750006 0.507170071875
0 0.39831598692918047 0.10678690228504129 0.39749868593750004 0.0660741078125 0.21695819275831957 0.06969842115245871 0.21777549375 0.110411215625
0 0.5779609881386183 0.09995555349289897 0.5771808375 0.06109333906250001 0.39669512123638173 0.06471655119460103 0.397475271875 0.10357876562499999
0 0.39676566034979904 0.4451444011351356 0.3960598093449046 0.40998335006333775 0.22402482399510548 0.41343691767820223 0.22473067499999994 0.44859796875
0 0.5606020525018589 0.5668200167618971 0.5598962015625 0.5316589671875 0.39933034593564115 0.5348822941756028 0.400036196875 0.5700433437499999
0 0.7297644181139005 0.7527704761375413 0.7290585671875001 0.7176094265625002 0.5632794709485995 0.7209374082374589 0.5639853218750001 0.7560984578125001
0 0.572020085302203 0.24078310113750132 0.5713142343750002 0.20562205156249996 0.40032190063529705 0.20905468792499865 0.4010277515625 0.24421573749999997
0 0.5641623107498174 0.43898473858293885 0.5634564593116622 0.4038236874699045 0.40080530481184473 0.4070888785744657 0.40151115624999995 0.44224992968750004
0 0.7364653522905087 0.599879230834902 0.7357595015624999 0.56471818125 0.5678951102094911 0.5680880238525979 0.5686009609375 0.6032490734375
0 0.5593375258680028 0.6881591831448624 0.558705975 0.6566992953125002 0.39824966944449736 0.6599204231051379 0.39888122031250006 0.6913803109375001
0 0.7536860615688159 0.23853579802813693 0.7529802109374999 0.203374746875 0.5715613962436841 0.20701669103436307 0.5722672468750001 0.2421777421875
0 0.5548984006899382 0.8418566339313376 0.55419255 0.8066955828125002 0.3977972836850617 0.8098351848186625 0.39850313437499996 0.8449962359374998
0 0.5700717851317426 0.30697754761832663 0.569403084375 0.27366707656250006 0.40159346955575737 0.27703581956917345 0.4022621703125 0.310346290625
0 0.555289471343652 0.8987808018858244 0.5546579203118707 0.8673209155936457 0.39628691146821865 0.8705001824578215 0.3969184625 0.9019600687500002
0 0.7425816462128416 0.4697414284871404 0.7419500953124999 0.4382815406249999 0.570024661599658 0.4417329090128595 0.5706562124999999 0.473192796875
0 0.39539739770068355 0.7219416097399224 0.39476584687500005 0.6904817234375 0.22909630229931652 0.6938075058850778 0.22972785312500005 0.7252673921875001
0 0.39776984008435645 0.4785147823504823 0.39706398903051626 0.44335373278177526 0.2239863583211598 0.446828231681293 0.22469220937499998 0.48198928125
0 0.7518502071653776 0.2732628245755891 0.7511443562186457 0.23810177343812944 0.5749387818657681 0.24163906448754036 0.5756446328125 0.276800115625
0 0.5641608885358373 0.40759366050617274 0.5634550374686456 0.37243261093812946 0.4008038848703081 0.3756978004319566 0.4015097359374999 0.4108588499999999
0 0.5647743085400826 0.37469066520992317 0.5640684578124999 0.33952961562499995 0.40141730552241733 0.34279480354007685 0.40212315624999995 0.377955853125
0 0.39483571363520403 0.2142744858762117 0.3940927124692752 0.1772628515944837 0.22096030508407116 0.18073845009327202 0.22170330625 0.21775008437499999
0 0.39498782431805957 0.37997263820578697 0.39431912343750003 0.3466621671875 0.2244242116194405 0.35007277273171306 0.22509291250000002 0.38338324375000005
0 0.5767825994343249 0.13564317966447512 0.5760395984375 0.098631546875 0.3997792490031751 0.10216993752302486 0.40052224999999997 0.13918157031249997
0 0.7440711821765735 0.40668123391864713 0.7433653312493705 0.37152018434364575 0.572372995947797 0.3749528207374987 0.573078846875 0.41011387031249996
0 0.5674521712142343 0.34174622457533826 0.5667463202811457 0.3065851750006294 0.4009672256294114 0.3099131566752912 0.40167307656249995 0.34507420625
0 0.7480413216469788 0.34092014014744376 0.7473354702811457 0.3057590906256295 0.5742578376966668 0.3092335911031857 0.5749636890625001 0.3443946406249999
0 0.739417416809385 0.5359380651872185 0.738711565625 0.5007770156250001 0.568761878503115 0.5041887223127816 0.5694677296874999 0.539349771875