0 0.5453436250000001 0.8118374015625001 0.5447848675335715 0.7873736418179926 0.15463660617866154 0.7962847109391296 0.15519536364509015 0.8207484706836368
0 0.9200535015625 0.26374359375000006 0.9193829924878811 0.23438708266663372 0.4778319953125 0.244472203125 0.47850250438711883 0.27382871420836635
0 0.507536571875 0.353104709375 0.5069331137132431 0.3266838493682245 0.07945225625 0.33644760468750007 0.08005571441175681 0.3628684646942756
0 0.5265951234375 0.6748473843750001 0.5260028403648438 0.6489158006431037 0.130548528125 0.6579480640625001 0.13114081119765636 0.6838796477943964
0 0.9283452078125002 0.52229374375 0.9277305745694491 0.49538361065926734 0.5131777093750001 0.5048520875000001 0.5137923426180513 0.5317622205907329
0 0.9265063328125 0.4210773578125 0.9258916995649138 0.39416722316189146 0.4957776499643307 0.40399112031331474 0.4963922832119171 0.4309012549639234
0 0.4916968046875 0.24883191406249994 0.49105982103869505 0.22094322851564968 0.05567938281250001 0.23088741250000006 0.056316366461304855 0.2587760980468503
0 0.9288616624999999 0.6203763999999999 0.928235853995961 0.5929769906600203 0.5266109812499999 0.6021501906250001 0.5272367897540389 0.6295495999649797
0 0.5193749328124999 0.6035298906250001 0.51878264971787 0.5775983053322145 0.11814127499999998 0.5867490421875 0.11873355809462986 0.6126806274802856
0 0.9295920171875002 0.5716913890625 0.9289773838900363 0.5447812560042268 0.5170180499999999 0.5541904968749999 0.5176326832974638 0.5811006299332732
0 0.9219097343750002 0.28987971562500003 0.9212615756701279 0.2615017569956587 0.47892539375 0.27160481093750005 0.4795735524548725 0.29998276956684145
0 0.9263999734375 0.4475798312500002 0.9257518147478404 0.4192018710619306 0.4998413280893309 0.4289297578133146 0.5004894867789904 0.45730771800138426
0 0.9412712531249999 0.8317095187499998 0.940600744028983 0.8023530076297682 0.5465978109010161 0.8113521202776456 0.547268319997033 0.8407086313978771
0 0.5236693031249999 0.6512095828125 0.5230881952095737 0.6257672736929645 0.12680903437499996 0.6348183765625001 0.12739014229042622 0.6602606856820354
0 0.9419351718750002 0.8064208796875001 0.9413428888874862 0.7804892944009396 0.5450240655901455 0.789541301598984 0.5456163485776597 0.8154728868855443
0 0.9384861546874997 0.76112801875 0.9378826965967271 0.7347071587829717 0.5397951905901455 0.7437995625364838 0.5403986486809182 0.7702204225035121
0 0.5426574875000001 0.7901757421875001 0.5420652044542816 0.7642441584571693 0.15006893281250003 0.7731974390625 0.1506612158582185 0.7991290227928308
0 0.49766017187499995 0.328254584375 0.4970343635449166 0.30085517348551777 0.07206771246351609 0.31056150152764544 0.07269352079359942 0.33796091241712767
0 0.5150845765625001 0.556195128125 0.5144699432160976 0.5292849935042704 0.10769767187499998 0.5385757609375 0.10831230522140242 0.5654858955582297
0 0.9282916796875001 0.5467131343750001 0.9276882214477998 0.5202922743993166 0.5131750203125001 0.5297598468750001 0.5137784785522005 0.5561807068506837
0 0.5118902375000001 0.5069422203125 0.5112756042288831 0.4800320856605239 0.10104529062500003 0.48940183437500007 0.10165992389611708 0.5163119690269762
0 0.9259056421875002 0.49694048593750023 0.9253021840828977 0.4705196274936584 0.5107889828116854 0.4799871984018306 0.5113924409162879 0.5064080568456724
0 0.47646733906249994 0.19336976718749999 0.4757968300083098 0.16401325610532097 0.04721348746514546 0.17380219222398396 0.04788399651933562 0.20315870330616298
0 0.9334114265625001 0.6685515390625001 0.9327967932231092 0.6416414044421781 0.5303470734375 0.6508334437500001 0.5309617067768909 0.6777435783703221
0 0.9260186093749999 0.47241948125000005 0.9254039761253177 0.44550934819450383 0.5065285609375 0.45507655312499995 0.5071431941871821 0.48198668618049617
0 0.516899028125 0.5797255546875001 0.5163067451856755 0.5537939693681184 0.11307184055284687 0.5630039405909602 0.11366412349217139 0.5889355259103419
0 0.9218557562499999 0.37034212499999997 0.9212187726861603 0.3424534410176999 0.49275441874999987 0.35223965937499996 0.4933914023138396 0.3801283433573
0 0.5397927750000001 0.766492290625 0.5392228422713845 0.7415392577147787 0.14730589531087063 0.7504907264911617 0.14787582803948623 0.775443759401383
0 0.48045658125 0.22179556093750014 0.47977489712941096 0.1919497752126172 0.05288090934096016 0.20170012507215312 0.05356259346154928 0.23154591079703607
0 0.5321097453125001 0.6987268265625001 0.531506287221631 0.6723059681550785 0.1351478015625 0.68135888125 0.13575125965336907 0.7077797396574216
0 0.9354323093749999 0.6918207359375 0.9348288512553367 0.6653998774927832 0.5350123234375 0.6745317734374999 0.5356157815571633 0.7009526318822168
0 0.9218893765624999 0.3437735625 0.9212523929737939 0.3158848769922643 0.4876009765284602 0.32578956882215315 0.4882379601171662 0.35367825432988886
0 0.5086528671875 0.38043730625 0.5080270587825818 0.3530378969514028 0.0787378578125 0.36284295468750005 0.07936366621741822 0.39024236398609724
0 0.5133071062499999 0.5314282828125 0.5127036480974738 0.505007422806261 0.10337750777683077 0.5143565203133147 0.10398096592935688 0.5407773803195537
0 0.5092731374999999 0.43185437812500005 0.5086473291104342 0.40445496882729515 0.08800323281168532 0.41406257027683085 0.08862904120125105 0.44146197957453576
0 0.9363200546874999 0.7150598125000001 0.9357165966168723 0.6886389525341425 0.5367645812143309 0.6977511015633147 0.5373680392849585 0.7241719615291722
0 0.5486504359375 0.8368908390625002 0.5480246275016594 0.8094914297621056 0.1576383875 0.8184079359374998 0.15826419593584057 0.8458073452378944
0 0.9380682953124998 0.7379342125000001 0.9374760122948154 0.7120026287356765 0.53942816875 0.7210941281249997 0.5400204517676845 0.7470257118893233
0 0.9155175953124999 0.20964129687500002 0.9148135608345995 0.17881696022080534 0.475737103125 0.18884556093750002 0.47644113760290036 0.21966989759169472
0 0.5338345078125 0.7217020187500001 0.533242224822067 0.6957704349872603 0.13865242340101608 0.7047829515276455 0.1392447063914492 0.7307145352903851
0 0.9289479234375 0.5965577984375001 0.9283109398613266 0.568669112894871 0.5223238515624999 0.5779419453125001 0.5229608351386732 0.6058306308551291
0 0.4912549843749999 0.27500877656250006 0.49061800077549106 0.24712009101851468 0.06215364687499999 0.256906309375 0.0627906304745089 0.2847949949189853
0 0.9226859843749999 0.3178216125000001 0.9220154752825358 0.2884651030108309 0.4830580078125 0.2984909875 0.483728516904964 0.3278474969891692
0 0.9340143921875 0.6449216453125001 0.9333885837494578 0.6175222360119778 0.5291701796866853 0.6267546718393308 0.5297959881247276 0.6541540811398531
0 0.9184295484374999 0.23567654687500003 0.9177925648541839 0.20778786289156806 0.4763605562491852 0.2178702655893307 0.47699753983250126 0.2457589495727627
0 0.9171064687500001 0.18073132812500017 0.9164024342354937 0.14990699150429979 0.4695453859375001 0.16011330312499988 0.47024942045200646 0.19093763974570027
0 0.5079871671875 0.4067077875000001 0.5073390082942797 0.37832982730010023 0.0857510734375 0.38795898906250004 0.08639923233072025 0.4163369492623999
0 0.5201316484374999 0.62777451875 0.5195393654515217 0.6018429334279071 0.1232205421866853 0.6108949405893309 0.12381282517266348 0.6368265259114239
0 0.9404200031249997 0.7835411546875 0.9398165450342271 0.7571202947204718 0.5417290390276455 0.766212698473984 0.5423324971184182 0.7926335584410121
0 0.9240895328125 0.3962691125000001 0.9234748994502919 0.36935897787835176 0.4942253609374999 0.37916313125 0.4948399942997079 0.40607326587164827
0 0.5372172078124999 0.7436485359374999 0.5366584502404625 0.7191847761868548 0.14218763746433077 0.7281945750008147 0.14274639503636805 0.7526583347514598
0 0.5174631515624999 0.4567872750000001 0.5168485182231645 0.42987714034405916 0.09105702031249999 0.43960231093749985 0.09167165365183547 0.4665124455934408
0 0.4937639234375001 0.30137475625000004 0.49313811493877474 0.27397534694595105 0.06817146562500001 0.283681678125 0.06879727412372541 0.311081087429049
0 0.5107514531249999 0.48190427343750014 0.5101368198827634 0.45499414038243646 0.09558395625000002 0.4644626171874998 0.09619858949223653 0.4913727502425635