0 0.7269093515625 0.4092892609375001 0.7247955924013192 0.3791080697702813 0.2537925640548734 0.41209507020360336 0.2559063232160542 0.44227626137082215
0 0.7271095140625 0.43676398125000004 0.7250686433643875 0.4076235228945119 0.25593295 0.4404797421874999 0.2579738206981126 0.46962020054298803
0 0.7463698328125 0.7005720125000001 0.744328962066805 0.6714315541467955 0.2991713828125 0.7026084515624997 0.30121225355819486 0.7317489099157044
0 0.7262678015625001 0.322027846875 0.7240082661030884 0.28976519651310906 0.24004821250000002 0.3236596500000001 0.24230774795941165 0.355922300361891
0 0.7278481249999998 0.46492470937500013 0.7258072542203416 0.4357842509141629 0.2603605031173733 0.4683821139536034 0.26240137389703144 0.49752257241444064
0 0.7443708593750001 0.6739637249999999 0.7424757649337532 0.6469047258411694 0.29367497812500004 0.678336778125 0.2955700725662469 0.7053957772838305
0 0.7249101671875 0.2915008671875 0.7226506317037382 0.2592382169360402 0.2350016390625 0.29339102812499995 0.23726117454626175 0.32565367837645975
0 0.7175739874999999 0.17183979999999996 0.7149500108012751 0.13437349554398817 0.21427539218750002 0.1694385640625 0.2168993688862248 0.2069048685185118
0 0.7559146546874999 0.8245796734375002 0.7539466722122323 0.7964799447850723 0.3143453702112301 0.8272677032415231 0.3163133526864976 0.8553674318939508
0 0.7151891546875 0.14132619531249996 0.712419401465441 0.1017784284431574 0.2098545796875 0.136975878125 0.21262433290955896 0.17652364499434256
0 0.722539809375 0.26166813281250006 0.7202073854951158 0.22836474974609686 0.22700211562499994 0.26290669843750003 0.22933453950488425 0.2962100815039032
0 0.741106384375 0.6491341359375002 0.7390655136253528 0.6199936774752228 0.28837452187500007 0.6515581109374999 0.29041539262464733 0.6806985693997774
0 0.7354169484375 0.5724043265625001 0.7334489658512028 0.5443045976968757 0.27724743125 0.576254965625 0.2792154138362972 0.6043546944906244
0 0.7519303343749999 0.776708453125 0.7498165752777098 0.7465272620639778 0.30832507031249995 0.7774474031249999 0.31043882940979 0.8076285941860222
0 0.7471980734374999 0.7247899390625 0.7452300908654507 0.6966902103054545 0.30009537656249996 0.72786550625 0.3020633591345493 0.7559652350070455
0 0.724862659375 0.35194511718750016 0.7226031238432917 0.3196824668290787 0.2423320109375 0.3533185640625 0.24459154646920833 0.38558121442092147
0 0.7203813578124999 0.23252335937500002 0.7179760458246673 0.19817924525844827 0.22290343739110346 0.23285197188262668 0.225308749378936 0.26719608599917843
0 0.7188984593750001 0.2017248671875001 0.7164202591721794 0.1663400249276101 0.21763584374999997 0.20127271249999987 0.22011404395282064 0.23665755475988987
0 0.7280705828125 0.49211758437500014 0.7260297120503909 0.46297712602258334 0.26611636875 0.49518745312499995 0.2681572395121093 0.5243279114774168
0 0.7335434625 0.546352 0.7315025917881821 0.5172115415359072 0.2734337203048734 0.5492926889536036 0.2754745910166914 0.5784331474176964
0 0.7500622109374999 0.7507143171874999 0.7480213401487624 0.7215738587270986 0.3047082296875 0.7526215781250001 0.3067491004762375 0.7817620365854014
0 0.738363903125 0.6237241546875001 0.7363230323900413 0.5945836963337803 0.285632040625 0.6261481296874999 0.28767291135995876 0.6552885880412197
0 0.7310614984375 0.5194177703125 0.7290206277333087 0.49027731195730373 0.27095175625 0.5223584593750001 0.2729926269541914 0.5514989177301963
0 0.7553272453125001 0.8538623718749998 0.7529219332808438 0.8195182592113881 0.3187168437423733 0.8499280920786036 0.3211221557740295 0.8842722047422154
0 0.739175584375 0.5982451406250001 0.7372076017765209 0.5701454118692227 0.2828505374923734 0.6019666014536034 0.2848185200908525 0.6300663302093807
0 0.7293841281250001 0.3803429125000001 0.7271245927130211 0.34808026224509536 0.24685347968750002 0.3817163578125001 0.249113015099479 0.41397900806740473
0 0.7543058187499999 0.8024871703124997 0.7520462833294619 0.770224520058006 0.31050904374999994 0.8011478640625003 0.312768579170538 0.8334105143169939