0 0.9005888890625 0.6020722656250002 0.49781111093749997 0.602072265625 0.49781111093749997 0.6289277343750002 0.9005888890625 0.6289277343750002
0 0.4772208328125 0.5766281249999999 0.07617916718750006 0.5766281249999999 0.07617916718750006 0.6039718749999999 0.4772208328125 0.6039718749999999
0 0.47465694375 0.527172265625 0.07014305625000007 0.527172265625 0.07014305625000007 0.554027734375 0.47465694375 0.554027734375
0 0.47047152812500004 0.24317500000000006 0.04772847187500003 0.243175 0.04772847187500003 0.27442500000000003 0.47047152812500004 0.2744250000000001
0 0.473525 0.45238398437500005 0.06727500000000004 0.45238398437500005 0.06727500000000006 0.48021601562500005 0.473525 0.48021601562500005
0 0.9021270828124999 0.527472265625 0.4932729171875 0.5274722656249999 0.4932729171875 0.554327734375 0.9021270828124999 0.5543277343750002
0 0.4704416671875 0.18887500000000002 0.043358332812500025 0.188875 0.043358332812500025 0.22012500000000004 0.4704416671875 0.22012500000000007
0 0.8927826390625 0.7480722656250001 0.4978173609375002 0.7480722656250001 0.4978173609375002 0.7749277343750001 0.8927826390625 0.7749277343750002
0 0.9140736109375001 0.2958515625000001 0.48872638906250004 0.2958515625000001 0.48872638906250004 0.3251484375000001 0.9140736109375001 0.3251484375000001
0 0.9097673609375001 0.34925156250000006 0.4922326390625 0.34925156250000006 0.4922326390625 0.37854843750000006 0.9097673609375001 0.37854843750000006
0 0.8982229171875 0.7235164062500001 0.4945770828125 0.72351640625 0.4945770828125001 0.7498835937500001 0.8982229171875 0.7498835937500001
0 0.90673125 0.4012398437500001 0.49266875 0.40123984375 0.49266875 0.4295601562500001 0.90673125 0.42956015625000016
0 0.4815548609375 0.649772265625 0.07964513906250009 0.649772265625 0.07964513906250009 0.676627734375 0.4815548609375 0.676627734375
0 0.47811875 0.601083984375 0.07968125000000006 0.601083984375 0.07968125000000006 0.628916015625 0.47811875 0.628916015625
0 0.8965208328125 0.7949046875000001 0.4954791671875002 0.7949046875 0.4954791671875002 0.8202953125000001 0.8965208328125 0.8202953125000001
0 0.46809305625000003 0.34958398437500005 0.060106943750000044 0.349583984375 0.060106943750000044 0.37741601562500005 0.46809305625000003 0.37741601562500005
0 0.90629930625 0.42642812500000005 0.49050069374999994 0.426428125 0.49050069374999994 0.45377187500000005 0.90629930625 0.45377187500000016
0 0.90339305625 0.5528605468750001 0.49540694375000005 0.5528605468750001 0.49540694375000005 0.5787394531250001 0.90339305625 0.5787394531250002
0 0.4782826390625 0.697972265625 0.08331736093750008 0.697972265625 0.08331736093750008 0.724827734375 0.4782826390625 0.724827734375
0 0.472177778125 0.160430859375 0.04162222187500002 0.16043085937499998 0.04162222187500002 0.192169140625 0.472177778125 0.19216914062500004
0 0.47938263906250017 0.746172265625 0.08441736093750009 0.746172265625 0.08441736093750009 0.773027734375 0.47938263906250017 0.773027734375
0 0.473697221875 0.401728125 0.060502778125000045 0.401728125 0.060502778125000045 0.429071875 0.473697221875 0.429071875
0 0.4674354171875 0.21740742187500003 0.04816458281250002 0.217407421875 0.04816458281250003 0.24719257812500003 0.4674354171875 0.2471925781250001
0 0.479184721875 0.67441640625 0.08161527812500009 0.67441640625 0.08161527812500009 0.70078359375 0.479184721875 0.70078359375
0 0.4787166671875001 0.722172265625 0.08288333281250009 0.722172265625 0.08288333281250009 0.749027734375 0.47871666718750017 0.749027734375
0 0.4748270828125 0.477828125 0.06597291718750006 0.477828125 0.06597291718750006 0.505171875 0.4748270828125 0.505171875
0 0.9053972218749999 0.45162812500000005 0.49220277812499996 0.45162812499999994 0.49220277812499996 0.47897187500000005 0.9053972218749999 0.47897187500000016
0 0.47935486093749996 0.625772265625 0.07744513906250007 0.625772265625 0.07744513906250008 0.652627734375 0.47935486093749996 0.652627734375
0 0.8984208328125 0.626860546875 0.4973791671875 0.6268605468749999 0.4973791671875 0.652739453125 0.8984208328125 0.6527394531250001
0 0.469197221875 0.29823984375000007 0.05600277812500004 0.29823984375 0.05600277812500004 0.32656015625000007 0.469197221875 0.3265601562500001
0 0.9110736109375001 0.2680191406250001 0.4857263890625 0.2680191406250001 0.4857263890625 0.2987808593750001 0.9110736109375001 0.2987808593750001
0 0.46872499999999995 0.37485156250000007 0.062475000000000044 0.3748515625 0.062475000000000044 0.40414843749999996 0.46872499999999995 0.40414843749999996
0 0.9131715281250001 0.3225957031250001 0.49042847187499994 0.3225957031250001 0.49042847187499994 0.3514042968750001 0.9131715281250001 0.3514042968750001
0 0.9075993062500001 0.3759839843750001 0.49180069375 0.3759839843750001 0.49180069375 0.4038160156250001 0.9075993062500001 0.4038160156250002
0 0.48441875000000023 0.8151425781249999 0.08598125000000009 0.8151425781249999 0.08598125000000009 0.8478574218749999 0.48441875000000023 0.8478574218749999
0 0.47022916718749996 0.32328398437500006 0.05877083281250004 0.323283984375 0.05877083281250004 0.35111601562500006 0.47022916718749996 0.35111601562500006
0 0.8914826390625 0.770860546875 0.4965173609375002 0.770860546875 0.4965173609375002 0.796739453125 0.8914826390625 0.7967394531250002
0 0.4817826390625002 0.7925164062500001 0.08681736093750009 0.7925164062500001 0.0868173609375001 0.8188835937500001 0.4817826390625002 0.8188835937500001
0 0.47958263906250015 0.77049296875 0.08461736093750008 0.77049296875 0.08461736093750008 0.79490703125 0.47958263906250015 0.79490703125
0 0.8994888890625001 0.6504164062500001 0.4967111109375 0.65041640625 0.4967111109375 0.6767835937500001 0.8994888890625001 0.6767835937500002
0 0.9038930562499999 0.4770281250000001 0.49590694375 0.477028125 0.49590694375 0.5043718750000001 0.9038930562499999 0.5043718750000001
0 0.89995694375 0.6991722656250001 0.49544305624999996 0.699172265625 0.49544305625000007 0.7260277343750001 0.89995694375 0.7260277343750002
0 0.902325 0.5028164062500001 0.496075 0.50281640625 0.496075 0.5291835937500001 0.902325 0.5291835937500002
0 0.8960208328125001 0.6750722656250001 0.4949791671875 0.675072265625 0.4949791671875 0.7019277343750001 0.8960208328125001 0.7019277343750001
0 0.4739270828125 0.426783984375 0.06507291718750005 0.426783984375 0.06507291718750005 0.454616015625 0.4739270828125 0.454616015625
0 0.9028229171875 0.5775164062500001 0.49917708281250006 0.57751640625 0.49917708281250006 0.6038835937500001 0.9028229171875 0.6038835937500002
0 0.4759548609375 0.5518398437500001 0.07404513906250007 0.5518398437500001 0.07404513906250007 0.5801601562500001 0.4759548609375 0.5801601562500001
0 0.47046944375 0.27076328125000004 0.050330556250000026 0.27076328125 0.05033055625000003 0.30103671875000004 0.47046944375 0.3010367187500001
0 0.897390971875 0.8168191406249999 0.4920090281250002 0.8168191406249999 0.4920090281250002 0.8475808593749999 0.897390971875 0.8475808593749999
0 0.4765270828125 0.502728125 0.06767291718750007 0.502728125 0.06767291718750007 0.530071875 0.4765270828125 0.530071875