0 0.9712119679122109 0.5004530732380146 0.536411025 0.48529301875 0.535442705525289 0.5130650970744856 0.9702436484374998 0.5282251515625
0 0.9650446444448179 0.578264545165205 0.5354569421875002 0.5632862593750001 0.5344886227407851 0.5910583377017082 0.9640763249981028 0.6060366234919131
0 0.5172096288784539 0.5332777029823604 0.08849079843750005 0.5183297109375001 0.08752247893214897 0.5461017892595528 0.5162413093731029 0.5610497813044131
0 0.9479204049073839 0.7272707080226054 0.5313874312500002 0.7127475953125001 0.5304360997257034 0.7400324451004977 0.946969073383087 0.754555557810603
0 0.5282542097283803 0.28877275289963994 0.06988551406250003 0.2727909703125 0.06883225433222258 0.3029991955922731 0.5272009499981029 0.31898097817941307
0 0.5238032328473144 0.6854410542701301 0.10212193125000009 0.6707384375000001 0.10122156402768581 0.69656159729237 0.5229028656250001 0.7112642140625002
0 0.5148890168009458 0.585635678679642 0.09577106093750007 0.5710224374999999 0.09483671757405443 0.5978200572578581 0.5139546734375001 0.6124332984375
0 0.5255504473164104 0.31715166228162905 0.07413273593750003 0.3014122359375 0.0730794760666765 0.3316204627164738 0.5244971874455869 0.34735988906060283
0 0.9794724967147166 0.41964091725947883 0.5385028984375 0.4042657828125 0.5374666267227833 0.4339867796155212 0.9784362249999999 0.44936191406250015
0 0.9434448715999821 0.7749812932546517 0.5312129953125001 0.760608146875 0.530227687775018 0.7888674551828485 0.9424595640625 0.8032406015625002
0 0.9568263314651715 0.6779279970847311 0.5359489921875 0.6632534109375 0.5349976606679154 0.6905382607258717 0.955874999945587 0.7052128468731027
0 0.9663576617698331 0.5515031535468408 0.5340984312500001 0.5364317203125001 0.5330791476051673 0.5656654870781594 0.9653383781250001 0.5807369203125002
0 0.9407918016425476 0.7985871699508621 0.53040585 0.7842783843750001 0.5295054827324526 0.810101545674138 0.9398914343750002 0.82441033125
0 0.9572423339271621 0.6539092786747766 0.5372555046875002 0.6392657437500001 0.5363211613853383 0.6660633635127237 0.9563079906250002 0.6807068984375001
0 0.981277341377929 0.3938048045448186 0.5369187921875 0.3783115078125 0.535950472684571 0.4060835860801816 0.980309021875 0.4215768828125001
0 0.5256289775351904 0.8269300947436251 0.10981343281250008 0.8124319968749999 0.10874318491039672 0.8431274521294778 0.524558729633087 0.857625549998103
0 0.9586933252143407 0.6287394845822424 0.5369471156250001 0.6140346046875002 0.5359957841587627 0.641319454534671 0.9577419937481032 0.6560243344294132
0 0.5175835619390534 0.7814776718575781 0.1063503718750001 0.7671393468749999 0.10546699274844666 0.7924752781424218 0.5167001828125001 0.8068136031250001
0 0.5280333084871046 0.13864161029157918 0.05476395625000002 0.12214029062499998 0.0536087680753954 0.15527189283342085 0.5268781203125 0.17177321250000005
0 0.9424004717645598 0.8440473672634363 0.5292348140625001 0.8296416625000003 0.5281985422979405 0.8593626592990642 0.9413642000000001 0.8737683640625002
0 0.9703415763177572 0.4734040355015418 0.536387871875 0.4582735203125 0.53540256425283 0.48653282855906105 0.9693562686955872 0.5016633437481028
0 0.9852154445889448 0.3659360691178021 0.5373164984375001 0.35031933125000003 0.5362972147860549 0.37955309806969806 0.9841961609374998 0.3951698359375001
0 0.5211005424315126 0.48127419446325226 0.08364971093750008 0.4660217484374999 0.08264741538098765 0.49476828678674767 0.5200982468750002 0.5100207328125
0 0.5235909147762698 0.42809947479964594 0.08010123906250007 0.4126364734375 0.07913291959873033 0.4404085517628541 0.5226225953125001 0.45587155312500005
0 0.9502665449086504 0.7027198520612052 0.5337552093750002 0.6881974953125001 0.5328208660288498 0.714995115126295 0.9493322015624999 0.7295174718750002
0 0.5237202096631525 0.45479056634417986 0.08192501250000005 0.43938664531250005 0.08092271689934755 0.46813318209332033 0.5227179140624999 0.4835371031250001
0 0.5199137725537076 0.6110987748514258 0.09727705468750006 0.5963628468750001 0.0963087352587925 0.6241349251485743 0.5189454531250001 0.638870853125
0 0.9619395304252537 0.6027331311061138 0.5358273203125 0.5878760234375001 0.5348590008247462 0.6156481017063864 0.9609712109374999 0.6305052093750001
0 0.5289923011275336 0.17033350931965024 0.055766220312500024 0.1538336984375 0.05464500824746642 0.18599084224284984 0.5278710890625 0.2024906531250001
0 0.9409776047246288 0.821671910517891 0.5314605250000001 0.8073934203125 0.5305601577753714 0.8332165816696092 0.9400772375 0.8474950718750002
0 0.5228156037377816 0.7093399336605508 0.10458815781250008 0.6947577421875 0.10367080251221861 0.7210681335269492 0.5218982484375001 0.735650325
0 0.5205702807583459 0.8042604483710161 0.10759934218750011 0.7898615328124999 0.10671596299165427 0.8151974641289839 0.5196869015625001 0.8295963796875
0 0.5266198013372223 0.40028723857352366 0.07876412500000005 0.3846720078125001 0.0777788173583647 0.4129313161120791 0.525634493695587 0.4285465468731027
0 0.5195356131228981 0.733103082101277 0.10652140625000009 0.7187026578125 0.10560405093960198 0.7450130475862232 0.5186182578125 0.7594134718750001
0 0.986682230135228 0.3088527467116943 0.5396088843750001 0.29326479375000003 0.5385556244959618 0.3234730205283215 0.9856289702561897 0.3390609734900158
0 0.9858853785991591 0.3373980497842291 0.54054978125 0.3218706859375 0.5394965213445305 0.35207891276828673 0.9848321186936897 0.36760627661501577
0 0.9855007733694565 0.2779523381375203 0.5340397906250001 0.26221140468750015 0.5329525547555434 0.29339408998748 0.9844135375 0.30913502343750016
0 0.9468797642774043 0.7510120267697872 0.5294779187500002 0.7364586203125001 0.5285265872850957 0.7637434701052133 0.9459284328124999 0.7782968765625002
0 0.5278335334218189 0.22998102691567804 0.05984232343750003 0.21366373749999998 0.05873809933626813 0.2453336527699248 0.5267293093205871 0.26165094218560286
0 0.5186908855745551 0.7577062864940164 0.10565504062500006 0.7433051078124999 0.10472069723604796 0.7701027276228966 0.517756542185603 0.784503906304413
0 0.5186312840654523 0.6352195785766287 0.09777558281250008 0.620545746875 0.09684123937204778 0.6473433667358715 0.517696940625 0.6620171984375001
0 0.5216875678057562 0.6606464321009085 0.09998463125000008 0.6459430609375 0.09906727594424383 0.6722534507115916 0.5207702124999999 0.6869568218750001
0 0.5290745431326673 0.2599843572935807 0.06373322500000003 0.24375946249999997 0.06266297717793563 0.2744549177608323 0.5280042953106029 0.2906798125544131
0 0.5152451527592975 0.5597724692517339 0.09352057968750008 0.5450683437500001 0.09258623630320274 0.5718659635607664 0.5143108093750002 0.5865700890625001
0 0.5257552873088546 0.3724508641320286 0.07435921093750006 0.35671219375 0.0733229392536456 0.38643319055547143 0.5247190156250002 0.4021718609375
0 0.5276997530887194 0.20054822100710545 0.05799243593750002 0.18417109843749996 0.05690520003628049 0.21535378368039454 0.5266125171874999 0.23173090625000006
0 0.5261824941211982 0.3448476325861316 0.07302703750000004 0.32904761874999994 0.07197377775380195 0.35925584553886847 0.5251292343750001 0.3750558593750001
0 0.5170221966368159 0.5077510651349988 0.08741285937500004 0.49277202343749993 0.08642755174627118 0.5210313317381038 0.5160368890080871 0.5360103734356028
0 0.9711224513044199 0.44675638700599646 0.536299871875 0.43159557812500005 0.5353145643205803 0.45985488643150363 0.9701371437500003 0.4750156953125001
0 0.9689082571024846 0.5249172097984407 0.5340424078125001 0.5097548921875 0.5330231241475157 0.5389886589515596 0.9678889734375001 0.5541509765625002