0 0.5023740421875 0.8138228843750002 0.5012810855757404 0.7883984890627584 0.11175877656250002 0.8051434687500001 0.1128517331742596 0.8305678640622418
0 0.4848305578125 0.5588428203124999 0.4836535276020003 0.5314627028107202 0.075890553125 0.5489918218750001 0.07706758333549975 0.5763719393767798
0 0.8993324843750002 0.7564629046875 0.8981764724541076 0.7295717142904927 0.4990865608733365 0.7467279906949279 0.5002425727942291 0.7736191810919351
0 0.49210544218749985 0.6774187343750002 0.4909704486036235 0.6510164756295485 0.0936266171875 0.6680976921875 0.09476161077137632 0.6944999509329518
0 0.8974720171874999 0.8271315250000002 0.8961898949959073 0.797306751963042 0.5039409765625 0.8141689437499997 0.5052230987540927 0.843993716786958
0 0.4897539984375 0.653700159375 0.4886400231932818 0.6277868308547043 0.09217639531250002 0.644830209375 0.09329037055671832 0.6707435378952957
0 0.47681795468750005 0.38258321562500014 0.4756619428195081 0.35569202672071865 0.054059328057954346 0.37381609062788196 0.05521533992594631 0.4007072795321635
0 0.8993469703124999 0.8018620781250002 0.8982119768721868 0.7754598209381209 0.5034657624971179 0.7924293686829542 0.5046007559374309 0.8188316258698333
0 0.4853378359375 0.5095648500000001 0.4841608055637887 0.4821847293793824 0.06947084375 0.5000116296875 0.07064787412371125 0.5273917503081177
0 0.9031132578124998 0.4157766171875002 0.9019782642097512 0.3893743584423063 0.46913363281249987 0.40798170156250013 0.4702686264152486 0.43438396030769405
0 0.8998990296875002 0.5664361546875 0.8987430177901039 0.5395449658507053 0.48146977187499995 0.5574829171875 0.4826257837723961 0.5843741060242946
0 0.49446383593750004 0.700791775 0.49332884230795954 0.6743895163222571 0.09685088593749999 0.6914335109375 0.09798587956704048 0.7178357696152429
0 0.8988626843749999 0.4922453453125001 0.8977066723251615 0.465354154917254 0.48216517031249995 0.4832176625 0.48332118236233823 0.510108852895246
0 0.4785241828125 0.40941587499999993 0.47726307895636877 0.3800800321882555 0.059052298373336566 0.3980582860074279 0.060313402229467725 0.4273941288191724
0 0.4886596656249999 0.6057951734375001 0.48754569051728575 0.5798818464758735 0.08415507656249999 0.5972230046874999 0.08526905167021417 0.6231363316491265
0 0.9015071234375002 0.20232182031250012 0.9002039827231341 0.17200811711997224 0.4611835812500001 0.19088094687499998 0.46248672196436624 0.22119465006752786
0 0.4874139234375 0.5821176296874999 0.4862789299781836 0.555715371007432 0.08114223906249998 0.5731315890625 0.08227723252181633 0.5995338477425679
0 0.8981954015624998 0.6872923281250001 0.8970393897607059 0.660401140780348 0.4962177328125 0.6776318624999998 0.49737374461429384 0.7045230498446519
0 0.8998355015625 0.5420615984375001 0.8986794896651038 0.5151704096007054 0.48140624374999996 0.5331083609374999 0.48256225564739613 0.5599995497742947
0 0.8975979812500002 0.6642773828125 0.8963789141842451 0.6359194018759141 0.4937825156250001 0.6532264171875001 0.4950015826907551 0.681584398124086
0 0.505387909375 0.8393394765625001 0.5041688423373085 0.8109814971860644 0.115426415625 0.8276929515625 0.11664548266269156 0.8560509309389357
0 0.4855686375 0.4347944656249999 0.48430753368444873 0.40545862430614976 0.0609015140596178 0.42366021399545445 0.0621626178751691 0.4529960553143046
0 0.9036470046874999 0.17418505625 0.9023228456969876 0.14338242283144864 0.4537635093749999 0.16266531562500003 0.4550876683655122 0.19346794904355136
0 0.9022370171875 0.4424310953125 0.901038968588123 0.4145620460927879 0.4733465812471179 0.43294789993295435 0.4745446298464947 0.46081694915266647
0 0.47783937343750005 0.33026184375000006 0.47664132465928877 0.3023927929051119 0.0472171875 0.32085309375000004 0.04841523627821128 0.34872214459488815
0 0.4965125515624999 0.7240335296875001 0.49539857637293166 0.6981202011664579 0.09980082187499999 0.7151263562499999 0.10091479706456825 0.7410396847710421
0 0.901197703125 0.33808896093750007 0.8999786360674584 0.309730980000802 0.45928381875 0.32867578906249995 0.4605028858075415 0.35703376999919806
0 0.489976665625 0.6300155281250001 0.4888626905700546 0.6041021996021191 0.08893556868295438 0.621294465627882 0.09004954373789983 0.647207794150763
0 0.5003061984374999 0.7691138890625002 0.49919222338173397 0.743200562033079 0.107923834375 0.7600206031250001 0.10903780943076599 0.7859339301544213
0 0.9012739062499999 0.6159224140625 0.9000758576297878 0.5880533632825389 0.4905668046204544 0.6056575421903823 0.49176485324066654 0.6335265929703435
0 0.8980661984375 0.6403372765625 0.8968681497045882 0.6124682273446117 0.4942860828125 0.629774628125 0.495484131545412 0.6576436773428882
0 0.8990144187500002 0.7105751890625001 0.8978373884529018 0.6831950700684544 0.49613552812500006 0.7004636312499999 0.4973125584220982 0.7278437502440456
0 0.8967567515624999 0.5917835921875 0.8955376845375451 0.5634256127438053 0.48774604530961774 0.5809559639954542 0.48896511233457246 0.6093139434391489
0 0.9040482265625002 0.284830378125 0.9027661042491173 0.25500560508970554 0.4594306718721179 0.2740639311829543 0.46071279418550076 0.30388870421824876
0 0.499288265625 0.7467306859375001 0.49815327217094135 0.7203284271231903 0.10427293117718998 0.737260751431291 0.10540792463124866 0.7636630102456008
0 0.4653050203125 0.22299129375000004 0.46404391646180604 0.19365545243162977 0.0337109109346178 0.21215482337045435 0.034972014785311735 0.24149066468882463
0 0.9018055390624999 0.2303537671875 0.9005234166775464 0.20052899259264959 0.45718798437499986 0.21958731875 0.45847010675995337 0.24941209334485043
0 0.4604469484374999 0.19505504375000002 0.45916482619855703 0.16523027071368881 0.029683362499999998 0.183693034375 0.030965484738942884 0.21351780741131124
0 0.4838887546874999 0.5343053859375 0.48271172449484945 0.5069252653814942 0.07408287799379093 0.5244916047603099 0.07525990818644142 0.5518717253163157
0 0.4908495703125001 0.4588679281250001 0.48967254004169175 0.43148780899642547 0.062860353125 0.44983582499999997 0.06403738339580838 0.4772159441285746
0 0.9023174187499998 0.3120909765625 0.9010352964381043 0.2822662019666517 0.46029748118295444 0.3012128593778822 0.46157960349484994 0.33103763397373054
0 0.9023020234375 0.2574743359375001 0.9010409196489917 0.2281384931248318 0.4568539468079543 0.24723342344038207 0.45811505059646257 0.27656926625305034
0 0.46982413593749994 0.27718116562499995 0.468605068856576 0.24882318468862125 0.043495968749999996 0.2670979875 0.04471503583092401 0.2954559684363787
0 0.9012612968749998 0.39066464375 0.9000842665745875 0.3632845246218296 0.4680768421875001 0.3818558765625 0.46925387248791256 0.4092359956906703
0 0.8988044296875 0.4679148437500002 0.8976273993651148 0.44053472475629984 0.4794739468750001 0.458510515625 0.4806509771973852 0.48589063461870036
0 0.481327690625 0.3032826859375001 0.4801506603408562 0.27590256531565893 0.044679745245454365 0.2946228062528821 0.04585677552959816 0.32200292687472326
0 0.4887900656250001 0.48438121093750014 0.4875920168312824 0.4565121600928238 0.06596073906250001 0.4746374578125 0.06715878785621773 0.5025065086571763
0 0.9010996765625 0.5174736125000001 0.8999226463802698 0.4900934933702155 0.4713787156221178 0.5085159530579544 0.47255574580434817 0.5358960721877389
0 0.47591494531249995 0.35493425156249997 0.4747589334123332 0.3280430627257432 0.055753939062500014 0.34605545937500004 0.05690995096266681 0.3729466482117568
0 0.5015180890625002 0.792323825 0.5003620771323598 0.765432634536034 0.11079677180795437 0.7821794625028823 0.11195278373809474 0.8090706529668482
0 0.469272303125 0.2506206046875 0.4680532360774028 0.22226262375066613 0.03861476875 0.24072353906250007 0.03983383579759722 0.269081519999334
0 0.8987172984375 0.7336728703125 0.8975823049064735 0.7072706116334115 0.4976408514954544 0.7244634953153821 0.49877584502648087 0.7508657539944706
0 0.901363346875 0.36525627812500006 0.9001022430024579 0.3359204353134796 0.45937876087333657 0.35486647663242776 0.4606398647458786 0.3842023194439482
0 0.8993973109375 0.7790316796874999 0.8982412990884349 0.7521404907829602 0.500883134375 0.769222321875 0.5020391462240651 0.7961135107795396