0 0.7648716779634673 0.5260814795779086 0.2664078890625 0.47518585156249993 0.26324516094113987 0.5061611141559699 0.7617089498421071 0.5570567421713786
0 0.733594478455399 0.82808129513364 0.26451874531250014 0.7801863328125 0.2611583465446013 0.8130975501788603 0.7302340796875002 0.8609925125000002
0 0.7723942654443146 0.40422833929339486 0.26348025625000004 0.352265690625 0.2601692750389142 0.3846929199075906 0.7690832842332288 0.4366555685759854
0 0.7717352017902845 0.43506449027757343 0.2645363921875 0.38327697187500004 0.2611759933804442 0.416188189235912 0.7683748029832288 0.46797570763848545
0 0.7890009209921656 0.2757262182075592 0.26693137656250004 0.2224203234375 0.26317563666244154 0.25920344896381925 0.7852451810921071 0.3125093437338785
0 0.8121255178384716 0.1080164946629262 0.27000430781250007 0.05266322656250003 0.26590264466152835 0.09283427096207393 0.8080238546875 0.1481875390625001
0 0.7513253951832946 0.667385623669711 0.2666715296875001 0.6179000578125 0.2633605485667057 0.6503272872677892 0.7480144140625001 0.6998128531250001
0 0.7406315693835971 0.7750729476656718 0.26547313281250007 0.7265569125000002 0.2620633165539032 0.7599521179593286 0.7372217531250003 0.8084681531250002
0 0.7544732285162566 0.6115087823048031 0.26898827031250006 0.5619383546875001 0.26577612429295777 0.5933976067254539 0.7512610824967142 0.6429680343427568
0 0.7783347827211599 0.3733864703898433 0.2616228734375 0.32062761875 0.2583118922788401 0.3530548483601568 0.7750238015625 0.4058137000000001
0 0.9877496305895912 0.6326827632484902 0.7530880703125001 0.6087226515625 0.7510619473775161 0.6285661804853884 0.9857235076546071 0.6525262921713784
0 0.7947202923116747 0.21155462470099975 0.26920268125 0.15789666562500004 0.2654963591090539 0.1941958016874858 0.7910139701707286 0.24785376076348556
0 0.8000833573223805 0.17776106153718169 0.26933180624999997 0.12356869062500005 0.26552664876972665 0.1608358040716968 0.7962781998421071 0.2150281749838784
0 0.7473327356081167 0.697100898933862 0.2670817203125001 0.6480648843750002 0.2639684096882618 0.6785561590365312 0.7442194249838785 0.727592173595393
0 0.761264786639081 0.4966567384032713 0.26456920312500004 0.44594165156250004 0.2615053100619046 0.4759489383010001 0.7582008935759856 0.5266640251417714
0 0.7603338058225658 0.5552078426702195 0.26708628437500004 0.504844821875 0.26397297384881274 0.5353360965501734 0.7572204952963786 0.5856991173453929
0 0.7384168583791604 0.802289071099705 0.2641248531250001 0.7538615015625 0.26071503679156854 0.7872567068512805 0.7350070420457289 0.8356842763884854
0 0.759206739767528 0.5844821585561149 0.26597689062500013 0.534120940625 0.26291299773247234 0.5641282258188853 0.7561428468750001 0.6144894437500001
0 0.7830255677522946 0.34039317940938585 0.26535887031250005 0.2875368390625 0.2618008009977056 0.3223840112156143 0.7794674984375001 0.37524035156250013
0 0.8043396825012412 0.14296484095756481 0.27091814687500004 0.08849985312500004 0.26691531904513716 0.1277029201378282 0.8003368546713784 0.18216790797039298
0 0.7286772986628054 0.8795502668967238 0.263810040625 0.8320850109375002 0.2601037185246947 0.8683841471657763 0.7249709765625001 0.915849403125
0 0.7550964451868208 0.6389262516350657 0.2678432781250001 0.5891752843750001 0.26453229700067926 0.6216025139899345 0.7517854640625 0.67135348125
0 0.7434271116654081 0.7487173650264294 0.2665358062500001 0.7000243937499999 0.26312598989709207 0.7334195990360708 0.7400172953125 0.7821125703125003
0 0.765942927477681 0.46570944907848794 0.26224519375 0.414279409375 0.258983630334819 0.4462226493590122 0.7626813640625001 0.4976526890625001
0 0.7881105754270402 0.30926365267343037 0.2669781453125001 0.25605344375000005 0.2634200761354598 0.29090061451406984 0.7845525062500001 0.34411082343750016
0 0.7911934849413129 0.242698890066788 0.26825750625000006 0.1893045296875 0.264501766621187 0.22608765368321207 0.7874377453125 0.2794820140625001
0 0.7474491336256655 0.7233207179802766 0.26541223750000004 0.67410235625 0.26215067417071286 0.7060455946776163 0.7441875702963784 0.7552639564078929
0 0.7323611517933004 0.8535948451197823 0.2650182875000001 0.8058768187500001 0.26165788883169977 0.8387880361302178 0.729000753125 0.8865060625000002