0 0.7499925921874999 0.08200833281250006 0.21480740781250002 0.08200833281250001 0.21480740781250002 0.12159166718750007 0.7499925921874999 0.1215916671875001
0 0.7430592593750001 0.25027083281250007 0.224540740625 0.2502708328125 0.224540740625 0.2867291671875 0.7430592593750001 0.2867291671875001
0 0.7360888890624999 0.6421541671875001 0.2583111109375001 0.6421541671875 0.2583111109375001 0.6744458328125 0.7360888890624999 0.6744458328125001
0 0.73844444375 0.5575750000000002 0.2495555562500001 0.557575 0.2495555562500001 0.5888250000000002 0.73844444375 0.5888250000000002
0 0.7337703703125 0.47005416718750015 0.24302962968750008 0.47005416718750004 0.24302962968750008 0.5023458328125001 0.7337703703125 0.5023458328125001
0 0.7453370375 0.18467083281250007 0.2212629625 0.18467083281250005 0.2212629625 0.22112916718750006 0.7453370375 0.22112916718750011
0 0.7375148140625 0.6723958328125 0.2578851859375001 0.6723958328124999 0.2578851859375001 0.7026041671875001 0.7375148140625 0.7026041671875002
0 0.7314814812500001 0.8572541671874999 0.2685185187500001 0.8572541671874999 0.2685185187500001 0.8895458328125001 0.7314814812500001 0.8895458328125001
0 0.748140740625 0.11775000000000006 0.216659259375 0.11775000000000005 0.216659259375 0.15525000000000005 0.748140740625 0.15525000000000008
0 0.7435333328125 0.28225 0.2268666671875 0.28225 0.2268666671875 0.31975000000000003 0.7435333328125 0.3197500000000001
0 0.7388407406249999 0.6151166671875001 0.2573592593750001 0.6151166671875 0.2573592593750001 0.6442833328125002 0.7388407406249999 0.6442833328125002
0 0.7351851859375003 0.8060375000000001 0.26481481406250007 0.8060375000000001 0.26481481406250007 0.8341625 0.7351851859375003 0.8341625
0 0.738396296875 0.4997750000000001 0.24580370312500008 0.49977499999999997 0.24580370312500008 0.5310250000000001 0.738396296875 0.5310250000000002
0 0.7374703703125001 0.5281541671875001 0.24672962968750006 0.5281541671875 0.24672962968750006 0.5604458328125002 0.7374703703125001 0.5604458328125002
0 0.7421296296875 0.3786125000000001 0.23287037031250007 0.3786125 0.23287037031250007 0.4129875000000001 0.7421296296875 0.4129875000000002
0 0.74028148125 0.31407083281250003 0.22731851875000003 0.31407083281250003 0.22731851875000003 0.35052916718750005 0.74028148125 0.35052916718750005
0 0.7379888890625 0.6992166671875001 0.2602111109375001 0.6992166671875 0.2602111109375001 0.7283833328125 0.7379888890625002 0.7283833328125001
0 0.7342333328125001 0.8320375 0.2675666671875001 0.8320375 0.2675666671875001 0.8601625 0.7342333328125001 0.8601625
0 0.7384259265625001 0.4088125000000001 0.2365740734375001 0.40881249999999997 0.2365740734375001 0.44318750000000007 0.7384259265625001 0.4431875000000002
0 0.7379888890625002 0.7531166671875 0.2602111109375001 0.7531166671875 0.2602111109375001 0.7822833328125001 0.7379888890625002 0.7822833328125002
0 0.7434851859375 0.21695000000000006 0.22311481406250003 0.21695000000000003 0.22311481406250003 0.25445000000000007 0.7434851859375 0.2544500000000001
0 0.7467888890625 0.15155000000000007 0.2190111109375 0.15155000000000005 0.2190111109375 0.18905000000000008 0.7467888890625 0.1890500000000001
0 0.7365370375000002 0.7797166671875001 0.26246296250000006 0.7797166671875 0.26246296250000006 0.8088833328125 0.7365370375000002 0.8088833328125
0 0.74025555625 0.34761250000000005 0.22914444375 0.3476125 0.22914444375000004 0.38198750000000004 0.74025555625 0.3819875000000001
0 0.732822221875 0.44065416718750006 0.2383777781250001 0.4406541671875 0.2383777781250001 0.47294583281250013 0.732822221875 0.4729458328125002
0 0.7379925921875 0.5864958328125001 0.2528074078125001 0.5864958328125 0.2528074078125001 0.6167041671875001 0.7379925921875 0.6167041671875002
0 0.7379888890625002 0.7255166671875001 0.2602111109375001 0.7255166671875 0.2602111109375001 0.7546833328125001 0.7379888890625002 0.7546833328125002