0 0.4985532703125 0.1968263015625 0.4979225188525474 0.16552795423211628 0.04300887809352393 0.1746957687506344 0.04363962955347654 0.20599411608101809
0 0.49642698125000007 0.2261053312500001 0.4958172545803574 0.19585026020227175 0.048374006250000004 0.204867528125 0.04898373291964262 0.23512259917272832
0 0.49945983906249997 0.2555016562500001 0.49885011255149986 0.22524658524338048 0.05509969371915825 0.23418942971961026 0.05570942023015838 0.2644445007262299
0 0.5008934593750001 0.2839073796875 0.5003047580191671 0.2546955896970565 0.06033190309352392 0.26356230468813435 0.06092060444935702 0.29277409467857785
0 0.5045656312500001 0.3107441875 0.5040189798958872 0.2836189516919232 0.06790841559352392 0.2924078312506343 0.06845506694763683 0.3195330670587112
0 0.5043548312499999 0.3362565109375001 0.5038502298864284 0.31121783087105515 0.07529478750000002 0.3198544546875 0.07579938886357156 0.3448931347539449
0 0.5112784484375 0.36778289843750006 0.5106687219185455 0.3375278289589049 0.07984321093749999 0.3462101999999999 0.08045293745645452 0.37646526947859515
0 0.51246198125 0.39248643281249995 0.5118732796985765 0.3632746412501859 0.08297891406249999 0.3719180953125 0.0835676156139235 0.401129886874814
0 0.5170647234375 0.42010604999999995 0.5165180720784143 0.39298081419162 0.08779316874999998 0.40162085156250005 0.08833982010908561 0.42874608737088
0 0.5165853890624998 0.44690962656250005 0.5159966876435569 0.41769783653677167 0.09448798124999999 0.4261924468749999 0.09507668266894297 0.45540423690072834
0 0.517839315625 0.47303535156250004 0.517250614206057 0.4438235615367718 0.0957419078125 0.4523181718750001 0.09633060923144296 0.48152996190072833
0 0.5184739312500001 0.49750781093750013 0.5179483050398324 0.4714258561134777 0.100386621875 0.479840921875 0.10091224808516777 0.5059228766990225
0 0.526261653125 0.5240237140625001 0.5257150017053878 0.4968984782189927 0.10806858906249998 0.5053152531249998 0.10861524048211216 0.5324404889685074
0 0.9705062281249999 0.302898825 0.9699175267748428 0.27368703497846514 0.5225590093743656 0.28270259215602395 0.5231477107245228 0.31191438217755885
0 0.9655339671875002 0.33195549687500003 0.9649452656165284 0.30274370528005684 0.5268188234375 0.31157321250000003 0.5274075250084717 0.3407850040949432
0 0.9659580468750001 0.3580353234375001 0.9654324205336049 0.33195336863691505 0.5294065874999999 0.34074054218749994 0.5299322138413951 0.366822496988085
0 0.9739133437500002 0.38689409218750004 0.9733246423194959 0.3576823021925043 0.5278125421560239 0.36666065000063436 0.5284012435865281 0.3958724399956301
0 0.9667637359374999 0.41174469062499996 0.9662170845312437 0.38461945484518173 0.5337993515316581 0.3933339140946105 0.5343460029379143 0.42045914987442873
0 0.9670122984375 0.4375900921875 0.9664656471016217 0.4104648563805348 0.539587159343524 0.4190676828131343 0.5401338106794021 0.44619291862009947
0 0.965599065625 0.4642705468750001 0.9650524142162163 0.4371453110635903 0.5400203406243658 0.44571092809352386 0.5405669920331493 0.47283616390493366
0 0.9670860843750001 0.4882457234374999 0.9665814831347429 0.46320704493851955 0.5380260405935239 0.4718436671881344 0.538530641833781 0.49688234568711476
0 0.9686460624999998 0.5169119156249999 0.9680994110885596 0.4897866797819909 0.5430673359374999 0.498352296875 0.5436139873489403 0.525477532718009
0 0.525046046875 0.5484958875 0.5244993955578353 0.5213706516941755 0.1142386421560239 0.5296385828131343 0.11478529347318858 0.5567638186189587
0 0.5298374625 0.5735274937500001 0.5293118361354197 0.5474455388851268 0.115442984375 0.5557861859375 0.11596861073958027 0.5818681408023731
0 0.5336657359374999 0.5974554890624999 0.533182159642633 0.5734600884470133 0.11948277031186567 0.581797320281024 0.11996634660673258 0.6057927208965106
0 0.537571421875 0.6221459125 0.5370668205299355 0.59710723399463 0.1232827 0.6054461734375 0.12378730134506458 0.63048485194287
0 0.5384452515625 0.6485005640624999 0.5379196252963667 0.6224186092350659 0.13143643281249998 0.6306104125 0.1319620590786333 0.6566923673274341
0 0.5407975921875001 0.6721785906250001 0.5402929908819479 0.647139912122039 0.1375873609375 0.6552555875 0.13809196224305212 0.6802942660029612
0 0.5468388296875 0.6947594468750001 0.5463762785875811 0.671807327246677 0.1401472781243657 0.6799940077810237 0.14060982922428453 0.7029461274093467
0 0.5484044390624999 0.7200188828125 0.5478998378094182 0.6949802043127377 0.14150137653102388 0.7031703000006342 0.14200597778410554 0.7282089785003966
0 0.9682054453125 0.5401243765625001 0.9677008440559769 0.5150856996224747 0.54283823125 0.5236479015625 0.543342832506523 0.5486865785025253
0 0.9677058046875002 0.5667279718750001 0.9671591532699466 0.5396027360316182 0.5495127390625001 0.5480195109375 0.5500593904800537 0.5751447467808819
0 0.9753397640625 0.5922032703125002 0.9748141376779108 0.5661213139178978 0.5535596234375 0.5746108031250001 0.5540852498220893 0.6006927595196025
0 0.9709147265625001 0.62147435625 0.9702629500636242 0.589132729501911 0.5558857140001823 0.5974836187827446 0.5565374904990581 0.6298252455308336
0 0.972423640625 0.6452278265625 0.9718349391967195 0.6160160365362024 0.5650975546868657 0.624212962468524 0.5656862561151463 0.6534247524948216
0 0.9747729515625 0.6685844546874999 0.9742263001169436 0.6414592188424111 0.5621191296875001 0.6497643625 0.5626657811330565 0.6768895983450889
0 0.9681702718749999 0.6946305515625 0.9675605454194353 0.6643754805278226 0.5662776765624999 0.67246248125 0.5668874030180646 0.7027175522846775
0 0.9664854125 0.7188909140625002 0.9658967109429403 0.6896791224684049 0.5683914031249999 0.697689996875 0.5689801046820596 0.7269017884690953
0 0.96933510625 0.74203706875 0.9687884548961783 0.7149118329419408 0.571452609375 0.7229192906249999 0.5719992607288218 0.7500445264330591
0 0.9701713046874998 0.7645224296875 0.9696667034064352 0.7394837511860317 0.5688074875 0.7475622156249999 0.5693120887810644 0.7726008941264682
0 0.9702842125000002 0.7882664609374999 0.9697796112169564 0.763227782435911 0.5689203968750001 0.7713062468749998 0.5694249981580437 0.7963449253765887
0 0.9747662203124998 0.8139681 0.9742195689288844 0.7868428641586871 0.5750373093750001 0.7948875328124999 0.5755839607586155 0.8220127686538129
0 0.9738555359374998 0.83306115 0.9733719596430808 0.809065747824594 0.5781367203124999 0.8170308734375 0.5786202966069189 0.8410262756129061
0 0.9788698500000003 0.8587938078124999 0.9783021735256808 0.830625294110272 0.5753423500000001 0.8387460921875001 0.5759100264743194 0.8669146058897279
0 0.5537060140624999 0.744681175 0.5531803877943331 0.7185992201724418 0.146697196875 0.7267910234374999 0.14722282314316684 0.7528729782650581
0 0.5533751203125 0.7687556109375 0.5528284688028058 0.7416303751199382 0.15179979374936564 0.7497122562185238 0.15234644525905983 0.7768374920360854
0 0.5548322203125001 0.7924725546875 0.5542855689602084 0.7653473188480969 0.15694972031250004 0.7733547765625001 0.15749637166479172 0.8004800124019031
0 0.5539595624999999 0.814892159375 0.553454961215094 0.7898534808732975 0.15998140468749997 0.7977831031249999 0.1604860059724059 0.8228217816267025
0 0.556680565625 0.8372810906250001 0.5561759644139979 0.8122424136877496 0.1663952421875 0.8200976140624997 0.166899843398502 0.8451362909997501
0 0.5603783375000001 0.8648437968750002 0.559789635966963 0.8356320068737537 0.16966999062500002 0.8434940390625 0.17025869215803707 0.8727058290637466