0 0.6894652781249999 0.601172265625 0.2745347218750001 0.601172265625 0.2745347218750001 0.628027734375 0.6894652781249999 0.628027734375
0 0.6870909718750002 0.738628125 0.2817090281250001 0.738628125 0.2817090281250001 0.765971875 0.6870909718750002 0.765971875
0 0.68689305625 0.648060546875 0.2789069437500001 0.648060546875 0.2789069437500001 0.673939453125 0.68689305625 0.673939453125
0 0.7020201390625 0.35107226562500005 0.2601798609375 0.351072265625 0.2601798609375 0.37792773437500005 0.7020201390625 0.3779277343750001
0 0.6881590281250001 0.71593984375 0.2810409718750001 0.71593984375 0.2810409718750001 0.74426015625 0.6881590281250002 0.74426015625
0 0.69577569375 0.481372265625 0.2678243062500001 0.481372265625 0.2678243062500001 0.508227734375 0.69577569375 0.508227734375
0 0.6935395828125 0.531160546875 0.26906041718750007 0.531160546875 0.26906041718750007 0.557039453125 0.6935395828125 0.557039453125
0 0.6933395828125 0.505783984375 0.2688604171875001 0.505783984375 0.2688604171875001 0.533616015625 0.6933395828125 0.533616015625
0 0.70335625 0.324172265625 0.25804375 0.324172265625 0.25804375 0.351027734375 0.70335625 0.35102773437500007
0 0.71030069375 0.21106328125000004 0.25109930625 0.21106328125 0.25109930625 0.24133671875000004 0.71030069375 0.2413367187500001
0 0.7050902781249999 0.2966281250000001 0.258909721875 0.296628125 0.258909721875 0.3239718750000001 0.7050902781249999 0.32397187500000013
0 0.6837868062500002 0.7619605468749999 0.28361319375000005 0.7619605468749999 0.28361319375000005 0.7878394531249999 0.6837868062500002 0.7878394531249999
0 0.6881270828125 0.692972265625 0.2792729171875001 0.692972265625 0.2792729171875001 0.719827734375 0.6881270828125 0.719827734375
0 0.71263680625 0.15219843750000006 0.24996319374999998 0.15219843750000003 0.24996319374999998 0.18540156250000006 0.71263680625 0.1854015625000001
0 0.7022861109375 0.3777281250000001 0.2613138890625001 0.377728125 0.2613138890625001 0.40507187499999997 0.7022861109375 0.40507187499999997
0 0.6970798609375 0.430372265625 0.26392013906250006 0.430372265625 0.26392013906250006 0.457227734375 0.6970798609375 0.457227734375
0 0.6826847218750002 0.78286328125 0.2851152781250001 0.78286328125 0.2851152781250001 0.81313671875 0.6826847218750002 0.81313671875
0 0.71203680625 0.18271914062500008 0.24936319375 0.18271914062500005 0.24936319375 0.21348085937500003 0.71203680625 0.21348085937500008
0 0.7129048609375 0.12189843750000007 0.2484951390625 0.12189843750000004 0.2484951390625 0.15510156250000007 0.7129048609375 0.1551015625000001
0 0.68619305625 0.67001640625 0.2782069437500001 0.67001640625 0.2782069437500001 0.69638359375 0.68619305625 0.69638359375
0 0.69554375 0.45558398437500003 0.26585625000000007 0.45558398437500003 0.26585625000000007 0.48341601562500003 0.69554375 0.48341601562500003
0 0.70990069375 0.23995156250000002 0.25069930625 0.2399515625 0.25069930625 0.26924843750000005 0.70990069375 0.26924843750000005
0 0.7074263890625 0.2676074218750001 0.2577736109375 0.26760742187500003 0.2577736109375 0.2973925781250001 0.7074263890625 0.2973925781250001
0 0.6922354171875 0.578360546875 0.2729645828125001 0.578360546875 0.2729645828125001 0.604239453125 0.6922354171875 0.604239453125
0 0.6935374999999999 0.55501640625 0.2716625000000001 0.55501640625 0.2716625000000001 0.58138359375 0.6935374999999999 0.58138359375
0 0.688997221875 0.6254046875 0.2758027781250001 0.6254046875 0.2758027781250001 0.6507953125 0.688997221875 0.6507953125
0 0.701584028125 0.404828125 0.2632159718750001 0.404828125 0.2632159718750001 0.432171875 0.701584028125 0.432171875