0 0.784196440893332 0.48607802418527085 0.290816803125 0.46625781406250005 0.28956262316916803 0.4974778086272293 0.7829422609375 0.5172980187500001
0 0.8038955581886512 0.17153889028841604 0.28262773124999996 0.15059834531250002 0.28112271518366316 0.18806233945923462 0.8023905421223143 0.20900288443515064
0 0.805663509719818 0.13848832928638838 0.2825426015625 0.11747334218750002 0.2810375855926819 0.1549373347761117 0.8041584937499998 0.17595232187500007
0 0.7804543726624683 0.6879009849233991 0.3000769656250001 0.6686031046875 0.2989063976500318 0.6977417666391009 0.7792838046875 0.7170396468750001
0 0.7802355114710722 0.7138882991168375 0.2979896953125 0.6945153609375 0.2967773213414281 0.7246946899456627 0.7790231375000002 0.744067628125
0 0.7911429969167791 0.3958772883183296 0.2884826234375001 0.37568424843750003 0.2871866374582211 0.4079449085566706 0.7898470109375002 0.4281379484375001
0 0.8098261532606974 0.10451246841947981 0.28113067187500007 0.08327353750000005 0.27958384986430274 0.12177819720552034 0.8082793312500002 0.14301712812500011
0 0.7838614911045116 0.5733422772388678 0.29790951093750007 0.5538204546875 0.29669713701797085 0.5839997837613006 0.7826491171849824 0.6035216063126684
0 0.7851028003621929 0.5439521258148083 0.2935762453125001 0.5242063578124999 0.29232206526280735 0.5554263538726917 0.7838486203125001 0.5751721218750001
0 0.7713537146820477 0.846217964745635 0.30393255468750013 0.8274405671874998 0.3027201806304527 0.8576198977543648 0.7701413406250003 0.8763972953125
0 0.8002922350566866 0.20423637147127102 0.2827459 0.18344532812500006 0.2812826899433133 0.21986865665372907 0.798829025 0.24065970000000006
0 0.7773631155287336 0.7393479086232465 0.29879280937500013 0.7201226250000001 0.29749682353376666 0.7523832851267538 0.7760671296875001 0.7716085687500002
0 0.7803246147234187 0.6581555569363328 0.29993188125000003 0.638857059375 0.29871950708639583 0.6690363899988181 0.7791122405598145 0.6883348875601507
0 0.791460794662554 0.33208597446499294 0.28504827656250004 0.3117422015625001 0.28362687252494595 0.3471248614725072 0.790039390625 0.3674686343750001
0 0.7770173600579313 0.767494036625042 0.29847770625000003 0.74826998125 0.2972653320669008 0.7784493118099405 0.775804985874832 0.7976733671849825
0 0.7702584199590005 0.8720074681482736 0.30277595625000014 0.8532276062499999 0.30139635816599974 0.8875696006017264 0.7688788218750001 0.9063494625
0 0.794535820896729 0.30046798552841747 0.2844018140625 0.2799747140625 0.282938604103271 0.3163980425965827 0.7930726109374999 0.33689131406250017
0 0.7905693529800122 0.36491324470203035 0.2860405718750001 0.34464514687500003 0.2847027798299705 0.377946475673138 0.7892315609349827 0.39821457350016837
0 0.7745477735077453 0.7928697633826998 0.2996836312500001 0.7737933625000001 0.2983876452397376 0.8060540226174684 0.7732517874974827 0.8251304235001682
0 0.7728619771553654 0.8204617319325946 0.3017346500000001 0.8015354484375002 0.3005222759094842 0.8317147789397202 0.7716496030648494 0.8506410624348145
0 0.7871433131525241 0.5153362303733717 0.29377900156250003 0.4955166343750001 0.2925666274724762 0.5256959633766285 0.7859309390625001 0.5455155593750002
0 0.797697602301994 0.2687742652244466 0.28385742968750005 0.24813210625000007 0.28239421957300587 0.28455543477555356 0.7962343921874998 0.3051975937500001
0 0.7835398209819421 0.601747875686801 0.2975878390625001 0.5822260499999999 0.2963754649555581 0.6124053790006992 0.7823274468750001 0.6319272046875002
0 0.7831711687295945 0.4560964914399136 0.2897762046875 0.43627566562500003 0.2884802187704055 0.4685363257475864 0.7818751828124999 0.48835715156250004
0 0.7823860692796489 0.6293195241166218 0.3001402515625001 0.6099465859375 0.2989278775953512 0.6401259149458783 0.7811736953125 0.6594988531250002
0 0.7980392847149442 0.23624595122300204 0.28418378593750004 0.21560317812499993 0.28267876997255587 0.2530671722144979 0.7965342687500001 0.27370994531250004
0 0.7881194141668022 0.4260755821345705 0.28916520625 0.4060314265625 0.2878692202056804 0.4382920866780976 0.7868234281224826 0.4583362422501681