0 0.46362420725806475 0.3928966404790727 4.718447854656915e-17 0.37010158281249994 -0.0015881385112310159 0.4024024205228268 0.46203606874683373 0.42519747818939957
0 0.47041798610026503 0.3036684808080448 3.3306690738754695e-17 0.28053939218749996 -0.0016393689127650324 0.3138821941919552 0.46877861718749997 0.33701128281250003
0 0.4599279899559914 0.510695347951634 6.106226635438361e-17 0.48808202031250003 -0.0014344477684912703 0.5172569692358662 0.45849354218750005 0.5398702968750001
0 0.4624081671947871 0.4813169568730924 5.551115123125783e-17 0.4585816875 -0.001485678181840766 0.48879860350977306 0.4609224890129463 0.5115338728828654
0 0.9221067054549182 0.8942876507427078 0.46384664843750006 0.8717563312500001 0.46215604923258197 0.9061410945697924 0.9204161062500003 0.9286724140625001
0 0.9425268072673445 0.6770451748546668 0.4731780875000001 0.653968659375 0.4715899489826558 0.6862694970203334 0.9409386687500001 0.7093460125000002
0 0.45289309524366983 0.7586978864788416 0.005814134375000096 0.7367163109375001 0.004328456318830392 0.7669332260211584 0.4514074171875001 0.7889148015624999
0 0.937879860384595 0.7049926281329297 0.4740908765625001 0.6821894687500001 0.47250273805290516 0.7144903062420704 0.9362917218750001 0.7372934656250001
0 0.4523907335734485 0.732022202478029 0.005327178125000087 0.7100413828125001 0.0038927304161814336 0.7392163318165645 0.4509562858646299 0.7611971514820935
0 0.45805181334642525 0.5659522587323628 6.106226635438361e-17 0.543431178125 -0.0014344477214251693 0.5726061272051373 0.4566173656250001 0.5951272078125001
0 0.9523088917599847 0.6207731920496956 0.4736939437500001 0.5972410812500001 0.4721058050383772 0.6295419204465363 0.9507207530483617 0.6530740312462319
0 0.45077251128303886 0.8902233438061075 0.003601114062500105 0.8682372234375002 0.0018080543419613903 0.9047059140063928 0.44897945156250013 0.926692034375
0 0.9773570866380521 0.3261658335509285 0.4801788703125001 0.30172102187500005 0.4784882711744479 0.33610578519907164 0.9756664874999998 0.36055059687500013
0 0.973380502864688 0.38681344559488223 0.483599865625 0.36273235156250005 0.48185803619781203 0.39815907784261795 0.9716386734375 0.4222401718750001
0 0.4624773717384062 0.4238655287400208 4.718447854656915e-17 0.40112685781249996 -0.0014856779884059508 0.4313437712599792 0.46099169375000015 0.45408244218750005
0 0.45013535156293594 0.7849333614821378 0.006762881250000097 0.7631340234375 0.005277203124564223 0.7933509400803622 0.44864967343750006 0.8151502781250001
0 0.448309160967559 0.8380870567976704 0.004936690625000101 0.8162877171874999 0.003451012469941317 0.8465046322648296 0.44682348281250023 0.8683039718750001
0 0.9458140088584057 0.6492314092326315 0.4746120421875001 0.6260637734375002 0.47302390356495605 0.6583646110761008 0.9442258702358618 0.681532246871232
0 0.4496790275800767 0.8115410249326978 0.004422500000000096 0.7896490515625 0.0028343614824236528 0.8219498875673024 0.4480908890625003 0.8438418609375
0 0.9322141929607275 0.7876960194930798 0.4646879062500001 0.7647091062500002 0.46299730696263464 0.7990938711281526 0.930523593673362 0.8220807843712322
0 0.9623090625040109 0.4777197068740196 0.47631194375000013 0.4538246359375001 0.47482626561722113 0.4840415494526192 0.9608233843712318 0.5079366203891387
0 0.9599072140249237 0.5067802442922049 0.4739100953125 0.4828851765625 0.47242441722507617 0.513102093207795 0.9584215359374999 0.5369971609374999
0 0.445585807810708 0.8633215192944952 0.005919829687500111 0.84170441875 0.004434151564292182 0.871921335393005 0.4441001296875001 0.8935384359375002
0 0.4557378538729693 0.5946160369268044 6.661338147750939e-17 0.5722087296875001 -0.001434447622969015 0.6013836802606958 0.4543034062500002 0.6237909875000001
0 0.45955034367662256 0.5381299271046871 6.661338147750939e-17 0.5155351687499998 -0.0014856780974213946 0.5457520832018081 0.45806466557920117 0.5683468415564954
0 0.9303119237921871 0.8155987698828276 0.46465428906250006 0.79270373125 0.4630149199540449 0.8260465333188106 0.9286725546837319 0.8489415719516382
0 0.45699905094501414 0.6228539774875357 7.216449660063518e-17 0.6003846578124999 -0.0014344478200139954 0.6295596084499644 0.45556460312500013 0.652028928125
0 0.9529417911303522 0.5639719877384339 0.47434225000000013 0.5404406359375 0.4728053416821479 0.5716995122615662 0.9514048828125 0.5952308640625
0 0.47683917551878185 0.1444292177421968 1.6653345369377347e-17 0.12098441874999996 -0.0019467505187818438 0.1605789963203032 0.474892425 0.18402379531250007
0 0.4541821164444803 0.7047365102920016 0.0034120703125000763 0.6825734546875 0.0019776226180198363 0.7117484053329985 0.45274766875 0.7339114609375
0 0.9233708151726272 0.8690232186874841 0.4632883218750001 0.8464022953124999 0.46170018318446654 0.8787031345103863 0.9217826764820938 0.9013240578853704
0 0.955782075603088 0.5353340861821888 0.47347604062500004 0.5116204953125 0.4719391322094119 0.5428793716303113 0.9542451671874999 0.5665929625
0 0.47323531131599117 0.2092897921688369 2.2204460492503132e-17 0.18602218437499998 -0.0017930597534910498 0.2224908750186631 0.47144225156250014 0.24575848281250004
0 0.9271268600236311 0.8422936960476056 0.4670135562500001 0.819671259375 0.4653229571638688 0.8540560227023943 0.9254362609375001 0.876678459375
0 0.4659318703023261 0.36427432874697496 4.163336342344337e-17 0.34136580937500005 -0.0014856781148259752 0.3715827243780252 0.4644461921875 0.3944912437500001
0 0.47150395233687314 0.2726172210556529 3.191891195797325e-17 0.24943473749999995 -0.0016905992118730936 0.28381950081934715 0.46981335312500005 0.3070019843750001
0 0.4803170446876086 0.17803197460058562 1.8041124150158794e-17 0.15441617812500003 -0.001844290000108631 0.19192683008691447 0.47847275468749995 0.21554262656250006
0 0.47040270549764884 0.23890988404430785 2.6367796834847467e-17 0.2157815484375 -0.0018442898726487313 0.2532922003306922 0.468558415625 0.27642053593750004
0 0.9364233964062695 0.7327961357959211 0.47263441562500014 0.7099929765625 0.4710462770312306 0.7422938157665789 0.9348352578125001 0.765096975
0 0.45705059781887547 0.6505310900643423 8.326672684688674e-17 0.6280592359375001 -0.001434447818875212 0.6572341864981579 0.45561615000000016 0.6797060406250001
0 0.46201134685403905 0.45201854437128447 4.9960036108132046e-17 0.42930278593749993 -0.0014856781040389205 0.4595197009412154 0.46052566875000006 0.482235459375
0 0.4665195573092527 0.3334784920459855 3.8857805861880476e-17 0.31054107656249996 -0.0015881385622027399 0.34284191270151604 0.4649314187470499 0.3657793281850016
0 0.9349981916751309 0.7612028045454016 0.46750271875000005 0.73821740625 0.46591458012323084 0.7705182438883303 0.9334100530483618 0.793503642183732
0 0.974927761631075 0.35743096636298205 0.4814560359375001 0.33316839218750005 0.47976543680642536 0.3675531555120182 0.9732371625 0.3918157296875002
0 0.9523814964151305 0.5924002905608677 0.473766546875 0.56886818125 0.4721784082723697 0.6011690203766324 0.9507933578125002 0.6247011296875001
0 0.9694030192929123 0.44826735336697443 0.4796840046875001 0.42418928750000007 0.4781470962554497 0.4554481638167577 0.9678661108608617 0.47952622968373204
0 0.9709409463364113 0.4185418248539504 0.48120652656249996 0.39446300468750006 0.479618388038589 0.4267638438960499 0.9693528078125004 0.4508426640625002
0 0.4560770133214459 0.6773556384171273 0.0016004750000000844 0.6550103453124999 0.00016602730355421146 0.6841852959578725 0.45464256562500005 0.7065305890625
0 0.9202723291240407 0.92060612780867 0.46011280781249997 0.8979814156249999 0.4582685175976827 0.9354920674962937 0.9184280389092233 0.9581167796799639
0 0.9733698996627606 0.29386243785547517 0.47617627656250006 0.2694168687500001 0.4744344472122396 0.3048435933945251 0.9716280703125001 0.3292891625000002