0 0.8576964296874999 0.6885496640625 0.4439365285603662 0.6428595968141477 0.4409462921875 0.6699385656249999 0.8547061933146338 0.7156286328733522
0 0.4303473359375 0.6405873156249999 0.023760896309588043 0.5956893909428289 0.020425632793676464 0.6258928564204628 0.4270120724215885 0.6707907811026338
0 0.8487133359375001 0.7384417593750001 0.4349007891404259 0.6927458784752277 0.4317955437500001 0.7208663453125 0.8456080905470742 0.7665622262122724
0 0.44491993906250016 0.5157137515625001 0.038386143166050934 0.47082163874925775 0.035165889062500066 0.4999836015625001 0.4416996849589493 0.5448757143757424
0 0.4656954531250001 0.3875571453125001 0.04999741214481833 0.3416530559590532 0.04677715781250004 0.3708150203125 0.46247519879268184 0.4167191096659469
0 0.8584428484375002 0.6641620265625001 0.450234137698083 0.6190849600609672 0.4473589107858609 0.6451224279357138 0.8555676215252779 0.6901994944372467
0 0.9163760578125002 0.35532865468750013 0.4951268196598611 0.3088115673198782 0.4917915562500001 0.3390150312500001 0.9130407944026393 0.38553211861762204
0 0.8312998343750001 0.8374394031250001 0.42303847981442555 0.7923565233496079 0.42004824357953713 0.8194354921686763 0.8283095981401116 0.8645183719440684
0 0.5033389078125001 0.17264725781250007 0.07098728443508659 0.12490417333625684 0.06742200312500002 0.1571906328125 0.4997736265024136 0.20493371728874324
0 0.905996871875 0.40792135312500005 0.48841333368163814 0.36180905655153695 0.4850780701420373 0.39201252185617663 0.9026616083353991 0.4381248184296397
0 0.4061504703125001 0.78974105 0.003282374608667904 0.7452537276603167 0.00006212031250009131 0.7744156921875 0.4029302160163322 0.8189030145271833
0 0.4293227375 0.6154770125 0.026401994572161323 0.5709838782521559 0.023066731250000073 0.6011873421875 0.4259874741778388 0.6456804764353441
0 0.4213318765625001 0.6905180078125 0.016630932065944303 0.6458282902934017 0.013410678106176476 0.6749902517329628 0.41811162260273227 0.719679969252061
0 0.4099983281250002 0.8151589000000001 0.0008731939438398672 0.7699806342428965 -0.0029221059571431286 0.8043500938763325 0.40620302822401716 0.849528359633436
0 0.44901758281250015 0.4905618593750001 0.04065093709101362 0.44546735126834924 0.03743068281250006 0.4746293156250001 0.4457973285339866 0.5197238237316509
0 0.8989461109375002 0.4598906531250001 0.47774951986178954 0.4133793793908648 0.4745292656250001 0.4425413437500002 0.8957258567007107 0.4890526174841354
0 0.4130529406250001 0.7414998890625002 0.010132199357642192 0.6970067534295742 0.006796935937500093 0.7272102171875001 0.40971767720485797 0.771703352820426
0 0.4736565656250001 0.3354269312500001 0.05617831524183707 0.2893262612429252 0.053073070142037236 0.31744672654367634 0.4705513205252002 0.36354739655075125
0 0.5073666749999999 0.14465396406250003 0.07501505316626297 0.09691087975671965 0.07144977187500001 0.12919733906250003 0.503801393708737 0.17694042336828042
0 0.4695074609375001 0.3610580718750001 0.05197656656400618 0.31495158857531924 0.04875631250000005 0.34411355156250006 0.46628720687349395 0.3902200348621809
0 0.8736833109375001 0.5614624312500001 0.4635364639949441 0.5161713427006485 0.46043121875000004 0.5442918093750001 0.8705780656925561 0.5895828979243517
0 0.8819322765625 0.5363430625000001 0.4680670838639984 0.4906413682695178 0.46484682968750013 0.51980333125 0.8787120223860017 0.5655050254804823
0 0.4360666968750001 0.5909420390624999 0.029532901180178196 0.5460499260983532 0.026312646875000057 0.5752118906249999 0.432846442569822 0.6201040035891465
0 0.49409931093750015 0.20061321093750006 0.06735152906644168 0.15348893780584236 0.06401626562500003 0.18369240156250002 0.49076404749605845 0.23081667469415773
0 0.8377364468750003 0.7891257171875002 0.4275369527327034 0.7438288137693432 0.42431669843750014 0.772990778125 0.8345161925797969 0.8182876815431571
0 0.92299868125 0.3284315265625001 0.498083746506257 0.2815096472045401 0.4947484828125 0.3117131125 0.9196634175562431 0.35863499185796
0 0.45223098906250014 0.46510991874999996 0.04386434288883529 0.4200154121615773 0.04064408889203726 0.4491773749811764 0.4490107350657021 0.49427188156959917
0 0.8269236125000001 0.8615232000000003 0.416513540599831 0.8162030446081421 0.41283325 0.8495310046875002 0.823243321900169 0.8948511600793582
0 0.83064850625 0.812673928125 0.4242200020628412 0.7677934405680167 0.42122976562500003 0.794872409375 0.8276582698121586 0.8397528969319833
0 0.492681359375 0.25528761875000006 0.060382381815472064 0.20755034619990279 0.05693210937500002 0.23879530781250008 0.48923108693452794 0.2865325803625973
0 0.8708377374999999 0.6135924859374999 0.4570778363728662 0.5679024186891477 0.4540876 0.5949813875000001 0.8678475011271338 0.6406714547483523
0 0.8526532078125001 0.7141031546875001 0.4388933062725912 0.6684130887881384 0.4359030703125001 0.6954920546875002 0.849662971852409 0.7411821205868618
0 0.4614057656250001 0.4400337453125001 0.047593218521101904 0.394337866119868 0.044487973267037254 0.4224583327936764 0.45830052037093544 0.4681542119863085
0 0.8639109781250001 0.6386343734375 0.4538167751428353 0.5933490983505554 0.45082653904367637 0.620428065795463 0.8609207420258412 0.6657133408824076
0 0.8439821843749998 0.7645568078125 0.4302222814317983 0.7188667419312919 0.4272320451420373 0.7459457109186765 0.8409919480852388 0.7916357767998847
0 0.4089065187500001 0.767114459375 0.006143711437681887 0.7226387622714235 0.0031534750000000835 0.7497177312500001 0.40591628231231824 0.7941934283535765
0 0.8860241609375 0.5106044000000001 0.4703787639434823 0.46470612393891103 0.46727351875000006 0.4928265890625001 0.8829189157440178 0.5387248651235892
0 0.44098006718750016 0.5400523546875 0.034393625674986016 0.4951544297972189 0.031058362348360867 0.5253578935607136 0.437644803860875 0.5702558184509947
0 0.4605687234375001 0.41330381875000005 0.04853637904984537 0.36780452138697595 0.04531612482953725 0.3969664859186763 0.45734846921719197 0.44246578328170044
0 0.4808578843750001 0.3080666078125001 0.059661293128826676 0.2615553340595412 0.05644103906250002 0.290717296875 0.47763763030867346 0.3372285706279589
0 0.9255825062499999 0.3012908125000001 0.49333617445360967 0.25355935500646176 0.49000091091867637 0.2837628204829629 0.9222472427150666 0.3314942779765013
0 0.48770480000000005 0.283218309375 0.05917681192002598 0.23589745437449436 0.055956557812500016 0.2650594171875 0.48448454589247414 0.3123802721880056
0 0.41961358906250024 0.7156079484375002 0.01302715095515422 0.670710022181659 0.009691887500000074 0.7009134859375 0.416278325607346 0.7458114121933412
0 0.8986259296875 0.43321780156250006 0.48470809305945817 0.38751029561420486 0.48137282968750006 0.4177137593750001 0.8952906663155419 0.4634212653232953
0 0.891317915625 0.4841255781250001 0.47556722900179127 0.43821567686449264 0.47223196545453716 0.4684191421686763 0.887982652077746 0.5143290434291837
0 0.493130290625 0.2266756375 0.06444436732289735 0.17933734226232506 0.06087908593750001 0.2116238015625001 0.48956500923960267 0.25896209680017507
0 0.8753634671875001 0.5882854593750001 0.45977071441909434 0.5423929982003735 0.45678047812500006 0.5694719671875001 0.8723732308934059 0.6153644283621268
0 0.9140406734375002 0.3809576718750001 0.4927387911248225 0.3344347711959936 0.4892885187500001 0.3656797328125001 0.9105904010626779 0.41220263349150665
0 0.4262431640625001 0.6659408937500001 0.019656722804591055 0.6210429674926368 0.01632145935617646 0.6512464314204629 0.42290790061408556 0.6961443576778262
0 0.43749889218750015 0.5649687109375001 0.03457814929138324 0.5204755765199611 0.031242885804684484 0.5506790418277508 0.43416362870080133 0.5951721762452897