0 0.7296663379314678 0.50161150719942 0.3088407437500001 0.4909376343750001 0.30812234956853224 0.5192608740505801 0.7289479437499999 0.5299347468750001
0 0.7296466282252785 0.26772748061153606 0.2922158734375001 0.2566324328125001 0.2914107764622217 0.28837399751346415 0.72884153125 0.2994690453125001
0 0.7294485768990023 0.6250422411177164 0.31646358281250014 0.6145672375000001 0.31575757466349785 0.6424021463822837 0.7287425687500001 0.65287715
0 0.7304792577971698 0.8108980785931058 0.3313383250000001 0.8007742171875 0.33054561403922905 0.832027449491284 0.7296865468363988 0.8421513108968897
0 0.7326600675793309 0.7668294488931912 0.3231549843750001 0.7564427093750001 0.3224489761330725 0.7842776197765926 0.7319540593374032 0.7946643592947836
0 0.7294816300679046 0.696896702057302 0.3173666156250001 0.6864437640625001 0.316660607391485 0.7142786745437995 0.7287756218343896 0.7247316125386014
0 0.7299068067674075 0.7432979650151257 0.3212609046875001 0.73293301875 0.3205425104200929 0.7612562599848747 0.7291884125000002 0.7716212062500002
0 0.730037897192772 0.7206285114302036 0.3196628390625001 0.7102197062500001 0.31895683089161764 0.738054615170898 0.7293318890218895 0.7484634203511014
0 0.726698247017948 0.45218767659382963 0.30589425156250005 0.4415143515625001 0.30520062954455207 0.46886092965617066 0.7260046250000001 0.4795342546875002
0 0.7265613603614527 0.15554486412318694 0.2838567453125001 0.14431604843750007 0.282989717722937 0.17849927185291461 0.7256943327718895 0.1897280875386015
0 0.729529392893278 0.5260821576637662 0.31043295937500004 0.5154521421875 0.3097021789411116 0.5442637158123352 0.7287986124593895 0.5548937312886014
0 0.7285339987123403 0.6492371161147874 0.31641898437500016 0.6387841796875001 0.31571297628766 0.6666190885727129 0.7278279906250001 0.6770720250000002
0 0.7306649016559849 0.21291238377674387 0.2871443000000001 0.20166287187500004 0.2863392030305107 0.23340443501286218 0.7298598046864955 0.244653946914606
0 0.7297275030402788 0.3477775532169243 0.2984081859375 0.33683751406250007 0.2976278609816108 0.3676024155716774 0.7289471780843895 0.37854245472610154
0 0.730715815375842 0.3218832782099898 0.29678656718750007 0.31087704218750006 0.2960062423960475 0.34164194214111177 0.7299354905843894 0.35264817816360156
0 0.7264720291869412 0.42554135537900895 0.3047440671875 0.41484459375 0.3039885145244575 0.4446328320803806 0.7257164765238986 0.4553295937093895
0 0.7296934396852601 0.47624912484644577 0.3079870734375 0.4655529125 0.30725629312724 0.49436448609105443 0.728962659375 0.5050606984375002
0 0.7308404893469309 0.2941333060724763 0.2942689109375 0.28306005 0.29345142784056905 0.31528994549002376 0.7300230062499999 0.32636320156250004
0 0.7301713630302633 0.5509611353282364 0.3128256812500001 0.5403755265625001 0.3121072869697369 0.5686987677967639 0.7294529687500001 0.5792843765625002
0 0.7282711058769358 0.4002239198997578 0.30392241093750005 0.3894606859375001 0.30315447224806447 0.4197372535377425 0.7275031671875001 0.43050048750000014
0 0.7291383248582487 0.7899898945061048 0.32749543593750013 0.7798025734375 0.32682658603964554 0.8061724898678907 0.728469474960394 0.8163598109364955
0 0.7301545319410015 0.6001532779350339 0.31453800781250013 0.5896115281250001 0.3138072274339986 0.6184231017524663 0.7294237515625001 0.6289648515625001
0 0.728823703439343 0.6729621645145101 0.3175786671875001 0.6625312937500001 0.31687265902306033 0.6903662041552734 0.7281176952749033 0.7007970749197834
0 0.7292856671155419 0.3735414396072229 0.299695509375 0.36264526093750005 0.298902798507449 0.3938984917219891 0.7284929562479909 0.40479467039171196
0 0.7298761801070155 0.18468304559358567 0.2863339796875 0.17343298593750006 0.2855041105179845 0.20615121221891447 0.7290463109375 0.21740127187500008
0 0.7300681960721837 0.5755327170007964 0.3135816953125 0.5649689000000001 0.3128509148653166 0.5937804736242038 0.7293374156250001 0.6043442906250001
0 0.729883420680377 0.24016877795231711 0.28896195312500006 0.22898518906250004 0.28814446990401243 0.26121508458628434 0.7290659374593894 0.2723986734761014