0 0.70999654375 0.4274435796875 0.2397170577874518 0.3811745621568384 0.23684057172274536 0.4104112406100204 0.7071200576852934 0.45668025814068197
0 0.6939717734375002 0.5099727640625 0.22734989398872987 0.46406360279973624 0.22447340781250014 0.4933002812500001 0.6910952872612705 0.5392094425127638
0 0.6328274906250001 0.8421387406250002 0.1952408029874459 0.7990862412789109 0.19205612187500015 0.8314554203125001 0.6296428095125542 0.8745079196585891
0 0.7294734828125 0.33871332500000007 0.24982433732667825 0.291522460027975 0.24663965623502024 0.3238916392147547 0.7262888017208421 0.37108250418677974
0 0.6516468921874999 0.7430456375000001 0.20697064550800381 0.6992956246736052 0.20409415937500008 0.728532303125 0.6487704060544963 0.7722823159513948
0 0.6800262093750001 0.5639838578125002 0.2244523592602301 0.519161671701723 0.22167860467252032 0.5473541845272548 0.6772524547872905 0.5921763706380319
0 0.7169914828125001 0.39782772187500004 0.23924635743711625 0.3508241851839243 0.23616440781250003 0.38214919843750006 0.713909533187884 0.4291527351285758
0 0.7758615703125 0.11971626250000011 0.26993224525567544 0.06993979233940713 0.2658229795052859 0.1117064752895296 0.7717523045621104 0.1614829454501226
0 0.6440709078125001 0.792884353125 0.20114824300093453 0.7493068681478827 0.1981690250000001 0.7795877156250001 0.6410916898115656 0.8231652006021173
0 0.6869184671875 0.5377400093750002 0.22585821109304752 0.49237803437243866 0.22308445625000012 0.5205705484375001 0.6841447123444526 0.5659325234400616
0 0.7459107984375 0.2776391515625 0.25696720687914254 0.22953384225569815 0.2535770625 0.26399135625000003 0.7425206540583574 0.31209666555680193
0 0.6608225312500002 0.6922299062499999 0.2124886752880065 0.6481200338983791 0.20961218906250006 0.6773567125 0.6579460450244937 0.7214665848516207
0 0.6481795281250001 0.7685131359375001 0.2035032801280845 0.724763121566014 0.2006267937500001 0.7539998015625 0.6453030417469157 0.7977498159339862
0 0.7645042703125 0.18558324218750002 0.26253341435139677 0.13619623059416502 0.258835075 0.17378624687500008 0.7608059309611033 0.2231732584683351
0 0.6641533734375 0.6672761125 0.21223712788652752 0.6228137840348437 0.20946337343750007 0.6510062953125001 0.6613796189884725 0.6954686237776564
0 0.7043074234375 0.4553239578125 0.234027939296607 0.4090549387371153 0.23115145312500002 0.43829161718750004 0.701430937265893 0.4845606362628847
0 0.6953009125 0.483202665625 0.23241185442211715 0.4376607638742862 0.2296381 0.465853275 0.6925271580778829 0.5113951767507138
0 0.6778693421875002 0.5905923953124999 0.22229549504002694 0.5457702093392471 0.219521740625 0.5739627203125003 0.6750955877724731 0.6187849062857529
0 0.7245948187500001 0.3696296250000001 0.24319208868160463 0.32226623049628006 0.24011013906250006 0.35359124375000006 0.7215128691308955 0.40095463825372
0 0.6677609609375 0.6409916421874999 0.21576950157690122 0.5965219137203707 0.21289301547274544 0.6257585921725204 0.6648844748333442 0.6702283206396497
0 0.7371317671875002 0.30991337343750003 0.25016741244580704 0.2620027911284456 0.24698273125 0.29437197031250006 0.7339470859916932 0.34228255262155455
0 0.7515551750000001 0.24785246093750007 0.25354278635898597 0.19885490632135433 0.25025537343750004 0.23226825468750004 0.7482677620785142 0.28126580930364575
0 0.7684224296874999 0.15222351875 0.266301138616476 0.10282170499904941 0.2623973359375 0.1425000546875001 0.7645186270085239 0.19190186843845072
0 0.6550679703125001 0.7179995125 0.2086381357295529 0.6740769702784357 0.20586438125000012 0.7022694812500002 0.6522942158329473 0.7461920234715645
0 0.757032409375 0.21594077812500007 0.2587943718529454 0.16692102292376912 0.2551987640625 0.20346687187500004 0.7534368015845547 0.252486627076231
0 0.672598778125 0.6158824843749999 0.21885373263498806 0.5712402262239388 0.21607997812500007 0.5994327375 0.6698250236150121 0.6440749956510612
0 0.6380190468750003 0.8173089765625002 0.19882920320161648 0.7740987496594987 0.19595271718750013 0.8033354265625 0.6351425608608838 0.8465456534655017