0 0.7499925921874999 0.33823333281250006 0.21480740781250002 0.3382333328125 0.21480740781250005 0.3715666671875001 0.7499925921874999 0.3715666671875001
0 0.7508925921875 0.37163333281250005 0.21570740781250008 0.3716333328125 0.21570740781250008 0.40496666718750013 0.7508925921875 0.4049666671875002
0 0.7444370375 0.4331125000000001 0.2203629625000001 0.4331125 0.2203629625000001 0.4674875000000001 0.7444370375 0.46748750000000017
0 0.7625296296874999 0.16799166718750008 0.2032703703125 0.16799166718750005 0.2032703703125 0.20340833281250004 0.7625296296874999 0.2034083328125001
0 0.76478148125 0.13307083281250007 0.20181851874999998 0.13307083281250004 0.20181851874999998 0.16952916718750005 0.76478148125 0.16952916718750008
0 0.7389333328125 0.5255541671875001 0.22226666718750007 0.5255541671875 0.22226666718750007 0.5578458328125001 0.7389333328125 0.5578458328125002
0 0.756496296875 0.2716333328125001 0.213903703125 0.2716333328125 0.213903703125 0.30496666718750004 0.756496296875 0.3049666671875001
0 0.7328259265625 0.6404125 0.2309740734375001 0.6404124999999999 0.2309740734375001 0.6747875000000001 0.7328259265625 0.6747875000000001
0 0.7291703703125002 0.8362333328125 0.2384296296875001 0.8362333328125 0.2384296296875001 0.8695666671875 0.7291703703125002 0.8695666671875
0 0.7310222218750002 0.7536125000000001 0.23657777812500008 0.7536125 0.23657777812500008 0.7879875000000001 0.7310222218750002 0.7879875000000002
0 0.733803703125 0.5836125000000001 0.2263962968750001 0.5836125 0.2263962968750001 0.6179875000000001 0.733803703125 0.6179875000000001
0 0.7606037031249999 0.20261250000000003 0.203196296875 0.2026125 0.203196296875 0.23698750000000005 0.7606037031249999 0.23698750000000007
0 0.7287444437500001 0.8624499999999999 0.23985555625000007 0.8624499999999999 0.23985555625000007 0.8999499999999999 0.7287444437500001 0.8999499999999999
0 0.7328518515625 0.6135541671875001 0.22914814843750012 0.6135541671875 0.22914814843750012 0.6458458328125001 0.7328518515625 0.6458458328125002
0 0.7707851859375 0.05880833281250005 0.2004148140625 0.05880833281250002 0.2004148140625 0.09839166718750006 0.7707851859375 0.09839166718750009
0 0.7305962968750002 0.7820333328125001 0.2380037031250001 0.7820333328125 0.2380037031250001 0.8153666671875 0.7305962968750002 0.8153666671875
0 0.7324259265624999 0.6703541671875001 0.23057407343750008 0.6703541671875 0.23057407343750008 0.7026458328125 0.7324259265624999 0.7026458328125001
0 0.7305481484375 0.7252333328125001 0.2342518515625001 0.7252333328125 0.2342518515625001 0.7585666671875001 0.7305481484375002 0.7585666671875002
0 0.7416851859375 0.46411250000000004 0.2213148140625001 0.4641125 0.2213148140625001 0.4984875000000001 0.7416851859375 0.49848750000000014
0 0.75234444375 0.30471250000000005 0.21345555625 0.3047125 0.21345555625 0.33908750000000004 0.75234444375 0.3390875000000001
0 0.7342259265625001 0.6984541671875001 0.23237407343750008 0.6984541671875 0.23237407343750008 0.7307458328125 0.7342259265625002 0.7307458328125002
0 0.7300962968750002 0.8088124999999999 0.2375037031250001 0.8088124999999999 0.2375037031250001 0.8431875 0.7300962968750002 0.8431875
0 0.7602 0.23669166718750004 0.2102 0.23669166718749998 0.2102 0.2721083328125001 0.7602 0.27210833281250013
0 0.748140740625 0.4018333328125001 0.21665925937500008 0.4018333328125 0.21665925937500008 0.4351666671875001 0.748140740625 0.4351666671875002
0 0.7680333328125 0.09530833281250005 0.2013666671875 0.09530833281250002 0.2013666671875 0.13489166718750006 0.7680333328125 0.1348916671875001
0 0.7389333328125 0.49453333281250006 0.22226666718750007 0.4945333328125 0.22226666718750007 0.5278666671875001 0.7389333328125 0.5278666671875002
0 0.7360814812500001 0.5549333328125001 0.22311851875000008 0.5549333328125 0.22311851875000008 0.5882666671875001 0.7360814812500001 0.5882666671875001