0 0.7625395640625001 0.13076222500000015 0.7607338298808265 0.08894748177360837 0.19836725781250003 0.11323280468749986 0.20017299199417363 0.15504754791389164
0 0.7560421656249999 0.16395792343750007 0.7543718616344203 0.12527928671929098 0.20880696562499995 0.14883904218749994 0.2104772696155796 0.18751767890570903
0 0.7640581171875 0.1989817875 0.7624329564378407 0.16134851751352136 0.21143565462305877 0.1851428672577581 0.2130608153727181 0.22277613724423673
0 0.7655600234375 0.23344491250000005 0.7638445759697664 0.19372090430277542 0.2181956031220916 0.21728429055765033 0.21991105058982527 0.25700829875487496
0 0.8451291578125002 0.9571743000000001 0.8433234236917286 0.915359555218777 0.3416381499326504 0.9370244062529085 0.3434438840534221 0.9788391510341317
0 0.8446239374999998 0.9229069234375 0.8430439200852865 0.8863190217433333 0.338101378125 0.9081245359374999 0.33968139553971344 0.9447124376316666
0 0.839002621875 0.8924632546875 0.837467747922038 0.8569207228474438 0.3289316296172419 0.8788814218105591 0.3304665035702039 0.9144239536506152
0 0.8388475718749998 0.8650427843750002 0.8372675542781292 0.8284548811169807 0.324969703125 0.8505780296875001 0.3265497207218706 0.8871659329455195
0 0.8352327140625 0.8326817578125001 0.8337429833175214 0.7981845927029518 0.3216132890625 0.8203004781250002 0.32310301980747874 0.8547976432345484
0 0.8326920156250001 0.8045390234375001 0.8312022849361458 0.7700418583300348 0.315394934375 0.7923165593750001 0.3168846650638544 0.8268137244824654
0 0.8281140062500001 0.7748755875 0.8266242755611456 0.7403784223925347 0.31081692493265034 0.7626531234404086 0.3123066556215047 0.7971502885478737
0 0.82559135625 0.7432717328125003 0.824191912372917 0.71086530747635 0.30855271875 0.733132746875 0.309952162627083 0.7655391722111501
0 0.8203749828125 0.7128734187500001 0.8188852521863916 0.6783762537121053 0.2994002452451504 0.7008097703154085 0.30088997587125876 0.7353069353533033
0 0.8199496015625 0.6832736328125001 0.8183695840148195 0.6466857295563063 0.29503877031250003 0.6692853265624998 0.2966187878601805 0.7058732298186936
0 0.8118130406249999 0.6515100406250002 0.8103233098263674 0.6170128755134604 0.29451596093750004 0.639287578125 0.29600569173613256 0.6737847432365399
0 0.8079002390625 0.6199662187500001 0.8065007950836527 0.5875597933428314 0.2908616 0.609827234375 0.2922610439788473 0.6422336597821687
0 0.7697033546874998 0.2668471921875 0.7679879071051603 0.2271231839860218 0.22233893437209148 0.2506865718076504 0.22405438195443103 0.2904105800091286
0 0.7725290984375001 0.301311796875 0.7708136507952682 0.26158778860405724 0.2288423296875 0.2849923609375 0.23055777732973176 0.3247163692084428
0 0.8090489421874999 0.5879440875 0.8076494981690822 0.5555376606015124 0.2828161686797419 0.5782021421230586 0.2842156126981596 0.6106085690215463
0 0.804397434375 0.5574794859375001 0.8029979903812074 0.5250730591071681 0.2763258311884672 0.5478169485751075 0.2777252751822596 0.5802233754054396
0 0.7962619671875 0.5256949 0.7949979531938597 0.4964245795362804 0.2685780265625 0.519157578125 0.26984204055614025 0.5484278985887195
0 0.7935258859375001 0.4959770578125003 0.7919910119693696 0.4604345260391224 0.2613889671230588 0.48334812350775785 0.2629238410911892 0.5188906552811358
0 0.79337105625 0.46533921718750015 0.7917910388841665 0.4287513170522395 0.2574272625 0.4518273625 0.25900727986583355 0.48841526263526064
0 0.785075096875 0.43187328750000004 0.7835853660782487 0.39737612238853 0.253067396875 0.420286090625 0.2545571276717513 0.45478325573647005
0 0.7767956015624999 0.3351109296875 0.7750801541213671 0.29538692155850443 0.23494766399805878 0.31871208288275804 0.23666311143919172 0.35843609101175367
0 0.779319384375 0.36693257500000015 0.7776942235369834 0.3292993049430003 0.239568715625 0.3525377984375 0.2411938764630166 0.3901710684944998
0 0.7808123234375 0.3972696546875 0.7793225928300227 0.3627724911401468 0.2396104890595916 0.38607949837015026 0.2411002196670689 0.4205766619175034