0 0.8142948945323409 0.06186945937848085 0.8140010984374998 0.0191219515625 0.23006354453015881 0.023135251559019222 0.230357340625 0.06588275937500007
0 0.8054802241323442 0.09814410227668759 0.8051935937500001 0.0564392171875 0.22691007899265586 0.06041365866081244 0.22719670937499997 0.10211854375000003
0 0.8027221366371459 0.13519874446231478 0.8024355062392617 0.09349385937507379 0.22599556022711592 0.09745563053775906 0.22628219062500002 0.13916051562500004
0 0.794027476971357 0.16995026467354118 0.793755178125 0.130330621875 0.22493616990364296 0.13424001501395882 0.22520846875 0.17385965781250004
0 0.7901356377992154 0.20491067406227487 0.7898633390625001 0.16529103124999997 0.22104433095078466 0.16920042281272513 0.22131662968750004 0.20882006562500002
0 0.7852962051277095 0.2398775959088665 0.7850239062500002 0.20025795312499994 0.21989203705979077 0.20414200565363352 0.2201643359375 0.2437616484375001
0 0.7818713336534597 0.2782005374841197 0.781577537489188 0.23545302967683565 0.2179192600857282 0.239326954692716 0.21821305624999998 0.28207446250000007
0 0.7770885066839142 0.30980132716786 0.7768162078017619 0.2701816859375738 0.21352790893034762 0.27405306814471386 0.2138002078125 0.3136727093750001
0 0.76849088290532 0.34325092549709757 0.7682329156249998 0.30571652968749996 0.20887841240717991 0.30956087450290243 0.2091363796875 0.3470952703125
0 0.6957882905963342 0.9051915911385862 0.6955303234374999 0.86765719375 0.18595222815366574 0.8711594322989141 0.18621019531250002 0.9086938296875001
0 0.7042041088080506 0.8698956275494878 0.7039819703124263 0.8375743437392618 0.18580265212937558 0.841135699002274 0.186024790625 0.8734569828125001
0 0.7046633527351489 0.8422867049430816 0.7044340484266878 0.8089227953018356 0.18981854412903892 0.812459657546254 0.19004784843749997 0.8458235671874998
0 0.712030724547881 0.8130079080771523 0.7118014203125 0.7796439984375001 0.18796806138961913 0.7832442122353478 0.18819736562500003 0.8166081218750001
0 0.7139772358111943 0.7838873135827806 0.7137407656035234 0.7494807828126476 0.19162765166732904 0.753069177042367 0.19186412187499996 0.7874757078125
0 0.7173742763235308 0.7538350323494353 0.7171378062499999 0.7194285015624999 0.1913375502389691 0.7230422348380646 0.19157402031249998 0.7574487656249999
0 0.724527744932611 0.7253376236931047 0.7242984406249262 0.6919737140517616 0.1967779425673152 0.6955992700461568 0.19700724687499999 0.7289631796875
0 0.7241312994735889 0.6953906541176574 0.7239091609375 0.6630693703125 0.19835555990141104 0.6666814083823425 0.19857769843749998 0.6990026921875
0 0.7291244278860308 0.6643681448494351 0.7288879578124999 0.6299616140625 0.20308770180146904 0.6335753473380649 0.203324171875 0.667981878125
0 0.7335579103137105 0.6312641385048551 0.7333357718750002 0.5989428546875 0.20778216937378965 0.6025548911826449 0.2080043078125 0.634876175
0 0.7393117557484297 0.6003948853537983 0.7390896171874999 0.5680736015625 0.20431815831407016 0.5717489927712016 0.204540296875 0.6040702765624999
0 0.7414701402016111 0.5693710065218012 0.7412408359375001 0.5360070968749999 0.20818962542338904 0.5396706637906988 0.2084189296875 0.5730345734375001
0 0.7449402497362272 0.539339074538771 0.7447037796875 0.5049325453125001 0.2041549627637728 0.5086476426487292 0.2043914328125 0.5430541718749999
0 0.7524780401494204 0.5065140212880428 0.7522559015517618 0.47419273593757366 0.2082665910898415 0.477931480274531 0.20848872968750004 0.5102527656250001
0 0.7499478719123214 0.47578511996708606 0.7496970703124999 0.43929334375 0.21074516871267845 0.4429974659704139 0.2109959703125 0.4794892421875
0 0.7509460705438846 0.44336786141724105 0.7506881031142616 0.40583346406257376 0.20792573257037703 0.40956377608283273 0.20818370000000003 0.4470981734375
0 0.7563227906994956 0.41027822620988735 0.7560719890410972 0.3737864500108861 0.21158937334160158 0.3775285847384987 0.211840175 0.4140203609375
0 0.763749157822335 0.37689506839601034 0.7634983562500002 0.3404032937499999 0.20979788749016515 0.34420878004148964 0.21004868906250004 0.3807005546875001