0 0.7236111109375 0.3944958328125 0.2513888890625001 0.3944958328125 0.2513888890625001 0.42470416718750004 0.7236111109375 0.42470416718750004
0 0.7212851859375 0.42291666718750004 0.25091481406250005 0.42291666718750004 0.25091481406250005 0.45208333281249996 0.7212851859375 0.45208333281249996
0 0.7162481484375001 0.6870166671875 0.26995185156250007 0.6870166671875 0.26995185156250007 0.7161833328125 0.7162481484375001 0.7161833328125
0 0.7309925921875 0.30545416718750007 0.24580740781250002 0.3054541671875 0.24580740781250002 0.33774583281250004 0.7309925921875 0.3377458328125001
0 0.7194333328125 0.4510166671875 0.25276666718750007 0.4510166671875 0.25276666718750007 0.48018333281250003 0.7194333328125 0.48018333281250003
0 0.7167 0.6624583328125 0.26670000000000005 0.6624583328125 0.26670000000000005 0.6895416671875 0.7167 0.6895416671875
0 0.7324444437500001 0.27495416718750004 0.24355555624999997 0.2749541671875 0.24355555624999997 0.30724583281250006 0.7324444437500001 0.3072458328125001
0 0.7361259265625 0.15005000000000007 0.2342740734375 0.15005000000000004 0.2342740734375 0.18755000000000005 0.7361259265625 0.18755000000000008
0 0.7143703703125002 0.8122375 0.2736296296875001 0.8122375 0.2736296296875001 0.8403625 0.7143703703125002 0.8403625
0 0.7365518515625 0.11740833281250007 0.2328481484375 0.11740833281250004 0.2328481484375 0.15699166718750007 0.7365518515625 0.15699166718750007
0 0.732822221875 0.24403333281250003 0.238377778125 0.2440333328125 0.238377778125 0.2773666671875 0.732822221875 0.2773666671875001
0 0.7157259265625 0.6354166671875 0.2638740734375001 0.6354166671875 0.2638740734375001 0.6645833328124999 0.7157259265625 0.6645833328124999
0 0.717103703125 0.5596375 0.2596962968750001 0.5596375 0.2596962968750001 0.5877625 0.717103703125 0.5877625
0 0.7147962968750001 0.7621958328125 0.2722037031250001 0.7621958328125 0.2722037031250001 0.7924041671875 0.7147962968750001 0.7924041671875
0 0.7148481484375001 0.7122375 0.2685518515625001 0.7122375 0.2685518515625001 0.7403625 0.7148481484375002 0.7403625
0 0.7268407406249999 0.3351541671875001 0.24535925937499997 0.3351541671875 0.24535925937500003 0.36744583281250004 0.7268407406249999 0.3674458328125001
0 0.7333481484375 0.21381250000000004 0.23705185156250003 0.21381250000000002 0.23705185156250003 0.24818750000000006 0.7333481484375 0.2481875000000001
0 0.7347 0.18199166718750007 0.2347 0.18199166718750004 0.2347 0.21740833281250005 0.7347 0.2174083328125001
0 0.71715555625 0.4781166671875 0.25604444375000013 0.4781166671875 0.25604444375000013 0.5072833328125 0.71715555625 0.5072833328125
0 0.7176296296875 0.5325166671875 0.2583703703125001 0.5325166671875 0.2583703703125001 0.5616833328124999 0.7176296296875 0.5616833328124999
0 0.7153222218750002 0.7372166671875 0.2708777781250001 0.7372166671875 0.2708777781250001 0.7663833328125 0.7153222218750002 0.7663833328125
0 0.7153259265624999 0.6099166671875 0.26347407343750007 0.6099166671875 0.26347407343750007 0.6390833328125 0.7153259265624999 0.6390833328125
0 0.7176296296875 0.5055166671875 0.2583703703125001 0.5055166671875 0.2583703703125001 0.5346833328125 0.7176296296875 0.5346833328125
0 0.7110925921875002 0.8351124999999999 0.27590740781250006 0.8351124999999999 0.27590740781250006 0.8694875 0.7110925921875002 0.8694875
0 0.718477778125 0.5856375 0.2629222218750001 0.5856375 0.2629222218750001 0.6137625 0.718477778125 0.6137625
0 0.7287407406249999 0.3637541671875001 0.2472592593750001 0.36375416718750003 0.2472592593750001 0.39604583281250005 0.7287407406249999 0.3960458328125001
0 0.7147962968750001 0.7859541671875 0.2722037031250001 0.7859541671875 0.2722037031250001 0.8182458328125 0.7147962968750001 0.8182458328125