0 0.764284721875 0.4209011718750001 0.2417152781250001 0.42090117187500004 0.2417152781250001 0.4584988281250001 0.764284721875 0.4584988281250002
0 0.77150555625 0.18605976562500007 0.22289444375 0.18605976562500004 0.22289444375 0.22854023437500004 0.77150555625 0.2285402343750001
0 0.7655763890625 0.515742578125 0.2534236109375001 0.515742578125 0.2534236109375001 0.548457421875 0.7655763890625 0.5484574218750001
0 0.76234444375 0.48491015625000006 0.2484555562500001 0.48491015624999995 0.2484555562500001 0.51908984375 0.76234444375 0.5190898437500001
0 0.76953125 0.25479218750000004 0.23046875 0.2547921875 0.23046875 0.29580781250000004 0.76953125 0.2958078125000001
0 0.7738777781249999 0.11441562500000006 0.218322221875 0.11441562500000005 0.218322221875 0.15738437500000008 0.7738777781249999 0.15738437500000008
0 0.7634979171875 0.634519140625 0.2661020828125001 0.6345191406249999 0.2661020828125001 0.665280859375 0.7634979171875 0.6652808593750001
0 0.7643402781249999 0.5452101562500001 0.2556597218750001 0.54521015625 0.2556597218750001 0.5793898437500001 0.7643402781249999 0.5793898437500002
0 0.7723375 0.22059218750000004 0.22546249999999998 0.2205921875 0.22546249999999998 0.26160781250000004 0.7723375 0.2616078125000001
0 0.7623875000000002 0.7725074218750001 0.2780125000000001 0.772507421875 0.2780125000000001 0.8022925781250001 0.7623875000000002 0.8022925781250001
0 0.7740416671875 0.15145976562500008 0.22195833281250002 0.15145976562500005 0.22195833281250002 0.19394023437500008 0.7740416671875 0.1939402343750001
0 0.7667270828125 0.322724609375 0.2328729171875 0.32272460937499997 0.2328729171875 0.362275390625 0.7667270828125 0.3622753906250001
0 0.77821805625 0.07625078125000005 0.21398194375 0.07625078125000002 0.21398194375 0.12214921875000007 0.77821805625 0.1221492187500001
0 0.7621875000000002 0.79896328125 0.27781250000000013 0.79896328125 0.27781250000000013 0.82923671875 0.7621875000000002 0.82923671875
0 0.7580451390625002 0.876542578125 0.2849548609375001 0.876542578125 0.2849548609375001 0.909257421875 0.7580451390625002 0.909257421875
0 0.759778471875 0.45332187500000004 0.2450215281250001 0.453321875 0.2450215281250001 0.48847812500000004 0.759778471875 0.48847812500000015
0 0.769097221875 0.28938046875 0.230902778125 0.28938046875 0.230902778125 0.32941953125 0.769097221875 0.32941953125000006
0 0.7662701390625 0.6048867187500001 0.2619298609375001 0.60488671875 0.2619298609375001 0.6371132812500001 0.7662701390625 0.6371132812500002
0 0.7604173609375001 0.825407421875 0.28038263906250005 0.825407421875 0.28038263906250005 0.855192578125 0.7604173609375001 0.855192578125
0 0.7625895828125002 0.7451191406250002 0.2756104171875001 0.7451191406250001 0.2756104171875001 0.7758808593750002 0.7625895828125002 0.7758808593750002
0 0.7612493062500001 0.851107421875 0.2829506937500001 0.851107421875 0.2829506937500001 0.880892578125 0.7612493062500001 0.880892578125
0 0.768190971875 0.3894335937500001 0.2378090281250001 0.38943359375000003 0.2378090281250001 0.4255664062500001 0.768190971875 0.4255664062500002
0 0.7654298609375 0.69206328125 0.2697701390625001 0.69206328125 0.2697701390625001 0.72233671875 0.7654298609375 0.7223367187500002
0 0.764059721875 0.7185191406250001 0.27274027812500007 0.718519140625 0.27274027812500007 0.7492808593750001 0.7640597218750002 0.7492808593750002
0 0.7645229171875 0.35708945312500007 0.2358770828125 0.357089453125 0.23587708281250003 0.39371054687500007 0.7645229171875 0.39371054687500007
0 0.7626277781249999 0.6629191406250001 0.2695722218750001 0.662919140625 0.2695722218750001 0.6936808593750001 0.7626277781249999 0.6936808593750002
0 0.7658041671875 0.5758867187500001 0.2605958328125001 0.57588671875 0.2605958328125001 0.6081132812500001 0.7658041671875 0.6081132812500002