0 0.7669737456683409 0.50064148161974 0.5953612593750002 0.4930142593750002 0.5938010699566594 0.5281185183802604 0.7654135562500002 0.5357457406250001
0 0.4264772641594104 0.6400574065947437 0.25694810937500007 0.632522778125 0.2553879202155898 0.6676270371552564 0.4249170750000001 0.6751616656250001
0 0.5866959835931724 0.8577607397083469 0.4298584937500001 0.8507901859375 0.42846253515682786 0.8821992602916531 0.5853000250000002 0.8891698140625
0 0.42410922440140697 0.48625462878853565 0.25164673437500007 0.4785896296875 0.2502507755985931 0.5099987040239644 0.422713265625 0.517663703125
0 0.763456337690535 0.657833333166282 0.5960105171875001 0.6503912968750001 0.5944503279344651 0.6854955558962184 0.7618961484375 0.6929375921875003
0 0.42370920806237233 0.75839537067201 0.2614717218750001 0.7511848156250001 0.25991153256262783 0.7862890746404901 0.42214901875 0.7934996296875001
0 0.5941116933000157 0.18880703755685313 0.42230754218750005 0.18117129687500005 0.4205831223249846 0.21997074056814703 0.5923872734375002 0.2276064812500001
0 0.7566908751524861 0.9000527769126089 0.5923700546875001 0.8927496296875 0.590809865472514 0.9278538887123913 0.7551306859375001 0.9351570359375001
0 0.42147383919731596 0.38801796284840295 0.24881968437500004 0.38034444531249995 0.24725949517768422 0.41544870433909714 0.4199136500000001 0.4231222218750001
0 0.42833993407173293 0.9067005563210164 0.26382744843750017 0.8993888890624998 0.2621030284282674 0.9381883327414835 0.4266155140625002 0.9455000000000002
0 0.7572745782774861 0.8708883331626087 0.5929537578125 0.8635851859375 0.591393568597514 0.8986894449623912 0.7557143890625001 0.9059925921875
0 0.5879347710040468 0.736529813016085 0.42891811718750017 0.72946240625 0.4274400430584534 0.7627190744839152 0.5864566968750001 0.7697864812500003
0 0.42341504230044497 0.7889722222212916 0.2622192218750001 0.7818079640625 0.2606590326995551 0.8169122230912084 0.421854853125 0.8240764812499999
0 0.42339356789366694 0.5172866661424963 0.2529185796875001 0.50971 0.25144050554383324 0.5429666682325037 0.4219154937500001 0.550543334375
0 0.7734030048588595 0.3046918519144308 0.59762385 0.2968794453125001 0.5960636607661406 0.33198370433556945 0.7718428156250001 0.3397961109375002
0 0.4187925342989634 0.25321722208188996 0.24500088125000005 0.24549314843749998 0.24335857663853672 0.28244500135561007 0.41715022968750015 0.29016907500000005
0 0.7682930050433407 0.43582148161973977 0.59668051875 0.428194259375 0.5951203293316593 0.4632985183802602 0.766732815625 0.470925740625
0 0.41433846086146336 0.15125277676939 0.2405468078125 0.14352870312500002 0.2389045032010367 0.18048055604311009 0.41269615625 0.18820462968750004
0 0.41866263440917556 0.32171481440118754 0.24705014843750006 0.31408759375000006 0.2454899593408245 0.34919185278631254 0.41710244531249996 0.3568190734375
0 0.7591286532774861 0.8107905550376087 0.5948078328125 0.8034874078125 0.593247643597514 0.8385916668373913 0.7575684640625001 0.8458948140625001
0 0.7568259525984256 0.9300970375494593 0.5912718015625 0.9227390749999997 0.5895473817765746 0.9615385187005406 0.7551015328125001 0.9688964812500002
0 0.4145777202364632 0.11607499864438997 0.2407860671875 0.10835092500000003 0.23914376257603664 0.1453027779181101 0.41293541562499997 0.15302685156250004
0 0.764543837494146 0.6263920362723232 0.5960563515625 0.6189037046875 0.5944961625058539 0.6540079637276768 0.7629836484375 0.6614962953125001
0 0.7583516157774862 0.8408461112876088 0.5940307953125001 0.8335429640625002 0.5924706060975141 0.8686472230873914 0.7567914265625001 0.8759503703125
0 0.5925823565718426 0.2595675925539577 0.42409487031250004 0.252079259375 0.42253468092815744 0.28718351838354234 0.5910221671874999 0.2946718515625001
0 0.7624155970655351 0.719766665978782 0.5949697765625002 0.7123246296875001 0.5934095873094651 0.7474288887087183 0.7608554078125002 0.7548709250000002
0 0.5899834442476626 0.9152583326888397 0.42850012656250025 0.908081296875 0.4266935916898376 0.9487283344986605 0.5881769093750001 0.9559053703125
0 0.5865537604736006 0.7980740740444335 0.4297162718750001 0.79110351875 0.4283203129638995 0.8225125931430666 0.5851578015625 0.8294831484375003
0 0.5872258750718224 0.7656627769048219 0.42915505468750015 0.7586374078125002 0.42759486555317777 0.7937416668451783 0.5856656859375 0.8007670359375
0 0.424767557296544 0.5807527772340132 0.2543884015625001 0.5731803703125001 0.2529924427034563 0.6045894446409871 0.4233715984375001 0.6121618515625001
0 0.594915412762482 0.1556055550482274 0.4212195921875 0.14788574062500004 0.4196594028625179 0.1829899996392727 0.5933552234375 0.19070981406250007
0 0.42004660773646335 0.28756166583188997 0.24625495468750006 0.2798375921875 0.2446126500760367 0.3167894451056101 0.418404303125 0.32451351875000006
0 0.769113005043341 0.3710792597447399 0.5975005187500002 0.3634520375000001 0.5959403293316593 0.39855629650526037 0.7675528156250001 0.4061835187500001
0 0.5876853271604492 0.5217894426945495 0.42658533906250007 0.5146294437500001 0.4251072650270508 0.5478861119929507 0.586207253125 0.5550461109375001
0 0.7634030968691461 0.6883209253348233 0.5949156109375 0.6808325937500002 0.5933554218808539 0.7159368527901769 0.7618429078125 0.723425184375
0 0.7593125343242928 0.7793831470843351 0.593854215625 0.7720294437499999 0.5922119109882071 0.8089812966656649 0.7576702296875 0.8163350000000001
0 0.42376301969741875 0.821328888092339 0.26275886562500006 0.8141731484375001 0.2613629068650814 0.8455822228451609 0.42236706093750004 0.8527379624999998
0 0.4178531893280624 0.22031222216641977 0.24415737031250004 0.21259240781250005 0.24259718098443767 0.24769666689608036 0.416293 0.25541648125000005
0 0.5882859821974187 0.615811109967339 0.4272818281250001 0.6086553703125 0.42588586936508144 0.640064444720161 0.5868900234375001 0.647220184375
0 0.4242188377271748 0.548287222232319 0.25364801718750013 0.540706296875 0.2520878278978254 0.5758105558926813 0.4226586484375 0.5833914812500002
0 0.589451168438455 0.7056333335037461 0.4284470125000001 0.6984775921875002 0.4270510534365452 0.729886666496254 0.5880552093750001 0.7370424078125001
0 0.4262910745718271 0.6705909256103824 0.25799525468750006 0.6631111109375001 0.25659929574067303 0.6945201853271177 0.42489511562500015 0.702
0 0.7666396703466758 0.5635059253386876 0.5950271843750001 0.5558787046875 0.5934669952783246 0.5909829637238125 0.7650794812500001 0.5986101843750001
0 0.42515366816721734 0.730720555352562 0.2610245125000001 0.7234259265625 0.2596285537077829 0.7548350008974383 0.4237577093750001 0.7621296296875001
0 0.42475181519682703 0.6112420365478825 0.2564559953125001 0.6037622218750001 0.25506003636567304 0.6351712962646177 0.42335585625000005 0.6426511109375002
0 0.5888463390791974 0.45753629564950027 0.4255671843750001 0.4502794453125 0.4240069952958028 0.48538370435049993 0.5872861500000001 0.4926405546875001
0 0.4244756118849187 0.8500511099673391 0.2634714578125001 0.8428953703125 0.26207549905258143 0.874304444720161 0.4230796531250001 0.8814601843750001
0 0.4248956118849188 0.879759999029839 0.2638914578125001 0.872604259375 0.26249549905258146 0.9040133337826608 0.4234996531250001 0.9111690734375
0 0.5888119090634549 0.6463244444412461 0.427807753125 0.639168703125 0.4264117940615451 0.6705777774337539 0.58741595 0.6777335187500001
0 0.5878445865354491 0.5837761098820495 0.42674459843749996 0.5766161109375001 0.4252665244020508 0.6098727791804507 0.5863665124999999 0.617032778125
0 0.5885796722299648 0.4890140738071552 0.4253005171875001 0.481757221875 0.42374032777003545 0.5168614808803449 0.5870194828125002 0.5241183328125001
0 0.4181133520983044 0.07549370300502162 0.23683836875000006 0.06743703750000003 0.23503183383919568 0.10808407511997846 0.4163068171875001 0.11614074062500006
0 0.5975073415023795 0.08209314854125896 0.4163281890625 0.07404074218750005 0.41460376943512045 0.11284018583374118 0.5957829218749999 0.12089259218750008
0 0.4222071720098158 0.41954018472340293 0.24955301718750006 0.4118666671874999 0.24799282799018424 0.446970926214097 0.4206469828125 0.45464444375
0 0.588003931362945 0.5518677769087915 0.4268081109375001 0.54470351875 0.4252479217620551 0.5798077777787085 0.5864437421875001 0.5869720359375
0 0.7602110609950653 0.7488590737784455 0.5938069062500001 0.7414633343750001 0.5922467171299349 0.7765675934090546 0.758650871875 0.7839633328125
0 0.5938981890966757 0.22633703627618762 0.422285703125 0.21870981562500003 0.4207255140283245 0.2538140746613125 0.592338 0.2614412953125001
0 0.5893989316049646 0.4241718519321552 0.4261197765625 0.41691500000000004 0.42455958714503544 0.45201925900534495 0.5878387421875001 0.4592761109375001
0 0.7643208749941462 0.5962920362723232 0.5958333890625002 0.5888037046875 0.594273200005854 0.6239079637276769 0.7627606859375 0.6313962953125001
0 0.5887385759443384 0.6769111100366466 0.4277344203125 0.6697553703125001 0.4263384615556617 0.7011644446508536 0.5873426171875 0.7083201843750001
0 0.7754168939906447 0.23580407379611934 0.5933877390625001 0.22771388906250012 0.5918275497593555 0.2628181480788809 0.7738567046875 0.27090833281250015
0 0.586957634656913 0.826730740987603 0.4299284796875001 0.8197516671875 0.4283682903430871 0.8548559261998971 0.5853974453125 0.8618350000000001
0 0.5930437520509833 0.2943025910518772 0.42465210000000003 0.2868185187500001 0.42317402607401683 0.320075187073123 0.591565678125 0.32755925937500013
0 0.5882569088452361 0.8874203694201801 0.42933608750000013 0.8803572218750002 0.42794012865476416 0.9117662962048201 0.58686095 0.91882944375
0 0.7681766324999579 0.47015685225364984 0.5957141421875 0.46249185156249994 0.5943181831250421 0.49390092587135026 0.7667806734375 0.5015659265625001
0 0.4254686680853685 0.7001446287125557 0.2592561796875001 0.6927574078125001 0.2578602209771317 0.7241664822249444 0.42407270937500013 0.731553703125
0 0.423775412762482 0.45299888942322736 0.2500795921875 0.445279075 0.24851940286251795 0.48038333401427274 0.4222152234374999 0.4881031484375001
0 0.7741697643590285 0.2704372222390141 0.59734894375 0.2625785187500001 0.5957887543909716 0.2976827777609862 0.772609575 0.3055414812500002
0 0.5888663394174647 0.3927585191196553 0.42558718437500004 0.38550166718750006 0.4240269949575355 0.42060592619284487 0.5873061500000001 0.42786277812500007
0 0.5889226347299646 0.35987185193215526 0.42564347968750005 0.35261500000000007 0.42408329027003544 0.38771925900534493 0.5873624453125001 0.3949761109375001
0 0.41639920148646326 0.18653277676938998 0.24260754843750001 0.178808703125 0.2409652438260367 0.2157605560431101 0.4147568968749999 0.22348462968750007
0 0.4193002350811669 0.3560577770799963 0.24882524687500002 0.3484811109375 0.24734717273133316 0.38173777917000373 0.4178221609375002 0.3893144453125001
0 0.5969061449437839 0.11957999861613593 0.4199894921875 0.11171703750000003 0.4183471878687161 0.14866889044636417 0.595263840625 0.15653185156250007
0 0.7686530047216755 0.4034481472136875 0.59704051875 0.3958209265625 0.5954803296533244 0.43092518559881254 0.767092815625 0.43855240625
0 0.5910414316394098 0.3270768519354804 0.4246372765625 0.31968111093750007 0.42307708711059017 0.3547853699395197 0.5894812421875 0.36218111093750005
0 0.7715080049499821 0.33789666598572743 0.5978121843749999 0.3301768515625001 0.5962519950500179 0.3652811105767728 0.769947815625 0.37300092500000015
0 0.7661892080396748 0.532496111294819 0.5956183875000001 0.5249151859375001 0.5940581982103253 0.5600194449551813 0.7646290187500001 0.5676003703125001