0 0.79662430625 0.20312460937500004 0.22457569375 0.20312460937500001 0.22457569375 0.24267539062500004 0.79662430625 0.2426753906250001
0 0.777784721875 0.6360867187500001 0.25521527812500006 0.63608671875 0.25521527812500006 0.6683132812500001 0.777784721875 0.6683132812500002
0 0.7721423609375002 0.7823308593750001 0.2608576390625001 0.782330859375 0.2608576390625001 0.8140691406249999 0.7721423609375002 0.8140691406249999
0 0.7956201390625 0.27536875000000005 0.22877986093749997 0.27536875 0.22877986093749997 0.31443125000000005 0.7956201390625 0.31443125000000005
0 0.78473125 0.5119425781250001 0.2456687500000001 0.511942578125 0.2456687500000001 0.5446574218750001 0.78473125 0.5446574218750002
0 0.7825333328124999 0.4794542968750001 0.24086666718750008 0.479454296875 0.24086666718750008 0.5131457031250001 0.7825333328124999 0.5131457031250002
0 0.7812673609375 0.4459335937500001 0.2387326390625001 0.44593359374999997 0.2387326390625001 0.4820664062500001 0.7812673609375 0.48206640625000013
0 0.7775166671875 0.6974191406250001 0.2566833328125001 0.697419140625 0.2566833328125001 0.7281808593750001 0.7775166671875001 0.7281808593750002
0 0.79315 0.3108335937500001 0.23065000000000002 0.31083359375 0.23065000000000002 0.3469664062500001 0.79315 0.3469664062500001
0 0.7731763890625002 0.809854296875 0.2610236109375001 0.809854296875 0.2610236109375001 0.843545703125 0.7731763890625002 0.843545703125
0 0.7649638890625001 0.8933335937500001 0.2684361109375001 0.8933335937500001 0.2684361109375001 0.9294664062500001 0.7649638890625001 0.9294664062500001
0 0.7767145828125 0.7244984375000001 0.25848541718750007 0.7244984375 0.25848541718750007 0.7577015625000001 0.7767145828125002 0.7577015625000001
0 0.7951881937499999 0.23961289062500005 0.22661180625 0.239612890625 0.22661180625 0.278187109375 0.7951881937499999 0.2781871093750001
0 0.7712402781250002 0.83838671875 0.2625597218750001 0.83838671875 0.2625597218750001 0.87061328125 0.7712402781250002 0.87061328125
0 0.7773826390624999 0.6656542968750001 0.25741736093750006 0.665654296875 0.25741736093750006 0.6993457031250001 0.7773826390624999 0.6993457031250002
0 0.7795208328125 0.6049542968750001 0.2534791671875001 0.604954296875 0.2534791671875001 0.6386457031250001 0.7795208328125 0.6386457031250001
0 0.7875798609375 0.34616601562500005 0.2294201390625 0.346166015625 0.22942013906250006 0.38083398437500005 0.7875798609375 0.38083398437500005
0 0.8033986109375 0.09239218750000006 0.2218013890625 0.09239218750000003 0.2218013890625 0.13340781250000006 0.8033986109375 0.13340781250000008
0 0.78299305625 0.5743542968750001 0.2500069437500001 0.574354296875 0.2500069437500001 0.6080457031250001 0.78299305625 0.6080457031250002
0 0.7727444437500002 0.7536867187500002 0.25885555625000006 0.75368671875 0.25885555625000006 0.7859132812500002 0.7727444437500002 0.7859132812500003
0 0.7849395828125 0.4133218750000001 0.2354604171875001 0.413321875 0.2354604171875001 0.4484781250000001 0.7849395828125 0.44847812500000017
0 0.78453125 0.5432984375000001 0.24546875000000007 0.5432984375000001 0.24546875000000007 0.5765015625000001 0.78453125 0.5765015625000002
0 0.78774375 0.3799218750000001 0.2330562500000001 0.379921875 0.2330562500000001 0.4150781250000001 0.78774375 0.41507812500000013
0 0.8085729171875 0.05295976562500006 0.2174270828125 0.05295976562500002 0.2174270828125 0.09544023437500006 0.8085729171875 0.09544023437500009
0 0.800796528125 0.13112460937500006 0.221803471875 0.13112460937500003 0.221803471875 0.17067539062500006 0.800796528125 0.1706753906250001
0 0.7982263890625 0.16821289062500006 0.2235736109375 0.16821289062500006 0.2235736109375 0.20678710937500006 0.7982263890625 0.20678710937500008
0 0.7697361109375002 0.866230859375 0.2662638890625001 0.866230859375 0.2662638890625001 0.897969140625 0.7697361109375002 0.897969140625