0 0.9793378218750002 0.36425068281250017 0.4947888938536272 0.36398088859086286 0.4947708890625001 0.3963173937500001 0.9793198170838732 0.3965871879716374
0 0.9297365875000002 0.7330345828125002 0.4654985234031324 0.7327760995385576 0.4654805187491301 0.7651126046874996 0.9297185828459978 0.7653710879614423
0 0.44835033125 0.8060306640624999 0.004677405985785959 0.805783631743887 0.0046611437500001015 0.8349907968749998 0.4483340690142141 0.8352378291936127
0 0.4578920593750001 0.7006898671874999 0.012372693592778424 0.7004418051719543 0.01235643125000009 0.7296489718750001 0.45787579703222187 0.7298970338905458
0 0.4530567109375001 0.83264519375 0.0014894721387915008 0.8323937642045258 0.0014697250000001063 0.8678596078124998 0.4530369637987087 0.868111037357974
0 0.47404549531250006 0.4521541453125 0.013754588824537395 0.45189785986676895 0.01373832656250006 0.4811050250000001 0.47402923305046274 0.48136131044573116
0 0.4875031484375 0.27615502812500003 0.015879315603524666 0.27589243235095784 0.01586131093750004 0.3082289375000001 0.4874851437714754 0.3084915332740422
0 0.987546315625 0.2748896406250002 0.5028278710785818 0.27461975201835387 0.5028087046875 0.30904248437500004 0.9875271492339183 0.3093123729816464
0 0.4618375484375001 0.6464167890625001 0.008932410789439581 0.6461646145461445 0.008916148437500084 0.6753717796875002 0.4618212860855606 0.6756239542038558
0 0.46731182031250007 0.5350445312500001 0.01062904305203054 0.5347902548630404 0.010612199999130085 0.5650405359374996 0.4672949772595996 0.5652948123244592
0 0.5027833984375001 0.08947961718750004 0.015879483342307984 0.0892085116855882 0.015857993750000014 0.12780369531250002 0.5027619088451922 0.12807480081441186
0 0.4699959250000001 0.5074285562499999 0.011551463821764087 0.5071732989303626 0.011535201562499098 0.53638046406424 0.4699796627407351 0.5366357213838774
0 0.9156385515625003 0.8385898093750003 0.45660078576347596 0.8383342201357076 0.45658045781250023 0.8748431796875 0.9156182236115245 0.8750987689267926
0 0.9904455593750001 0.2117828937500001 0.496410143964944 0.2115078188950978 0.49639039687500003 0.24697366250000002 0.990425812285056 0.24724873735490233
0 0.9204201546874999 0.785923590625 0.46365261770437016 0.7856692654743054 0.4636351937499995 0.81696265781337 0.9204027307331295 0.8172169829640644
0 0.47837786250000003 0.394055140625 0.01246287129436511 0.3937957220402729 0.012446028125000053 0.42404600312500007 0.4783610193306349 0.4243054217097272
0 0.49088709843749995 0.24639479999999994 0.015485623079736416 0.24613009921144666 0.015467037500000034 0.2795097203125 0.49086851285776356 0.27977442110105327
0 0.9416542328125 0.6495253875 0.4774161703884622 0.6492669026555952 0.4773981656249996 0.6816034078133699 0.9416362280490376 0.6818618926577749
0 0.4686480578125002 0.5638059984375 0.01205003725641326 0.5635517692422227 0.012033775000000071 0.5927589343750002 0.4686317955560869 0.5930131635702774
0 0.97458210625 0.3940310062500001 0.49204913527956784 0.3937623361098803 0.49203229218749955 0.42401261718837 0.9745652631579318 0.42428128732848985
0 0.4864490671875001 0.30641724687500005 0.013063550435041099 0.30615367016746803 0.013046126561630542 0.33744706249912954 0.4864316433140895 0.33771063920666156
0 0.4649746343750002 0.5916425640625003 0.00837661225641375 0.5913883348663529 0.008360350000000075 0.6205955000000001 0.46495837211858654 0.6208497291961474
0 0.4538758796875002 0.7275248546874999 0.010202952964204226 0.7272778207971718 0.010186690625000092 0.7564849859374999 0.45385961734829605 0.756732019827828
0 0.9845395109375001 0.3351131625000002 0.4981441407310322 0.3348423401531689 0.4981261359375 0.3671788453125001 0.9845215061439679 0.3674496676593314
0 0.4490435078125 0.7804956343749999 0.005370582652573731 0.7802486004855425 0.005354320312500099 0.8094557671874998 0.44902724547242645 0.8097028010769574
0 0.9879553921875001 0.30433070000000007 0.5013905069075187 0.30405978483961427 0.5013713406249997 0.33848251718837 0.987936225904981 0.3387534323487559
0 0.4723178156250002 0.4790488187500002 0.013703838020479458 0.4787934654732152 0.013686414062500063 0.5100868593750001 0.47230039166702076 0.510342212651785
0 0.91911545 0.8128393624999999 0.4622631563152665 0.8125849901564584 0.46224515156250023 0.8449214953125003 0.9190974452472338 0.8451758676560418
0 0.9531422624999998 0.5664373703125001 0.481603186369617 0.5661748217302041 0.48158576249913043 0.5974682140616296 0.9531248386295132 0.5977307626439257
0 0.9698707640625001 0.42326893749999994 0.48918423683864337 0.42300129548421594 0.4891673937500002 0.4532515750000001 0.969853920973857 0.4535192170157841
0 0.9609699265625002 0.4811442578125001 0.4858227243313949 0.4808797001715018 0.48580588125000024 0.5111299812500001 0.9609530834811053 0.5113945388909984
0 0.48133805625 0.33503326093749997 0.013407109346721208 0.3347727214139361 0.01338910468749956 0.36710922500087 0.48132005159077834 0.3673697645244339
0 0.9591254140625001 0.5097829531250001 0.4839782102679129 0.5095183954848801 0.4839613671874995 0.5397686750008699 0.9591085709820867 0.5400332326409899
0 0.4773802906250002 0.42299472343750005 0.013311743166912773 0.42273633297884067 0.013294899999999091 0.45298661406424 0.47736344745808645 0.4532450045228994
0 0.5066710828125001 0.12122580937500001 0.012381394167349314 0.12095059294285235 0.012359904687500018 0.15954577500000006 0.5066495933326507 0.15982099143214773
0 0.4641503781250001 0.61877974375 0.00755235600548734 0.6185255145547267 0.007536093749129611 0.6477326796883693 0.4641341158686424 0.6479869088836427
0 0.9466745968750002 0.5945727968750002 0.48067484896725843 0.5943133310982656 0.4806574250000001 0.6256067234374999 0.9466571729077419 0.6258661892142345
0 0.4600474015625002 0.6740749875000001 0.009073464462762137 0.6738238867321277 0.009057782812500087 0.7019879406250001 0.4600317199122381 0.7022390413928725
0 0.9910092109375002 0.24384851406250013 0.5044443257687042 0.24357759733064235 0.5044251593750001 0.2780003296875001 0.990990044543796 0.27827124641935785
0 0.451176971875 0.7544189859374998 0.007334530073745954 0.7541718592347754 0.007317106248259646 0.7854652531258691 0.45115954804951375 0.7857123798285935
0 0.9407325046875 0.678485875 0.47288631459483377 0.6782253810971878 0.47286889062500015 0.7095187734375001 0.9407150807176663 0.7097792673403124
0 0.945292746875 0.6224314984375001 0.4793777555665047 0.6221720814235026 0.4793609124991301 0.6524223624999996 0.9452759038076254 0.6526817795139971
0 0.9586620031249999 0.5377005828125002 0.48158360200326406 0.5374349498536364 0.4815661781241311 0.5687283421857596 0.9586445792458672 0.5689939751446235
0 0.936237146875 0.7053998703125 0.4683062016436824 0.7051393292185438 0.46828819687499956 0.73747583437587 0.9362191421063173 0.7377363754698261
0 0.49561769999999994 0.1825255140625 0.012491425852323565 0.18225651357548214 0.012470517187500026 0.21980858437500003 0.4955967913351764 0.22007758486201792
0 0.47834273125000004 0.3661372359375 0.014358940491494018 0.36587889267083995 0.014342678124999564 0.39508605781337014 0.47832646888350555 0.39534440108003027
0 0.9261948015625002 0.7598489703124999 0.46556486524497354 0.7595924945265423 0.46554627968750006 0.7929721140625 0.9261762160050265 0.7932285898484576
0 0.9661401171874999 0.4527076937500002 0.48730003224849555 0.452441078289801 0.4872831890625001 0.4826913593750001 0.9661232740015044 0.48295797483519926
0 0.4985423671875001 0.15228519843750005 0.011723206986701405 0.15201414327137153 0.01170229843576006 0.18956621562499903 0.4985214586365587 0.18983727079112758
0 0.49570215000000006 0.21593439687499996 0.010983703779470791 0.21566450983899021 0.010964537500000033 0.25008724218750006 0.49568298372052927 0.2503571292235098