0 0.7984179257840256 0.15115415169897248 0.27045644062499996 0.07477115000000004 0.2655261929659744 0.10884916236352767 0.793487678125 0.1852321640625001
0 0.7955011539460893 0.18605482179081673 0.26386221249999997 0.10913978281250003 0.25893196480391045 0.1432177953966834 0.7905709062499999 0.2201328343750001
0 0.789141588410381 0.2183319749293946 0.26485756250000003 0.14248100937500002 0.25992731471461916 0.1765590219456056 0.7842113406250001 0.2524099875000002
0 0.7840564699533606 0.25162427970701273 0.25977990468750006 0.17577439375 0.2549990581716394 0.20881974060548741 0.7792756234375001 0.2846696265625001
0 0.7802779929955506 0.2829970609815849 0.2559790390625 0.20714393750000007 0.25074998825444955 0.24328728589341533 0.7750489421875001 0.3191404093750002
0 0.7729909287668195 0.315363536233073 0.2486994375000001 0.23951148906250003 0.24361978838864656 0.27462216711334786 0.7679112796554659 0.35047421428392084
0 0.7679551242129424 0.34846055459801106 0.2491872843750001 0.27340764375000004 0.244257036535171 0.30748565608603434 0.7630248763731134 0.38253856693404537
0 0.7617357304258767 0.3804543501295311 0.2503228031250001 0.30646551718750004 0.24539255551162348 0.3405435295579691 0.7568054828125002 0.41453236250000014
0 0.7573602477717791 0.41251249523982614 0.2441085953125 0.3382576421875 0.23917834754072104 0.37233565476017405 0.7524300000000002 0.4465905078125001
0 0.6663927552956916 0.9346358860016675 0.1917469453125002 0.8659663453125 0.1866672960774221 0.901077024682378 0.6613131060606137 0.9697465653715455
0 0.6684957592534374 0.9088529919810018 0.19205600000000014 0.8399239109375 0.1878727594965627 0.8688385877064985 0.6643125187500001 0.9377676687500005
0 0.6762790745687873 0.8833605403730515 0.19064567031250007 0.8131013671874999 0.18646243011871283 0.8420160424394485 0.6720958343750001 0.912275215625
0 0.6778443185425193 0.8543159140220261 0.1922034531250001 0.784055659375 0.18787081089152624 0.8140030049173606 0.6735116763090454 0.8842632595643867
0 0.6846105730298738 0.8261249559055972 0.19528478281250006 0.7553315859375 0.19080273947012627 0.7863115972194029 0.6801285296875 0.8571049671875001
0 0.6908934123144307 0.7969742467890197 0.19789016562500003 0.7256488390625001 0.19340812206056943 0.7566288516484804 0.6864113687500001 0.8279542593750001
0 0.69473596521801 0.7689886545694857 0.20173271875000007 0.6976632468750001 0.19725067537495602 0.7286432581519351 0.690253921842966 0.7999686658464207
0 0.6987795854148169 0.7395941107546904 0.20576887343750005 0.6682676234375 0.2011374286476831 0.7002803017453096 0.6941481406250001 0.7716067890625
0 0.7056309195698344 0.710728071886667 0.2089427515625001 0.6388695468750002 0.20431130699266592 0.6708822234258334 0.7009994750000001 0.7427407484375002
0 0.7095855010365213 0.6815441531679811 0.2165747906250001 0.610217665625 0.21194334583847882 0.6422303437070191 0.70495405625 0.7135568312500002
0 0.7138167294404512 0.6537581745009255 0.2189822203125001 0.5821678281249999 0.21464957837204893 0.6121151723740744 0.7094840875 0.6837055187500001
0 0.7203487499013563 0.6235301937244405 0.22183677812500008 0.551407809375 0.21750413603614388 0.5813551547130595 0.7160161078125001 0.6534775390625001
0 0.7237902278968197 0.5947780999563784 0.22527825625000003 0.5226557140624999 0.22094561406925967 0.5526030593865874 0.7194575857160793 0.6247254452804659
0 0.7483755510591726 0.4433387045076339 0.24065500781250004 0.3698840671875001 0.23602356300332752 0.4018967454923664 0.7437441062500001 0.4753513828125001
0 0.7430973509582736 0.4747601935564263 0.23905426875 0.40183759218750004 0.23442282385233976 0.4338502702526189 0.7384659060606134 0.5067728716215452
0 0.7384025061877701 0.5057009810036858 0.23621307812500003 0.433046559375 0.23188043599972996 0.46299390493381426 0.7340698640625001 0.5356483265625002
0 0.7352083062469469 0.5356021734264762 0.23301887656250003 0.46294775 0.22868623437805305 0.4928950953235239 0.7308756640624999 0.56554951875
0 0.7287053544949413 0.5657542341577061 0.22836211875000006 0.49336691093750007 0.22417887831755876 0.522281587717294 0.7245221140625 0.5946689109375001