0 0.7721925921875 0.07445000000000006 0.23700740781250001 0.07445000000000003 0.23700740781250001 0.11195000000000006 0.7721925921875 0.11195000000000008
0 0.77171851875 0.10830833281250007 0.23468148125 0.10830833281250005 0.23468148125 0.14789166718750008 0.77171851875 0.14789166718750008
0 0.7726925921875 0.14349166718750006 0.2375074078125 0.14349166718750003 0.2375074078125 0.17890833281250007 0.7726925921875 0.1789083328125001
0 0.768540740625 0.17687083281250007 0.237059259375 0.17687083281250005 0.237059259375 0.21332916718750003 0.768540740625 0.21332916718750009
0 0.7666370375 0.21019166718750007 0.2425629625 0.21019166718750001 0.2425629625 0.24560833281250005 0.7666370375 0.2456083328125001
0 0.7690148140625 0.24327083281250003 0.23938518593749997 0.2432708328125 0.23938518593749997 0.27972916718750007 0.7690148140625 0.27972916718750007
0 0.7639370375000001 0.27705416718750003 0.2398629625 0.2770541671875 0.2398629625 0.30934583281250005 0.7639370375000001 0.3093458328125001
0 0.7310407406250002 0.86825 0.2495592593750001 0.86825 0.2495592593750001 0.9057499999999999 0.7310407406250002 0.9057499999999999
0 0.7310666671875002 0.8431958328125001 0.24773333281250007 0.8431958328125001 0.24773333281250007 0.8734041671874999 0.7310666671875002 0.8734041671874999
0 0.7314444437500002 0.8143333328125 0.24255555625000008 0.8143333328125 0.24255555625000008 0.8476666671875 0.7314444437500002 0.8476666671875
0 0.7337703703125003 0.7867333328125001 0.24302962968750008 0.7867333328125 0.24302962968750008 0.8200666671875 0.7337703703125003 0.8200666671875
0 0.7342481484375002 0.7580333328125001 0.2379518515625001 0.7580333328125 0.2379518515625001 0.7913666671875002 0.7342481484375002 0.7913666671875002
0 0.7361481484375002 0.7297125000000001 0.2398518515625001 0.7297125 0.2398518515625001 0.7640875000000001 0.7361481484375002 0.7640875000000003
0 0.7361481484375001 0.7008125000000001 0.2398518515625001 0.7008125 0.2398518515625001 0.7351875000000001 0.7361481484375002 0.7351875000000001
0 0.7384481484375 0.6721125000000001 0.24215185156250008 0.6721125 0.24215185156250008 0.7064875 0.7384481484375 0.7064875000000002
0 0.7412 0.6430125000000001 0.24120000000000008 0.6430125 0.24120000000000008 0.6773875000000001 0.7412 0.6773875000000003
0 0.7439740734375 0.6145541671875001 0.2458259265625001 0.6145541671875 0.2458259265625001 0.6468458328125001 0.7439740734375 0.6468458328125002
0 0.7448740734375 0.5836125000000001 0.2467259265625001 0.5836125 0.2467259265625001 0.6179875000000001 0.7448740734375 0.6179875000000001
0 0.7472259265625001 0.5538708328125 0.24537407343750012 0.5538708328124999 0.24537407343750012 0.5903291671875002 0.7472259265625001 0.5903291671875002
0 0.7468 0.5236916671875 0.24680000000000007 0.5236916671875 0.24680000000000007 0.5591083328125002 0.7468 0.5591083328125002
0 0.7504777781249999 0.4945125000000001 0.2449222218750001 0.4945125 0.2449222218750001 0.5288875000000001 0.7504777781249999 0.5288875000000002
0 0.7504777781249999 0.46429166718750003 0.2449222218750001 0.4642916671875 0.2449222218750001 0.4997083328125001 0.7504777781249999 0.49970833281250016
0 0.753203703125 0.43337083281250005 0.2457962968750001 0.4333708328125 0.2457962968750001 0.4698291671875001 0.753203703125 0.46982916718750023
0 0.75325555625 0.4044333328125001 0.24214444375000008 0.4044333328125 0.24214444375000008 0.43776666718750007 0.75325555625 0.4377666671875001
0 0.757859259375 0.37321250000000006 0.2393407406250001 0.3732125 0.2393407406250001 0.4075875000000001 0.757859259375 0.40758750000000016
0 0.7587851859375 0.34061250000000004 0.23841481406249998 0.3406125 0.23841481406250004 0.37498750000000003 0.7587851859375 0.3749875000000001
0 0.7601851859375001 0.30781250000000004 0.2398148140625 0.3078125 0.2398148140625 0.34218750000000003 0.7601851859375001 0.3421875000000001