0 0.7330987875960177 0.4321837574122653 0.25989767500000005 0.43021617343749996 0.25977178271648227 0.4604930863377348 0.7329728953125 0.4624606703125001
0 0.7337016434737136 0.46067211314876183 0.262458575 0.45871266874999994 0.26233702370728984 0.4879455493512113 0.7335800921810034 0.4899049937499732
0 0.7568702277469355 0.7254725818798557 0.3095803968750001 0.7236127375000001 0.3094588456905648 0.7528456181201446 0.7567486765625001 0.7547054625000003
0 0.7311731588691786 0.342930400641458 0.24484317031249997 0.34090822656249997 0.24470859581832122 0.37327320092104205 0.7310385843749999 0.37529537500000004
0 0.7348574495873927 0.48884119750810784 0.26729949687500004 0.4868970781249999 0.2671779457251073 0.516129957179392 0.7347358984375 0.5180740765625
0 0.7544683751565291 0.7008480823864411 0.3037244125000001 0.6989738765625 0.3036115435934711 0.7261186957385589 0.75435550625 0.7279929015625
0 0.7293632728703455 0.31235310532191507 0.23934817343749998 0.310315609375 0.23921359900465453 0.342680583740585 0.7292286984375 0.34471807968750007
0 0.7202760425938057 0.1871254329596312 0.21678559375 0.18503190468750003 0.21662931365616722 0.22261703579686562 0.720119762499973 0.2247105640689968
0 0.7682478600631708 0.8510271688506796 0.3266011890625001 0.8491907890625001 0.32648397899932935 0.8773796389618205 0.76813065 0.87921601875
0 0.7174478374157134 0.15439733870666028 0.21188385312500008 0.15229518750000004 0.2117188907092867 0.19196838316833986 0.717282875 0.1940705343750001
0 0.7265552906649568 0.28134986367560066 0.23089702968750006 0.2792889015625001 0.23075811401604648 0.3126979097618724 0.7264163749935033 0.31475887187497303
0 0.7508447371317775 0.6737294912559859 0.29802723437500006 0.6718466625000001 0.2979056831807227 0.7010795431190144 0.7507231859375001 0.7029623718750002
0 0.744014222496933 0.5977485766620735 0.28578454218750016 0.5958432453125001 0.28566733219056706 0.6240320952129268 0.7438970125000001 0.6259374265625002
0 0.7635630189281828 0.8008515511652006 0.31984280937500015 0.7990065484375001 0.3197169170093174 0.8292834613347999 0.7634371265625002 0.8311284640625003
0 0.7580529117288253 0.7507560266887439 0.3108785687500001 0.7488966609375001 0.31076135857715104 0.7770855108177261 0.7579357015559762 0.7789448765689699
0 0.7302112353893231 0.3726943396990943 0.24756636093750012 0.37068748906250004 0.24743178648567707 0.40305246342590584 0.7300766609375 0.4050593140625002
0 0.723969405193449 0.2510491470058625 0.22635309531250006 0.2489800437500001 0.2262098385565512 0.2834330842441377 0.7238261484375001 0.2855021875000001
0 0.722034572787928 0.21914747877622376 0.22061766250000003 0.21706257343750002 0.22047006471207203 0.2525596415362764 0.7218869750000001 0.25464454687500016
0 0.735482763738206 0.5160057896992492 0.2734524796875001 0.5140846531250001 0.27333092844282436 0.5433175337317271 0.7353612124935303 0.5452386703059762
0 0.7417591168936363 0.5705563287717434 0.28157138906250007 0.5686428531250001 0.28144983779386384 0.5978757321657568 0.741637565625 0.5997892078125002
0 0.7613054557994595 0.7758058568780333 0.31585817968750013 0.7739536750000002 0.3157366285755407 0.8031865556219671 0.7611839046875002 0.8050387375
0 0.7477258122203322 0.6481581928300926 0.2949083093750001 0.6462753625000001 0.29478675808569804 0.6755082415383836 0.7476042609310302 0.6773910718684762
0 0.738878127737334 0.543482585003753 0.27869040000000006 0.5415691109375002 0.2785688488251662 0.5708019915587472 0.7387565765625 0.5727154656250001
0 0.768120316100835 0.8739539657603425 0.3313083718750002 0.8721376890625002 0.3311651151491384 0.9065907264336545 0.7679770593749732 0.9084070031314967
0 0.7481556865880622 0.6238252719843608 0.29176856093750003 0.6219276015624999 0.29165135091191086 0.650116451459636 0.748038476562473 0.6520141218814969
0 0.7351534136193674 0.40138031315515654 0.2525085359375 0.39937346093750004 0.25237396138063267 0.4317384352823437 0.7350188390625 0.43374528750000013
0 0.7663290917785766 0.8246757350210849 0.32237790156250007 0.822829771875 0.32224332697142344 0.8551947462289149 0.7661945171875 0.8570407093749999