0 0.86883675 0.5726744890625 0.46277271641011 0.5480043148293011 0.46118627968750003 0.5741166109375001 0.8672503132773899 0.5987867851706989
0 0.45398270625000003 0.5957361874999999 0.05699132036980594 0.5716172177837585 0.05527796875000005 0.5998184984374999 0.4522693546301942 0.6239374681537414
0 0.8429298578125002 0.762440665625 0.44795963218188134 0.7384444915711108 0.4464366530189282 0.7635122970584132 0.8414068786495468 0.7875084711123024
0 0.4920133937499999 0.21858696875000003 0.06547902743098659 0.19267313480065576 0.0636387609317539 0.22296340009457963 0.4901731272507672 0.2488772340439239
0 0.8516825875000003 0.71657678125 0.45119584343590213 0.6922454509524252 0.4496728640625 0.7173132562500001 0.850159608126598 0.741644586547575
0 0.4752191937500001 0.3516838015625 0.0635778662054679 0.3266747819374415 0.0619279718692539 0.3538315719695796 0.473569299413786 0.3788405915946381
0 0.85830770625 0.6688307953125001 0.4558605754047408 0.6443803647439877 0.45421068114967433 0.6715371547763337 0.8566578119949335 0.6959875853448461
0 0.4721727437500001 0.42748292031250007 0.06053141619343598 0.4024739007820052 0.05888152186350779 0.42963069081415933 0.47052284942007183 0.4546397103446543
0 0.8367270281250001 0.806865984375 0.44151370759701447 0.7828550380057167 0.43973689843750013 0.812100809375 0.8349502189654858 0.8361117557442833
0 0.90984975 0.3186062984375001 0.48319383776220654 0.29268507690151074 0.48122665624999994 0.3250643234375 0.9078825684877936 0.3509855449734894
0 0.9051711281250002 0.34563778437500015 0.48231444009406593 0.3199473832385734 0.4804741734375001 0.3502376484375001 0.9033308614684344 0.37592804957392684
0 0.8848780906249999 0.47328869687499997 0.473236763080468 0.4482796772499416 0.4715868687500002 0.4754364671875 0.883228196294532 0.5004454868125584
0 0.9282082109375001 0.21094934375000007 0.4869023538108698 0.1841380736782503 0.48499862968749996 0.21547282968750006 0.9263044868141301 0.24228409975924983
0 0.48058178125 0.32584285625 0.0634239332261118 0.300498684961916 0.06177403897366651 0.3276554748996743 0.4789318869975546 0.3529996461877583
0 0.9001951000000001 0.37202638906250013 0.4792380279517333 0.3464513973863287 0.4774612187500001 0.37569717031250016 0.898418290798267 0.40127216198867155
0 0.5010510765625 0.13576309375 0.07071748448249397 0.10961843921192596 0.06875030312500001 0.14199768593750003 0.4990838952050061 0.1681423404755741
0 0.8659750546874999 0.596432296875 0.4616890816297515 0.5718701490243293 0.46003918750000017 0.5990269375 0.8643251605577487 0.6235890853506707
0 0.4472762156250002 0.667408896875 0.05402328323344387 0.6435170553745332 0.05237338896792045 0.6706738468692539 0.4456263213594768 0.6945656883697209
0 0.44352553281250007 0.71410085625 0.055849892820833705 0.6905478585734085 0.054263456250000085 0.7166601531250001 0.44193909624166655 0.7402131508015916
0 0.4674497562500002 0.4521550281250001 0.061324947525324844 0.4274811616306244 0.05967505312500006 0.4546379531250001 0.46579986184967537 0.4793118196193758
0 0.9153435265624997 0.29166626718750005 0.48317109382352363 0.265409895461839 0.4812039124111666 0.2977891436496743 0.9133763451501427 0.3240455153753354
0 0.9208851125 0.26472914375 0.4868738425574072 0.23836105181269612 0.48490666093750007 0.27074030000000004 0.9189179308800931 0.29710839193730393
0 0.8793379187500001 0.523272771875 0.46585775053805245 0.4981520351569273 0.46420785625 0.5253088250000001 0.8776880244619477 0.5504295617180728
0 0.49558223437500004 0.16165629062500006 0.0706436137145709 0.1358394031100847 0.06854951718750002 0.17030763593749998 0.4934881378479291 0.19612452345241535
0 0.8650113390625002 0.6204270250000001 0.4607253678438699 0.5958648757877343 0.45907547343750005 0.6230216671875001 0.8633614446561303 0.6475838163997658
0 0.4653951734375001 0.4769095796875 0.059331138083564404 0.45223940701078114 0.05774470146792041 0.478351703119254 0.4638087368218561 0.5030218757959728
0 0.9367520656250001 0.15488702656250003 0.4917077566794593 0.12784862828075422 0.4897405749999999 0.16022787656250004 0.9347848839455406 0.18726627484424585
0 0.8986294546875 0.3970916015625 0.47583354188772864 0.3714048926930008 0.4740567328124999 0.4006506640625001 0.8968526456122712 0.42633737293199936
0 0.48565555625000006 0.24519354687500003 0.07205384180813892 0.22006542706779703 0.07027703281250003 0.24931119843750013 0.48387874725436114 0.27443931824470313
0 0.44622215625 0.691943278125 0.05492960910309741 0.6681705367063485 0.053406629687500075 0.6932383437500002 0.44469917683440263 0.7170110851686516
0 0.9324198578124998 0.18320596250000007 0.4910532282656302 0.15639100190119948 0.4890860468692539 0.18877024853207966 0.9304526764161235 0.21558520913088025
0 0.839699784375 0.7853122562500001 0.444790332802405 0.7613197728234529 0.4433308109375001 0.7853430875 0.8382402625100951 0.8093355709265474
0 0.8758210203125 0.5487645781250001 0.46062356347482813 0.5235395103212209 0.4591005842804202 0.5486073156192539 0.8742980411180922 0.5738323834230331
0 0.4576928593750001 0.5724115234375 0.05886263264455429 0.5481808379955837 0.05714928116691269 0.5763821185550947 0.4559795078973584 0.6006128039970111
0 0.4745592531249999 0.37710596249999995 0.06475676456341097 0.35220866162473785 0.06310687022366654 0.3793654530246743 0.4729093587852555 0.4042627538999364
0 0.8883967734375 0.4475957171875001 0.4729562184490727 0.42235587863049784 0.4711794093750001 0.4516016500000002 0.8866199643634273 0.47684148855700237
0 0.4822943250000001 0.29998143750000006 0.06329763632144589 0.27452554902434007 0.061647742098666525 0.3016823389621742 0.4806444307772207 0.3271382274378342
0 0.43952905156250005 0.7827763937500001 0.05179263800263212 0.7592197038122422 0.05014274374425396 0.7863764938445795 0.43787915730412186 0.8099331837823375
0 0.4847689140625001 0.2721115562500001 0.06932835908652803 0.24687171759843532 0.06755155000000006 0.27611748906250005 0.4829921049759721 0.3013573277140648
0 0.8941987015625001 0.42226370312500006 0.4731808542022044 0.39668501908159587 0.47134058750000013 0.4269752843750002 0.8923584348602958 0.4525539684184044
0 0.4415902125000001 0.7378562375000001 0.05397534646676143 0.7143069320129956 0.052452367187500105 0.7393747375000002 0.4400672332207387 0.7629240429870048
0 0.459174803125 0.52501981875 0.058566511662282016 0.500681103818315 0.05691661718750006 0.5278378953124999 0.457524908650218 0.552176610244185
0 0.4500688406250001 0.6442297734375001 0.05497706768517019 0.6202262131872296 0.053327173437500076 0.6473830031250001 0.44841894637732993 0.6713865633752705
0 0.45208624375 0.6189487921875 0.056872921652460384 0.5949378458181985 0.055096112494253946 0.6241836172820797 0.4503094345917935 0.6481945636513812
0 0.4948243546875001 0.19168522968750001 0.06828998849240471 0.1657713940813787 0.06644972187500002 0.196061659375 0.49298408807009536 0.2219754949811213
0 0.4407194218750002 0.7610724484375001 0.05316533115561942 0.7375268353177331 0.05170580937500009 0.7615501484375001 0.4392599000943808 0.7850957615572671
0 0.8554906343750004 0.6924319671875001 0.453104277287229 0.6679852288916466 0.4515178406250001 0.6940975250000001 0.8539041977127715 0.7185442632958536
0 0.8479962859375 0.7397016093750001 0.4493483825236799 0.7154819978329939 0.4478254031250001 0.7405498046875001 0.8464733065388202 0.7647694162295061
0 0.8814263875 0.4980170734375001 0.46972428755583345 0.4730043631908492 0.468010935931754 0.5012056438445797 0.8797130358759204 0.5262183540912305
0 0.4751542953125 0.4025037312500001 0.06351296777999985 0.377494711530378 0.06186307343750005 0.4046515015625 0.4735044009700003 0.42966052128212207
0 0.46021007656250007 0.5004255890625001 0.05960178468577095 0.47608687733834154 0.057951890524674296 0.5032436672763335 0.45856018240140345 0.5275823790004921
0 0.4591643953125001 0.5485692578125 0.058556103849782014 0.5242305428808149 0.05690620937500006 0.551387334375 0.45751450083771805 0.575726049306685
0 0.8611560750000002 0.6443467203125002 0.45687010223676283 0.6197845709110915 0.4552202078125001 0.6469413625 0.8595061805757375 0.6715035119014088
0 0.9250741015624999 0.23720663593750008 0.4837074704588763 0.21039167524411986 0.4817402890625 0.2427709218750001 0.9231069201661237 0.2695858825683803