0 0.7645479171875 0.10579218750000005 0.20465208281249997 0.10579218750000004 0.20465208281249997 0.14680781250000005 0.7645479171875 0.14680781250000008
0 0.7538951390624999 0.31653359375000006 0.2183048609375 0.31653359375 0.2183048609375 0.35266640625000006 0.7538951390624999 0.3526664062500001
0 0.74937430625 0.5388984375000001 0.23982569375000007 0.5388984375 0.23982569375000007 0.5721015625000001 0.74937430625 0.5721015625000001
0 0.75199305625 0.349877734375 0.21900694375000002 0.349877734375 0.21900694375000004 0.385522265625 0.75199305625 0.3855222656250001
0 0.7487361109374999 0.5695308593750001 0.24526388906250007 0.569530859375 0.24526388906250007 0.6012691406250001 0.7487361109374999 0.6012691406250001
0 0.7484958328125 0.6843632812500001 0.2537041671875001 0.68436328125 0.2537041671875001 0.7146367187500001 0.7484958328125 0.7146367187500002
0 0.744959721875 0.655130859375 0.2536402781250001 0.655130859375 0.2536402781250001 0.686869140625 0.744959721875 0.6868691406250002
0 0.7426173609375002 0.791107421875 0.26258263906250007 0.7911074218749999 0.26258263906250007 0.820892578125 0.7426173609375002 0.820892578125
0 0.74628055625 0.44741015625 0.2289194437500001 0.44741015624999997 0.2289194437500001 0.48158984375 0.74628055625 0.48158984375000014
0 0.7443875000000002 0.7642632812500001 0.2600125000000001 0.76426328125 0.2600125000000001 0.7945367187500001 0.7443875000000002 0.7945367187500001
0 0.7591354171875 0.24791289062500005 0.21486458281249998 0.24791289062500002 0.21486458281249998 0.28648710937500005 0.7591354171875 0.2864871093750001
0 0.761071528125 0.21342460937500002 0.213328471875 0.213424609375 0.213328471875 0.252975390625 0.761071528125 0.2529753906250001
0 0.76451180625 0.14253632812500006 0.20808819375 0.14253632812500003 0.20808819375 0.18306367187500006 0.76451180625 0.18306367187500008
0 0.7449895828125002 0.737907421875 0.25801041718750006 0.7379074218749999 0.25801041718750006 0.767692578125 0.7449895828125002 0.7676925781250001
0 0.7452236109375001 0.7121515625000001 0.2573763890625001 0.7121515625 0.2573763890625001 0.7414484375000001 0.7452236109375001 0.7414484375000001
0 0.75713125 0.28206875000000003 0.21806874999999998 0.28206875 0.21806874999999998 0.32113125000000003 0.75713125 0.3211312500000001
0 0.7460958328125 0.627807421875 0.2513041671875001 0.6278074218749999 0.2513041671875001 0.657592578125 0.7460958328125 0.6575925781250002
0 0.7398111109375002 0.8436398437499999 0.2675888890625001 0.8436398437499999 0.2675888890625001 0.8719601562499999 0.7398111109375002 0.8719601562499999
0 0.7603736109375 0.17872460937500007 0.21002638906249999 0.17872460937500007 0.21002638906249999 0.21827539062500004 0.7603736109375 0.21827539062500007
0 0.749778471875 0.4798867187500001 0.2350215281250001 0.47988671875 0.2350215281250001 0.5121132812500001 0.749778471875 0.5121132812500002
0 0.7511104171875 0.50968671875 0.2380895828125001 0.50968671875 0.2380895828125001 0.54191328125 0.7511104171875 0.5419132812500002
0 0.7476 0.5985308593750001 0.2476000000000001 0.5985308593750001 0.2476000000000001 0.6302691406250001 0.7476 0.6302691406250002
0 0.7411152781250002 0.8166074218749999 0.2636847218750001 0.8166074218749999 0.2636847218750001 0.8463925781249999 0.7411152781250002 0.8463925781249999
0 0.753490971875 0.38346601562500005 0.2231090281250001 0.383466015625 0.2231090281250001 0.4181339843750001 0.753490971875 0.41813398437500016
0 0.7719243062500001 0.06775976562500005 0.19987569375 0.06775976562500002 0.19987569375 0.11024023437500005 0.7719243062500001 0.11024023437500008
0 0.7386750000000002 0.868030859375 0.2699250000000001 0.868030859375 0.2699250000000001 0.899769140625 0.7386750000000002 0.899769140625
0 0.749084721875 0.4153660156250001 0.22651527812500008 0.415366015625 0.22651527812500008 0.4500339843750001 0.749084721875 0.4500339843750002