0 0.8600638890625 0.6332046875 0.48853611093750005 0.6332046874999999 0.48853611093750005 0.6585953125 0.8600638890625 0.6585953125000001
0 0.85672569375 0.7633371093750001 0.4912743062500001 0.763337109375 0.4912743062500001 0.7872628906250001 0.85672569375 0.7872628906250002
0 0.85572569375 0.7418488281250001 0.4902743062500002 0.741848828125 0.4902743062500002 0.7667511718750001 0.85572569375 0.7667511718750002
0 0.4908958328125002 0.786419140625 0.12110416718750008 0.786419140625 0.12110416718750008 0.8171808593750001 0.4908958328125002 0.8171808593750001
0 0.4817763890625 0.43289296874999994 0.09462361093750005 0.43289296874999994 0.09462361093750006 0.45730703124999994 0.4817763890625 0.45730703124999994
0 0.4765423609375 0.33720468750000004 0.09025763906250003 0.3372046875 0.09025763906250003 0.36259531250000004 0.4765423609375 0.3625953125000001
0 0.4824041671875 0.5474488281250001 0.10219583281250008 0.5474488281250001 0.10219583281250008 0.5723511718750001 0.4824041671875 0.5723511718750001
0 0.4819638890625 0.613572265625 0.1104361109375001 0.613572265625 0.1104361109375001 0.640427734375 0.4819638890625 0.640427734375
0 0.474784721875 0.21278398437500004 0.07721527812500002 0.21278398437499998 0.07721527812500002 0.24061601562500004 0.474784721875 0.24061601562500007
0 0.8641722218749999 0.4972722656250001 0.48222777812500006 0.49727226562500004 0.48222777812500006 0.5241277343750002 0.8641722218749999 0.5241277343750002
0 0.4850298609375 0.68001640625 0.11437013906250008 0.68001640625 0.11437013906250008 0.70638359375 0.4850298609375 0.70638359375
0 0.48528888906249995 0.26291640625000007 0.08251111093750002 0.26291640625 0.08251111093750003 0.28928359375000007 0.48528888906249995 0.2892835937500001
0 0.48702777812500014 0.723560546875 0.11897222187500009 0.723560546875 0.11897222187500009 0.749439453125 0.4870277781250002 0.749439453125
0 0.4820125 0.40870468750000005 0.09138750000000004 0.40870468750000005 0.09138750000000004 0.43409531250000005 0.4820125 0.43409531250000005
0 0.49586319375 0.2872722656250001 0.08353680625000004 0.287272265625 0.08353680625000004 0.3141277343750001 0.49586319375 0.3141277343750001
0 0.87478680625 0.2357605468750001 0.47461319375000005 0.2357605468750001 0.47461319375000005 0.2616394531250001 0.87478680625 0.2616394531250001
0 0.8704145828125001 0.4041722656250001 0.47718541718749996 0.404172265625 0.47718541718749996 0.4310277343750001 0.8704145828125001 0.4310277343750002
0 0.8719166671874999 0.30921640625000013 0.4760833328125 0.30921640625000013 0.4760833328125 0.33558359375000013 0.8719166671874999 0.33558359375000013
0 0.470246528125 0.18712812500000003 0.07875347187500002 0.187128125 0.07875347187500002 0.21447187500000003 0.470246528125 0.2144718750000001
0 0.48222986093750003 0.635772265625 0.11157013906250009 0.635772265625 0.11157013906250009 0.662627734375 0.48222986093750003 0.662627734375
0 0.8611298609375 0.6100605468750001 0.49047013906250003 0.610060546875 0.49047013906250003 0.6359394531250001 0.8611298609375 0.6359394531250002
0 0.48133194375 0.592260546875 0.10806805625000009 0.592260546875 0.10806805625000009 0.618139453125 0.48133194375 0.618139453125
0 0.477440278125 0.38550468750000005 0.09375972187500005 0.3855046875 0.09375972187500005 0.4108953125 0.477440278125 0.4108953125
0 0.85542569375 0.7833398437500001 0.48997430625000016 0.78333984375 0.48997430625000016 0.81166015625 0.85542569375 0.81166015625
0 0.4891958328125002 0.744860546875 0.11940416718750009 0.744860546875 0.11940416718750009 0.770739453125 0.4891958328125002 0.770739453125
0 0.8625979171875 0.5887046875000002 0.4902020828125 0.5887046875 0.4902020828125 0.6140953125000002 0.8625979171875 0.6140953125000002
0 0.8654722218750001 0.450828125 0.48352777812500003 0.45082812499999997 0.48352777812500003 0.478171875 0.8654722218750001 0.47817187500000014
0 0.47738472187500003 0.23867226562500005 0.07981527812500003 0.238672265625 0.07981527812500003 0.26552773437500005 0.47738472187500003 0.2655277343750001
0 0.478746528125 0.31227226562500005 0.08725347187500004 0.312272265625 0.08725347187500004 0.33912773437500005 0.478746528125 0.3391277343750001
0 0.48962986093750016 0.76601640625 0.11897013906250009 0.76601640625 0.11897013906250009 0.79238359375 0.48962986093750016 0.79238359375
0 0.85829375 0.7205046875000001 0.49110624999999997 0.7205046875 0.4911062500000001 0.7458953125000001 0.85829375 0.7458953125000002
0 0.8641701390625001 0.47421640625000006 0.4848298609375 0.47421640624999994 0.4848298609375 0.50058359375 0.8641701390625001 0.5005835937500002
0 0.48307430625 0.5017046875 0.09852569375000006 0.5017046875 0.09852569375000006 0.5270953125 0.48307430625 0.5270953125
0 0.8687465281250001 0.4275839843750001 0.477253471875 0.427583984375 0.477253471875 0.4554160156250001 0.8687465281250001 0.45541601562500017
0 0.8686784718749999 0.3578164062500001 0.478921528125 0.3578164062500001 0.478921528125 0.3841835937500001 0.8686784718749999 0.3841835937500001
0 0.4871979171875001 0.701760546875 0.11480208281250008 0.701760546875 0.11480208281250008 0.727639453125 0.48719791718750016 0.727639453125
0 0.87391875 0.2847164062500001 0.47548124999999997 0.2847164062500001 0.47548124999999997 0.3110835937500001 0.87391875 0.3110835937500001
0 0.48613194374999996 0.657672265625 0.1128680562500001 0.657672265625 0.1128680562500001 0.684527734375 0.48613194374999996 0.684527734375
0 0.48354236093749997 0.4788046875 0.09725763906250007 0.4788046875 0.09725763906250007 0.5041953125 0.48354236093749997 0.5041953125
0 0.48133819375 0.5244046875 0.10026180625000006 0.5244046875 0.10026180625000007 0.5497953125 0.48133819375 0.5497953125
0 0.8745888890625 0.2597722656250001 0.4718111109375 0.2597722656250001 0.4718111109375 0.2866277343750001 0.8745888890625 0.2866277343750001
0 0.875652778125 0.21047226562500007 0.47634722187499995 0.21047226562500007 0.47634722187499995 0.23732773437500007 0.875652778125 0.23732773437500007
0 0.8635020828125001 0.5437046875000001 0.48589791718750003 0.5437046875 0.48589791718750003 0.5690953125000001 0.8635020828125001 0.5690953125000002
0 0.86063194375 0.5664046875000002 0.48736805624999996 0.5664046875000001 0.48736805624999996 0.5917953125000002 0.86063194375 0.5917953125000002
0 0.4833104171875 0.45496054687500004 0.09528958281250006 0.45496054687500004 0.09528958281250006 0.48083945312500004 0.4833104171875 0.48083945312500004
0 0.879590971875 0.18398398437500008 0.47420902812500004 0.18398398437500005 0.47420902812500004 0.2118160156250001 0.879590971875 0.2118160156250001
0 0.48370416718750003 0.57009296875 0.1034958328125001 0.57009296875 0.1034958328125001 0.59450703125 0.48370416718750003 0.59450703125
0 0.47566805624999997 0.361448828125 0.09893194375000004 0.361448828125 0.09893194375000004 0.386351171875 0.47566805624999997 0.38635117187500007
0 0.8639361109375001 0.5204605468750001 0.4854638890625 0.520460546875 0.4854638890625 0.5463394531250001 0.8639361109375001 0.5463394531250001
0 0.8598277781249999 0.6551046875000001 0.49177222187499997 0.6551046875 0.49177222187499997 0.6804953125000001 0.8598277781249999 0.6804953125000002
0 0.8687125 0.3819164062500001 0.4780875 0.3819164062500001 0.4780875 0.40828359375000006 0.8687125 0.4082835937500001
0 0.8601958328125001 0.6987046875 0.4904041671875 0.6987046875 0.4904041671875 0.7240953125 0.8601958328125001 0.7240953125000001
0 0.8709145828124999 0.3334722656250001 0.47768541718749996 0.3334722656250001 0.47768541718749996 0.3603277343750001 0.8709145828124999 0.3603277343750001
0 0.8585277781249999 0.6772605468750001 0.490472221875 0.677260546875 0.490472221875 0.7031394531250001 0.8585277781249999 0.7031394531250001