0 0.47913519375 0.35777337500000006 0.4773948581581856 0.3319244296545111 0.07887594531249999 0.35875556875000003 0.08061628090431433 0.38460451409548896
0 0.47270626093749996 0.2843021406250001 0.4709330888726558 0.2579654783959448 0.0672138920898268 0.2851467360492745 0.06898706415467104 0.3114833982783298
0 0.869922840625 0.47127648593750004 0.8681496685587495 0.44493982360342405 0.4903960655132251 0.4703728920898267 0.4921692375794757 0.4967095544239027
0 0.8821714609375 0.6742480171875 0.880463961800721 0.6488867871655677 0.5079178123952761 0.6739692546945508 0.5096253115320553 0.6993304847164832
0 0.8797103171875001 0.5852141296875002 0.8780028182433612 0.5598529010062047 0.5019945843679493 0.5851684592702759 0.5037020833120881 0.6105296879515715
0 0.887450596875 0.783782371875 0.8855789153535527 0.7559825638902758 0.518190053125 0.7807178046875001 0.5200617346464474 0.8085176126722242
0 0.4768719109375 0.3090055890625001 0.47509873874826125 0.2826689284009417 0.07311058124294922 0.30973364364527595 0.07488375343218796 0.3360703043068344
0 0.48054023125 0.40629793125000013 0.4788327322745552 0.38093670267544555 0.08724514218749999 0.407301175 0.0889526411629448 0.4326624035745546
0 0.8670328640625 0.37811336250000005 0.8652925283157078 0.3522644156017044 0.4711012140625 0.378804190625 0.47284154980929227 0.40465313752329557
0 0.8742501296874998 0.5169955328125001 0.872509793955863 0.4911465859134074 0.4878392 0.5170453578124998 0.4895795357316368 0.5428943047115926
0 0.86244505625 0.2557986796874999 0.8606390476548477 0.22897430224394108 0.45777820302732686 0.2560977704242748 0.4595842116224792 0.2829221478678337
0 0.8712664265625 0.4011508015625 0.8694932543197023 0.374814139342802 0.47183269375 0.40158748906249997 0.47360586599279764 0.427924151282198
0 0.4954674671875 0.5910727500000001 0.49379280477242266 0.5661992383044192 0.11346414062499999 0.5918056796874999 0.11513880304007733 0.6166791913830807
0 0.47260762968750003 0.3340759296875001 0.4708344574614127 0.30773926746692354 0.0766359765625 0.334279525 0.07840914878858726 0.36061618722057653
0 0.88681495 0.7593339265625 0.8851731239283392 0.7349481285302942 0.5161033843750001 0.7597965390624999 0.5177452104466609 0.7841823370947056
0 0.8638118515625003 0.28018888281250015 0.8620058428020382 0.25336450537763355 0.4600105171875001 0.28042970312500004 0.46181652594796213 0.30725408055986664
0 0.46110406874999993 0.23540470937499997 0.4592652234043892 0.2080926150624626 0.05726273125 0.23515829531250004 0.0591015765956107 0.26247038962503744
0 0.8607524484375 0.20629011406250003 0.8589136031835972 0.17897801964004573 0.45691111238822535 0.20604369833982678 0.4587499576421282 0.23335579276228108
0 0.8615085656250001 0.23093386562500012 0.8597353935211858 0.2045972049589499 0.4542851562429493 0.23189501083277597 0.45605832834676363 0.2582316714988262
0 0.88465749375 0.7175708484375001 0.8829171582013234 0.6917219030897428 0.5120948795898268 0.7166883063617747 0.5138352151385034 0.742537251709532
0 0.51885923125 0.7885546921875001 0.5171188956787431 0.7627057468409302 0.14543109687500003 0.7877304234375001 0.1471714324462569 0.8135793687840701
0 0.874777259375 0.562179496875 0.8731354332973519 0.5377936987380144 0.4980070515625 0.5630500203125 0.49964887764014804 0.5874358184494856
0 0.8728868546875003 0.49470040937500004 0.8710808460350213 0.4678760318293607 0.4872614375000001 0.4937174953125 0.48906744615247905 0.5205418728581394
0 0.87772698125 0.6302986359375001 0.8760194820504653 0.6049374058137728 0.504338846875 0.6299616015624999 0.5060463460745347 0.6553228316862272
0 0.46891005156250004 0.2600194531250001 0.46710404295673796 0.23319507568199888 0.06078111874999999 0.26055163593749986 0.06258712735576202 0.28737601338050106
0 0.5003707640625 0.6590043140625002 0.4985975919383384 0.6326676532924251 0.12517158904839848 0.657809359165552 0.12694476117256012 0.6841460199356271
0 0.8784972312500001 0.6075145687500001 0.8767568956344258 0.5816656234057603 0.5042035796875001 0.6067485734375 0.5059439153030743 0.6325975187817396
0 0.47705537500000006 0.3821949562500001 0.4753150392230892 0.3563460093532881 0.0863168453125 0.38253614687500004 0.08805718108941088 0.40838509377171206
0 0.49344589843749986 0.5684766484375 0.491738399507878 0.5431154198605359 0.11053704989527606 0.5687806156320507 0.1122445488248979 0.5941418442090148
0 0.49837589218749995 0.6363178359375 0.4966355565982033 0.6104688905918786 0.12148567812499995 0.6357266593749998 0.12322601371429664 0.6615756047206214
0 0.45613799843749997 0.20955110625000004 0.4542991532082481 0.18223901193134426 0.05575874208277605 0.2090715984445508 0.057597587312028006 0.2363836927632066
0 0.8757556171875001 0.5398270546875 0.8740481180068338 0.5144658246678755 0.49111572812500004 0.5402475687500001 0.49282322730566647 0.5656087987696247
0 0.8851345281250002 0.7388662218750002 0.8834270290130133 0.7135049918517641 0.5143429578125 0.7383543671874999 0.5160504569244867 0.763715597210736
0 0.48671183906249993 0.4525508765625001 0.48507001287120105 0.4281650770807242 0.09176571874999999 0.45464513124999983 0.09340754494129891 0.4790309307317758
0 0.5096864640625001 0.7244549046875 0.5079461283901496 0.6986059593462459 0.136258328125 0.7236306375 0.13799866379735035 0.7494795828412542
0 0.863153028125 0.18008515937500008 0.8612813465028445 0.1522853512904766 0.45061649218750005 0.1799342421875 0.4524881738096555 0.20773405027202346
0 0.8656857937499998 0.329930203125 0.8638797850492977 0.30310582558189636 0.46707757968749997 0.329821384375 0.4688835883882021 0.35664576191810365
0 0.49581915781249997 0.6141148234375 0.4940788221522364 0.5882658765346543 0.1171979060405521 0.6136401906391015 0.11893824170081571 0.6394891375419471
0 0.8643128843750001 0.30544007500000003 0.8625068757617951 0.2786156974522956 0.4622425921804492 0.3055643467702761 0.4640486007936541 0.33238872431798056
0 0.883686778125 0.695172475 0.8820121155602134 0.6702989617513355 0.5120696890624999 0.6952061281249998 0.5137443516272866 0.7200796413736643
0 0.4893915328125 0.5227066937500001 0.4877497068694757 0.498320897377081 0.10136957031250002 0.5243347671874999 0.10301139625552429 0.548720563560419
0 0.5164620109375 0.7674889374999999 0.5146888388415353 0.7411522751674864 0.14212835458277603 0.7662357062570506 0.14390152667874073 0.7925723685895641
0 0.5134092375000001 0.7453753687500001 0.5116689019216925 0.7195264232987061 0.13998110156250002 0.7445511 0.14172143714080768 0.770400045451294
0 0.5075380531250001 0.703171725 0.5057648809710603 0.6768350627756295 0.13406991562499998 0.701860221875 0.13584308777893978 0.7281968840993704
0 0.48739518593750003 0.4767746625 0.48568768678405283 0.4514134323738495 0.09496561708277604 0.4777196328195509 0.09667311623622328 0.5030808629457014
0 0.49085639687500005 0.5458744937500002 0.4891488977834502 0.5205132635155 0.10621650613822531 0.5462950061523266 0.10792400522977505 0.5716562363868268
0 0.5057250109375001 0.68106326875 0.5039190024288039 0.654238891301895 0.1296203139577761 0.6794393500070509 0.13142632246647223 0.7062637274551559
0 0.8659815375000001 0.35429218125000006 0.8641755287080832 0.3274678038167874 0.46737332343750004 0.35418336406250006 0.46917933222941705 0.38100774149571265
0 0.48688689218750014 0.4999424421875001 0.4852122296822309 0.47506892883061136 0.09969044531250001 0.5010250078125 0.10136510781776922 0.5258985211693888
0 0.5209565265625 0.81329431875 0.5189206624315645 0.7830559311482548 0.14803388906249998 0.8080266765624999 0.1500697531934354 0.8382650641642453
0 0.8794893265625001 0.6517641953125001 0.8778475005227933 0.627378397383709 0.5061811983398268 0.6524016266742748 0.5078230243795336 0.6767874246030658
0 0.484621075 0.4295020375000001 0.4829135758548775 0.4041408072683169 0.0869983875 0.43079664531249995 0.08870588664512254 0.4561578755441831
0 0.8694750578124999 0.4482851703125001 0.8677347222099492 0.42243622496757566 0.4865262062499999 0.4481019046875 0.4882665418525508 0.4739508500324243
0 0.8700090453124998 0.4254049140625001 0.86817020010305 0.3980928213037589 0.47915050781249996 0.42428440624999997 0.48098935302195 0.45159649900874116