0 0.719477778125 0.12990833281250008 0.213922221875 0.12990833281250005 0.213922221875 0.16949166718750006 0.719477778125 0.16949166718750008
0 0.7194259265625 0.19397083281250008 0.21757407343750002 0.19397083281250005 0.21757407343750002 0.23042916718750006 0.7194259265625 0.23042916718750012
0 0.71574444375 0.2882541671875 0.22685555625 0.28825416718749997 0.22685555625 0.32054583281250004 0.71574444375 0.3205458328125001
0 0.7083259265625 0.6494583328125 0.25647407343750006 0.6494583328125 0.25647407343750006 0.6765416671875 0.7083259265625 0.6765416671875
0 0.7115740734375001 0.7513375 0.2634259265625001 0.7513375 0.2634259265625001 0.7794625 0.7115740734375001 0.7794625
0 0.719922221875 0.2546708328125 0.225477778125 0.25467083281249997 0.225477778125 0.29112916718750004 0.719922221875 0.2911291671875001
0 0.7074481484375001 0.6995166671875 0.2611518515625001 0.6995166671875 0.2611518515625001 0.7286833328125 0.7074481484375001 0.7286833328125
0 0.7111370375 0.4064958328125 0.23706296250000009 0.4064958328125 0.23706296250000009 0.43670416718749994 0.7111370375 0.43670416718749994
0 0.7092851859375 0.4359166671875 0.2389148140625001 0.4359166671875 0.2389148140625001 0.46508333281249997 0.7092851859375 0.46508333281249997
0 0.7065296296875 0.5448166671875 0.2472703703125001 0.5448166671875 0.2472703703125001 0.5739833328125 0.7065296296875 0.5739833328125
0 0.7088074078125 0.5192583328125 0.24399259218750008 0.5192583328125 0.24399259218750008 0.5463416671875 0.7088074078125 0.5463416671875
0 0.7147925921875 0.3172125 0.22960740781250003 0.3172125 0.22960740781250003 0.35158750000000005 0.7147925921875 0.35158750000000005
0 0.7101888890625 0.3765541671875 0.23241111093750008 0.3765541671875 0.23241111093750008 0.40884583281250003 0.7101888890625 0.40884583281250003
0 0.7213296296875 0.09686666718750006 0.21207037031249998 0.09686666718750002 0.21207037031249998 0.13853333281250008 0.7213296296875 0.13853333281250008
0 0.7083333328125 0.49061666718749997 0.24166666718750007 0.49061666718749997 0.24166666718750007 0.5197833328125 0.7083333328125 0.5197833328125
0 0.7096740734375002 0.7257374999999999 0.2615259265625001 0.7257374999999999 0.2615259265625001 0.7538625 0.7096740734375002 0.7538625
0 0.7203259265625 0.22551250000000006 0.2184740734375 0.2255125 0.2184740734375 0.25988750000000005 0.7203259265625 0.2598875000000001
0 0.7092296296875 0.5979583328125 0.24997037031250008 0.5979583328125 0.24997037031250008 0.6250416671875 0.7092296296875 0.6250416671875
0 0.7101962968750002 0.8012583328125 0.2676037031250001 0.8012583328125 0.2676037031250001 0.8283416671875001 0.7101962968750002 0.8283416671875001
0 0.7115481484375001 0.7757375 0.2652518515625001 0.7757375 0.2652518515625001 0.8038624999999999 0.7115481484375001 0.8038624999999999
0 0.7078518515625001 0.6224166671875 0.2541481484375001 0.6224166671875 0.2541481484375001 0.6515833328125 0.7078518515625001 0.6515833328125
0 0.7078296296875 0.5723583328124999 0.2485703703125001 0.5723583328124999 0.2485703703125001 0.5994416671875 0.7078296296875 0.5994416671875
0 0.7110962968750002 0.8257749999999999 0.26850370312500005 0.8257749999999999 0.26850370312500005 0.8570249999999999 0.7110962968750002 0.8570249999999999
0 0.7074333328125 0.46331666718750003 0.2407666671875001 0.46331666718750003 0.2407666671875001 0.49248333281249995 0.7074333328125 0.49248333281249995
0 0.7199518515625 0.16275000000000006 0.2162481484375 0.16275000000000003 0.2162481484375 0.20025000000000004 0.7199518515625 0.2002500000000001
0 0.7093 0.6749583328125001 0.2593000000000001 0.6749583328125001 0.2593000000000001 0.7020416671875 0.7093 0.7020416671875
0 0.7147925921875 0.3476541671875001 0.22960740781250003 0.34765416718750003 0.22960740781250005 0.37994583281250005 0.7147925921875 0.3799458328125001