0 0.8138560968749999 0.4293286625 0.8137818142177403 0.3941461877933696 0.2614482874999931 0.3953123593717011 0.26152257015725283 0.43049483407833156
0 0.8208158406250001 0.11406313281250013 0.8207302092950328 0.07350555821846877 0.2369339546874861 0.0747381578059019 0.23701958601745324 0.11529573239993329
0 0.816944903125 0.39599715312500006 0.8168706205587842 0.3608146784274689 0.258450268746708 0.36199370000330594 0.25852455131292384 0.3971761747008371
0 0.81379923125 0.6197950359375 0.8137290753328486 0.5865671411629567 0.28406159375 0.5876854578124999 0.28413174966715127 0.6209133525870432
0 0.8097097171875001 0.4630509781249999 0.8096333712377131 0.4268912126815021 0.26509684374670794 0.4280409203158061 0.265173189696495 0.46420068575930384
0 0.8141029062499999 0.6494725078125001 0.8140337821466822 0.616733262321949 0.287858946875 0.617844203125 0.2879280709783178 0.6505834486155511
0 0.816254090625 0.22322218437500005 0.8161715544228125 0.18413054824991124 0.24285323593750002 0.18534102500000002 0.2429357721396876 0.2244326611250888
0 0.8158047484375001 0.258661425 0.8157242756432252 0.22054707805914445 0.24678260781250003 0.2217483140625 0.24686308060677492 0.25986266100335553
0 0.81389819375 0.7675173125000001 0.8138301013592063 0.7352667116034505 0.2963651921874931 0.7363592624967009 0.2964332845782868 0.7686098633932505
0 0.8163964375000001 0.558187503125 0.8163252500658175 0.5244709653275281 0.2753392078125 0.5256131765624998 0.2754103952466826 0.5593297143599718
0 0.8170221359374998 0.294974365625 0.8169395996288774 0.2558827263721818 0.248838559375 0.2570821890625 0.24892109568362247 0.29617382831531824
0 0.815296290625 0.8528224671875002 0.8152271665367687 0.8200832201349616 0.30296507500000003 0.8211647859375002 0.3030341990882312 0.8539040329900388
0 0.8142351406250002 0.7960938890625002 0.8141680800336044 0.7643319327590403 0.29845672499669407 0.7654207796842079 0.2985237855880899 0.7971827359876678
0 0.8125169546875 0.8801163750000001 0.8124509257169272 0.8488430648504244 0.3063190375 0.8499116874999999 0.3063850664705728 0.8811849976495756
0 0.8241625062500004 0.0761600734375 0.8240737797972411 0.03413656194696215 0.23153868281249998 0.035387612500000006 0.23162740926525927 0.07741112399053786
0 0.8177999390625003 0.3279767671875 0.8177225612791412 0.29132835714667454 0.2514329125 0.29252399531250006 0.2515102902833589 0.32917240535332554
0 0.8195943484375 0.5262126406250001 0.819524192791629 0.4929847474203134 0.273335328121701 0.49413794218750706 0.2734054837675721 0.5273658353921936
0 0.81477100625 0.589270096875 0.8147008503321309 0.5560422036628393 0.28155518437500004 0.5571678640625001 0.281625340292869 0.5903957572746608
0 0.8132861312499999 0.49370157187499997 0.8132159755143107 0.4604736802302476 0.26876620625 0.4616232046875 0.26883636198568917 0.4948510963322524
0 0.8158190234375 0.36142946875000004 0.8157457725688776 0.3267356402018649 0.2529921515624861 0.32792381093090206 0.25306540243110853 0.3626176394790372
0 0.8089130109375002 0.9119892828125001 0.808836664954492 0.8758295189304917 0.3103860984375 0.8768819234375 0.3104624444205083 0.9130416873195084
0 0.8157122671874998 0.8248005781250001 0.8156431430961202 0.7920613310756734 0.30077241093749996 0.7931484046874998 0.3008415350288795 0.8258876517368263
0 0.8157678609374999 0.18785254843750004 0.8156863563262432 0.1492495553373703 0.24151294999999995 0.15046183906249996 0.24159445461125667 0.18906483216262973
0 0.8141841140624999 0.73962821875 0.8141129265597142 0.7059116809506432 0.29486554218750005 0.7070079953125001 0.29493672969028584 0.7407245331118569
0 0.8146344609374999 0.6810274687500002 0.814562241726188 0.6468222863600503 0.290083121875 0.647929646875 0.2901553410863121 0.6821348292649498
0 0.8200896890624998 0.15126013281250014 0.8200071527370314 0.11216849356251776 0.2388629171875 0.1133954953125 0.2389454535129684 0.15248713456248236
0 0.8149352656250001 0.709539228125 0.8148702683383844 0.6787545641277445 0.29310100468750006 0.6798562031250001 0.29316600197411574 0.7106408671222556