0 0.939677778125 0.5401957031250001 0.509122221875 0.540195703125 0.509122221875 0.5690042968750001 0.939677778125 0.5690042968750002
0 0.49412916718750016 0.831275 0.08267083281250011 0.831275 0.08267083281250011 0.862525 0.49412916718750016 0.862525
0 0.48783333281249996 0.58971640625 0.07116666718750006 0.58971640625 0.07116666718750006 0.61608359375 0.48783333281249996 0.61608359375
0 0.4902375 0.562883984375 0.06836250000000008 0.562883984375 0.06836250000000008 0.590716015625 0.4902375 0.590716015625
0 0.4904291671875002 0.7614722656249999 0.07897083281250009 0.7614722656249999 0.07897083281250009 0.7883277343749999 0.4904291671875002 0.7883277343749999
0 0.9201333328124999 0.7404839843750001 0.5034666671875001 0.740483984375 0.5034666671875001 0.7683160156250001 0.9201333328124999 0.7683160156250002
0 0.5004284718750001 0.29226328125 0.048171528125000036 0.29226328125 0.04817152812500004 0.32253671875 0.5004284718750001 0.32253671875000006
0 0.49852430625000005 0.3480632812500001 0.05147569375000004 0.34806328125 0.05147569375000004 0.3783367187500001 0.49852430625000005 0.3783367187500001
0 0.4887250000000002 0.8078164062500001 0.08247500000000009 0.8078164062500001 0.0824750000000001 0.8341835937500001 0.4887250000000002 0.8341835937500001
0 0.5045388890625 0.23324257812500004 0.03926111093750003 0.233242578125 0.03926111093750003 0.26595742187500004 0.5045388890625 0.2659574218750001
0 0.48912708281250017 0.7856046875 0.0802729171875001 0.7856046875 0.0802729171875001 0.8109953125 0.48912708281250017 0.8109953125
0 0.960696528125 0.2662750000000001 0.5067034718750001 0.2662750000000001 0.5067034718750001 0.2975250000000001 0.960696528125 0.2975250000000001
0 0.505675 0.20437500000000006 0.03692500000000003 0.20437500000000003 0.03692500000000003 0.23562500000000006 0.505675 0.2356250000000001
0 0.92709930625 0.6427722656250001 0.51130069375 0.642772265625 0.51130069375 0.6696277343750001 0.92709930625 0.6696277343750002
0 0.504775 0.17448671875000002 0.03602500000000002 0.17448671875 0.03602500000000002 0.20671328125000005 0.504775 0.2067132812500001
0 0.9331395828125 0.5913839843750001 0.5086604171875 0.591383984375 0.5086604171875 0.6192160156250001 0.9331395828125 0.6192160156250002
0 0.9617923609375 0.3540957031250001 0.5130076390625 0.3540957031250001 0.5130076390625 0.3829042968750001 0.9617923609375 0.3829042968750001
0 0.4904333328125 0.6390722656250001 0.07376666718750009 0.6390722656250001 0.07376666718750009 0.6659277343750001 0.4904333328125 0.6659277343750001
0 0.9282013890625 0.6670722656250001 0.5097986109375 0.667072265625 0.5097986109375 0.6939277343750001 0.9282013890625 0.6939277343750001
0 0.4997923609375 0.320707421875 0.05100763906250004 0.320707421875 0.05100763906250004 0.350492578125 0.4997923609375 0.35049257812500006
0 0.9478840281249999 0.4347398437500001 0.509515971875 0.43473984374999997 0.509515971875 0.4630601562500001 0.9478840281249999 0.4630601562500002
0 0.937709721875 0.5664398437500001 0.508890278125 0.56643984375 0.508890278125 0.5947601562500001 0.937709721875 0.5947601562500002
0 0.4900270828125001 0.73691640625 0.0811729171875001 0.73691640625 0.0811729171875001 0.76328359375 0.4900270828125001 0.76328359375
0 0.49216944375000005 0.6145839843750001 0.07203055625000007 0.6145839843750001 0.07203055625000007 0.6424160156250001 0.49216944375000005 0.6424160156250001
0 0.956990278125 0.38169570312500006 0.5108097218750001 0.38169570312500006 0.5108097218750001 0.4105042968750001 0.956990278125 0.41050429687500023
0 0.96048819375 0.3253074218750001 0.51691180625 0.3253074218750001 0.51691180625 0.3550925781250001 0.96048819375 0.3550925781250001
0 0.9129611109375 0.8347515624999999 0.5032388890625001 0.8347515624999999 0.5032388890625001 0.8640484374999999 0.9129611109375 0.8640484374999999
0 0.49344791718750003 0.45835156250000003 0.05855208281250006 0.45835156250000003 0.05855208281250006 0.48764843750000003 0.49344791718750003 0.48764843750000003
0 0.4906736109375 0.5373281249999999 0.06532638906250007 0.5373281249999999 0.06532638906250007 0.5646718749999999 0.4906736109375 0.5646718749999999
0 0.9227354171875 0.71633984375 0.5034645828125 0.7163398437499999 0.5034645828125001 0.74466015625 0.9227354171875 0.7446601562500001
0 0.504575 0.14245429687500002 0.035825000000000023 0.142454296875 0.035825000000000023 0.17614570312500002 0.504575 0.17614570312500005
0 0.9136270828124999 0.81161640625 0.5047729171875002 0.81161640625 0.5047729171875002 0.83798359375 0.9136270828124999 0.83798359375
0 0.49483541718749996 0.663928125 0.07556458281250009 0.663928125 0.07556458281250009 0.691271875 0.49483541718749996 0.691271875
0 0.48977569374999996 0.511095703125 0.06182430625000007 0.511095703125 0.06182430625000007 0.539904296875 0.48977569374999996 0.539904296875
0 0.9433458328125001 0.4611515625000001 0.5110541671875 0.4611515625 0.5110541671875 0.4904484375000001 0.9433458328125001 0.49044843750000017
0 0.9123270828125 0.7881605468750001 0.5034729171875002 0.788160546875 0.5034729171875002 0.8140394531249999 0.9123270828125 0.8140394531249999
0 0.91646319375 0.7642839843750001 0.5041368062500002 0.764283984375 0.5041368062500002 0.7921160156250001 0.91646319375 0.7921160156250002
0 0.491777778125 0.4843515625 0.06122222187500007 0.4843515625 0.06122222187500007 0.5136484375 0.491777778125 0.5136484375
0 0.9431458328125 0.513207421875 0.5108541671875 0.513207421875 0.5108541671875 0.542992578125 0.9431458328125 0.5429925781250001
0 0.9507520828124999 0.40710742187500004 0.5106479171875 0.407107421875 0.5106479171875 0.43689257812500004 0.9507520828124999 0.43689257812500015
0 0.4972201390625 0.40393984375 0.055379860937500046 0.40393984375 0.055379860937500046 0.43226015625 0.4972201390625 0.43226015625
0 0.9299354171875001 0.617083984375 0.5106645828125 0.617083984375 0.5106645828125 0.644916015625 0.9299354171875001 0.6449160156250001
0 0.49805416718749995 0.37576328125 0.05534583281250004 0.37576328124999997 0.05534583281250004 0.40603671874999997 0.49805416718749995 0.40603671874999997
0 0.49545000000000006 0.43065156250000003 0.05795000000000004 0.43065156250000003 0.05795000000000006 0.45994843750000003 0.49545000000000006 0.45994843750000003
0 0.4943333328125001 0.712972265625 0.0776666671875001 0.712972265625 0.0776666671875001 0.739827734375 0.4943333328125002 0.739827734375
0 0.9231333328125 0.6919398437500001 0.5064666671875 0.69193984375 0.5064666671875 0.7202601562500001 0.9231333328125 0.7202601562500002
0 0.5017666671875001 0.263330859375 0.04343333281250003 0.263330859375 0.04343333281250003 0.295069140625 0.5017666671875001 0.29506914062500006
0 0.9435798609375 0.48843984375000005 0.5104201390625 0.48843984375 0.5104201390625 0.51676015625 0.9435798609375 0.5167601562500002
0 0.4947673609375 0.6893605468749999 0.07723263906250008 0.6893605468749999 0.07723263906250008 0.7152394531249999 0.4947673609375 0.7152394531249999
0 0.9619902781249999 0.2970074218750001 0.515809721875 0.2970074218750001 0.515809721875 0.3267925781250001 0.9619902781249999 0.3267925781250001