0 0.4944281920207976 0.6629091832396966 0.4926279625000001 0.635905740625 0.06365180797920254 0.6645041511353035 0.06545203750000002 0.69150759375
0 0.4914340049440605 0.5079000291504563 0.4895645359375 0.47985799374999993 0.053134882555939476 0.5089533036620437 0.055004351562499984 0.5369953390625
0 0.9351611889249585 0.6918757977168519 0.933153240625 0.6617565734375 0.5040388110750414 0.6903642022831482 0.506046759375 0.7204834265625
0 0.4950726373331683 0.7134410346977352 0.4932724078124999 0.6864375921875 0.06985180797933155 0.7146656324897649 0.0716520375 0.7416690750000001
0 0.9615205617302456 0.2921089000486394 0.959581853125 0.263028271875 0.5064394382697543 0.2932377671388606 0.5083781468749999 0.3223183953125
0 0.9456485967656537 0.5360471555262115 0.9436406484374998 0.50592793125 0.5052669594843461 0.5351528444737884 0.5072749078124998 0.5652720687499999
0 0.4930678560909844 0.3470950569897677 0.4910599078124999 0.31697583281249997 0.03972325484651549 0.3470649430102323 0.041731203125000005 0.37718416718750003
0 0.9365588550067662 0.6670668904988756 0.9344816671875001 0.6359090734375001 0.5053211449932341 0.6645197751261245 0.5073983328125001 0.6956775921875
0 0.4961797076875227 0.23341974771545249 0.494171759375 0.20330052343749996 0.03357584856247726 0.2340069179095475 0.035583796875000004 0.2641261421875
0 0.49245156073713076 0.31819332886937357 0.4904436125 0.2880741046875 0.037255106450369245 0.31828667113062636 0.03926305468750001 0.3484058953125
0 0.962534747145184 0.319461016648939 0.9606652781250002 0.29141898125 0.5038652528548162 0.321872316163561 0.5057347218750001 0.3499143515625
0 0.49238796637847004 0.4833209985949892 0.4904492578125 0.4542403703124999 0.05026981018402994 0.48358566703001066 0.05220851874999999 0.5126662953125
0 0.9545079679272677 0.37429729547151547 0.9525692593749999 0.34521666718749994 0.5012786992602324 0.3753027045284844 0.5032174078125001 0.40438333281250005
0 0.9519479679340332 0.402309147033262 0.9500092593749999 0.37322851875000007 0.5042742555034667 0.4029441857792381 0.5062129640624999 0.4320248140625
0 0.4926304153481225 0.5604773315849915 0.49083018593750005 0.5334738890624999 0.05629847371437753 0.5624426684150083 0.058098703124999984 0.5894461109375
0 0.9434811888097825 0.5625306133546796 0.9414732406249999 0.5324113890625 0.5068032549402174 0.5613893866453203 0.5088112031249998 0.5915086109375001
0 0.956874523374192 0.20480987104160836 0.9548665749999999 0.17469064687500002 0.49797436568830766 0.2051501289583917 0.4999823140624998 0.23526935312500002
0 0.49392204297733855 0.7397982829659387 0.49198333437499997 0.7107176546874999 0.07032240233516135 0.738828384221561 0.07226111093749998 0.7679090124999999
0 0.4960648920959401 0.14479629146173062 0.49405694375 0.11467706718749997 0.029757329779059864 0.14563037572576937 0.031765278125000004 0.1757496
0 0.4955247799568642 0.2040407187339092 0.4934475921875 0.17288290156249997 0.02910188723063578 0.20383928126609083 0.031179075 0.23499709843750005
0 0.9529827836127287 0.42968075161030594 0.9510440750000001 0.40060012343750007 0.5034572163872714 0.4304392483896941 0.505395925 0.4595198765625
0 0.9523093373130077 0.48292518053485944 0.9503013890625001 0.45280595625000003 0.5026684408119922 0.4826481522776406 0.5046763890625 0.5127673765624999
0 0.49716170539848115 0.8162582319346005 0.495015278125 0.7840618218749998 0.07321607272651878 0.8121817680653993 0.07536249999999999 0.8443781781249999
0 0.49318226694906153 0.5864790597057106 0.49138203750000004 0.5594756171874999 0.05870217836343854 0.5883209402942895 0.060502407812500006 0.6153243828125001
0 0.9501530420636668 0.5099086366733492 0.9481450937499998 0.4797894124999999 0.5042158469988332 0.5093846961391507 0.5062237953125001 0.5395039203124999
0 0.4898924116909701 0.4566476657824894 0.48795370312499997 0.42756703749999997 0.04777425549652993 0.45691233421751065 0.0497129640625 0.4859929625
0 0.49314130074653323 0.374009147033262 0.4912025921875 0.3449285187500001 0.04546758831596677 0.374644185779238 0.047406296875 0.40372481406249994
0 0.9396307066064693 0.6407234342447322 0.9375535187499999 0.6095656171875001 0.5046892933935305 0.638423232942768 0.5067664812499999 0.6695810500000001
0 0.9291683710252098 0.7932663802674321 0.9270219437499998 0.7610699703124999 0.4996671836622899 0.7895602869200677 0.5018136109374998 0.8217566968750001
0 0.49109263578454765 0.763179553550665 0.48929240624999987 0.7361761109374999 0.07142736421545222 0.7640337808243348 0.07322759374999999 0.7910372234374999
0 0.940895262398422 0.6140790070878466 0.9388873140625 0.5839597828125 0.506069181351578 0.6128143257246537 0.5080771296874999 0.6429335500000002
0 0.49110819202763406 0.7864128862594593 0.48930796249999997 0.7594094437499999 0.07144291890986594 0.7872671137405405 0.07324314843750002 0.81427055625
0 0.9620575976479051 0.2339871720303249 0.9601188890625002 0.20490654375 0.5051246257895949 0.2352394951571751 0.507063334375 0.2643201234375
0 0.9389767451680451 0.5886691304256461 0.9369687968750002 0.5585499062500001 0.5078543657694553 0.587157535199354 0.5098623140625002 0.6172767593749999
0 0.493744893653015 0.2907666616703591 0.4917369453124999 0.26064743749999997 0.038548439159484846 0.2908600055171408 0.0405563875 0.3209792296874999
0 0.49334574603922576 0.17440025797296813 0.49140703750000003 0.1453196296875 0.029005364898274304 0.1761464076520319 0.030944073437500007 0.20522703593750005
0 0.4939420429612369 0.42923754234273204 0.492003334375 0.40015691406249987 0.04812018047626306 0.42974912484476774 0.0500588890625 0.45882975312499996
0 0.9279553756825438 0.7664449501653889 0.9260166671875002 0.7373643218750001 0.5043557352549563 0.7654750498346112 0.5062944437500001 0.794555678125
0 0.49239263732638383 0.6118691831359909 0.49059240781250013 0.584865740625 0.061616251736116255 0.6134641512390092 0.06341648125 0.6404675937500002
0 0.9599072272685805 0.26357408610026745 0.9579685187500001 0.23449345781250006 0.5103816617939196 0.26433258108723257 0.5123203703125 0.293413209375
0 0.9273931538075437 0.7411449501653888 0.9254544453125 0.7120643218749999 0.5037935133799564 0.7401750498346111 0.5057322218750001 0.7692556781250002
0 0.49078722727462554 0.5353044563076184 0.48884851874999996 0.5062238281249999 0.05237277272537448 0.5353222108798816 0.05431148125 0.5644028390625
0 0.4945940065060368 0.6886570666505145 0.4927245375 0.66061503125 0.06740599349396319 0.6889696005369854 0.0692754625 0.7170116359375
0 0.932691335118872 0.7186214412014615 0.9305449078125001 0.68642503125 0.5050419976936281 0.7147918916110385 0.507188425 0.7469883015625001
0 0.49530130073316714 0.26139877672225065 0.49336259218749995 0.23231814843750004 0.03651647582933283 0.26277455609024936 0.03845518437500001 0.291855184375
0 0.9517182263755078 0.45632518053485943 0.949710278125 0.42620595624999985 0.5020773298744923 0.4560481522776406 0.504085278125 0.48616737656250014
0 0.4933287085862369 0.4016375423427322 0.49139 0.3725569140624999 0.047506846101263066 0.4021491248447678 0.04944555468749999 0.43122975312499995
0 0.9576101898022676 0.34715062828401544 0.9556714812499999 0.31806999999999996 0.5043809211352323 0.3481560373409845 0.5063196296875 0.37723666562499997
0 0.49393389446849617 0.6388481595363846 0.4919951859375001 0.6097675312499999 0.06663055084400386 0.6381251732761155 0.06856925937500001 0.6672058015625001
0 0.4959387413852888 0.114601688074633 0.4937923140625 0.08240527812499998 0.025696813302211165 0.11361164473786693 0.027843240624999998 0.14580805468749997