0 0.7994400074941118 0.08345850303551468 0.26236247343749997 0.05934597812500002 0.26068331906838815 0.09674712508948544 0.797760853125 0.1208596500000001
0 0.7987729438809673 0.11726570053135857 0.2597650671875 0.09306651093750004 0.25799262643153276 0.1325454994686416 0.797000503125 0.1567446890625001
0 0.7993147163827159 0.1524513414064635 0.262313903125 0.12834226093750004 0.2607280351797841 0.16366556484353664 0.7977288484375 0.1877746453125001
0 0.7949318127898344 0.18561284487780105 0.26159988125 0.16166848281250001 0.25996737002266573 0.19803071137219908 0.7932993015625002 0.22197507343750011
0 0.7927229490904708 0.21881366021814527 0.2668438609375 0.1952039 0.26525799309702924 0.23052720384435482 0.7911370812500002 0.2541369640625001
0 0.7948782987696346 0.2519688933942227 0.26339998906250006 0.22810774843749998 0.26176747765284836 0.26446997691199126 0.7932457873599829 0.2883311218687139
0 0.7893735729134804 0.2854839484060227 0.2636095625 0.2618793515625001 0.26216362396151965 0.2940858937814775 0.787927634375 0.3176904906250001
0 0.7519361997243064 0.8746290514739193 0.2686136875000001 0.8529299015625 0.2669345330881939 0.8903310500885808 0.7502570453125001 0.9120302000000002
0 0.7518928771262259 0.8495886165981746 0.26698525625000014 0.827818303125 0.26563260412377443 0.8579470068393256 0.7505402250000002 0.8797173203125002
0 0.7526156176701272 0.8207766267322126 0.2620320593750001 0.7987514859375001 0.2605394776423732 0.8319969513927876 0.7511230359375001 0.8540220921875002
0 0.7551632551654153 0.7933082753072646 0.2627260734375001 0.771199915625 0.26123349170958504 0.8044453825052356 0.7536706734375002 0.8265537421875001
0 0.7558697238701448 0.7646579533634771 0.2578716765625001 0.7422999328125 0.2563790948129898 0.7755453981258713 0.7543771421206344 0.7979034186768484
0 0.7580351186454551 0.7364520599593233 0.25999871093750004 0.7140923171875 0.258459486042045 0.7483767025406769 0.75649589375 0.7707364453125001
0 0.7582649436828864 0.7075804630899853 0.26022853593750006 0.6852207187500001 0.2586893109346051 0.7195051040943716 0.7567257186799915 0.7418648484343568
0 0.7607953747928389 0.6790120271384136 0.2627589687500001 0.6566522859375 0.2612197439571613 0.6909366712990865 0.75925615 0.7132964125000001
0 0.7637812732913143 0.6500642912059107 0.26203762187500007 0.627538109375 0.2604983970211857 0.6618224947315895 0.7622420484375 0.6843486765625001
0 0.7667075899683125 0.62175514527015 0.26689428281250016 0.599315628125 0.2654483444066877 0.6315221703548501 0.7652616515625 0.6539616875
0 0.7679312310058343 0.5908877771379751 0.26804120312500007 0.568444815625 0.26650197836916595 0.6027291994245251 0.7663920062500001 0.6251721609375002
0 0.7705985674600739 0.5612844730013866 0.2669245781250001 0.5386716281250001 0.26529206691492613 0.5750338566861137 0.76896605625 0.5976467015625003
0 0.7703738726859972 0.5311141039785018 0.2685918625 0.5085861999999999 0.26700599450150275 0.5439095053964982 0.7687880046875 0.5664374093750001
0 0.7742488498547038 0.5021271662059836 0.26694433593750005 0.4793513250000001 0.2654051110827963 0.5136357103565166 0.7727096250000001 0.5364115515625001
0 0.7745275383488377 0.47193775703893126 0.26718466562500004 0.4491601921875 0.2655987974517883 0.48448349913477406 0.7729416701756259 0.5072610639862053
0 0.7775403238201276 0.44117153245567203 0.26830547031250007 0.41830902656250013 0.2666729589923726 0.45467125504432826 0.7759078125000002 0.47753376093750016
0 0.7777072707673971 0.4122596361752063 0.26488025156250006 0.38923585781250003 0.2633876698576031 0.4224813231997938 0.7762146890625001 0.4455051015625001
0 0.7826020138711631 0.38127809432980475 0.26232215000000003 0.3579197140625 0.26078292512132834 0.39220409941705225 0.7810627889924914 0.415562479684357
0 0.7837880732759951 0.34875174269948345 0.2616545875000001 0.3253101421875001 0.26011536259463974 0.35959452753986504 0.7822488483706347 0.3830361280518484
0 0.7854502513963943 0.3160468926991064 0.26331676406249993 0.2926052921875001 0.26177753916174007 0.326889677540242 0.7839110264956345 0.3503312780518484