0 0.8114328364121063 0.1328246965877727 0.25487687031250006 0.12840466562500003 0.25460362765039374 0.16281049559972743 0.81115959375 0.16723052656250012
0 0.818027653163709 0.02601208008819831 0.25403122499999997 0.02153295937500003 0.2537331421363829 0.05906659178670326 0.8177295703000919 0.06354571249990154
0 0.7805889926675185 0.7321547731503557 0.2648284921875001 0.7280587296875001 0.26455524951998177 0.7624645596621444 0.78031575 0.7665606031250001
0 0.7838786819902582 0.5519872483778359 0.26254746093750014 0.547846965625 0.262265938322242 0.5832953969346645 0.7835971593750001 0.5874356796875002
0 0.786660772307797 0.4902709653495414 0.2616285750000001 0.4861012890625 0.26135533237960484 0.5205071190378667 0.7863875296874017 0.5246767953249082
0 0.783394172325105 0.6426912294123986 0.26392499531250013 0.6385657328125002 0.26365175267479685 0.6729715612250098 0.7831209296874017 0.6770970578249083
0 0.7838375473265433 0.6122655668999192 0.26251402968750004 0.60812534375 0.26224078704845677 0.642531173725081 0.7835643046875 0.6466713968750001
0 0.7781587207171416 0.8210207200117905 0.2679612406250001 0.8169688578125001 0.2676879980328586 0.8513746878007098 0.7778854781250001 0.8554265500000001
0 0.7829531051266351 0.5820295512748205 0.2616295875000001 0.5778893281249999 0.2613563448609568 0.6122951581000808 0.7826798624875918 0.6164353812499014
0 0.7828171246900347 0.7613587939341806 0.2651868828125001 0.7572479015625 0.2648970799849586 0.7937389342031291 0.7825273218624933 0.7978498265748096
0 0.8119152988030732 0.16566001533619287 0.2553593328125 0.1612399859375 0.25508609025942675 0.19564581435130718 0.81164205625 0.20006584375000008
0 0.8091146926780365 0.20007079816301832 0.2581217453125001 0.19569494687500005 0.25784850262195713 0.23010077684929153 0.8088414499874934 0.23447662813730985
0 0.7932151773405438 0.4285429343284163 0.26075792187500013 0.42431429062500003 0.2604763992219564 0.45976272035908383 0.7929336546875001 0.4639913640625001
0 0.8002174066999344 0.30059661532498466 0.25849615781250007 0.2962943984375 0.2582229151750658 0.33070022842501545 0.7999441640624999 0.3350024453125001
0 0.7937690722608098 0.3655077075239114 0.25946517812500003 0.3612643984375 0.2591919355516903 0.3956702284135886 0.7934958296875001 0.3999135375
0 0.8128616382599778 0.09818197494072964 0.256297971875 0.09376188437500003 0.25601644924002215 0.1292103141217705 0.8125801156250001 0.1336304046875001
0 0.7838041832639447 0.6724229965998274 0.26248066406250004 0.6682827734375001 0.26220742142355535 0.7026886034001729 0.7835309406250001 0.7068288265625001
0 0.7800452543978991 0.7907650048719929 0.26612369062500013 0.7866835656250001 0.2658338877896013 0.8231745966905073 0.7797554515625003 0.8272560359375001
0 0.7964808941277033 0.3975599637737871 0.2603226625 0.393301928125 0.2600494199347967 0.4277077581012129 0.7962076515625 0.43196579375000005
0 0.7819416226240226 0.7011149030779713 0.26431908281250005 0.6970040734375 0.2640375601884777 0.7324525031720288 0.7816601000000001 0.7365633328125001
0 0.8039632254149787 0.23366214033685853 0.2548246203125 0.22930101718749998 0.25455137771002145 0.2637068471631416 0.8036899828125001 0.2680679703125001
0 0.7853235664511787 0.5212692530667445 0.2621380093750001 0.5171142421875002 0.26185648667382144 0.5525626719332557 0.7850420437500001 0.5567176828125
0 0.7974437613931137 0.33320588408757323 0.2594311890625 0.32893312031250005 0.2591579464070767 0.36333895027492014 0.7971705187376903 0.3676117140499933
0 0.8012376817013142 0.2664719825373254 0.25951643281250003 0.26216976562500005 0.2592431901735875 0.29657559560008295 0.8009644390624017 0.3008778125124083
0 0.8147993827964152 0.06252148008726664 0.25822031093750003 0.05810126718750003 0.25792222814108484 0.0956348996002335 0.8145013000000001 0.10005511250000013
0 0.7904341504012931 0.4605724215867405 0.26169327500000006 0.4563732921875 0.26142003241120704 0.4907791206007596 0.7901609078125 0.4949782500000001
0 0.7781814664276931 0.8494439930467992 0.2679454765625001 0.8453918249999998 0.26763083357230705 0.8850106600782006 0.7778668234375 0.889062828125