0 0.7305370375 0.40831666718750015 0.25646296250000006 0.40831666718750004 0.25646296250000006 0.43748333281250007 0.7305370375 0.4374833328125002
0 0.7286851859375 0.4914166671875001 0.2583148140625001 0.4914166671875 0.2583148140625001 0.5205833328125001 0.7286851859375 0.5205833328125002
0 0.7245703703125002 0.8255541671875 0.2838296296875001 0.8255541671875 0.2838296296875001 0.8578458328125 0.7245703703125002 0.8578458328125
0 0.7347666671875 0.31875416718750005 0.2514333328125 0.3187541671875 0.2514333328125 0.3510458328125 0.7347666671875 0.35104583281250007
0 0.7263740734375002 0.7258166671875002 0.2782259265625001 0.7258166671875 0.2782259265625001 0.7549833328125001 0.7263740734375002 0.7549833328125002
0 0.7240296296875 0.5461375 0.26477037031250006 0.5461375 0.26477037031250006 0.5742625 0.7240296296875 0.5742625
0 0.732440740625 0.378375 0.2509592593750001 0.378375 0.2509592593750001 0.40962500000000013 0.732440740625 0.40962500000000024
0 0.7435296296875 0.09786666718750006 0.23427037031250003 0.09786666718750002 0.23427037031250003 0.13953333281250008 0.7435296296875 0.13953333281250008
0 0.7273481484375002 0.7757958328125001 0.2810518515625001 0.7757958328125001 0.2810518515625001 0.8060041671875 0.7273481484375002 0.8060041671875
0 0.7264074078125 0.5195375000000001 0.2615925921875001 0.5195375 0.2615925921875001 0.5476625000000002 0.7264074078125 0.5476625000000002
0 0.740696296875 0.25681250000000005 0.24810370312500002 0.2568125 0.24810370312500002 0.29118750000000004 0.740696296875 0.2911875000000001
0 0.7268259265625 0.6747166671875001 0.2749740734375001 0.6747166671875 0.2749740734375001 0.7038833328125002 0.7268259265625 0.7038833328125003
0 0.7272740734375002 0.7513166671875001 0.27912592656250007 0.7513166671875 0.27912592656250007 0.7804833328125002 0.7272740734375002 0.7804833328125003
0 0.743477778125 0.16405000000000008 0.23792222187499998 0.16405000000000006 0.23792222187499998 0.20155000000000003 0.743477778125 0.20155000000000006
0 0.725877778125 0.6497375000000001 0.2703222218750001 0.6497375 0.2703222218750001 0.6778625 0.725877778125 0.6778625000000001
0 0.7296370375000001 0.4364166671875001 0.2555629625000001 0.4364166671875 0.2555629625000001 0.46558333281250014 0.7296370375000001 0.4655833328125002
0 0.7254333328125 0.46483750000000007 0.2587666671875001 0.46483749999999996 0.2587666671875001 0.4929625000000001 0.7254333328125 0.49296250000000014
0 0.7264296296875 0.5726375000000001 0.26717037031250007 0.5726375 0.26717037031250007 0.6007625000000001 0.7264296296875 0.6007625000000002
0 0.7351925921875 0.34977500000000006 0.25000740781249997 0.349775 0.2500074078125 0.38102500000000006 0.7351925921875 0.38102500000000006
0 0.724977778125 0.6234166671875 0.2694222218750001 0.6234166671875 0.2694222218750001 0.6525833328124999 0.724977778125 0.6525833328124999
0 0.7374703703125001 0.28955416718750004 0.24672962968749998 0.2895541671875 0.24672962968749998 0.32184583281250007 0.7374703703125001 0.3218458328125001
0 0.7412259265625 0.22683333281250007 0.2393740734375 0.2268333328125 0.2393740734375 0.26016666718750003 0.7412259265625 0.2601666671875001
0 0.741677778125 0.13070833281250008 0.236122221875 0.13070833281250005 0.236122221875 0.17029166718750005 0.741677778125 0.17029166718750008
0 0.7255 0.7007375 0.2755000000000001 0.7007375 0.2755000000000001 0.7288625000000001 0.7255000000000001 0.7288625000000002
0 0.7412259265625 0.19477083281250007 0.2393740734375 0.19477083281250004 0.2393740734375 0.23122916718750006 0.7412259265625 0.2312291671875001
0 0.725503703125 0.5981375000000001 0.2680962968750001 0.5981375 0.2680962968750001 0.6262625 0.725503703125 0.6262625000000002
0 0.7254962968750002 0.8005166671874999 0.28290370312500007 0.8005166671874999 0.28290370312500007 0.8296833328125001 0.7254962968750002 0.8296833328125001