0 0.7471384921875002 0.4670560375 0.22810666085047168 0.4059908970663373 0.22370022968750006 0.4434439843750001 0.7427320610245285 0.5045091248086628
0 0.7868976187500001 0.23455720000000008 0.24193538235614226 0.17044129502914837 0.23695668729734573 0.21275842047248866 0.7819189236912034 0.27687432544334034
0 0.73525444375 0.561442328125 0.22665808607507404 0.5016049414565593 0.22282391859001147 0.5341939919848459 0.7314202762649374 0.5940313786532865
0 0.7363292609375001 0.5304297750000001 0.22597958897660844 0.47038610625335836 0.22197374218750004 0.50443436875 0.7323234141483917 0.5644780374966418
0 0.7753989812500001 0.30262023281250006 0.2399375252577179 0.23962211309976328 0.23513050935366717 0.2804800267438215 0.7705919653459493 0.3434781464565583
0 0.7991950359375 0.1636474734375 0.24733561209810642 0.0987201003138792 0.24229969062499998 0.14152362968750004 0.7941591144643935 0.20645100281112078
0 0.716705865625 0.6792176812500001 0.2227858165349764 0.6211069919405803 0.21918055466616723 0.6517504267438216 0.7131006037561909 0.7098611160532414
0 0.7299382203125001 0.5905774546875 0.22475352302720047 0.53114145778083 0.2207476763811786 0.5651897202911672 0.7259323736664782 0.6246257171978372
0 0.7829291812499999 0.26896610468750004 0.23972026118946244 0.2050564802867124 0.23491324531250002 0.24591439375000004 0.7781221653730375 0.30982401815078775
0 0.6964505000000002 0.8161949812500001 0.2154639980736226 0.7596059499837644 0.21197318904116721 0.7892765767438217 0.6929596909675448 0.8458656080100575
0 0.7942154531249999 0.20047410937500004 0.24580989824942323 0.13595309018794116 0.240831203125 0.178270215625 0.7892367580005767 0.2427912348120589
0 0.7631884375000001 0.36979155312500017 0.23292361496339914 0.3074048280385927 0.2282882781250001 0.3468035312500001 0.7585531006616011 0.40919025633640754
0 0.8087968546875002 0.12623280781250007 0.24826582496233374 0.06028520151128865 0.24288654531249998 0.10600715156250004 0.8034175750376665 0.17195475786371148
0 0.6925798203125 0.8424585125 0.21158276530403652 0.7858682396423895 0.20803472966616723 0.8160252720563212 0.6890317846746308 0.8726155449139317
0 0.6777031375000001 0.9190589578124999 0.2078441050704396 0.8637790946090218 0.20400993750000013 0.8963681453125 0.6738689699295607 0.9516480085159781
0 0.7381694265625001 0.49874389062500024 0.2269378212034042 0.4385964622402637 0.2228175218750001 0.4736175312500001 0.7340491272340961 0.5337649596347366
0 0.7701673562500001 0.33693693593750007 0.2355878349816928 0.27404257721535846 0.23089527187500006 0.31392768281250005 0.7654747931433074 0.37682204153464166
0 0.7235682953125002 0.6500979859375001 0.22272995496809678 0.5911733455697087 0.2189530140625001 0.6232759906250003 0.7197913544069034 0.6822006309927917
0 0.6871536968750002 0.8685272109375001 0.21047134191353356 0.812444570121507 0.20698053281250006 0.8421151968750001 0.6836628877739667 0.8981978376909933
0 0.7004526750000001 0.7890052250000001 0.21686258086985138 0.7321098745997648 0.21325731875000012 0.7627533109375001 0.6968474128801488 0.8196486613377354
0 0.6844112921875002 0.8941601125 0.20945059495828905 0.8382800294888263 0.2059597859375001 0.86795065625 0.6809204831667113 0.9238307392611738
0 0.7553802484375001 0.4362452171875001 0.22863260842121927 0.3742722951894245 0.2243978562500001 0.41026617187500014 0.7511454962662809 0.4722390938730756
0 0.7106340078125001 0.736619653125 0.21844617163406096 0.6787127613416858 0.2148981359375001 0.70886979375 0.7070859721159393 0.7667766855333142
0 0.7056029296875002 0.7627466625000002 0.2177086888696167 0.7053449201175299 0.21410342656250014 0.7359883578125 0.7019976673803836 0.7933901001949704
0 0.7562324265625 0.40367972031250005 0.2311958925078156 0.34190811293338247 0.2269039140625 0.3783883921875001 0.7519404481171843 0.4401599995666176
0 0.7119007578125001 0.70733475 0.2222848571962907 0.6497304515024191 0.21867959529116723 0.6803738861188215 0.7082954959073766 0.7379781846164024
0 0.7271317015625002 0.6212288609375001 0.22543253012363632 0.5622029424635737 0.2216555888811786 0.594305590603667 0.7233547603200424 0.6533315090775935