0 0.7924889982343639 0.8667352993488011 0.7907771609374998 0.8282189609375001 0.280948039265636 0.850878033463699 0.28265987656249997 0.889394371875
0 0.7907610326490719 0.6837463408058428 0.7893267906249999 0.6514758953124999 0.266627115788428 0.674706992006657 0.2680613578125 0.7069774374999999
0 0.7961325165308921 0.2084661965224741 0.7945132109374999 0.17203182031250003 0.23841859596910786 0.19674713629002588 0.2400379015625 0.2331815125
0 0.7886893660802297 0.4410607952564242 0.7871625921875001 0.406708384375 0.25146915266977043 0.43051698286857576 0.25299592656250003 0.46486939375
0 0.7849078847637312 0.565392153072866 0.7833811109374998 0.5310397421874999 0.2587987808612686 0.5543545125521337 0.26032555468749996 0.5887069234374999
0 0.7897545519215022 0.7451133890121285 0.788227778125 0.7107609781249999 0.26920100432849775 0.7338288344253715 0.27072777812500004 0.7681812453125001
0 0.7863118657475338 0.5025263265925517 0.7848313578125 0.4692148968749999 0.25470887487746635 0.49277589528244814 0.25618938281250003 0.526087325
0 0.7920985315015714 0.7749277250918924 0.7906180234375 0.7416162953125 0.27345850443592856 0.7646011639706074 0.27493901249999997 0.7979125937499999
0 0.7889738113262312 0.6248899311978661 0.7874470375 0.5905375203124998 0.2628647074237686 0.6138522906771338 0.26439148125 0.6482047015624999
0 0.7955362196000691 0.14090381058828308 0.7939169140624999 0.10446943437499996 0.2304148928999307 0.12951396753671693 0.2320341984375 0.16594834375000006
0 0.7923521436345405 0.8330721017404994 0.7909179015625 0.80080165625 0.2774774860529595 0.8236212310720008 0.27891172812500004 0.8558916765625002
0 0.7898200142203661 0.7140487954099475 0.78833950625 0.680737365625 0.269328134217134 0.7038045374025526 0.2708086421875 0.7371159671875
0 0.790770848846736 0.27625165925216066 0.7892440749999998 0.24189924843750005 0.2424395214657639 0.26620167356033936 0.24396629531250005 0.300554084375
0 0.7917634410373164 0.30975165932146825 0.7902366671875 0.27539924843749997 0.2434321152126835 0.29970167349103183 0.2449588890625 0.33405408437500006
0 0.7975070654586875 0.03544013156896597 0.7957489621577641 -0.004117191130515341 0.22485424201157658 0.02125590855051873 0.22661234531250002 0.060813231250000044
0 0.7938785315015713 0.8045877250918926 0.7923980234375 0.7712762953124999 0.2752385044359286 0.7942611639706073 0.2767190125 0.8275725937499999
0 0.7904225123354386 0.40759819243790013 0.7889882703125001 0.37532774687499987 0.24962193141456143 0.39929958412459976 0.2510561734375 0.4315700296875001
0 0.7875639951371266 0.6544497158760411 0.7861297531249999 0.6221792703124999 0.26528192986287336 0.6453280622489588 0.26671617187499996 0.6775985078125
0 0.7911530707525125 0.2425904249448263 0.789626296875 0.20823801406250006 0.23726618862248747 0.23278735318017377 0.23879296249999996 0.2671397640625
0 0.7894632545353106 0.3430558877496669 0.7880290125 0.3107854421875 0.24495896733968942 0.3349218888128331 0.24639320937500003 0.367192334375
0 0.7853002920240719 0.5940707861183429 0.7838660499999999 0.5618003406249998 0.26116637516342794 0.585031437319157 0.26260061718749994 0.6173018828124999
0 0.7858501065826454 0.47202754526369084 0.7843233328125001 0.4376751343749999 0.25233359654235465 0.46131912192380914 0.2538603703125 0.4956715328125001
0 0.7854412191581281 0.5343276264397262 0.7839144453125 0.49997521562499997 0.2556284105293718 0.5234545954352737 0.257155184375 0.5578070062499999
0 0.7890530706934711 0.3763595608163361 0.7875262968750001 0.34200715000000004 0.24627729961902894 0.3660626610586639 0.24780407343750005 0.40041507187500003
0 0.7940591821785586 0.1063238918336304 0.7924398765625 0.06988951562500001 0.23264155844644133 0.09476944097886959 0.23426086406249996 0.1312038171875
0 0.7967805719109344 0.07232088208277962 0.7950224687499998 0.032763559374999966 0.2296223905890654 0.05789245072972036 0.23138049375 0.09744977343750001
0 0.797478995719623 0.17371906713427596 0.795952221875 0.13936665625 0.23248100428037702 0.16440982192822404 0.234007778125 0.1987622328125