0 0.775040740625 0.07131250000000006 0.243559259375 0.07131250000000003 0.243559259375 0.10568750000000007 0.775040740625 0.10568750000000009
0 0.7768925921875 0.10621250000000007 0.24170740781250002 0.10621250000000004 0.24170740781250002 0.14058750000000006 0.7768925921875 0.1405875000000001
0 0.7749888890625 0.13901250000000007 0.2472111109375 0.13901250000000004 0.2472111109375 0.17338750000000008 0.7749888890625 0.17338750000000008
0 0.7744888890625 0.17263333281250007 0.24671111093750003 0.17263333281250004 0.24671111093750003 0.20596666718750006 0.7744888890625 0.2059666671875001
0 0.7749888890625 0.20417083281250004 0.2472111109375 0.20417083281249998 0.2472111109375 0.24062916718750005 0.7749888890625 0.2406291671875001
0 0.7721888890625 0.23719166718750007 0.2444111109375 0.2371916671875 0.2444111109375 0.2726083328125001 0.7721888890625 0.2726083328125001
0 0.7717111109375 0.27061250000000003 0.2494888890625 0.27061250000000003 0.2494888890625 0.3049875000000001 0.7717111109375 0.3049875000000001
0 0.7699074078125 0.3031125 0.25509259218749997 0.3031125 0.25509259218749997 0.33748750000000005 0.7699074078125 0.33748750000000005
0 0.7699333328125 0.3354125 0.2532666671875 0.3354125 0.2532666671875 0.36978750000000005 0.7699333328125 0.36978750000000005
0 0.7508888890625002 0.8642916671875 0.27311111093750007 0.8642916671875 0.27311111093750007 0.8997083328125 0.7508888890625002 0.8997083328125
0 0.7495148140625002 0.8385166671875 0.2698851859375001 0.8385166671875 0.2698851859375001 0.8676833328125 0.7495148140625002 0.8676833328125
0 0.7537444437500002 0.8122166671875 0.26485555625000007 0.8122166671875 0.26485555625000007 0.8413833328125 0.7537444437500002 0.8413833328125
0 0.7513444437500001 0.7832958328125 0.26245555625000005 0.7832958328124999 0.26245555625000005 0.8135041671875 0.7513444437500001 0.8135041671875
0 0.7541962968750002 0.754475 0.2616037031250001 0.754475 0.2616037031250001 0.785725 0.7541962968750002 0.7857250000000001
0 0.7564481484375001 0.7247750000000001 0.2601518515625001 0.724775 0.2601518515625001 0.7560250000000001 0.7564481484375002 0.7560250000000002
0 0.7564481484375001 0.696575 0.2601518515625001 0.6965749999999999 0.2601518515625001 0.727825 0.7564481484375002 0.7278250000000002
0 0.7564481484375001 0.6669541671875001 0.2601518515625001 0.6669541671875 0.2601518515625001 0.6992458328125001 0.7564481484375001 0.6992458328125002
0 0.7593 0.6374541671875 0.2593000000000001 0.6374541671875 0.2593000000000001 0.6697458328125001 0.7593 0.6697458328125002
0 0.7592481484375 0.6080541671875002 0.2629518515625001 0.6080541671875 0.2629518515625001 0.6403458328125 0.7592481484375 0.6403458328125001
0 0.7596740734375 0.5799958328125001 0.2615259265625001 0.5799958328125 0.2615259265625001 0.6102041671875 0.7596740734375 0.6102041671875001
0 0.7620259265625 0.5491958328125002 0.2601740734375001 0.5491958328125001 0.2601740734375001 0.5794041671875001 0.7620259265625 0.5794041671875002
0 0.7615259265625001 0.5202958328125 0.2596740734375001 0.5202958328125 0.2596740734375001 0.5505041671875002 0.7615259265625001 0.5505041671875002
0 0.76525555625 0.36715416718750005 0.2541444437500001 0.3671541671875 0.2541444437500001 0.3994458328125 0.76525555625 0.39944583281250007
0 0.764303703125 0.39895416718750004 0.2568962968750001 0.3989541671875 0.2568962968750001 0.4312458328125001 0.764303703125 0.43124583281250023
0 0.763877778125 0.43019583281250007 0.2583222218750001 0.4301958328125 0.2583222218750001 0.46040416718750005 0.763877778125 0.46040416718750016
0 0.764777778125 0.4601958328125001 0.2592222218750001 0.4601958328125 0.2592222218750001 0.49040416718750013 0.764777778125 0.49040416718750024
0 0.7624518515625 0.4909166671875001 0.2587481484375001 0.4909166671875 0.2587481484375001 0.5200833328125001 0.7624518515625 0.5200833328125002