0 0.882565278125 0.3530722656250001 0.467634721875 0.3530722656250001 0.467634721875 0.3799277343750001 0.882565278125 0.3799277343750001
0 0.47464444375000003 0.54629296875 0.08575555625000006 0.54629296875 0.08575555625000006 0.57070703125 0.47464444375000003 0.57070703125
0 0.8583361109375 0.7693839843750001 0.47986388906250016 0.769383984375 0.47986388906250016 0.7972160156250001 0.8583361109375 0.7972160156250002
0 0.863740278125 0.6606046875 0.480059721875 0.6606046875 0.480059721875 0.6859953125 0.863740278125 0.6859953125000001
0 0.48416944375000004 0.25288398437500004 0.06403055625000002 0.25288398437500004 0.06403055625000004 0.28071601562500004 0.48416944375000004 0.2807160156250001
0 0.8862354171875 0.3013839843750001 0.4669645828125 0.3013839843750001 0.4669645828125 0.3292160156250001 0.8862354171875 0.3292160156250001
0 0.8602701390625 0.748637109375 0.48092986093750023 0.7486371093749999 0.48092986093750023 0.772562890625 0.8602701390625 0.7725628906250002
0 0.4872375 0.27793984375 0.06536250000000005 0.27793984374999997 0.06536250000000005 0.30626015625 0.4872375 0.3062601562500001
0 0.4761423609375 0.569537109375 0.08985763906250008 0.569537109375 0.08985763906250008 0.593462890625 0.4761423609375 0.593462890625
0 0.872784721875 0.49914882812500005 0.47521527812500003 0.49914882812499994 0.47521527812500003 0.524051171875 0.872784721875 0.5240511718750002
0 0.47568888906250006 0.354472265625 0.07291111093750005 0.354472265625 0.07291111093750005 0.381327734375 0.47568888906250006 0.38132773437500006
0 0.8951437500000001 0.16866328125000007 0.46545625 0.16866328125000005 0.46545625 0.19893671875000007 0.8951437500000001 0.1989367187500001
0 0.4728673609375 0.14620742187500002 0.05533263906250002 0.146207421875 0.05533263906250002 0.17599257812500002 0.4728673609375 0.17599257812500005
0 0.8795951390625 0.40138398437500006 0.46900486093750005 0.40138398437499995 0.46900486093750005 0.42921601562500006 0.8795951390625 0.4292160156250001
0 0.8782249999999999 0.4262722656250001 0.47197500000000003 0.42627226562500004 0.47197500000000003 0.4531277343750001 0.8782249999999999 0.4531277343750002
0 0.47354444375 0.5232929687500001 0.08465555625000007 0.5232929687500001 0.08465555625000007 0.5477070312500001 0.47354444375 0.5477070312500001
0 0.8595701390625001 0.7271371093750001 0.48022986093750014 0.727137109375 0.48022986093750014 0.7510628906250001 0.8595701390625001 0.7510628906250002
0 0.87258680625 0.5228488281250001 0.47241319375 0.522848828125 0.47241319375 0.5477511718750001 0.87258680625 0.5477511718750001
0 0.47699722187500004 0.22668398437500006 0.06380277812500003 0.226683984375 0.06380277812500003 0.25451601562500004 0.47699722187500004 0.2545160156250001
0 0.8661104171874999 0.6157046875000001 0.47808958281249997 0.6157046875 0.47808958281249997 0.6410953125000001 0.8661104171874999 0.6410953125000002
0 0.4734826390625 0.452748828125 0.07851736093750004 0.452748828125 0.07851736093750006 0.477651171875 0.4734826390625 0.477651171875
0 0.487165278125 0.30391640625000005 0.07223472187500005 0.30391640625 0.07223472187500005 0.33028359375000005 0.487165278125 0.33028359375000005
0 0.8689486109375 0.5455164062500001 0.4748513890625 0.54551640625 0.4748513890625 0.5718835937500001 0.8689486109375 0.5718835937500002
0 0.88957569375 0.24909570312500007 0.46162430624999995 0.24909570312500007 0.46162430624999995 0.27790429687500007 0.88957569375 0.27790429687500007
0 0.47375069375 0.428060546875 0.07704930625000005 0.428060546875 0.07704930625000006 0.453939453125 0.47375069375 0.453939453125
0 0.47528680625 0.40396054687499994 0.07511319375000004 0.40396054687499994 0.07511319375000004 0.42983945312499994 0.47528680625 0.42983945312499994
0 0.47524027812499997 0.5924371093749999 0.09155972187500007 0.5924371093749999 0.09155972187500007 0.6163628906249999 0.47524027812499997 0.6163628906249999
0 0.47896388906250015 0.7685164062500001 0.10743611093750009 0.7685164062500001 0.10743611093750009 0.7948835937500001 0.47896388906250015 0.7948835937500001
0 0.475672221875 0.614648828125 0.09372777812500008 0.614648828125 0.09372777812500008 0.639551171875 0.475672221875 0.639551171875
0 0.47613611093749997 0.66038125 0.09766388906250009 0.66038125 0.09766388906250009 0.68381875 0.47613611093749997 0.68381875
0 0.8756868062500001 0.45076054687500006 0.47551319375 0.45076054687499995 0.47551319375 0.47663945312500006 0.8756868062500001 0.4766394531250001
0 0.8928437499999999 0.19639570312500007 0.46315625000000005 0.19639570312500004 0.46315625000000005 0.2252042968750001 0.8928437499999999 0.2252042968750001
0 0.862440278125 0.7043046875000001 0.47875972187500004 0.7043046875 0.4787597218750001 0.7296953125000001 0.862440278125 0.7296953125000002
0 0.4774319437500001 0.7244046875000001 0.1041680562500001 0.7244046875000001 0.1041680562500001 0.7497953125000001 0.4774319437500002 0.7497953125000001
0 0.867878471875 0.591760546875 0.478121528125 0.591760546875 0.478121528125 0.617639453125 0.867878471875 0.6176394531250001
0 0.8915416671875 0.2229398437500001 0.4644583328125 0.2229398437500001 0.4644583328125 0.2512601562500001 0.8915416671875 0.2512601562500001
0 0.8875395828125001 0.2754398437500001 0.4630604171875 0.2754398437500001 0.4630604171875 0.3037601562500001 0.8875395828125001 0.3037601562500001
0 0.8834673609375001 0.37682812500000007 0.4659326390625 0.37682812500000007 0.4659326390625 0.4041718750000001 0.8834673609375001 0.4041718750000002
0 0.8832333328124999 0.32742812500000007 0.4665666671875 0.32742812500000007 0.4665666671875 0.35477187500000007 0.8832333328124999 0.35477187500000007
0 0.47723333281249997 0.20015156250000005 0.06056666718750002 0.20015156250000002 0.06056666718750002 0.22944843750000005 0.47723333281249997 0.2294484375000001
0 0.4785270828125 0.32937226562500005 0.06967291718750004 0.329372265625 0.06967291718750004 0.35622773437500005 0.4785270828125 0.3562277343750001
0 0.8654423609374999 0.6381046875 0.4791576390625 0.6381046875 0.4791576390625 0.6634953125 0.8654423609374999 0.6634953125000002
0 0.4783340281250001 0.7035812499999999 0.10246597187500009 0.7035812499999999 0.10246597187500009 0.7270187499999999 0.4783340281250002 0.7270187499999999
0 0.8754208328124999 0.4746164062500001 0.4743791671875 0.47461640625 0.4743791671875 0.5009835937500001 0.8754208328124999 0.5009835937500002
0 0.862672221875 0.68299296875 0.480727778125 0.68299296875 0.480727778125 0.70740703125 0.862672221875 0.7074070312500002
0 0.47438680624999996 0.379560546875 0.07421319375000004 0.37956054687499996 0.07421319375000004 0.40543945312499996 0.47438680624999996 0.40543945312499996
0 0.8975798609375 0.14076328125000007 0.46442013906249996 0.14076328125000004 0.46442013906249996 0.17103671875000007 0.8975798609375 0.1710367187500001
0 0.4783319437500002 0.747325390625 0.10506805625000008 0.747325390625 0.10506805625000008 0.770274609375 0.4783319437500002 0.770274609375
0 0.4733125 0.4998046875 0.08268750000000007 0.4998046875 0.08268750000000007 0.5251953125 0.4733125 0.5251953125
0 0.47633819375 0.63759296875 0.0952618062500001 0.63759296875 0.0952618062500001 0.66200703125 0.47633819375 0.66200703125
0 0.476384721875 0.4761046875 0.07881527812500007 0.4761046875 0.07881527812500007 0.5014953125 0.476384721875 0.5014953125
0 0.4770361109375 0.681537109375 0.09856388906250009 0.681537109375 0.09856388906250009 0.705462890625 0.4770361109375 0.705462890625
0 0.866578471875 0.5693046875000001 0.476821528125 0.5693046875000001 0.476821528125 0.5946953125000001 0.866578471875 0.5946953125000002
0 0.47546736093749997 0.17326328125 0.05793263906250003 0.17326328124999998 0.05793263906250003 0.20353671875000004 0.47546736093749997 0.20353671875000007