0 0.92867950625 0.7338166671875002 0.4833708640625002 0.7338166671875 0.4833708640625002 0.7629833328125001 0.92867950625 0.7629833328125002
0 0.918953828125 0.8924333328125 0.47537357968750016 0.8924333328125 0.47537357968750016 0.9257666671875 0.918953828125 0.9257666671875
0 0.952258146875 0.4065375000000001 0.4940174078125 0.40653750000000005 0.4940174078125 0.4346625000000001 0.952258146875 0.43466250000000023
0 0.9313883953125 0.7065166671875001 0.4860797531250001 0.7065166671875 0.4860797531250002 0.7356833328125001 0.9313883953125 0.7356833328125002
0 0.482260246875 0.34821666718750005 0.025840493750000044 0.3482166671875 0.025840493750000044 0.3773833328125 0.482260246875 0.3773833328125001
0 0.4712008640625 0.5955958328125 0.024009506250000076 0.5955958328125 0.02400950625000008 0.6258041671875 0.4712008640625 0.6258041671875
0 0.4704246921875 0.6234166671875 0.02696790000000008 0.6234166671875 0.02696790000000008 0.6525833328124999 0.4704246921875 0.6525833328124999
0 0.472700246875 0.5146166671875 0.025539753125000064 0.5146166671875 0.025539753125000064 0.5437833328125 0.472700246875 0.5437833328125
0 0.9469901234375 0.46195833281250004 0.4906320984375 0.4619583328125 0.4906320984375 0.4890416671875001 0.9469901234375 0.4890416671875002
0 0.46197074062500015 0.8622375 0.02410037031250011 0.8622375 0.024100370312500112 0.8903625 0.46197074062500015 0.8903625
0 0.4926330859375 0.17213333281250004 0.024978765625000024 0.1721333328125 0.024978765625000027 0.20546666718750006 0.4926330859375 0.20546666718750012
0 0.93359358125 0.6802166671875001 0.4864330859375 0.6802166671875 0.4864330859375 0.7093833328125001 0.93359358125 0.7093833328125002
0 0.9557727171874999 0.3207958328125001 0.49932209843750003 0.3207958328125001 0.49932209843750003 0.35100416718750005 0.9557727171874999 0.35100416718750005
0 0.9441801234374999 0.5702958328125001 0.48772950625 0.5702958328125 0.48772950625 0.6005041671875001 0.9441801234374999 0.6005041671875002
0 0.48582987656250004 0.32061666718750004 0.025706420312500044 0.32061666718750004 0.025706420312500044 0.34978333281250007 0.48582987656250004 0.34978333281250007
0 0.9467854328125 0.5161166671875 0.490365678125 0.5161166671874999 0.490365678125 0.5452833328125001 0.9467854328125 0.5452833328125002
0 0.9492972828124999 0.3502166671875001 0.5002849390625 0.3502166671875001 0.5002849390625 0.3793833328125001 0.9492972828124999 0.3793833328125001
0 0.9344113578125001 0.6526166671875001 0.4872508640625 0.6526166671875 0.4872508640625 0.6817833328125001 0.9344113578125001 0.6817833328125003
0 0.47242827187499997 0.6502958328124999 0.028940617187500083 0.6502958328124999 0.02894061718750009 0.6805041671875001 0.47242827187499997 0.6805041671875001
0 0.926035803125 0.7614166671875001 0.4825790125000002 0.7614166671875 0.4825790125000002 0.7905833328125002 0.926035803125 0.7905833328125003
0 0.4669476531250002 0.7575166671875 0.030898271875000095 0.7575166671875 0.030898271875000098 0.7866833328125 0.4669476531250002 0.7866833328125
0 0.9406098765625 0.5979166671875001 0.4878938265625 0.5979166671875 0.4878938265625 0.6270833328125001 0.9406098765625 0.6270833328125002
0 0.4889008640625 0.23309583281250004 0.02319098750000003 0.2330958328125 0.02319098750000003 0.26330416718750005 0.4889008640625 0.2633041671875001
0 0.9187882703125 0.8658958328124999 0.4790043218750002 0.8658958328124999 0.4790043218750002 0.8961041671875 0.9187882703125 0.8961041671875
0 0.476661728125 0.45941666718749996 0.027649382812500057 0.45941666718749996 0.027649382812500057 0.4885833328125 0.476661728125 0.4885833328125
0 0.47818098750000004 0.48751666718750003 0.025464937500000062 0.48751666718750003 0.02546493750000007 0.5166833328125 0.47818098750000004 0.5166833328125
0 0.9223187656249999 0.8396166671874999 0.47886197500000016 0.8396166671874999 0.47886197500000016 0.8687833328125001 0.9223187656249999 0.8687833328125001
0 0.48722358125 0.2609541671875001 0.025155678125000032 0.26095416718750003 0.025155678125000032 0.29324583281250005 0.48722358125 0.2932458328125001
0 0.941811234375 0.5429958328125001 0.4909161734375 0.5429958328125 0.4909161734375 0.5732041671875001 0.941811234375 0.5732041671875001
0 0.9374645671874999 0.6246958328125001 0.48842135937500003 0.6246958328125001 0.48842135937500003 0.6549041671875001 0.9374645671874999 0.6549041671875002
0 0.4661424703125002 0.7838166671875 0.031944937500000097 0.7838166671875 0.031944937500000097 0.8129833328125 0.4661424703125002 0.8129833328125
0 0.4680919765625002 0.8877708328124999 0.02441913593750011 0.8877708328124999 0.02441913593750011 0.9242291671875 0.4680919765625002 0.9242291671875
0 0.9253749390625 0.8140958328125001 0.4818872828125002 0.8140958328125001 0.4818872828125002 0.8443041671874999 0.9253749390625 0.8443041671874999
0 0.46580839375000016 0.8112166671875001 0.026055309375000103 0.8112166671875001 0.026055309375000103 0.8403833328125 0.46580839375000016 0.8403833328125
0 0.48854753124999994 0.29139583281250003 0.024689506250000038 0.29139583281250003 0.02468950625000004 0.3216041671875 0.48854753124999994 0.32160416718750007
0 0.949749753125 0.29119583281250006 0.4932991359375 0.29119583281250006 0.4932991359375 0.3214041671875001 0.949749753125 0.3214041671875001
0 0.4622003703125002 0.8367374999999999 0.026181851562500108 0.8367374999999999 0.026181851562500115 0.8648624999999999 0.4622003703125002 0.8648624999999999
0 0.49121395 0.20315416718750004 0.023590493750000024 0.20315416718749998 0.023590493750000028 0.23544583281250006 0.49121395 0.23544583281250012
0 0.4647039515625 0.6771166671875 0.03050641875000008 0.6771166671875 0.030506418750000087 0.7062833328125 0.4647039515625 0.7062833328125
0 0.953632715625 0.37789583281250005 0.4934783953125 0.37789583281250005 0.4934783953125 0.4081041671875001 0.953632715625 0.4081041671875002
0 0.46986395 0.7047166671875 0.030110865625000087 0.7047166671875 0.030110865625000087 0.7338833328125001 0.46986395000000003 0.7338833328125001
0 0.47056604843749994 0.5418958328125 0.02522654375000007 0.5418958328125 0.02522654375000007 0.5721041671875 0.47056604843749994 0.5721041671875
0 0.47874321093749994 0.40441666718749997 0.026027159375000046 0.40441666718749997 0.026027159375000053 0.4335833328125 0.47874321093749994 0.4335833328125
0 0.481001728125 0.37631666718750006 0.02643382812500004 0.3763166671875 0.02643382812500004 0.40548333281250004 0.481001728125 0.40548333281250004
0 0.9261824687500001 0.7877166671875001 0.4808738281250002 0.7877166671875 0.4808738281250002 0.8168833328125 0.9261824687500001 0.8168833328125
0 0.4663108640625002 0.7317583328125 0.030323210937500088 0.7317583328125 0.030323210937500088 0.7588416671875 0.4663108640625002 0.7588416671875
0 0.9461624687500001 0.4890166671875001 0.49159456874999996 0.4890166671875 0.49159456874999996 0.5181833328125001 0.9461624687500001 0.5181833328125002
0 0.4706618515625 0.5690375000000001 0.025384075000000072 0.5690375000000001 0.02538407500000008 0.5971625 0.4706618515625 0.5971625
0 0.9501298765625 0.4336166671875 0.4937101234375 0.43361666718749997 0.4937101234375 0.46278333281250006 0.9501298765625 0.46278333281250017
0 0.4788254328125 0.4320166671875 0.026109382812500054 0.4320166671875 0.026109382812500054 0.4611833328125 0.4788254328125 0.4611833328125