0 0.7190904875450407 0.5342586020942905 0.7173551015575045 0.5036162920992929 0.24086358588746387 0.5306017478175022 0.24259897187500004 0.5612440578124999
0 0.7168213917030356 0.5620239731097545 0.7151135515575044 0.5318680499117928 0.23953303485446878 0.5588019127395383 0.241240875 0.5889578359375
0 0.7445537837914233 0.24073796749780385 0.7426806685785812 0.20766372666069816 0.23733858947465786 0.23628309666289432 0.23921170468750005 0.2693573375
0 0.6989360242709071 0.7727837466818303 0.6974210046875 0.7460325234374999 0.24036526479159295 0.7719172611306697 0.241880284375 0.798668484375
0 0.7458316243652331 0.2093870955413594 0.7439585093700045 0.17631285772429287 0.23688103031727134 0.20503050905793346 0.23875414531250003 0.238104746875
0 0.7288396557852432 0.39165995748186944 0.727131815536793 0.36150403281749555 0.24027121287654962 0.3890767284606261 0.24197905312499995 0.4192326531249999
0 0.75335802432755 0.1132590450773959 0.7514022716985856 0.07872564688499098 0.23378250674603568 0.10804034712009511 0.235738259375 0.14257374531250003
0 0.7534070403974507 0.07902393813681781 0.7514237421042884 0.04400415478070277 0.23376067670683773 0.07332130570638497 0.23574397500000002 0.10834108906250002
0 0.7263430120754262 0.42058157163534304 0.7246351718749999 0.3904256468749999 0.23950996917457382 0.417900059614657 0.241217809375 0.448055984375
0 0.701572165810178 0.7225895511586321 0.6999194171875 0.6934063984375001 0.23744098731482183 0.719598242591368 0.23909373593749997 0.7487813953125
0 0.7243356584753908 0.477312201936812 0.7226553640625001 0.4476426625 0.24104425714960928 0.47491805900068806 0.2427245515625 0.5045875984375001
0 0.7313093359201285 0.361884599067366 0.72957395 0.33124228906250003 0.23833155314237145 0.359063139995134 0.2400669390625 0.38970545
0 0.707298063560603 0.6437075465577243 0.7055902234374999 0.6135516218750001 0.23781899737689693 0.6400432143797758 0.23952683750000006 0.6701991390625002
0 0.7341143167053935 0.332334224210347 0.7323238390625001 0.30071914218750007 0.23665634579460665 0.3287906039146531 0.23844682343749998 0.3604056859375
0 0.7205825683356474 0.5062491513134291 0.7188747280367929 0.47609322656749564 0.24155881751364552 0.5031253721290666 0.24326665781249995 0.533281296875
0 0.7062047386265274 0.6704511263245119 0.7044968984375 0.6402952015625001 0.23499027699847258 0.6668850768004884 0.2366981171875 0.6970410015625002
0 0.7372204583012226 0.30173508274282934 0.7354575265624999 0.27060638593749997 0.2380979385737772 0.29877367506967056 0.23986087031249995 0.32990237187499993
0 0.7136068156045277 0.5897312505413815 0.7118714296875 0.5590889406249999 0.24058610939547237 0.5857795494586185 0.24232149531250005 0.6164218593750002
0 0.6937713546304717 0.8267249157022529 0.6919533312499999 0.7946234484374999 0.24743677349452836 0.8197980452352469 0.24925479687500002 0.8518995125
0 0.6996975923583373 0.7486778573217933 0.6980448437450045 0.7194947045992929 0.2390372091991672 0.7454899847774996 0.2406899578125 0.7746731375
0 0.740636424047432 0.271162501467167 0.7388734920992929 0.24003380469249547 0.2380431086768608 0.26839766103782847 0.239806040625 0.29952635781250003
0 0.6970625189905448 0.7983606265310684 0.6954924078124999 0.7706366312499999 0.2444239606969551 0.7961822859689314 0.245994071875 0.82390628125
0 0.7507095405764367 0.145198908892595 0.7488088795942972 0.11163828272928833 0.23474651089286064 0.14075151446169332 0.23664717187499998 0.174312140625
0 0.7116331520431406 0.6172683186815124 0.7098702203124999 0.5861396218749999 0.23680620108185924 0.6129309641309875 0.2385691328125 0.6440596609375
0 0.704675485442879 0.6972193948973031 0.7029676453075047 0.6670634717867929 0.2351964176771256 0.6935550659519899 0.23690425781250002 0.7237109890625001
0 0.7253163765946516 0.44956397396325976 0.7235809905317974 0.4189216639792884 0.2418832826871457 0.4462019665785286 0.24361866875 0.4768442765625
0 0.7474902711645007 0.17761493323032324 0.74561715625 0.1445406953125 0.23506888508549922 0.17345490895717677 0.23694199999999999 0.20652914687499999