0 0.8660014703125002 0.5951756359375 0.45986979544481815 0.5656029896390118 0.45774571238682593 0.5947737781167594 0.863877387254508 0.6243464244152477
0 0.4664630406249999 0.4432596984375001 0.058566119319407514 0.41355851377898994 0.05659375625000005 0.44064567656250003 0.4644906775555924 0.4703468612210102
0 0.8602772609375 0.6435228671875001 0.4559868019464998 0.6140842879763017 0.4538627187500001 0.6432550765625 0.8581531777410003 0.6726936557736984
0 0.45416237187500014 0.5424476062500001 0.05554751776021245 0.5134222990552737 0.05372687500000006 0.5384258328125002 0.45234172911478776 0.5674511400072266
0 0.4968129125 0.15332527499999998 0.06854863089184383 0.12214103290051093 0.06634868750000002 0.1523536375 0.49461296910815616 0.18353787959948908
0 0.9092707421874999 0.3446527515625001 0.4828856642626314 0.31360534432897047 0.48076158125 0.3427761312500001 0.9071466591748685 0.3738235384835297
0 0.9154560578125001 0.3170302984375001 0.48535055574536284 0.2857119875785626 0.48315061249999997 0.3159245906250001 0.9132561145671371 0.3472429014839376
0 0.9207711031250001 0.2902703234375001 0.4851419464120494 0.258549804767574 0.4829420031250001 0.28876240781250007 0.9185711598379507 0.32048292648242616
0 0.4957735765625001 0.17995251718750002 0.0692745352530498 0.14889681166260424 0.06692287187500004 0.18119304062500002 0.4934219131844504 0.2122487461498958
0 0.9002295281250001 0.3974253859375002 0.4776028614121942 0.3666516499400016 0.4756304984292593 0.39373881261317406 0.8982571651420652 0.4245125486106726
0 0.8817781484375 0.49763170000000007 0.4701987927242219 0.4676623778403048 0.4682264296875001 0.4947495406250001 0.8798057854007784 0.5247188627846954
0 0.44995963437500014 0.58947705625 0.05498922772174235 0.5607171205210931 0.05309272500000006 0.586762465625 0.4480631316532578 0.6155224013539069
0 0.43620356093750007 0.7529660625000001 0.0449155934120997 0.7244742658401003 0.04301909062500009 0.7505196125 0.4343070581504005 0.7790114091598997
0 0.4341151703125002 0.7763623328125 0.04470640963453705 0.7480073741532542 0.04288576695291124 0.7730109094716925 0.4322945276308744 0.8013658681309384
0 0.8920401375000002 0.44655666562500007 0.4693374954467834 0.41577739745158304 0.4672134123785853 0.4449481860424333 0.8899160544318022 0.4757274542158504
0 0.9374112703125 0.1809836734375001 0.4907348057534132 0.14845874081732724 0.4885348624917592 0.17867134386317413 0.935211327050846 0.21119627648334696
0 0.4394304656250001 0.7070511453125 0.04814249663351148 0.6785593470935959 0.04624599375000009 0.70460469375 0.43753396274148865 0.7330964919689041
0 0.4938939265625 0.20943854843750004 0.07119128483808887 0.17865927715514185 0.06906720156250003 0.207830065625 0.4917698432869111 0.23860933690735822
0 0.46420205625 0.46823116875000004 0.05814635671390567 0.4386640530604728 0.056173993750000026 0.4657512140624999 0.46222969328609437 0.49531832975202716
0 0.4728959546875001 0.39325481875000007 0.061316598829594116 0.36328549680786926 0.059344235929259234 0.3903726579256741 0.4709235917871652 0.4203419798678049
0 0.8758679031250001 0.5474735500000001 0.46060611286012254 0.51723609055671 0.4586337499917591 0.5443232516756741 0.8738955402566366 0.574560711118964
0 0.8425962921875001 0.7621053078125001 0.44386747779967506 0.7330717025528652 0.44181925468750005 0.761200678125 0.8405480690753251 0.7902342833846349
0 0.4526210234375 0.5656616765625 0.05400616909618803 0.5366363710313957 0.052185526554259246 0.5616399032381739 0.4508003808955712 0.5906652087692782
0 0.9315783 0.2088119234375001 0.49042548718307266 0.17668919696450583 0.48822554375000005 0.20690180156250007 0.9293783565669275 0.2390245280354943
0 0.8295287000000002 0.8305880828125 0.4344063449179186 0.8018170828950529 0.4322064015625001 0.8320296859375 0.8273287566445816 0.8608006858549471
0 0.8469145531250003 0.7393950718750002 0.44634451683695364 0.710227397750978 0.44429629375000007 0.7383563734375 0.8448663300380467 0.7675240475615223
0 0.9294036265625001 0.23712859062500002 0.4864475845023025 0.20487456296285714 0.4843235015625001 0.2340453500000001 0.9272795436226977 0.266299377662143
0 0.48711087187500013 0.26307942343750007 0.07184908025527162 0.23284196244337624 0.06987671718750006 0.25992912500000004 0.48513850880722853 0.29016658599412387
0 0.8347056906250003 0.8089500109375003 0.4397732739429593 0.7801928412361978 0.4379526312500001 0.8051963734375003 0.8328850479320412 0.8339535431388028
0 0.47940122187500006 0.34214921875000004 0.060456989486630454 0.31164362001958507 0.05848462656250005 0.33873078125000006 0.47742885895086973 0.36923637998041503
0 0.9255758156249998 0.2635946812500001 0.4844609893015906 0.2314747207794102 0.48233690625000003 0.2606455078125001 0.9234517325734094 0.29276546828308997
0 0.4761321921875002 0.367851640625 0.06087040038402371 0.337614180955631 0.05889803740330764 0.3647013435154113 0.47415982920678407 0.39493880318478025
0 0.8508656203125 0.7163774125 0.4484923565448877 0.6870784374293447 0.44651999362034445 0.7141656002181072 0.8488932573879566 0.7434645752887624
0 0.4453003906250001 0.63657380625 0.05029199882944406 0.6078111060693909 0.048319635937500084 0.6348982671875001 0.44332802773305613 0.6636609673681091
0 0.44281409375000014 0.6848761203125 0.04784368867690564 0.6561161861508711 0.04594718593750008 0.6821615328125 0.4409175910105946 0.710921466974129
0 0.838675734375 0.7848445015625001 0.44178813853897625 0.7559449666040418 0.4397399156167593 0.7840739407381742 0.836627511452783 0.8129734756966325
0 0.43347320781250004 0.7995999984374998 0.043988472216891526 0.771239506181049 0.04201610925358525 0.7983266688549333 0.4315008448491938 0.8266871611113842
0 0.8566381015625002 0.6675896296875001 0.4523476440125849 0.638151050581235 0.4502235609375001 0.6673218375000002 0.8545140184874154 0.6967604166062654
0 0.4459204953125001 0.6135356375000001 0.05098807694642562 0.5847784694702642 0.04916743425358523 0.6097820032299333 0.4440998526196597 0.6385391712596691
0 0.4706349734375001 0.41822628906250003 0.06089683189122299 0.38839103409409365 0.058924468750000035 0.415478196875 0.4686626102962771 0.4453134518434064
0 0.49143785624999997 0.23642764531250005 0.06877320249016831 0.20565114315836847 0.06672497956608517 0.2337801172924332 0.4893896333259168 0.2645566194465648
0 0.8610089343750001 0.61946643125 0.4567564635482791 0.5900306197293791 0.45470824062500015 0.6181595937500002 0.858960711451721 0.6475954052706212
0 0.45784109218750013 0.5175793703125 0.05554380365146218 0.4882859257295696 0.05372316093750007 0.5132894593749999 0.45602044947353804 0.5425829039579304
0 0.8975390328125 0.4215402796875001 0.4711919418506881 0.3904956383764759 0.46914371875 0.4186246140625 0.8954908097118119 0.4496692553735242
0 0.9054734375000002 0.3708403750000001 0.48096756664970763 0.3399298041035244 0.47891934363682587 0.36805877967925926 0.9034252144871185 0.39896935057573496
0 0.8736873437500001 0.5719481546875002 0.4584255520327579 0.5417106935722305 0.4564531890625 0.5687978546875001 0.8717149807797423 0.5990353158027697
0 0.43597032968750005 0.729924409375 0.04836479959752815 0.7017007502086217 0.04646829687500009 0.7277460953125001 0.43407382696497204 0.7559697544788785
0 0.48379315781250004 0.2892600765625001 0.064810940256849 0.2587517119263124 0.06276271718750003 0.2868806875 0.4817449347431511 0.3173890521361877
0 0.87943650625 0.5228989296875001 0.4660159316185844 0.49279553899451695 0.4640435687500001 0.5198827000000001 0.8774641433814157 0.5499860906929832
0 0.8553298796875 0.6925718203125001 0.44927417982981116 0.6630047077321755 0.4473018169529112 0.6900918704091925 0.8533575168106001 0.7196589829895171
0 0.4799669875 0.3159483218750001 0.06102275520920952 0.28544272326573333 0.059050392179259226 0.312529886050674 0.4779946244700497 0.34303548465994077
0 0.44494000781250004 0.6609002609375 0.04996960105623078 0.6321403267673582 0.048073098437500066 0.658185671875 0.44304350519376934 0.6869456060451418
0 0.4623053515625001 0.493773778125 0.056325626938469785 0.4642121960324756 0.05450498426182604 0.48921572967925925 0.46048470888585635 0.5187773117717837
0 0.8867423953125 0.4731587031250001 0.4696393832634905 0.4427871748256694 0.4676670203042592 0.4698743376131741 0.8847700323532687 0.5002458659125048