0 0.771364025 0.5409274015625001 0.7703562082692609 0.5115935741674515 0.29722277187499996 0.5278489296875 0.29823058860573914 0.5571827570825485
0 0.771306771875 0.59556251875 0.7702989552293726 0.5662286928613379 0.30064124999999997 0.5823646328125 0.3016490666456273 0.611698458701162
0 0.77257205 0.4851825609375 0.7715138425603241 0.4543820431209261 0.29227618432138075 0.4708471187518423 0.2933343917610566 0.5016476365684162
0 0.7715147421875 0.42757840625000004 0.7704565347533955 0.39677788843331707 0.2868742109375 0.41339223281250004 0.28793241837160455 0.44419275062918306
0 0.7711407859375001 0.5125659312499999 0.7701329693831778 0.48323210379784526 0.2952616639552616 0.4995471640661845 0.29626948050958407 0.5288809915183392
0 0.7727495171875 0.830005153125 0.7716577158077995 0.7982268417682388 0.3315076 0.8133489953125 0.3325994013797005 0.8451273066692613
0 0.7723377281249999 0.6226490593750001 0.7713467085082087 0.5938041302552809 0.3016962311963808 0.6099398203143419 0.302687250813172 0.6387847494340612
0 0.7726932624999999 0.7538006531249999 0.7716854458715015 0.7244668272896579 0.31419280937499994 0.7401848140624999 0.31520062600349835 0.7695186398978417
0 0.7719193640625 0.7012667218749999 0.7709619382769475 0.6733995862975962 0.308277384375 0.6892959499999999 0.30923481016055254 0.7171630855774037
0 0.7716193781249999 0.18247472499999998 0.7704099983188146 0.14727413452279758 0.25808781875 0.16487588749999998 0.2592971985561853 0.20007647797720235
0 0.7720656359375 0.4564858375000001 0.7710242255076565 0.42617421801444755 0.28918699687315785 0.44272860619638077 0.29022840730300137 0.4730402256819334
0 0.7723943921874998 0.33920945 0.7712689970431736 0.30645334499230964 0.274623759375 0.3235164890625 0.27574915451932624 0.3562725940701904
0 0.7734449843750001 0.1494876187500001 0.7722524013906409 0.11477592504579012 0.25385491400888077 0.1325864078143421 0.25504749699324003 0.1672981015185521
0 0.7743082453125001 0.246750940625 0.7731324592609773 0.21252814369161102 0.2651694031213156 0.2299801327052616 0.2663451891728384 0.2642029296386506
0 0.7697264296874999 0.6491590250000001 0.7687522069570122 0.6208029927056675 0.30432255937499997 0.6367593125 0.3052967821054876 0.6651153447943325
0 0.7734978468749999 0.2779105156250001 0.7723388576821473 0.24417661551753808 0.2678587640625 0.2615089421875 0.2690177532553525 0.29524284229496195
0 0.7718684953124999 0.7267865203125 0.770927866488021 0.6994082831207269 0.31085734374999996 0.7152148374999999 0.3117979725744787 0.742593074691773
0 0.7726016359375001 0.21473139375000008 0.7714258498678381 0.18050859687062104 0.26172492656249996 0.19802029374999983 0.26290071263216186 0.23224309062937887
0 0.7723628968749999 0.5687492546875001 0.771321486446771 0.5384376352019158 0.29991145625 0.5546337781249998 0.30095286667822896 0.5849453976105841
0 0.7705072453125001 0.3988871515625002 0.7694322409732761 0.3675977370281093 0.283235889010723 0.3843018906804613 0.2843108933499469 0.41559130521485227
0 0.7711884109375 0.3691354359375 0.7700966094964603 0.33735712302023185 0.2778104984375 0.354270503125 0.27890229987853976 0.38604881604226815
0 0.7706645187500001 0.30810465000000004 0.7695727175203391 0.2763263370249417 0.2729419373909194 0.29338898276256514 0.2740337386205803 0.3251672957376235
0 0.773922334375 0.7774955765625001 0.7729985025862669 0.75060623619319 0.31901774057322296 0.7662035641179613 0.3199415723619561 0.7930929044872713
0 0.772516371875 0.11628266093750003 0.7713069919809603 0.08108207046201624 0.250295478125 0.09898236249999995 0.25150485801903977 0.13418295297548377
0 0.7683961453125 0.08142720468750006 0.7671531715544412 0.04524882067034204 0.24612720156250006 0.06314960937499994 0.24737017532055883 0.09932799339215796
0 0.771622665625 0.801577225 0.7706820368528452 0.7741989878072035 0.3262523156213156 0.7894681733302618 0.32719294439347035 0.8168464105230582
0 0.7701856265625 0.6755075031250002 0.769211403888945 0.6471514708295538 0.30565068900888076 0.6630779359393422 0.3066249116824356 0.6914339682347885