0 0.7777112359375 0.08056994843750005 0.2070246614758414 0.06788802483850605 0.20607543125 0.11060338593750008 0.7767620057116587 0.12328530953649408
0 0.7757535796875 0.11787185312500006 0.20877842520478856 0.10527240406640823 0.20785234687500004 0.1469459250000001 0.7748275013577115 0.15954537405859193
0 0.772734690625 0.1555921296875001 0.20578267234723727 0.142993196330131 0.20492605000000003 0.18154120312500005 0.7718780682777628 0.19414013648236916
0 0.7698786421875001 0.1911937953125001 0.20294204660749485 0.17859520468173745 0.202131728125 0.21505953750000004 0.7690683237050052 0.22765812813076275
0 0.7696981484375 0.22605439375000008 0.19907327245988019 0.21337383966520185 0.19830925781250003 0.2477544953125 0.7689341337901199 0.2604350493972982
0 0.7618659265625001 0.2587394656250001 0.20973643297277925 0.2464699208366506 0.2089029625 0.283976090625 0.7610324560897207 0.29624563541334953
0 0.7560945671875 0.29541876562499997 0.21695888768374977 0.2834379719829002 0.21621802500000004 0.31677679062500014 0.7553537045037503 0.3287575842670999
0 0.7491116046874999 0.32858551406250003 0.20256851729146103 0.31644011264143446 0.20182765468750005 0.34977893125000004 0.7483707420835389 0.3619243326710656
0 0.7513598765625 0.3622784468750001 0.21593561223174773 0.35038012929933077 0.21521790156250006 0.3826771078125001 0.7506421658932524 0.3945754253881694
0 0.747630246875 0.39521729531250005 0.2159096856589493 0.3834012824241781 0.21519197499999998 0.41569826093750006 0.7469125362160507 0.42751427382582197
0 0.74341246875 0.4277450312499999 0.21539561221023526 0.41601132308372846 0.21467790156250008 0.4483083015625001 0.7426947581022648 0.46004200972877163
0 0.7411160484375001 0.45709250937499996 0.21494333291082973 0.4453997829538509 0.21420247031250006 0.47873860156250014 0.7403751858391705 0.4904313279836492
0 0.7355944453125 0.48796937187499995 0.2168214223203245 0.47644108341313396 0.21605740781250007 0.5108217390625 0.7348304308046755 0.522350027524366
0 0.7341707406250001 0.5182576859375 0.21724957091004646 0.5067705474778894 0.21648555625000004 0.5411512031249999 0.7334067259649537 0.5526383415846104
0 0.7305848140624999 0.5480976859375 0.21366364434754645 0.5366105474778895 0.21289962968750004 0.570991203125 0.7298207994024535 0.5824783415846104
0 0.7057590125000002 0.8847637234375 0.2202807618117079 0.8739753186657426 0.2194009875000001 0.9135651656250001 0.7048792381882923 0.9243535703967576
0 0.7070316046875 0.8586998343750001 0.2215996282066494 0.8479124579188874 0.22085876562500015 0.8812512765625001 0.7062907421058509 0.8920386530186128
0 0.711620740625 0.82889880625 0.21875050633760867 0.8179461348980736 0.2179170359375001 0.8554523046875 0.7107872702248914 0.8664049760394263
0 0.7127721000000001 0.8035493625000001 0.2199172899034833 0.7925970339078545 0.21913012343750005 0.8280195265625002 0.7119849335340168 0.8389718551546457
0 0.715070740625 0.7750024593750001 0.21851993965412553 0.7639679959153017 0.21775592500000007 0.7983486515625 0.7143067259708745 0.8093831150221984
0 0.7177027171874999 0.74796395 0.2119003688384377 0.7367238985439879 0.21115950625000007 0.7700627171875 0.7169618545990624 0.7813027686435121
0 0.7189279015625 0.7208733328125001 0.21868110949993458 0.7097567376070286 0.2179402468750001 0.74309555625 0.7181870389375655 0.7542121514554714
0 0.7216074078125 0.693856728125 0.21582048365511425 0.6826170194287806 0.21512592500000002 0.7138721609374999 0.7209128491573857 0.7251118696337193
0 0.7234404937500001 0.6641362140625 0.213934442389905 0.6528138563581766 0.2131935796875001 0.686152675 0.7226996310475953 0.6974750327043234
0 0.7246974078125 0.6352242703125002 0.21518364432542308 0.6239017412275618 0.2144196296875001 0.658282396875 0.7239333931745771 0.6696049259599384
0 0.7292464203125001 0.6075279 0.21788851567773432 0.5961643922934589 0.21714765312500012 0.6295032109375001 0.7285055577597659 0.6408667186440412
0 0.7267983953125002 0.5795759781250002 0.21359635279709788 0.568171488673447 0.2128786421875001 0.6004684671875001 0.7260806847029024 0.6118729566390533