0 0.9258350209837387 0.3408545534505122 0.9243543109375001 0.30968678125000004 0.47058715714126154 0.3312442277994879 0.47206786718750005 0.36241200000000007
0 0.46140913340236384 0.6913934237698877 0.4599284234339813 0.6602256514884364 0.015436249406617517 0.6813424636560487 0.016916959375000006 0.7125102359375
0 0.9228100843209898 0.3688668279442378 0.9213787311759363 0.3387379796910187 0.4732148374799466 0.36002922830928086 0.47464619062500013 0.39015807656249996
0 0.9161779396608113 0.9119379467243593 0.914598515625 0.8786923218749999 0.4737397915891887 0.8996365173381404 0.475319215625 0.9328821421874999
0 0.45616529689181534 0.47296322998580714 0.45483265780898136 0.4449122343009363 0.003035317167166085 0.46637609962762916 0.004367956249999999 0.49442709531249995
0 0.916160506202273 0.7494963986668995 0.9148278671839811 0.7214454030509362 0.4741605031692081 0.7423805075090366 0.4754931421875 0.770431503125
0 0.9261446912039023 0.4241664790149894 0.9247626953125001 0.3950765593750001 0.4710720869210978 0.4166303678600108 0.4724540828125 0.4457202875000001
0 0.4592767352301538 0.7693817685446802 0.457993453125 0.7423696968749999 0.021074352269846296 0.7631267298928196 0.022357634374999998 0.7901388015624999
0 0.9225336412239515 0.5604862415132954 0.9211516453125 0.5313963218750001 0.47117103221354845 0.5527738772367046 0.472553028125 0.581863796875
0 0.45741650530442285 0.7168318321367768 0.45603450937499995 0.6877419124999998 0.017183868133077096 0.708590708488223 0.0185658640625 0.737680628125
0 0.9157815224937567 0.8044143524491221 0.9143995265625 0.7753244328125 0.47369389156874336 0.796261355363378 0.47507588749999996 0.8253512750000003
0 0.45504105371503645 0.5004270460528267 0.4536590578125 0.47133712656250004 0.005533435347463492 0.4926265555096734 0.006915431249999998 0.5217164750000001
0 0.4598553420454096 0.3340823529516799 0.4584239890625 0.30395350625 -0.001431352982909681 0.3258001876733202 2.7755575615628915e-18 0.355929034375
0 0.4563727372788076 0.3059002524705704 0.45484267031250003 0.27369355624999997 -0.0015300669663076527 0.2953747881544297 2.7755575615628915e-18 0.3275814843750001
0 0.4606850890067305 0.8507463842714866 0.4592537359375 0.8206175359375001 0.020364823493269495 0.8414681501035135 0.021796176562500002 0.8715969984375
0 0.4601472147912924 0.7968716055648247 0.45876521875 0.7677816859375 0.021769574271207605 0.7885423569351754 0.023151570312500005 0.8176322765625003
0 0.4589727709437318 0.8232174008855677 0.45759077500000006 0.7941274812500001 0.024305121243768237 0.8147118975519321 0.025687117187500007 0.8438018171874999
0 0.9147980788566226 0.6699122538533635 0.9134160828054627 0.6408223342268727 0.4764204383238401 0.6615830053735092 0.47780243437500003 0.690672925
0 0.4600817734127 0.7446154279417696 0.45865042031250003 0.7144865812500001 0.01790651252479998 0.7354253236207305 0.019337865625000002 0.7655541703125001
0 0.9249194726312586 0.5327417404969187 0.923636190554455 0.5057296703900824 0.4700221257356964 0.5272798439556637 0.47130540781250013 0.5542919140625
0 0.4537562568450615 0.5844977940819485 0.45227554687148136 0.5533300218009364 0.007783374401419843 0.5744468339689878 0.009264084374999995 0.6056146062499999
0 0.45788934290086986 0.6644709440719522 0.45640863280898125 0.6333031718009363 0.013771457095611464 0.6543318589789842 0.015252167187500002 0.68549963125
0 0.9213958099720738 0.5878299165134541 0.9200138140625 0.5587399968750001 0.4718881947154263 0.580029425674046 0.473270190625 0.6091193453125
0 0.9232433624210522 0.5059524236695377 0.9219107234304629 0.47790142797687263 0.4701133828844107 0.4993652918073351 0.471446021875 0.5274162875000001
0 0.4537962490388236 0.5553653086262339 0.452414253125 0.5262753890625 0.006143629086176455 0.5474766913737661 0.007525625000000003 0.5765666109375001
0 0.9208223029451235 0.31118324209173365 0.91939095 0.2810543953125 0.46195207830487667 0.30278627509576633 0.46338343125000014 0.33291512187500005
0 0.4552950881671422 0.3897570711950336 0.4539130921875 0.3606671515625 -0.0013819959796422588 0.3822971866174664 0 0.41138710625
0 0.9159993053062566 0.7778141211991219 0.9146173093750001 0.7487242015625 0.4739116743812434 0.7696611241133782 0.4752936703125 0.7987510437500001
0 0.9171081584277381 0.8819218195625584 0.9157261624964814 0.8528318999259363 0.47502052594374344 0.8737688225508782 0.476402521875 0.9028587421875003
0 0.9129856273446528 0.8550862887862483 0.9117023453089814 0.8280742186759363 0.47478324452682863 0.8488312517646882 0.4760665265625 0.8758433218750001
0 0.9196167412538369 0.642093825734309 0.9182347452313993 0.6130039061053913 0.4738191149150624 0.6341170834960822 0.4752011109375 0.6632070031249999
0 0.9227479913185285 0.4513175805678043 0.9213659953125 0.4222276609375 0.47324037430647137 0.4435170913071957 0.4746223703124999 0.47260701093749996
0 0.4582587521261742 0.36202676964127606 0.45687675624999996 0.33293685000000006 -0.0013819958761742523 0.354707680358724 -2.7755575615628915e-18 0.38379759999999996
0 0.9161847327532119 0.8317056435724229 0.9147533796874999 0.8015767953124998 0.475864465684288 0.8224274095525768 0.47729581874999993 0.8525562578124999
0 0.4574973412928127 0.4177417618199771 0.45611534528910325 0.3886518416950159 -0.0012852553787094656 0.4103819048750389 0.00009674062500000524 0.43947182500000004
0 0.9229703046976556 0.47787607991200903 0.921637665617963 0.4498250842268726 0.46798532810780735 0.4713770761898636 0.46931796718749996 0.499428071875
0 0.45811030751276255 0.247739797715346 0.45658024062499997 0.2155331015625 -0.0015300668877626141 0.23729688040965408 5.551115123125783e-18 0.26950357656250007
0 0.45522391621318475 0.6376078394693906 0.45374320625 0.6064400671874999 0.009251032224315192 0.6275568792806093 0.010731742187500004 0.6587246515625
0 0.9253960780558627 0.3973330982580159 0.9239647250000003 0.3672042515624999 0.4702358438191374 0.388759879866984 0.471667196875 0.4188887265625
0 0.9207328600779006 0.6151510304182904 0.919350864055463 0.5860611107893728 0.4749352336650624 0.6071742881835824 0.4763172296875 0.6362642078125
0 0.45763970554959715 0.8746195372197325 0.4563564234339815 0.8476074655509362 0.02314731319688429 0.8681882455187037 0.024430595312499997 0.8952003171874999
0 0.4578348740470431 0.21828492641091052 0.45625545 0.1850393015625 -0.0015794240470431125 0.20678999546408944 0 0.24003562031249998
0 0.4548425802869545 0.6089951805013918 0.4534605843714813 0.5799052608634362 0.00904495408452675 0.6010184366120443 0.010426949999999999 0.63010835625
0 0.4563364584012442 0.5279550101897968 0.4549544624964814 0.4988650905509363 0.00682884003273721 0.5201545194236394 0.0082108359375 0.5492444390625
0 0.9137457640255346 0.6970311189784906 0.9124131250000002 0.6689801234375001 0.4754557531619654 0.6897389747715097 0.47678839218749997 0.7177899703125001
0 0.45787850531391144 0.2766189956417997 0.4563977953125001 0.2454512234375 -0.0014807100014114366 0.26720399029570036 0 0.2983717625000001
0 0.4683590840626947 0.9331753155017788 0.46663158906249996 0.8968129140625001 0.023803053437305245 0.9178506907482212 0.0255305484375 0.9542130921875
0 0.45593605379917124 0.4454054399444399 0.45455405781250013 0.4163155203125 0.0008634477633288423 0.43786933036806025 0.002245443749999998 0.4669592500000001
0 0.9149916287419229 0.7232827555742768 0.9136096328125 0.6941928359375 0.4747589915705771 0.7150416319257231 0.4761409875 0.7441315515624999
0 0.46025117562635626 0.9007271586241187 0.4588691796875001 0.8716372390624999 0.021873535311143777 0.8923979085633811 0.023255531249999996 0.9214878281249999