0 0.4783312330370319 0.1604891578196536 0.4754343515625 0.1296665265625 0.017411723212968057 0.1727140281178464 0.020308604687500002 0.203536659375
0 0.47238843911704054 0.1900820333965733 0.46958812002136696 0.16028682190236246 0.019105605904326382 0.20262566506828916 0.02190592500000001 0.23242087656250005
0 0.4717215422768971 0.219398791236818 0.4689212234375 0.18960357968749994 0.022147815535602827 0.2315938165756819 0.024948134375 0.261389028125
0 0.4694553871624846 0.24785008703297465 0.46675163125 0.2190822984375 0.023809231587515377 0.26071247546702536 0.0265129875 0.2894802640625
0 0.4695078259429831 0.27457018495369756 0.46699719531250006 0.24785723749999997 0.028007702182016942 0.2891158994213024 0.030518332812500003 0.315828846875
0 0.46583699260732814 0.3002471627270439 0.46351948734075216 0.27558905768061454 0.032192008795924 0.3161276027660706 0.0345095140625 0.34078570781249995
0 0.46940912340446783 0.33135873810290395 0.46660880454193354 0.30156352813868115 0.03281727488746568 0.3423336587857772 0.035617593749999996 0.37212886875
0 0.46735907623940276 0.35610808701225444 0.4646553203125 0.32734030000000003 0.032840240948097246 0.36792467236274556 0.035543996875000004 0.396692459375
0 0.4682451509504584 0.38354586620209014 0.46573452029881884 0.35683291860443345 0.03416324122336053 0.3973943758398434 0.036673871875 0.4241073234375
0 0.46463011677955707 0.4104945635929987 0.4619263609238188 0.3817267764169334 0.0375294972692617 0.42161394251143475 0.040233253125 0.4503817296875
0 0.46259322770722083 0.4366564573451138 0.4598894718613189 0.4078886701669336 0.03549260665409802 0.44777583625931977 0.038196362500000004 0.47654362343750006
0 0.45977856299922654 0.4612372029078731 0.45736449516693345 0.4355516781386812 0.03704243998020691 0.4750558721058081 0.0394565078125 0.500741396875
0 0.4643603884819608 0.48729528195120453 0.4618497576669335 0.46058233438868124 0.041405801997472645 0.5000979868124766 0.0439164328125 0.526810934375
0 0.9375512370994901 0.23211488702890043 0.9348474812499997 0.20334709999999995 0.4844868660255098 0.24567448328359953 0.48719062187499995 0.2744422703125
0 0.9289070841681071 0.26168386979976693 0.9262033279794334 0.23291608126368107 0.4851154813113264 0.2743719614639142 0.4878192375 0.30313975000000004
0 0.9256788833234901 0.2878955404053435 0.9232648154931145 0.2622100157842477 0.4843972227946244 0.30345722225390415 0.48681129062499995 0.329142746875
0 0.9303770761462568 0.3162727276572836 0.9276733203124998 0.28750494062500004 0.47916725979124297 0.32965802234271646 0.481871015625 0.358425809375
0 0.919837890146759 0.34179920367331906 0.9173272593750001 0.31508625625 0.48204687235324106 0.35599631820168104 0.4845575031250001 0.38270926562500013
0 0.9168290915738311 0.36775393353844843 0.9143184609375 0.3410409859375 0.48460173811366875 0.38142814146155163 0.48711236874999997 0.4081410890625
0 0.9120501384487005 0.3946710599348481 0.9095395076532521 0.3679581123681145 0.48167733482955155 0.4081709696207664 0.4841879656249999 0.43488391718749997
0 0.9102740520451376 0.41867740662966657 0.9079565468749999 0.39401930156250004 0.47662906826736257 0.43455784493283345 0.4789465734375001 0.45921595000000004
0 0.9084673572616149 0.4473467178999481 0.9059567265625 0.42063377031250015 0.47809455523838523 0.460846625850052 0.48060518593750007 0.48755957343749995
0 0.4600577852449833 0.5119785583892748 0.45754715468749996 0.4852656125 0.04452141006751674 0.5240840587982253 0.04703204062500001 0.5507970046875
0 0.4615810036669264 0.536790087125183 0.4591669359238188 0.5111045639169334 0.042553986944392413 0.5502601564792504 0.044968054687499995 0.5759456796875
0 0.4621564925295812 0.5605754195693682 0.45993554999999997 0.5369447359374999 0.043566399657918795 0.5760774148056317 0.04578734218749999 0.5997080984375
0 0.46307913325003386 0.5850868392857367 0.46076162812499993 0.5604287359375 0.04427057768746616 0.5995728716517632 0.0465880828125 0.624230975
0 0.4607544801333553 0.6114955168333409 0.4583404124863188 0.5858099936044333 0.04914567610296343 0.6242683798960923 0.051559743749999984 0.6499539031249999
0 0.4600046879091592 0.6351276252293381 0.4576871826669334 0.6104695203261811 0.052323454132774214 0.6485678482218431 0.054640959375 0.673225953125
0 0.46296707951165883 0.6573950734769917 0.46084269986811455 0.6347918126592479 0.05201366410645575 0.6732158298072561 0.05413804375000001 0.6958190906249999
0 0.46159545065376023 0.6826403720869816 0.4592779453125 0.6579822656250001 0.05020511028373975 0.6964291951005185 0.052522615625000005 0.7210873015624999
0 0.904856178584098 0.47072950475759134 0.9025386734101376 0.44607140127136685 0.47492030107603966 0.48626134495127554 0.47723780624999995 0.5109194484375
0 0.9012460086871998 0.497478739786769 0.8987353779794336 0.4707657922011812 0.47829142085473375 0.5102814430394121 0.4808020515625001 0.536994390625
0 0.9055611520822187 0.5225253857159667 0.903147084375 0.4968398625 0.4791159182302813 0.5366926595965332 0.4815299859374999 0.5623781828125
0 0.8981696190734185 0.5522005258242755 0.8951761749999998 0.5203504750000001 0.47783182623908116 0.5595748069882246 0.48082527031249994 0.5914248578125
0 0.8963215136858194 0.5759939027972848 0.8936177578124997 0.5472261156249999 0.4840573238141803 0.5857188722027151 0.4867610796874999 0.614486659375
0 0.8954873009986022 0.5993147038226263 0.8929766701669333 0.5726017562636813 0.47809637229333113 0.6115945055660551 0.480607003125 0.6383074531250001
0 0.8859548703752216 0.6259447520315455 0.8831545515625001 0.5961495406250001 0.4790358764997785 0.6341308495309547 0.4818361953125 0.6639260609375002
0 0.8810869356394475 0.6504614213818691 0.878383179673819 0.6216936342294334 0.4780955112218715 0.6593148862850644 0.48079926718750005 0.6880826734375001
0 0.8807805695712743 0.6735336068372486 0.878269939048819 0.6468206607919335 0.4782260710400448 0.6844189977046848 0.4807367015625001 0.7111319437500001
0 0.8785402394481109 0.6960910283594017 0.8762227343613189 0.6714329248544335 0.47271355897570794 0.7093569511825317 0.4750310640624999 0.7340150546875
0 0.8756604128944714 0.7199440596074965 0.873342907798819 0.6952859561044336 0.4698337339668475 0.7332099824344371 0.47215123906249995 0.7578680859375001
0 0.8771548883705427 0.745417502287663 0.8746442576532525 0.7187045545556148 0.4727458395952097 0.7564771928929519 0.47525647031249996 0.7831901406250001
0 0.8734701144537074 0.764706829099933 0.871249171875 0.74107614375 0.4734255589837928 0.7784658084000671 0.47564650156250005 0.8020964937500003
0 0.875737780819929 0.790149061048363 0.8731305875 0.76240869375 0.46740115824257095 0.8005413920766367 0.4700083515625 0.8282817593749998
0 0.46392013482995853 0.7070200183938835 0.4615060671601376 0.681334495021367 0.05231133233017906 0.7197928813149832 0.0547254 0.7454784046874998
0 0.4606759292497015 0.7312265366256312 0.45816529843750003 0.7045135890625 0.054412323875298575 0.7424605305618689 0.056922954687500006 0.7691734781250001
0 0.45914621815833334 0.7549526772837174 0.4566355875 0.7282397296875 0.056591719341666714 0.7658380664662826 0.059102350000000005 0.7925510140625001
0 0.4552021317944974 0.7775707238038648 0.45288462656250006 0.7529126187500002 0.05679366508050264 0.7901394402586355 0.059111170312500017 0.8147975453125001
0 0.45510608162760163 0.7998685722596324 0.45278857656249993 0.77521046875 0.060406726184898306 0.8120886871153677 0.06272423124999997 0.8367467906250001
0 0.4558240684738406 0.8272475182521616 0.4531203123544335 0.7984797297011813 0.06025085950559285 0.8354037770740199 0.062954615625 0.8641715656250002