0 0.7942142472691499 0.11456734557094064 0.220507703125 0.06625618750000002 0.21691824023085005 0.10888191692905949 0.7906247843750001 0.15719307500000007
0 0.7898906520412174 0.15219767682868895 0.21803376406250002 0.10404227500000005 0.2144443010837825 0.1466680044213112 0.7863011890625 0.1948234062500001
0 0.7832869828818511 0.1895396780760007 0.21701730468750005 0.14185476875000003 0.21386558118064922 0.17928223754899947 0.7801352593750002 0.22696714687500014
0 0.7801725084363937 0.22407630736209622 0.2176097890625001 0.17670355781250008 0.21454561342760456 0.21309137558105373 0.7771083328014983 0.26046412513064987
0 0.7764533673938911 0.259889647189515 0.21020663593750002 0.21220666875 0.20731755590195702 0.246515182617633 0.7735642873583483 0.2941981610571481
0 0.7691837525807591 0.2943360414555798 0.21772660625 0.24789847656250003 0.21474997852758934 0.28324663991406834 0.7662071248583484 0.3296842048071481
0 0.7677872842166542 0.3298633371514889 0.22005239843750002 0.28373922031250004 0.21733841420984396 0.31596843016666104 0.7650732999889982 0.3620925470056499
0 0.7571801127311558 0.3601253717081992 0.21495594218749997 0.3144653062500001 0.21180421851884418 0.3518927767293009 0.7540283890625 0.3975528421875001
0 0.755833367435916 0.3950537706298968 0.20993283593750006 0.3490841234375 0.20704375600158417 0.38339263718260325 0.7529442875000001 0.42936228437500007
0 0.7490195821214318 0.42927888585976604 0.21422462968750003 0.38424442656249996 0.21142309756606817 0.4175132891402339 0.74621805 0.4625477484375001
0 0.742509722263022 0.4591655970725613 0.207707121875 0.41413049375 0.204818041799478 0.44843900917743884 0.7396206421875 0.4934741125000001
0 0.7379274745998192 0.48911411932949445 0.20866618906250003 0.4445456421875 0.20568956133768085 0.47989380567050566 0.734950846875 0.5244622828125001
0 0.7332786439089236 0.519098912810166 0.20587465781250006 0.4746868375 0.20298557796607644 0.5089953496898341 0.7303895640625 0.553407425
0 0.7299590618143702 0.5507410463151481 0.20253977812500007 0.5063276828124998 0.19947560224812982 0.5427155021223518 0.7268948859375001 0.587128865625
0 0.7281775148876475 0.5801422369363779 0.20260788750000006 0.5358846296875001 0.19954371167485274 0.5722724474386223 0.7251133390625002 0.6165300546875001
0 0.721290650866355 0.6092140260016847 0.20496929531250002 0.56573520625 0.20190511944614503 0.6021230255608153 0.718226475 0.6456018453125001
0 0.7147601757897244 0.639220459071448 0.2058374375000001 0.5963646671875 0.20277326169927384 0.6327524848092019 0.7116959999889981 0.6756082766931499
0 0.7120842127892074 0.668286669072103 0.20502642968750012 0.625587921875 0.20213734958014293 0.6598964356043955 0.7091951326818503 0.7025951828014985
0 0.7091008157156835 0.6953125138837974 0.2038697375000001 0.6527675937500002 0.20071801397181668 0.6901950626787028 0.7059490921875001 0.7327399828125001
0 0.702580455798875 0.7243565349498268 0.20106398593750008 0.6821244171874999 0.19808735814397724 0.7174725820960215 0.699603828005352 0.7597046998583483
0 0.7042584632137259 0.7517162776828269 0.19903503437500009 0.7091720015625002 0.19597085865027242 0.745559819322823 0.7011942874889983 0.7881040954431497
0 0.6970358813833116 0.7790929378078193 0.1973767156250001 0.737017221875 0.19448763580418854 0.7713257340671809 0.6941468015625001 0.8134014500000001
0 0.6947800095028438 0.808755726869818 0.20066980781250007 0.7671472828124999 0.19778072799715626 0.8014557950051818 0.6918909296875 0.8430642390624999
0 0.6928103276281495 0.834501617889795 0.19869247656250003 0.7928925296875 0.19571584893435046 0.828240693047705 0.6898337 0.8698497812500001
0 0.6856890834690347 0.8598513928199706 0.19708960000000014 0.8187070000000001 0.1937627805934655 0.8582137743675297 0.6823622640625 0.8993581671875003
0 0.6848598923878124 0.8887715749629995 0.19627570781250014 0.84762846875 0.1931239840440379 0.8850559390884986 0.6817081686193502 0.9261990453014981
0 0.6810606290036076 0.9144010921717098 0.19614515625000012 0.8735669250000001 0.19264324128688895 0.9151530002770899 0.6775587140404964 0.9559871674487997