0 0.7464226152589136 0.5679349901935766 0.7457338578118716 0.5335988499686701 0.200430025365458 0.5445372394625936 0.2011187828125 0.5788733796875001
0 0.7247970388689755 0.9354636392031915 0.7240456671875 0.8980060312499999 0.20826059394352442 0.9083522951718084 0.20901196562500002 0.945809903125
0 0.7521860440519701 0.4048798441981295 0.7514555437493715 0.3684627249686701 0.19305864500990136 0.3796637510830406 0.19378914531249997 0.4160808703125
0 0.7445515531601888 0.5983295561955443 0.7438836671875 0.5650339046874999 0.2023438218398112 0.5758967906794557 0.2030117078125 0.6091924421875
0 0.7662138865103456 0.23078767910679532 0.7654207718743716 0.1912490921561702 0.19016682286402595 0.2027882583618749 0.1909599375 0.24232684531249998
0 0.7733631082755227 0.12232324633357276 0.7725699937499999 0.082784659375 0.1898959182869773 0.09447266616642733 0.1906890328125 0.13401125312500006
0 0.7502603908428016 0.5352609389949045 0.7495925046561701 0.5019652859381286 0.20063252787586858 0.5129770172557242 0.20130041406250002 0.5462726703125
0 0.7659650634293278 0.19509786070235918 0.7651928203125 0.15659976562499997 0.19184782250817226 0.1681006392976408 0.19262006562500003 0.20659873437499998
0 0.7807113725782262 0.08606467339894443 0.7798556437493716 0.04340462028117006 0.18774464617114545 0.05528192500722565 0.18860037500000001 0.09794197812500002
0 0.7533984999063371 0.37000176728963086 0.7526471281243715 0.33254415934367 0.19048624540553444 0.3438206889290391 0.19123761718750001 0.381278296875
0 0.7411175218924632 0.6614524686654445 0.7404496359375 0.6281568171874999 0.20818495154503686 0.6388336500845554 0.2088528375 0.6721293015625001
0 0.7650369181481577 0.2653652607017307 0.764264675 0.22686716406250002 0.19091967716434227 0.23836803773576926 0.19169192031249999 0.27686613437499996
0 0.7339664831736101 0.8132645002949331 0.73331946875 0.7810093390624999 0.20667379963888982 0.7915734575175668 0.20732081406249997 0.8238286187500001
0 0.7440353074532983 0.6304373433494564 0.7433465499686699 0.5961012015631286 0.20546284876537166 0.6068907488386721 0.20615160624999995 0.6412268906249999
0 0.7635010609549797 0.3029103850520396 0.762687075 0.2623313109375 0.1929443046700203 0.2737599258854605 0.193758290625 0.31433900000000004
0 0.7443004245608095 0.503124843355212 0.7436116671875 0.468788703125 0.19645280512669053 0.4797643019572881 0.19714156249999998 0.5141004421875002
0 0.7381544253699339 0.7247449706084244 0.7375074109375 0.6924898078124999 0.20529664806756606 0.7031655575165757 0.2059436625 0.7354207203125
0 0.7445402722614216 0.471384836410928 0.7438097718436699 0.4349677156256286 0.19468803551974828 0.4459826901522006 0.1954185359375 0.4823998109375
0 0.73773395002273 0.7546524405730667 0.7370660640625001 0.7213567874999999 0.20665641091477008 0.7319964094269331 0.20732429687499992 0.7652920624999999
0 0.7330831323382008 0.8445011261718642 0.7323943749999999 0.8101649843749998 0.205640866099299 0.8207312660156358 0.2063296234375 0.8550674078125002
0 0.7392381214463908 0.6939873074169505 0.7385493640624998 0.6596511671874999 0.20623076136610904 0.6703290816455495 0.20691951875 0.704665221875
0 0.7358368683951977 0.7845895277241397 0.7351481109061699 0.7502533859381284 0.20468453782347235 0.7608940910264886 0.20537329531249998 0.7952302328124999
0 0.730669412999658 0.8721877237208379 0.7300223984067984 0.8399325625319584 0.20523176196964035 0.8504594731861204 0.20587877656249995 0.8827146343749999
0 0.7703341942678932 0.15935704789212454 0.7695410796874999 0.1198184609375 0.19057706823210674 0.13143204742037543 0.19137018281249998 0.17097063437499999
0 0.7497912393129593 0.43770398638933594 0.7490607390624999 0.40128686718749995 0.19437390287454062 0.412413471423164 0.195104403125 0.44883059062499997
0 0.7599770795614814 0.3354948688544591 0.7592257078125001 0.2980372609375 0.19149972668851856 0.3094254217705409 0.1922510984375 0.3468830296875
0 0.7297848832037444 0.9015840486988896 0.72913786875 0.8693288875 0.2080572980462556 0.8797813747386103 0.20870431250000002 0.9120365359374999