0 0.7786417013704868 0.4912121384722562 0.2538336093750001 0.4196009625 0.24879501269201318 0.4565267115277439 0.7736031046875 0.5281378875
0 0.7991493772440357 0.25907148376288763 0.247950225 0.18385918906250004 0.24225726470559433 0.22558049141786102 0.79345641694963 0.30079278611824856
0 0.7743314741965224 0.5855048075171825 0.26031135625000007 0.5153656718749999 0.2559271226213564 0.547495869463936 0.7699472405678788 0.6176350051061187
0 0.77291493320157 0.5544662848926221 0.257045365625 0.4840747890625 0.25246482304843004 0.5176436526073781 0.768334390625 0.5880351484375002
0 0.7932833118625461 0.3270320235472151 0.251735153125 0.25313662812500004 0.24623850219995397 0.29341926239028504 0.7877866609375002 0.3673146578125001
0 0.8054956977967309 0.18826354800156916 0.2473232484375 0.11209973281250005 0.241564852203269 0.154300587935931 0.7997373015625 0.23046440312500013
0 0.7655714820579718 0.7031353951416904 0.2664419781250001 0.6350281156250002 0.26231948981702863 0.6652400923583098 0.7614489937500003 0.7333473718750001
0 0.7715928113432083 0.6146109302087714 0.2609242687500001 0.5449291250000001 0.25634372615679196 0.5784979885412287 0.7670122687500002 0.64817979375
0 0.797965865232434 0.2934567577256576 0.24861616406249998 0.21849682812500001 0.24311951289256614 0.2587794657118425 0.7924692140625 0.3337393953125001
0 0.7567991547389614 0.8399840009961128 0.2707494062500001 0.77366148125 0.26675779054497795 0.8029143476506967 0.7528075390339393 0.8692368673968094
0 0.8035841615486262 0.2250622444693708 0.24891765625 0.14937682343750003 0.24322469605456445 0.1910981258145686 0.7978912013531907 0.26678354684643935
0 0.7866325310868578 0.39408515377424347 0.25040117656250005 0.3209152484375001 0.24510083453814216 0.35975921810075673 0.7813321890625 0.4329291234375002
0 0.8121596563183117 0.15099215921047213 0.245087275 0.07361392968750002 0.23893626065987905 0.11869211732346722 0.8060086419781907 0.19607034684643934
0 0.755183542530766 0.8662303980586138 0.2690952031250001 0.7999026125 0.26503815100992495 0.8296350347253252 0.7511264904156908 0.8959628202839391
0 0.7469748165399849 0.9427218262840424 0.2719624109375001 0.8779053765624999 0.2675781772100155 0.9100355752784577 0.7425905828125001 0.9748520250000002
0 0.7721663978390292 0.5227627419468746 0.25535280625 0.4522424312500002 0.25064139119491047 0.486770403574935 0.7674549827839396 0.5572907142718093
0 0.7908711221206688 0.3613055240669865 0.25026698750000004 0.2875389453125 0.24490120912933117 0.32686247124551365 0.7855053437499999 0.4006290500000002
0 0.7700847160610321 0.6741065026353412 0.2639047312500001 0.6050371703124999 0.2595859339104072 0.6366878131989681 0.7657659187214393 0.7057571455218093
0 0.7519234563094261 0.8922406791228596 0.2702078984375001 0.82650956875 0.26621628272451314 0.8557624351489495 0.7479318405964392 0.921493545521809
0 0.7585838837222327 0.8128278703622357 0.26985643750000005 0.7461399750000001 0.2657339490902674 0.7763519530752646 0.7544613953125001 0.8430398484375002
0 0.7513413047499874 0.9178719195329578 0.2713594234375002 0.8523773734375002 0.2673678077500129 0.8816302398420426 0.7473496890625002 0.9471247859375002
0 0.7841567144320275 0.46048402184341697 0.25166285468750005 0.3878241062500001 0.24682056681797254 0.4233111906565833 0.7793144265625 0.4959711062500002
0 0.7642984768696419 0.7605297386756907 0.26694124218750004 0.6926642890625 0.26288419031785804 0.7223967097618094 0.7602414249999999 0.790262159375
0 0.7615143680028862 0.7866166904558165 0.2684527328125001 0.7193373843749999 0.26433024428780494 0.7495493626406228 0.757391879478191 0.8168286687214394
0 0.7823106037534898 0.4278745392285629 0.25151182812500006 0.3554459187500001 0.24660410366895244 0.3914125589425067 0.7774028792974421 0.4638411794210694
0 0.7631411960995991 0.7312155766026859 0.26834588125000003 0.6636997062499999 0.26422339296290104 0.6939116827723142 0.7590187078125 0.7614275531250001
0 0.7712137504327587 0.6452485131409762 0.2641669281250001 0.5760609000000001 0.2598481308172416 0.607711543109024 0.7668949531250002 0.6768991562500002