0 0.8140574639738348 0.8223076069120596 0.80858126875 0.7843378015625 0.29941869540116517 0.8577717743379404 0.30489489062499997 0.8957415796875001
0 0.8007042603999457 0.6403746471910793 0.796116096875 0.6085621078125 0.27435573491255416 0.6838129965589206 0.2789438984375 0.7156255359375
0 0.7765921878149148 0.1667528489021952 0.7714120031249999 0.13083546562499995 0.2162421746850851 0.21090483547280475 0.221422359375 0.24682221875
0 0.783582111602789 0.3990147205902903 0.7786979374681609 0.3651497591542404 0.2439217836778719 0.4422778510639501 0.2488059578125 0.4761428125
0 0.787554920957786 0.5231429284067227 0.7826707468431608 0.48927796696674053 0.2589614133853747 0.564809946372518 0.2638455875 0.5986749078125002
0 0.8035978912671482 0.7015452846573395 0.7987137171556611 0.6676803232167405 0.2805377946385129 0.742414246371901 0.28542196875000003 0.7762792078124999
0 0.7850017955322692 0.4604356519538551 0.7802656265625 0.4275969 0.25107513571773077 0.5039193980461449 0.2558113046875 0.53675815
0 0.807760467246419 0.730993062911417 0.8030242982485796 0.6981543111900986 0.28674509662716063 0.7726146795286817 0.29148126562500004 0.8054534312499999
0 0.7953244568952862 0.5819593893442226 0.7904402827806609 0.5480944279042406 0.2667309493228747 0.6236264073100181 0.27161512343749994 0.6574913687500001
0 0.7717853862046317 0.09956441632610735 0.7666052015624999 0.06364703281250002 0.2040574950453682 0.14478047586139267 0.20923767968749996 0.180697859375
0 0.8116010539239602 0.7888467425364458 0.807012890625 0.7570342046875 0.29447488045103987 0.8309549996510542 0.29906304375000003 0.8627675375000001
0 0.8016900783739184 0.6706241923461064 0.7969539093750001 0.6377854406250001 0.2788302356885818 0.7125118279663938 0.28356640468750005 0.7453505796875001
0 0.7753883505944738 0.2347662645812302 0.7705041765625 0.20090130312500004 0.2246612009680263 0.2796255057312699 0.229545375 0.3134904671875
0 0.7784678242029054 0.2680115596331091 0.7735836497474013 0.23414659668607957 0.227740673981996 0.3128708026779705 0.23262484843750003 0.34673576562499997
0 0.728324325 0 0.7227001244417213 -0.03899601710479069 0.19164504475422126 0.037595401645209296 0.19726924531249998 0.07659141875
0 0.8113870394799629 0.7603379675515505 0.8066508703125003 0.7274992140625 0.29037166989503727 0.8019595808859498 0.29510783906250004 0.8347983343750002
0 0.7831535744785258 0.3655463219608996 0.7785654109056609 0.33373378259174036 0.24020481923963496 0.4113788403183408 0.2447929828125 0.44319137968750005
0 0.7956850242088167 0.6115322970023613 0.7910968609374999 0.5797197593749999 0.2711809679786832 0.6547046295601386 0.27576913125 0.6865171671875
0 0.7736719709860308 0.20122380965117018 0.768787796843161 0.1673588482167405 0.21741141023213015 0.24688110887807033 0.22229558437499994 0.2807460703125
0 0.7781724994354364 0.3013999873673519 0.7735843359375 0.26958744843750004 0.23153480056456358 0.34776454388264827 0.23612296406250005 0.37957708281250013
0 0.78966059609825 0.5516596251245242 0.7850724325599014 0.5198470857485795 0.26331207083665137 0.5950979746865555 0.267900234375 0.6269105140625
0 0.7826764912090054 0.4301195005207881 0.7777923171874999 0.3962545390625 0.2467051041034945 0.472850591666712 0.251589278125 0.506715553125
0 0.7861513239869575 0.49217006592556095 0.78126715 0.4583051046874999 0.2538688760130425 0.5343691200119389 0.25875305000000004 0.56823408125
0 0.7799124834668139 0.334578678404948 0.775028309375 0.30071371718750006 0.23471874309568616 0.3786398653450521 0.2396029171875 0.4125048265625
0 0.7681547472058915 0.06529239108655446 0.762974562468161 0.0293750075917405 0.20411579494976953 0.10997641494268606 0.20929597968749997 0.14589379843750003
0 0.768468111172645 0.03121835564672617 0.7628439103913285 -0.007777662255962103 0.19869098671868338 0.07358729459731173 0.20431518749999994 0.1125833125
0 0.7756973883209823 0.13204434713374236 0.7708132140624999 0.098179384375 0.2083700069915176 0.17929775599125758 0.21325418124999995 0.21316271874999995