0 0.7326345272160103 0.17764213676008486 0.728922434375 0.138397928125 0.17751730715898967 0.19055510230241512 0.1812294 0.22979931093749997
0 0.7450274662187204 0.7370522771553263 0.7421945531249999 0.7071027484374999 0.23931777128127946 0.7546696478446735 0.24215068437499995 0.7846191765625
0 0.7417659487521052 0.708251960142024 0.7389330357910143 0.6783024328263562 0.23605625578890907 0.7258693320593321 0.23888916875000002 0.7558188593749999
0 0.735131892856526 0.3126052159036356 0.7316151732910144 0.275426492201356 0.19510697418448847 0.3261745731727204 0.19862369375 0.363353296875
0 0.7351142069937093 0.3777849745845605 0.7317928607910144 0.34267173595135597 0.202778458484805 0.3927109816792954 0.2060998046875 0.4278242203124999
0 0.7365402819735465 0.24609354895352062 0.7328281889021585 0.20684933892987045 0.18512462411611202 0.2586563852888498 0.1888367171875 0.2979005953125
0 0.7410640095163503 0.5910244777404817 0.7380357234236439 0.5590094670410145 0.22766514828229348 0.6072852002380328 0.23069343437499995 0.6393002109375001
0 0.7367441849953538 0.27934267669949187 0.7332274656250002 0.2421639546875 0.19116691656714646 0.29343722955050816 0.1946836359375 0.3306159515625
0 0.7393067470838858 0.6208996996060903 0.7362784608048705 0.5888846876603416 0.22960944809598466 0.6368102927417516 0.232637734375 0.6688253046875
0 0.747722082888661 0.8780235250114119 0.744498423423644 0.8439430295410146 0.261798921784983 0.8896013685921028 0.26502258125000006 0.9236818640625002
0 0.7395224187871474 0.5317939689152493 0.736298759361144 0.49771347329101445 0.22213595151149668 0.5463479121882652 0.22535961093750007 0.5804284078125
0 0.7356235328293869 0.408225204855567 0.7323998734375 0.3741447093750001 0.20898315154561314 0.42365447170693316 0.21220681093749993 0.45773496718750006
0 0.7373052491065261 0.34570973465363564 0.7337885295687265 0.30853101124432714 0.19728033046220048 0.35927909221569154 0.20079704999999998 0.396457815625
0 0.742779184764591 0.7656735492006106 0.739946271875 0.735724021875 0.24262183867290893 0.7827657257993892 0.2454547515625 0.8127152531249997
0 0.7388692901958543 0.5008255118049528 0.7357433171875001 0.46777775625 0.2179242801166458 0.5167580366325473 0.22105025312499998 0.5498057921875
0 0.733156928739791 0.1426821444295569 0.7294448359375001 0.10343793593749999 0.17248736032270914 0.15612030400794308 0.17619945312500002 0.1953645125
0 0.7404715609681932 0.5608713621243553 0.7374432748535145 0.528856351576356 0.22522191388532126 0.5773071503895008 0.22825020000000001 0.6093221609375001
0 0.7361483532963398 0.4388431888222236 0.7331200671874998 0.40682817812499994 0.21164479357866006 0.45615430024027637 0.21467307968749996 0.4881693109375
0 0.7379126203575854 0.47102777814073316 0.7346889609236441 0.43694728266601446 0.21682458744105873 0.4859318514002814 0.22004824687500002 0.520012346875
0 0.7403234989681137 0.6796797005950874 0.7374905857910143 0.649730171888856 0.23461380244790075 0.6972970728562686 0.23744671562500003 0.7272466015625001
0 0.7273035238630325 0.07215594029713797 0.7233960578125002 0.03084624843750001 0.16449713394946766 0.08371225814036207 0.16840460000000002 0.12502195000000002
0 0.745723639159998 0.7943454732009776 0.742695353125 0.7623304640624999 0.24528025615250204 0.8093807455490223 0.24830854218749998 0.8413957546875
0 0.735277234977192 0.21260283520472142 0.7315651421875 0.17335862656250006 0.18201079939780807 0.22534073510777866 0.1857228921875 0.26458494375
0 0.732456981467886 0.1080795106319992 0.7285495156249999 0.06676982031249999 0.16779980759461394 0.1198108940555008 0.17170727343750003 0.16112058437500001
0 0.7421505282618546 0.6503397107020193 0.7391222421875 0.6183247 0.2287516654881455 0.6666004330479806 0.2317799515625 0.6986154437499998
0 0.7469695276403294 0.8207731699556786 0.7442343015625 0.7918563875 0.2506567661096706 0.8385436753568214 0.2533919921875 0.8674604578125
0 0.7454490636148081 0.8464247213711384 0.7427138375 0.8175079375 0.256539434822692 0.8634949645663614 0.2592746609375 0.8924117484374999