0 0.7533028764578658 0.11952111518439357 0.7528279749802078 0.08203596406275077 0.21505898445984206 0.08884898950335719 0.2155338859375 0.12633414062499998
0 0.7517801644436367 0.15547360761541368 0.7512788796679586 0.11590594845754287 0.2115623745993219 0.12274364552962924 0.21206365937499996 0.16231130468750005
0 0.7515868976114245 0.18648541495345297 0.7511383796875001 0.15108277500000003 0.21346186957607566 0.15789462723404707 0.21391038750000005 0.1932972671875
0 0.7463821018360476 0.22096408067741474 0.7459203921872491 0.18452018435520784 0.2119077059762015 0.1912856193027931 0.212369415625 0.22772951562500002
0 0.7434047805038856 0.2532733618436928 0.7429562624999999 0.21787072187500006 0.21640994605861427 0.22454156628130728 0.21685846406249998 0.25994420625000003
0 0.7447503455812503 0.2873691119474952 0.7442886359374999 0.25092521562500003 0.2121309825437498 0.25766714899000476 0.21259269218750004 0.2941110453125
0 0.7385392521780305 0.3170574895985202 0.738130309375 0.28477861093749995 0.21172271188446948 0.2914476963389797 0.2121316546875 0.323726575
0 0.6868958060234893 0.9139754323788539 0.6864209046874999 0.8764902828125003 0.20244785178901076 0.8826217629336464 0.20292275312500002 0.9201069125
0 0.6876243173432022 0.8816279893742047 0.6872417578124999 0.8514316171875 0.2017373529692977 0.8575824996882954 0.2021199125 0.887778871875
0 0.6889580267334227 0.8558796553205592 0.6885358921872492 0.822559521855208 0.19732767170382653 0.8287826649721488 0.19774980625000002 0.8621027984375
0 0.6921636000860397 0.8282455475335929 0.6917414656249999 0.7949254125 0.19867821085146026 0.8011720555914073 0.19910034531250004 0.834492190625
0 0.6935527518511828 0.7995347068961406 0.6931306171677077 0.7662145718752508 0.19450226531652487 0.7725317227916103 0.19492440000000003 0.8058518578125001
0 0.6963677293758951 0.7722263038959973 0.6959324031250002 0.7378649171875 0.19725780968660514 0.7441826523540029 0.19769313593750004 0.7785440390625001
0 0.6972846262508949 0.7433214960834971 0.6968492999804585 0.7089601078325429 0.19817470654206365 0.7152778429990458 0.1986100328125 0.74963923125
0 0.7004991292902536 0.7145875335694611 0.700063803125 0.6802261453125 0.20138921133474633 0.6865438789305389 0.20182453749999998 0.7209052671875
0 0.7041789496982827 0.6854477663954326 0.7037436234375 0.6510863796874999 0.20135896748921742 0.6574511179795673 0.20179429375 0.6918125046875
0 0.7078342896246748 0.6548669864765675 0.7074253468750001 0.6225881078125001 0.2069882041253254 0.6289281713359326 0.207397146875 0.66120705
0 0.7097438917733412 0.6259912585893539 0.709308565625 0.591629871875 0.2087789410391588 0.597971107035646 0.2092142671875 0.6323324937499999
0 0.7130697673875285 0.5982973057014199 0.7126080578125 0.561853409375 0.2082758857374715 0.56824281929858 0.20873759531249997 0.604686715625
0 0.7135873975302556 0.5670772681028949 0.7131388796874999 0.531674628125 0.2107079837197443 0.5380399506471052 0.21115650156250004 0.5734425906250001
0 0.7181840558726675 0.5368053195256304 0.7177487296875 0.50244393125 0.2097989753773324 0.5088791726618695 0.21023430156249998 0.5432405609375
0 0.7191560506696006 0.5076207118124626 0.7187075328125 0.472218071875 0.21071153839289938 0.4786538991250374 0.21116005625000006 0.5140565390625
0 0.7228808613806325 0.4777013931677298 0.7224191515622493 0.4412574968552079 0.21252188705661693 0.4477174146249781 0.21298359687500001 0.48416131093750003
0 0.7238113159401548 0.44563465843732225 0.7233891812299569 0.4123145234179586 0.20992056841480206 0.4188196868556364 0.21034270312499995 0.45213982187500007
0 0.7294266449667506 0.41539146171132657 0.7289913187499999 0.3810300734375 0.2080563409707492 0.3876298257886735 0.20849166718749995 0.42199121406250006
0 0.731388448072989 0.3827742867115186 0.7309531218750001 0.34841289999999997 0.20816310817701109 0.35503615391348137 0.20859843437499997 0.389397540625
0 0.7338314841134134 0.3499510617056406 0.7333961578125 0.31558967499999996 0.21060614401158656 0.32221293048185934 0.2110414703125 0.35657431718749993