0 0.6991032019342215 0.10558787475456724 0.69303515625 0.0664287625 0.19173309962827853 0.14410988462043278 0.19780114531249998 0.183268996875
0 0.7079380237274189 0.16595082328000477 0.7023490343749998 0.12988322031250002 0.2047396731475811 0.20699212671999523 0.21032866249999999 0.24305972968749998
0 0.7174340568795174 0.25577090485545073 0.7124838093749999 0.223825315625 0.2277507524954825 0.29893892795704924 0.23270099999999996 0.3308845171875
0 0.762087914501721 0.609488585739095 0.7579360935135545 0.5826955078491395 0.3099448696368336 0.6521156533600444 0.314096690625 0.6789087312500001
0 0.7803602748655324 0.7109198024696719 0.7760487687499998 0.6830962234374999 0.33172062357196747 0.7519487428428279 0.33603212968749996 0.7797723218749999
0 0.7173035705350158 0.22599093422670422 0.7117145810501938 0.18992333152308474 0.22144618239017805 0.26589469417138056 0.22703517187500002 0.30196229687500004
0 0.7688553835820393 0.6612613785890151 0.7643841921874999 0.6324072968750001 0.3218838804804605 0.7009765760984848 0.32635507187499996 0.7298306578125
0 0.7298342988854353 0.37152214660052146 0.7252034218750001 0.3416375609375 0.2551670964270648 0.41447378621197856 0.2597979734375 0.44435837187500005
0 0.7321403898410092 0.39991396140005914 0.7276691984374999 0.3710598796875 0.2613107585964908 0.4433261839124409 0.26578195 0.47218026562500004
0 0.7453295880461056 0.5081899799436495 0.7408583966385546 0.4793358984741395 0.28551140077994897 0.5498958841554901 0.2899825921875 0.578749965625
0 0.7435312033798916 0.4804666063221673 0.7393793823762486 0.453673528434724 0.27854147430885695 0.5250843799250567 0.28269329531250004 0.5518774578125001
0 0.7210435186960478 0.2866579666121775 0.7157738999999999 0.25265136875000005 0.2346965141164521 0.32719850213782264 0.23996613281249995 0.3612051000000001
0 0.72483686939732 0.34407500040745365 0.719886621875 0.3121294109375 0.24616500560268 0.38553670428004627 0.25111525312499994 0.4174822937499999
0 0.696427467760026 0.0746405439438762 0.6900400515624999 0.03342042812499999 0.18505270567747398 0.11167261855612379 0.19144012187499998 0.152892734375
0 0.7391936413730766 0.45423415803760625 0.73472245 0.42538007656250015 0.27203449300192345 0.497077607587394 0.276505684375 0.5259316890625001
0 0.7747348682469628 0.6858577444728655 0.7704233624633607 0.6580341669510547 0.326095216091398 0.7268866849781892 0.33040672187500003 0.7547102625000001
0 0.7131216404923395 0.1949899773200609 0.707852021875 0.1609833796875 0.21025746888266034 0.2380899914299391 0.2155270875 0.2720965890625
0 0.7554547521151529 0.5583450138474236 0.7513029312499999 0.5315519359374999 0.29597074632234704 0.6021096252150763 0.30012256718749997 0.628902703125
0 0.7861330740336614 0.7595416953327542 0.781981253125 0.7327486171874998 0.3431662322163386 0.8007468281047455 0.34731805312499997 0.8275399062499998
0 0.7839016059225565 0.7350891605541481 0.7795900998001937 0.7072655815230849 0.33709719387763704 0.7758337147189369 0.34140869999999995 0.8036572937500001
0 0.7579842552622715 0.5848407502514961 0.7535130640258607 0.5559866700760546 0.30367179157608926 0.6256934963870585 0.3081429828125001 0.6545475765625001
0 0.7503248583308915 0.5332061703436365 0.7461730372635547 0.5064130922241394 0.2908408523701632 0.5769707843805028 0.29499267343749996 0.6037638624999999
0 0.7912478216790994 0.7878064164674854 0.7864572593749999 0.756891328125 0.3476126189459007 0.8248941288450148 0.35240318125000003 0.8558092171875001
0 0.7343107412317232 0.42733487680880955 0.7298395497635545 0.3984807953491393 0.2671515929068312 0.47017832791532976 0.271622784375 0.499032409375
0 0.7040547589100289 0.13597993510836096 0.698306084375 0.09888183124999998 0.19885407858997112 0.17627627270413904 0.20460275312499995 0.21337437656249997
0 0.7667810831950842 0.6345937982482883 0.7626292624999998 0.6078007218749999 0.3164732793049157 0.6769364798767115 0.3206251 0.70372955625
0 0.7251743990637196 0.3147459082233788 0.7202241515625001 0.28280031875 0.23916157593628046 0.35734515740162126 0.24411182343750001 0.38929074687500004