0 0.7169891624999999 0.36238932656250017 0.7162358967423099 0.33210769798608547 0.2878990530871225 0.34276272191480983 0.28865231884481246 0.37304435049122453
0 0.7175298437500002 0.3887876296875 0.7167522790799985 0.35752917437183274 0.29099618281249995 0.3681200015625 0.2917737474825016 0.39937845687816736
0 0.7303914546875001 0.6799853578125 0.729735384582708 0.6536110374439548 0.3257745234365338 0.6636596999611564 0.32643059354132586 0.6900340203297016
0 0.7241102921875 0.5372470359375001 0.7234177737867564 0.5094074740342048 0.3107496577736564 0.5196727312509661 0.3114421761744 0.5475122931542615
0 0.7371339921875 0.8177374687500002 0.7363685770504333 0.7869674283459679 0.3461897703125 0.7966732578124999 0.3469551854495667 0.8274432982165323
0 0.732583184375 0.7265722890625002 0.7319271142141799 0.7001979671324672 0.3305686781240338 0.7101818937111564 0.33122474828485393 0.7365562156411893
0 0.72887329375 0.610137578125 0.7281686258492508 0.5818096044332572 0.3198270421875 0.5919672390625 0.3205317100882492 0.6202952127542428
0 0.733219153125 0.7486202171875 0.732550933503083 0.7217574819461233 0.33378408281249994 0.7316769421874999 0.33445230243441687 0.7585396774288766
0 0.7232726484375 0.4882242874999999 0.7225801299584107 0.46038472711970685 0.3055746421865337 0.47075787964865634 0.306267160665623 0.49859744002894946
0 0.72041775625 0.4637176031250001 0.7197130882831333 0.43538962787179675 0.3026967640625 0.44576304999999994 0.3034014320293667 0.4740910252532033
0 0.7178764906249999 0.4139130625 0.7171232249088814 0.38363143392347393 0.29485870152365634 0.3941354062509662 0.2956119672397749 0.4244170348274924
0 0.7057761375 0.17219624843750003 0.704913526736111 0.13751889970898967 0.2625995499592238 0.14852160929827884 0.26346216072311285 0.1831989580267892
0 0.7159898062500001 0.309888209375 0.7151757934259921 0.2771645156086314 0.27984496249903373 0.28799351558615643 0.2806589753230416 0.320717209352525
0 0.729344753125 0.657035115625 0.7286765335059413 0.6301723819452537 0.32383736249999995 0.64024289375 0.32450558211905867 0.6671056274297463
0 0.7323830499999999 0.703156453125 0.7317269798538231 0.6767821311949278 0.32776611874999995 0.6868307937499999 0.32842218889617686 0.7132051156800722
0 0.7140720156250001 0.2833122546875 0.7132580025252405 0.2505885577985955 0.2770597 0.2614391390625 0.2778737130997596 0.29416283595140447
0 0.726512615625 0.5613646218749999 0.7258322464229718 0.5340134732837527 0.314042440625 0.5442568859375 0.31472280982702816 0.5716080345287471
0 0.712094903125 0.22776788906250003 0.7112930396286966 0.19553260860783328 0.2690332515625001 0.20653397031250004 0.2698351150588035 0.23876925076716676
0 0.7292822328125002 0.633015325 0.7286140132362963 0.606152589797347 0.3220398937500001 0.6162662578125 0.3227081133262039 0.6431289930151531
0 0.7121568046875 0.2560680640625 0.7113063433780404 0.22187912872304386 0.273340578125 0.232773675 0.2741910394344596 0.2669626103394561
0 0.724730553125 0.5128099031250001 0.7240380346433122 0.4849703427447139 0.30703254687500003 0.4953434953125001 0.3077250653566879 0.5231830556927862
0 0.71904821875 0.4395625953125001 0.7183071024194618 0.409769380008674 0.29952331249999997 0.42018676875 0.30026442883053817 0.44997998405382605
0 0.7272840828125 0.5855669578125 0.7266037137751742 0.5582158107436024 0.31654885625000007 0.5684160640625 0.31722922528732583 0.5957672111313975
0 0.7352991859375001 0.7715889343750002 0.7346309664063762 0.7447261991333798 0.33846653746212263 0.7545809219148099 0.3391347569932466 0.7814436571564303
0 0.7354339828125 0.7922156328125001 0.7347900621586685 0.7663297257941721 0.34211720781153376 0.7760975952736564 0.3427611284653653 0.8019835022919845
0 0.7110717515625 0.20034551093749994 0.7102212903315442 0.16615657559783314 0.2661832030871226 0.17720217191480997 0.2670336643180785 0.2113911072544768
0 0.7172499531249998 0.33669243125000003 0.7164602391332668 0.30494556258376854 0.2837535077726901 0.3157092874621225 0.2845432217644232 0.34745615612835407