0 1.0022680368064865 0.8144176624371982 1 0.7798924375000001 0.5816017124421851 0.8073779272449091 0.5838697492486714 0.8419031521821072
0 0.48462164843750005 0.29807379375000004 0.4823536114851542 0.2635485690426795 0.021763387500000002 0.293805740625 0.024031424452345827 0.32833096533232053
0 0.58784066875 0.91519786875 0.5855039033956979 0.8796264241387751 0.1404237046875 0.9088647078124998 0.142760470041802 0.9444361524237246
0 0.5299404296875 0.5850950500000001 0.5280160347369183 0.5558009192590595 0.07436514374999999 0.5856022296875001 0.07628953870058164 0.6148963604284405
0 1.0022680370653712 0.7590397858540813 1 0.7245145578125 0.5732348811927608 0.752549683503677 0.5755029182581317 0.7870749115452583
0 0.572752375 0.8334122375000002 0.5706217950415589 0.8009794513313315 0.1258383734375 0.8301982375 0.1279689533959411 0.8626310236686686
0 0.9989632765624998 0.3546655031250001 0.9966952395873798 0.32014027585367816 0.5095584295718691 0.352141348239808 0.511826466546989 0.38666657551113
0 0.9800699312500003 0.2632277171875001 0.9777331659878961 0.22765627268093036 0.48683172803622493 0.25990465177361965 0.48916849329832895 0.29547609628018934
0 1.0014358931502323 0.440663248064112 0.9994427696561321 0.4103228967550979 0.5220998437489641 0.4416805890467327 0.5240929672430645 0.4720209403557467
0 0.5646867796875 0.7771898453125 0.5627623848063663 0.7478957161264059 0.11827574062499999 0.7770950078124998 0.12020013550613359 0.8063891369985938
0 0.4708300406250001 0.2382978140625001 0.4684245468616461 0.20168014900480716 0.01713528280565107 0.23132631864574202 0.01954077656900504 0.267943983703435
0 0.5509688328125 0.6953562234375001 0.5491131660564477 0.6671083100311656 0.09922689843749999 0.696662315625 0.10108256519355238 0.7249102290313346
0 0.47684565624999997 0.27002146718750003 0.47430270584386697 0.23131136569644214 0.01934802338088972 0.2611983241382491 0.02189097378702281 0.29990842562930703
0 0.5206638734374999 0.5300239578125001 0.5187394784628026 0.5007298269688574 0.05775718896029702 0.5310127531317139 0.05968158393499436 0.5603068839753567
0 1.0019931234196917 0.5005436892673047 0.9999999998189496 0.47020333786895874 0.5330714453125 0.5008768890625 0.535064568913242 0.531217240460846
0 1.002130580094587 0.5299299891325568 0.9999999999958533 0.4974972030618744 0.537847984375 0.527856971875 0.5399785644737338 0.5602897579456825
0 0.9945498640625001 0.32449255156250006 0.992281827068739 0.28996732584349777 0.501479315625 0.3222092078125 0.5037473526187611 0.3567344335315023
0 0.4904044234374999 0.32821562812500005 0.4882738432037429 0.29578284064799815 0.02416821875 0.32627094687499997 0.02629879898375704 0.358703734352002
0 1.0021993086213634 0.6452414164008802 1 0.6117624078125001 0.5593278420581079 0.6407111167803272 0.5615271506794713 0.6741901253687075
0 1.0020618517548951 0.5864009431098628 0.9999999999590667 0.5550143743768949 0.5475202390624999 0.5847387515624999 0.5495820908583285 0.6161253202954677
0 1.002130580038884 0.6160733547649068 0.9999999999897282 0.5836405685936363 0.554367871875 0.612915109375 0.5564984519241559 0.6453478955462706
0 0.5608205906249999 0.75041054375 0.5588961956127896 0.721116412803271 0.1107438515625 0.7505565125000002 0.11266824657471033 0.7798506434467293
0 1.001924394781918 0.4700643135896718 1 0.440770184375 0.5251822952149428 0.4719619875774339 0.5271066899968609 0.5012561167921057
0 0.5681836828125 0.8046196468750002 0.5661905593665328 0.7742792953790836 0.1234378375 0.8033646812499999 0.12543096094596717 0.8337050327459166
0 0.5541246515624999 0.7233127812500001 0.5522002567185144 0.6940186520649715 0.10588076562499997 0.7233383468749999 0.10780516046898547 0.7526324760600285
0 1.0024742222444372 0.8981896364078237 1 0.860525753125 0.59583112962943 0.8870764834910295 0.598305351873867 0.9247403667738532
0 0.5183983640625 0.5015465921875001 0.5164052406485586 0.4712062408965229 0.0534911765625 0.50161606875 0.05548429997644126 0.5319564200409771
0 1.0021305801400382 0.7300569641265594 0.9999999999886588 0.6976241779523564 0.5711473609375 0.7257964390625 0.5732779410888795 0.758229225236703
0 0.5057199484375 0.44355097500000007 0.5037955534628027 0.41425684415635733 0.04281326551608311 0.444539770217011 0.04473766049078044 0.47383390106065376
0 0.5454269328124999 0.66921236875 0.5435025378070035 0.6399182379054739 0.0953501953125 0.6693583375000001 0.09727459031799639 0.6986524683445262
0 1.0021305802090417 0.6728634172424541 0.9999999998924402 0.6404306296126678 0.5620949281250001 0.669197565625 0.5642255084416015 0.7016303532547863
0 0.49789363749999993 0.3863083625 0.4958317855585501 0.3549217927281822 0.0285642671875 0.3856176109375 0.03062611912894982 0.41700418070931783
0 0.5344791624999999 0.6132423578125 0.5325547676449073 0.5839482285251426 0.078903875 0.6137495390625001 0.08082826985509262 0.6430436683498575
0 1.0021305801693288 0.8396022750601944 0.9999999998861462 0.8071694873293559 0.5849899359374999 0.8344323999999999 0.5871205162206826 0.8668651877308383
0 1.0021305801797327 0.5585771969338215 0.9999999999949528 0.5261444108606707 0.541528140625 0.5562624234375 0.5436587208097798 0.5886952095106508
0 0.5799982406249999 0.8836320484375 0.5780051171537032 0.8532916971448777 0.1370852453125 0.8822566796875 0.13907836878379667 0.9125970309801221
0 1.0015050336650924 0.41286049044824613 0.9993744534803476 0.3804277028222422 0.5182674984375 0.4120326625 0.5203980786222446 0.44446545012600397
0 0.5270518671875 0.5584742796875002 0.5250587436193067 0.5281339283920984 0.0639775296875 0.5584233546875 0.06597065325569332 0.5887637059829018
0 0.989560478125 0.2935504750000001 0.9872924411452354 0.2590252493834097 0.4964899296875 0.29126713125000003 0.49875796666726463 0.32579235686659036
0 1.002130580079514 0.7012080156970457 0.9999999999892987 0.6687752295245973 0.5670134609374999 0.6972190546875001 0.5691440410277151 0.7296518408599485
0 0.49411373593750013 0.35712351562500005 0.4919831558639576 0.3246907294530298 0.026317135921306817 0.355281340378499 0.028447715994849365 0.3877141265504692
0 0.46468493749999995 0.17753617968750002 0.4620732585598228 0.1377798578483988 0.012394093678170294 0.16732025671907122 0.015005772618347476 0.20707657855817244
0 0.5422679359375 0.6410752921874999 0.5403435411779288 0.6117811644557368 0.08669265 0.6415824750000001 0.08861704475957113 0.6708766027317632
0 0.50000834375 0.416653334375 0.49787776364488856 0.38422054820212426 0.034765846875000006 0.4146433750000001 0.03689642698011142 0.4470761611728758
0 0.512725040625 0.4725659828125 0.5107319171078161 0.44222563151856153 0.047817853125000004 0.4726354609375001 0.04981097664218394 0.5029758122314385
0 1.0011006974332062 0.38343288030125405 0.9989701174405837 0.3510000939426022 0.5136154718625606 0.3828840919981403 0.5157460518551831 0.41531687835679215
0 0.4732522125000001 0.2073942218750001 0.4707779903170888 0.16973033937423587 0.01479148747078717 0.1996850823678073 0.017265709653698467 0.23734896486857154
0 1.0021305800723548 0.7858383235104901 1 0.7534055374999999 0.5768549609346979 0.7812028530823448 0.5789855410070526 0.8136356390928349
0 0.5753991984374999 0.8582122046875 0.5734060750684061 0.8278718549506638 0.13248620312499998 0.8568368375000001 0.1344793264940937 0.8871771872368361
0 1.0022680369029582 0.8679798717994682 0.9999999999545921 0.8334546461837784 0.5910644734375 0.8603185078124997 0.593332510385866 0.8948437334281897