0 0.9360427707622716 0.736815756596237 0.9353655499992684 0.7055224765287016 0.4967999464244969 0.7150135152449646 0.49747716718749996 0.7463067953125
0 0.49487299598905937 0.42101944119142487 0.4942409234375001 0.39181238125000006 0.04467446494844068 0.40154148849607524 0.0453065375 0.4307485484375001
0 0.4933292336700048 0.5030044989888797 0.49269716090443294 0.47379743909702976 0.0486851022344282 0.48340634635815016 0.049317175 0.5126134062500001
0 0.48679559287659774 0.6602365895941515 0.4861635203125 0.6310295296875 0.05696320399840225 0.6403178916558485 0.0575952765625 0.6695249515625
0 0.4932312554758348 0.476357305245713 0.49259918281250004 0.4471502453124999 0.04858712421166515 0.4567591510042869 0.049219196874999996 0.4859662109375
0 0.4889790292942434 0.5542516351117293 0.4883921046875 0.5271307921875 0.05189386758075648 0.5365770898882708 0.0524807921875 0.5636979328125
0 0.9652623305406296 0.4687468568017012 0.964630257779433 0.4395397969095298 0.5058064600513033 0.44946924635782864 0.5064385328125 0.47867630625
0 0.485137171681845 0.7619815246901755 0.4844825250000001 0.7317313546875001 0.05893116894315511 0.7409407503098244 0.059585815625 0.7711909203125
0 0.4821439445611123 0.7857693661476876 0.481511871875 0.75656230625 0.057865958563887744 0.7657304666648126 0.058498031250000006 0.7949375265625
0 0.48459879650831733 0.6847878085134249 0.4840118718735372 0.6576669655574034 0.058622439427719907 0.6668728570439785 0.05920936406250001 0.6939937
0 0.9793800435861894 0.35755697934166764 0.9787253968412019 0.3273068078132315 0.5105902845050126 0.3374377628465639 0.51124493125 0.367687934375
0 0.9487736457463267 0.6050970128474084 0.9480964249999998 0.5738037328125 0.5039764183161728 0.5834149746525915 0.5046536390624999 0.6147082546874999
0 0.50813517056824 0.13244479287389027 0.5073450796875 0.09593596718750003 0.03518318568176012 0.10615406650110984 0.0359732765625 0.14266289218750006
0 0.5001829478312397 0.25165383073192416 0.499483153125 0.2193174421875 0.038645963106260214 0.22929046145557583 0.0393457578125 0.26162685
0 0.9688346454932543 0.41214411698725006 0.9682251468735368 0.38398016555740333 0.5076038529427828 0.3939485126326533 0.5082133515625 0.42211246406249997
0 0.9806544378738602 0.32939817691431406 0.9799772171875002 0.2981048968750001 0.5136395980636398 0.3081969512106861 0.51431681875 0.33949023125000005
0 0.49834198041703714 0.30823580052692895 0.49770990781176855 0.2790287421537017 0.04258904458223135 0.2888780541267727 0.0432211171875 0.31808511249999993
0 0.9397100244504892 0.7114103604473555 0.9390102296875 0.6790739734375 0.49668771773701065 0.6886463161151446 0.4973875125 0.720982703125
0 0.9252670303046671 0.8387997430164823 0.92452208746547 0.8043771359044332 0.49134896497330294 0.8137514757004508 0.49209390781250006 0.8481740828125
0 0.928550892050034 0.7855469324985843 0.9278962452794332 0.75529676097203 0.49493902041689913 0.7646664284734458 0.49559366718750003 0.7949166000000001
0 0.5024627240911551 0.19283741336365712 0.50171778125 0.1584148046875 0.033366772783844985 0.16855043194884292 0.034111715625 0.20297304062500002
0 0.4871319226783058 0.7113238599642137 0.4864998499669331 0.68211680003453 0.05915100385112726 0.6913650963203163 0.0597830765625 0.72057215625
0 0.4988024930114333 0.3369790427092457 0.4981704203124999 0.30777198281249996 0.04119808823856663 0.31766136354075425 0.041830160937500006 0.3468684234375
0 0.979635863909666 0.2999448434372133 0.9789812171206348 0.2696946703477613 0.5164005063359687 0.27970542222304806 0.517055153125 0.30995559531250005
0 0.4959406226510505 0.44864750368411555 0.49530855 0.41944044375 0.04574208984894949 0.4291695525658845 0.046374162499999996 0.45837661250000006
0 0.48309217883289374 0.7367581880623713 0.48246010625 0.7075511296875001 0.06066566022960636 0.7166792213126287 0.061297732812500005 0.7458862796875
0 0.4975296039528101 0.36515868489470915 0.49689753121620156 0.33595162500073145 0.04177666632589147 0.34580093854352234 0.0424087390625 0.3750079984375
0 0.4962458663625339 0.39283763490309326 0.49561379375000003 0.36363057500000007 0.04419586488746611 0.37339975103440687 0.044827937500000005 0.4026068109375001
0 0.9627205409881803 0.49619422222759857 0.9620433203117684 0.4649009421537017 0.504963040261088 0.47479265742610305 0.5056402609374999 0.5060859374999999
0 0.92603141203208 0.8113908448163614 0.9253316171537014 0.7790544562507316 0.49596938012162156 0.7883463254968703 0.49666917499999996 0.8206827140625
0 0.9752586117100541 0.3847755395880204 0.9746265390625 0.3555684796875001 0.5102483367274456 0.36561813072447974 0.5108804093749999 0.39482519062500004
0 0.4858138005911147 0.8396940477415 0.48506885781250003 0.8052714406249997 0.0593016072213853 0.8144855085084999 0.06004655 0.8489081156250002
0 0.952441812852058 0.5778673878534157 0.9517645921875001 0.5465741078124999 0.5039416512104422 0.5562654840215843 0.5046188718750001 0.5875587640625001
0 0.5090672408218795 0.1629811678799663 0.50827715 0.12647234062499996 0.0324123201156205 0.13677057430753364 0.0332024109375 0.1732794015625
0 0.49884027715309986 0.22186938524153788 0.49809533437500003 0.187446778125 0.03344726034690014 0.1975022694459621 0.034192203124999994 0.23192487656250002
0 0.4875932023214949 0.6345718677478686 0.4869611296875 0.6053648078125 0.05590934924100512 0.6146932385021315 0.056541421875 0.6439002984375
0 0.9311354572546537 0.7629910291302635 0.9304356624985373 0.7306546421199032 0.4973704880563834 0.7400266458021396 0.4980702828125 0.7723630328125
0 0.48838780078691124 0.609007395869066 0.487755728091933 0.57980033597203 0.05485247730502176 0.5891688354154639 0.05548455000000001 0.6183758953125
0 0.48859428461591625 0.5821323701399306 0.48798478590370153 0.5539684187507316 0.05143257316278536 0.5634158861108008 0.052042071874999984 0.5915798374999999
0 0.9467284400319779 0.6317112729167 0.9460286453124999 0.5993748859374999 0.501854664655522 0.6089872958332998 0.502554459375 0.6413236828125
0 0.49728942576333557 0.28010648490119755 0.496657353125 0.250899425 0.0415364898616644 0.2607487369738024 0.0421685625 0.28995579687499995
0 0.9647746897863948 0.4409058724040952 0.9641426171874998 0.41169881249999996 0.507170285213605 0.4215881916584047 0.5078023578124999 0.4507952515624999
0 0.9448743794436554 0.6565556325081512 0.9442197328124999 0.6263054609375001 0.5001537002438445 0.635915533116849 0.500808346875 0.6661657046875001
0 0.4897360376687092 0.5284082936200908 0.48912653906249987 0.500244340625 0.050722859206290695 0.5097318735674092 0.05133235781249999 0.5378958265625
0 0.4805037929315382 0.8095487989989673 0.4798717203117686 0.7803417390287016 0.05807727581773039 0.7894698306547343 0.058709348437499996 0.8186768906249998
0 0.9582971717163289 0.5500686308699377 0.9576425249985372 0.5198184608699032 0.5043191532822081 0.5296288737499655 0.5049737999999999 0.55987904375
0 0.9418766056329121 0.685014715105968 0.9411768109367686 0.6526783280912015 0.5007057678038566 0.6622106020477335 0.5014055625 0.6945469890625
0 0.9811486692135617 0.23912044253272388 0.9804714484367685 0.20782716246620164 0.5085794260982068 0.21803942149597777 0.509256646875 0.24933270156250004
0 0.9848469937224047 0.2708409220533105 0.984124625 0.23746142187499997 0.5158275906525951 0.2475958795091895 0.516549959375 0.2809753796875
0 0.9613413481975455 0.5236539949722616 0.9606867015624999 0.493403825 0.5036603939899545 0.5032943722152384 0.5043150406250001 0.5335445421875