0 0.7816736109375 0.4133218750000001 0.23132638906250008 0.413321875 0.23132638906250008 0.4484781250000001 0.7816736109375 0.44847812500000017
0 0.7985986109375001 0.09293632812500005 0.2170013890625 0.09293632812500002 0.2170013890625 0.13346367187500005 0.7985986109375001 0.13346367187500008
0 0.78581180625 0.38002187500000006 0.2293881937500001 0.380021875 0.2293881937500001 0.41517812500000006 0.78581180625 0.4151781250000002
0 0.7755888890625 0.6055984375000001 0.24781111093750008 0.6055984375000001 0.24781111093750008 0.6388015625000001 0.7755888890625 0.6388015625000002
0 0.7764673609375 0.44603359375000007 0.23393263906250011 0.44603359375 0.23393263906250011 0.48216640625000007 0.7764673609375 0.4821664062500002
0 0.7749527781250001 0.6357425781250001 0.2506472218750001 0.635742578125 0.2506472218750001 0.6684574218750001 0.7749527781250001 0.6684574218750001
0 0.790590278125 0.20346875000000003 0.21940972187500002 0.20346875 0.21940972187500002 0.24253125000000003 0.790590278125 0.2425312500000001
0 0.7890201390625 0.23985703125000005 0.2221798609375 0.23985703125 0.2221798609375 0.27794296875 0.7890201390625 0.2779429687500001
0 0.7710125000000001 0.7541867187500001 0.2553875000000001 0.75418671875 0.2553875000000001 0.7864132812500001 0.7710125000000001 0.7864132812500002
0 0.7801312499999999 0.5435542968750001 0.24106875000000008 0.543554296875 0.24106875000000008 0.5772457031250001 0.7801312499999999 0.5772457031250002
0 0.7890861109375 0.2751687500000001 0.22311388906250001 0.27516875 0.22311388906250001 0.3142312500000001 0.7890861109375 0.3142312500000001
0 0.7697083328125002 0.8389425781250001 0.2592916671875001 0.8389425781250001 0.2592916671875001 0.8716574218750001 0.7697083328125002 0.8716574218750001
0 0.7704444437500002 0.783230859375 0.2565555562500001 0.7832308593749999 0.2565555562500001 0.8149691406249999 0.7704444437500002 0.8149691406249999
0 0.7660701390625002 0.867675 0.2617298609375001 0.867675 0.2617298609375001 0.898925 0.7660701390625002 0.898925
0 0.8031388890625 0.053603906250000055 0.2128611109375 0.05360390625000002 0.2128611109375 0.09559609375000006 0.8031388890625 0.09559609375000008
0 0.78881805625 0.3105894531250001 0.22458194374999998 0.310589453125 0.22458194374999998 0.3472105468750001 0.78881805625 0.3472105468750001
0 0.7843354171875 0.5120984375000001 0.2400645828125001 0.5120984375 0.2400645828125001 0.5453015625000001 0.7843354171875 0.5453015625000002
0 0.777525 0.5750984375000001 0.2462750000000001 0.5750984375 0.2462750000000001 0.6083015625000001 0.777525 0.6083015625000001
0 0.7790673609375001 0.4795984375000001 0.23653263906250008 0.4795984375 0.23653263906250008 0.5128015625000001 0.7790673609375001 0.5128015625000002
0 0.78578194375 0.34596601562500007 0.22501805625000001 0.345966015625 0.22501805625000007 0.38063398437500007 0.78578194375 0.38063398437500007
0 0.7614638890625002 0.8946335937500001 0.2649361109375001 0.8946335937500001 0.2649361109375001 0.9307664062500001 0.7614638890625002 0.9307664062500001
0 0.7710104171875002 0.8109425781249999 0.2579895828125001 0.8109425781249999 0.2579895828125001 0.8436574218749999 0.7710104171875002 0.8436574218749999
0 0.79122430625 0.16861289062500007 0.21917569375 0.16861289062500004 0.21917569375 0.20718710937500004 0.79122430625 0.2071871093750001
0 0.7721805562500001 0.724854296875 0.2548194437500001 0.724854296875 0.2548194437500001 0.758545703125 0.7721805562500001 0.7585457031250001
0 0.7744847218750001 0.6658101562500001 0.2519152781250001 0.66581015625 0.2519152781250001 0.6999898437500001 0.7744847218750001 0.6999898437500002
0 0.796696528125 0.13156875000000007 0.217703471875 0.13156875000000004 0.217703471875 0.17063125000000007 0.796696528125 0.17063125000000007
0 0.7738826390625001 0.6977191406250001 0.2539173609375001 0.6977191406250001 0.2539173609375001 0.7284808593750001 0.7738826390625002 0.7284808593750002