0 0.7795851859375 0.06324583281250006 0.2092148140625 0.06324583281250003 0.2092148140625 0.10595416718750006 0.7795851859375 0.10595416718750009
0 0.7787333328125 0.10056666718750007 0.2120666671875 0.10056666718750004 0.2120666671875 0.14223333281250006 0.7787333328125 0.14223333281250009
0 0.7768333328125 0.13832916718750005 0.2101666671875 0.13832916718750005 0.2101666671875 0.17687083281250007 0.7768333328125 0.1768708328125001
0 0.7750333328125001 0.1739708328125001 0.20836666718750002 0.17397083281250006 0.20836666718750002 0.21042916718750004 0.7750333328125001 0.2104291671875001
0 0.7758851859375 0.2088125 0.2055148140625 0.20881249999999998 0.2055148140625 0.24318750000000003 0.7758851859375 0.24318750000000006
0 0.7690259265625 0.24165000000000006 0.2171740734375 0.24165 0.2171740734375 0.27915000000000006 0.7690259265625 0.2791500000000001
0 0.76434444375 0.27843333281250005 0.22545555625000002 0.2784333328125 0.22545555625000002 0.3117666671875 0.76434444375 0.31176666718750007
0 0.7583481484375 0.31173333281250004 0.2120518515625 0.3117333328125 0.2120518515625 0.34506666718750006 0.7583481484375 0.3450666671875001
0 0.7615925921875 0.34535416718750006 0.22640740781250002 0.3453541671875 0.22640740781250007 0.3776458328125 0.7615925921875 0.3776458328125001
0 0.758840740625 0.37835416718750003 0.2273592593750001 0.37835416718750003 0.2273592593750001 0.4106458328125001 0.758840740625 0.41064583281250017
0 0.7555888890625 0.4109541671875001 0.22781111093750012 0.4109541671875 0.22781111093750012 0.4432458328125001 0.7555888890625 0.44324583281250013
0 0.7541629624999999 0.4403333328125001 0.2282370375000001 0.4403333328125 0.2282370375000001 0.47366666718750006 0.7541629624999999 0.47366666718750017
0 0.749559259375 0.4713125000000001 0.23104074062500007 0.47131249999999997 0.23104074062500007 0.5056875000000001 0.749559259375 0.5056875000000002
0 0.7490333328125 0.5016125 0.23236666718750007 0.5016125 0.23236666718750007 0.5359875000000001 0.7490333328125 0.5359875000000002
0 0.7463333328124999 0.5315125 0.22966666718750012 0.5315125 0.22966666718750012 0.5658875000000001 0.7463333328124999 0.5658875000000002
0 0.7314925921875002 0.8685083328125 0.2463074078125001 0.8685083328125 0.2463074078125001 0.9080916671875 0.7314925921875002 0.9080916671875
0 0.7319925921875001 0.8424333328125 0.24680740781250007 0.8424333328125 0.24680740781250007 0.8757666671875001 0.7319925921875001 0.8757666671875001
0 0.7356962968750003 0.8125500000000001 0.24310370312500007 0.8125500000000001 0.24310370312500007 0.8500500000000001 0.7356962968750003 0.8500500000000001
0 0.7360962968750002 0.7871916671875001 0.24350370312500008 0.7871916671875 0.24350370312500008 0.8226083328125 0.7360962968750002 0.8226083328125
0 0.7375481484375002 0.7586125000000001 0.2412518515625001 0.7586125 0.2412518515625001 0.7929875000000001 0.7375481484375002 0.7929875000000002
0 0.7393777781250002 0.7315333328125001 0.23382222187500007 0.7315333328125 0.23382222187500007 0.7648666671875001 0.7393777781250002 0.7648666671875002
0 0.7398 0.7044333328125001 0.2398000000000001 0.7044333328125 0.2398000000000001 0.7377666671875001 0.7398000000000001 0.7377666671875002
0 0.741677778125 0.6773750000000001 0.2361222218750001 0.677375 0.2361222218750001 0.7086250000000001 0.741677778125 0.7086250000000002
0 0.7426296296875 0.6476333328125001 0.23337037031250008 0.6476333328125 0.23337037031250008 0.6809666671875001 0.7426296296875 0.6809666671875002
0 0.7430296296875001 0.6187125000000001 0.2337703703125001 0.6187125 0.2337703703125001 0.6530875 0.7430296296875001 0.6530875000000002
0 0.74675555625 0.5909333328125002 0.2356444437500001 0.5909333328125 0.2356444437500001 0.6242666671875001 0.74675555625 0.6242666671875001
0 0.74348148125 0.5630541671875001 0.23051851875000007 0.5630541671875 0.23051851875000007 0.5953458328125001 0.74348148125 0.5953458328125002