0 0.6938948883720784 0.5722460298349282 0.26882702187500007 0.5607796406250001 0.2680365490858033 0.5900830748514357 0.6931044155828816 0.6015494640613639
0 0.7198012420548968 0.22832891685547602 0.26172076718750004 0.215972 0.2609039454439671 0.24625221443664252 0.718984420311364 0.25860913129211854
0 0.7096340686869904 0.3680967921045652 0.26462979375000006 0.35609261093750005 0.2639051938130098 0.38295409070793496 0.7089094687500002 0.3949582718750001
0 0.7177831532062622 0.28490488347055914 0.25973160312500004 0.27254874843750004 0.258967479606238 0.300875402466941 0.7170190296875001 0.31323153750000016
0 0.7186258543752149 0.25735726138208753 0.260567071875 0.24500092968750004 0.2597897737486491 0.27381597303503097 0.7178485562488639 0.28617230472961847
0 0.6861720148904142 0.7126714173746239 0.274129728125 0.7015564000000001 0.2733392553788313 0.7308598357913584 0.6853815421442455 0.7419748531659823
0 0.7241041944362542 0.16846725931064693 0.26251407656250003 0.15601566875000006 0.2616313821262458 0.18873783600185323 0.7232215 0.2011894265625001
0 0.7056990493018915 0.4472452954589826 0.26847397031250003 0.4354509609375 0.26768349757310855 0.4647543951660175 0.7049085765625 0.4765487296875001
0 0.6968063566225545 0.5475568780539029 0.26912613906250005 0.5360200203125001 0.268322491772827 0.5658118453824611 0.6960027093328816 0.5773487031238639
0 0.6893680826030149 0.6433033121641384 0.2738378453125001 0.6320942078125001 0.2730210236469852 0.6623744237733618 0.6885512609375 0.6735835281250001
0 0.6931212094565806 0.6206594913252383 0.2724096640625001 0.6093106187500001 0.2716455405434196 0.6376372727372618 0.6923570859375002 0.6489861453125001
0 0.6814109009343224 0.7818764869080741 0.2754255281250001 0.7709248578125001 0.27459553183719554 0.8016934630486714 0.6805809046465179 0.8126450921442455
0 0.706912649532173 0.39480470278533236 0.26450625937500005 0.38287060000000006 0.26376848479957254 0.41022047225565006 0.7061748749567455 0.4221545750409823
0 0.6784830726113381 0.827164079624616 0.2776790093750001 0.81635221875 0.2767963148886621 0.8490743875628842 0.6776003781250001 0.8598862484375003
0 0.714423771089277 0.31215197674811085 0.2650414796875 0.300029696875 0.26425100699360454 0.32933313106325307 0.7136332983953815 0.34145541093636395
0 0.7220410462720879 0.19720656162078382 0.261297609375 0.18477780937500002 0.26037539118693004 0.21896514927346172 0.7211188280840178 0.23139390151924552
0 0.707062764794015 0.42138988690534074 0.26551751718750005 0.4094790125 0.26476656793424824 0.43731727715488705 0.706311815540763 0.4492281515602278
0 0.6892514399532289 0.6900328830022495 0.2746040375000001 0.6788475906250001 0.2738135646932889 0.7081510263294961 0.6884609671465178 0.7193363187067454
0 0.6864829374871926 0.7595360761933174 0.2752945625000002 0.7484440921875002 0.27447774059796154 0.7787243080963099 0.685666115585154 0.7898162921021271
0 0.6986486938759063 0.5233159007027155 0.2692534250000001 0.5117327796875 0.2684893014365938 0.5400594321097848 0.6978845703125001 0.5516425531250002
0 0.6944798294241604 0.5974298785294674 0.27202430937500005 0.586033959375 0.27124701115985744 0.6148490042397781 0.6937025312090178 0.6262449233942454
0 0.6991097084211227 0.49864901190020416 0.26798492500000004 0.48701923593750013 0.26723397595387743 0.514857497474796 0.6983587593750001 0.5264872734375001
0 0.6893059347897333 0.6670683749294171 0.27291455625000005 0.6558360390625 0.2721109089602668 0.6856278656955829 0.6885022875000001 0.6968602015625
0 0.6869486648723026 0.7365150189363671 0.2757747515625002 0.7254234265625 0.27498427883557924 0.7547268623124971 0.6861581921453817 0.7658184546863641
0 0.7014127213709693 0.4734312402410289 0.26769005625000003 0.46173138593749996 0.26695228175403074 0.48908125819647114 0.700674946875 0.5007811125000001
0 0.7113025806602916 0.341272110592738 0.26542270156250003 0.32924431093750006 0.2646849271510724 0.3565941816368806 0.710564806248864 0.36862198129211854
0 0.6791810097558411 0.8047263983661249 0.2766835875000001 0.7938688578125 0.2758799402441592 0.8236606828838753 0.6783773625000001 0.8345182234375