0 0.8921296296874999 0.7908541671875 0.4828703703125002 0.7908541671875 0.4828703703125002 0.8231458328124999 0.8921296296874999 0.8231458328124999
0 0.9083333328125001 0.3640583328125001 0.4916666671875 0.3640583328125001 0.4916666671875 0.3911416671875001 0.9083333328125001 0.3911416671875001
0 0.46948148125 0.5906166671874999 0.056518518750000066 0.5906166671874999 0.056518518750000066 0.6197833328125 0.46948148125 0.6197833328125
0 0.46948148125 0.6424375 0.056518518750000094 0.6424375 0.056518518750000094 0.6705625000000001 0.46948148125 0.6705625000000001
0 0.9008814812500001 0.6179583328125001 0.48791851875000003 0.6179583328125 0.48791851875000003 0.6450416671875001 0.9008814812500001 0.6450416671875001
0 0.46763333281249997 0.4656583328125 0.05096666718750007 0.4656583328125 0.05096666718750007 0.4927416671875 0.46763333281249997 0.4927416671875
0 0.4740925921875 0.20001666718750005 0.038907407812500024 0.20001666718750002 0.03890740781250003 0.22918333281250006 0.4740925921875 0.22918333281250008
0 0.4699111109375 0.38701666718750005 0.047688889062500045 0.3870166671875 0.04768888906250005 0.4161833328125 0.4699111109375 0.4161833328125
0 0.9032333328125001 0.46643750000000006 0.4865666671875 0.46643749999999995 0.4865666671875 0.49456250000000007 0.9032333328125001 0.4945625000000001
0 0.46758148125 0.5421583328125 0.05461851875000007 0.5421583328125 0.05461851875000007 0.5692416671875 0.46758148125 0.5692416671875
0 0.9082851859375 0.39065833281250006 0.48791481406250004 0.39065833281250006 0.48791481406250004 0.4177416671875001 0.9082851859375 0.41774166718750017
0 0.9059851859375 0.4158583328125001 0.48561481406249996 0.4158583328125 0.48561481406249996 0.44294166718750005 0.9059851859375 0.44294166718750017
0 0.47731851875000003 0.25393750000000004 0.040281481250000035 0.25393750000000004 0.040281481250000035 0.28206250000000005 0.47731851875000003 0.2820625000000001
0 0.9120851859375 0.33825833281250006 0.49171481406249995 0.33825833281250006 0.49171481406249995 0.3653416671875001 0.9120851859375 0.3653416671875001
0 0.4680296296875002 0.7421583328125 0.058770370312500084 0.7421583328125 0.058770370312500084 0.7692416671875 0.4680296296875002 0.7692416671875
0 0.9143148140624999 0.2291166671875001 0.4846851859375 0.2291166671875001 0.4846851859375 0.2582833328125001 0.9143148140624999 0.2582833328125001
0 0.47779259218750003 0.2805166671875 0.04260740781250003 0.2805166671875 0.04260740781250003 0.30968333281250005 0.47779259218750003 0.30968333281250005
0 0.8958555562500001 0.6932166671875001 0.48474444375000003 0.6932166671875 0.48474444375000003 0.7223833328125001 0.8958555562500001 0.7223833328125002
0 0.8897777781249999 0.7426583328125 0.4842222218750002 0.7426583328125 0.4842222218750002 0.7697416671875 0.8897777781249999 0.7697416671875001
0 0.4712888890625 0.33411666718750005 0.04351111093750005 0.3341166671875 0.04351111093750005 0.3632833328125 0.4712888890625 0.3632833328125001
0 0.9148370375000001 0.2575375000000001 0.4907629625 0.2575375000000001 0.4907629625 0.2856625000000001 0.9148370375000001 0.2856625000000001
0 0.47038148125 0.6669375 0.05741851875000009 0.6669375 0.05741851875000009 0.6950624999999999 0.47038148125 0.6950624999999999
0 0.46948148125 0.5663583328125 0.056518518750000066 0.5663583328125 0.056518518750000066 0.5934416671875 0.46948148125 0.5934416671875
0 0.47033703750000005 0.36123750000000004 0.046262962500000046 0.3612375 0.046262962500000046 0.38936250000000006 0.47033703750000005 0.3893625000000001
0 0.8976555562499999 0.6429375000000002 0.48654444375 0.6429375 0.48654444375 0.6710625000000001 0.8976555562499999 0.6710625000000002
0 0.4685296296875002 0.7661583328125 0.059270370312500084 0.7661583328125 0.059270370312500084 0.7932416671875 0.4685296296875002 0.7932416671875
0 0.47634444374999996 0.11531666718750003 0.03745555625000001 0.1153166671875 0.037455556250000015 0.14448333281250003 0.47634444374999996 0.14448333281250006
0 0.479196296875 0.14371666718750004 0.03660370312500002 0.1437166671875 0.03660370312500002 0.1728833328125 0.479196296875 0.17288333281250004
0 0.8985814812499999 0.6685375 0.48561851875000006 0.6685375 0.48561851875000006 0.6966625000000001 0.8985814812499999 0.6966625000000002
0 0.902359259375 0.49297916718750007 0.483840740625 0.4929791671875 0.483840740625 0.5190208328125001 0.902359259375 0.5190208328125002
0 0.896803703125 0.5934583328125 0.489396296875 0.5934583328125 0.489396296875 0.6205416671875 0.896803703125 0.6205416671875001
0 0.4685296296875 0.6917166671875 0.059270370312500084 0.6917166671875 0.059270370312500084 0.7208833328125 0.4685296296875 0.7208833328125
0 0.9064370374999999 0.4411583328125001 0.4823629625 0.44115833281250005 0.4823629625 0.4682416671875001 0.9064370374999999 0.46824166718750015
0 0.4698851859375 0.4393375 0.04951481406250006 0.4393375 0.04951481406250006 0.4674625 0.4698851859375 0.4674625
0 0.8916777781249999 0.7177166671875 0.486122221875 0.7177166671874999 0.4861222218750001 0.7468833328125001 0.8916777781249999 0.7468833328125002
0 0.4680074078125 0.5163583328125 0.05319259218750007 0.5163583328125 0.05319259218750007 0.5434416671875 0.4680074078125 0.5434416671875
0 0.4685333328125 0.49083750000000004 0.05186666718750007 0.49083750000000004 0.05186666718750007 0.5189625 0.4685333328125 0.5189625
0 0.9032074078125 0.5427583328125001 0.4883925921875 0.5427583328125001 0.4883925921875 0.5698416671875001 0.9032074078125 0.5698416671875002
0 0.9000296296875 0.5682583328125002 0.4907703703125 0.5682583328125 0.4907703703125 0.5953416671875 0.9000296296875 0.5953416671875001
0 0.47361481406249994 0.3068166671875 0.04398518593750003 0.3068166671875 0.04398518593750004 0.33598333281250004 0.47361481406249994 0.3359833328125001
0 0.46802962968750006 0.6161166671875 0.05877037031250006 0.6161166671875 0.05877037031250008 0.6452833328125 0.46802962968750006 0.6452833328125
0 0.9055851859375 0.5179583328125001 0.4852148140625 0.5179583328125 0.4852148140625 0.5450416671875 0.9055851859375 0.5450416671875001
0 0.8916777781249999 0.7671583328125001 0.4861222218750002 0.7671583328125 0.4861222218750002 0.7942416671875001 0.8916777781249999 0.7942416671875001
0 0.9152629624999999 0.3114583328125001 0.4893370375 0.3114583328125001 0.4893370375 0.33854166718750006 0.9152629624999999 0.33854166718750006
0 0.4712851859375 0.4130166671875 0.05091481406250005 0.4130166671875 0.05091481406250005 0.44218333281250005 0.4712851859375 0.44218333281250005
0 0.47318148125000015 0.7893125000000001 0.060218518750000095 0.7893125000000001 0.0602185187500001 0.8236874999999999 0.47318148125000015 0.8236874999999999
0 0.47684444375 0.22681666718750004 0.037955556250000036 0.2268166671875 0.037955556250000036 0.2559833328125 0.47684444375 0.2559833328125001
0 0.47684444375 0.17263750000000003 0.03795555625000002 0.1726375 0.03795555625000002 0.20076250000000004 0.47684444375 0.2007625000000001
0 0.9143629625 0.2851583328125001 0.48843703749999995 0.2851583328125001 0.48843703749999995 0.31224166718750007 0.9143629625 0.31224166718750007
0 0.4671037031250001 0.7174166671875 0.05969629687500009 0.7174166671875 0.05969629687500009 0.7465833328125 0.46710370312500016 0.7465833328125