0 0.8738064337284591 0.5458969353632741 0.8701760292921593 0.5196907815212245 0.4635173018137003 0.5760262383454504 0.4671477062500001 0.6022323921875001
0 0.44912771613887614 0.5799089192677855 0.4454313044751187 0.5532262906544217 0.040456291461242556 0.6093284979491363 0.04415270312500001 0.6360111265625001
0 0.4454668277396075 0.5307441741894439 0.44183642343749996 0.5045380203125001 0.033438105072892556 0.5611144648730562 0.037068509375 0.5873206187500001
0 0.435976196883331 0.2539802970041173 0.4317517265625 0.22348586562500006 0.004584778116668986 0.28266237799588273 0.008809248437500005 0.313156809375
0 0.4429133125359703 0.457688543817013 0.43915089375000005 0.4305294406250001 0.028901224964029693 0.4873623577454871 0.032663643750000006 0.5145214609375001
0 0.8738003008467755 0.47170442444376415 0.8701698968749998 0.4454982734375002 0.45742259759072434 0.502677194306236 0.46105300156249995 0.5288833453125
0 0.43481994528412893 0.2001364626386611 0.43059547499999995 0.16964203125 -0.0009204562216289181 0.22942101861133887 0.003304014062500005 0.25991545
0 0.8690129745029596 0.6917651478502034 0.8653825703125 0.6655589953125001 0.46655200674704034 0.7208099958997967 0.4701824109375 0.7470161484374999
0 0.8812963660897749 0.24273592385671255 0.8773359250000002 0.21414739218749998 0.4477831057852252 0.27365442301828746 0.45174354687499996 0.3022429546875
0 0.8780891456004996 0.2962891473143755 0.8741287046874999 0.26770061718749993 0.45240404971200043 0.3261231933106244 0.45636449062500006 0.35471172343749996
0 0.8738887966168395 0.6661820606172941 0.8703243995752373 0.6404523828713435 0.4628517560833979 0.6969005941290496 0.46641615312500007 0.7226302718750002
0 0.8759933136663112 0.3473131449168453 0.8721648875 0.31967756562500005 0.45403117383368885 0.3776026785206547 0.45785960000000003 0.4052382578125
0 0.45492163850415485 0.6513660898336129 0.451291234375 0.6251599375 0.04550230368334514 0.6813748976663871 0.049132707812499996 0.70758105
0 0.45060072196087697 0.6045130313040357 0.446838303125 0.577353928125 0.04441679991412299 0.6331023905709643 0.04817921875 0.66026149375
0 0.8735320758860137 0.7362593880839668 0.8700996935376187 0.7114826609669217 0.4653481973391049 0.7675539041329549 0.46878057968749987 0.7923306312499999
0 0.43533812201698774 0.3564983091944134 0.43157570309557836 0.3293392060376189 0.01958644045359057 0.38641311559320557 0.02334885937500001 0.41357221875000005
0 0.8759509632152236 0.3713987536162328 0.8722545515624999 0.34471612500000004 0.4524930039722762 0.40286674794626737 0.4561894156249999 0.42954937656250014
0 0.8754634207472538 0.49575268137626577 0.8719650312499999 0.4704994796875 0.46019928550274625 0.5275424233112342 0.463697675 0.552795625
0 0.4526426572842861 0.6996190661682458 0.4490122530955783 0.6734129138501187 0.05018168956129219 0.7286639148693729 0.05381209375 0.7548700671874999
0 0.4360355354950619 0.17216459007625687 0.4317450577830783 0.1411936826001189 -0.0033059355244835554 0.20146239096136206 0.0009845421875000037 0.23243329843750002
0 0.4547446620306295 0.7472651353430083 0.4511142578125 0.7210589828125 0.05228369734437048 0.7763099834069915 0.055914101562499985 0.8025161359374999
0 0.4419691301463192 0.40695398490710194 0.43827271874999985 0.38027135781249993 0.02112056047868069 0.4380604947803981 0.02481697187500001 0.4647431218750001
0 0.43220148554800886 0.22741923907719763 0.42817503749999997 0.198354234375 0.00465490976449105 0.2570255406103024 0.008681357812500002 0.28609054531250006
0 0.4529919278398425 0.6756576028118142 0.44942753082523756 0.6499279250588434 0.048043459235395054 0.7055326706845293 0.051607856249999993 0.7312623484375
0 0.45357952898677817 0.723557366407331 0.4499491247876189 0.6973512140919217 0.05024876611334071 0.7527227101845906 0.05387917031249999 0.7789288624999999
0 0.4446797818126245 0.48226365656088166 0.4409833703125 0.455581028125 0.028180191624875405 0.5127676887516183 0.03187660312499999 0.5394503171874999
0 0.8755697879293974 0.3965141940697209 0.8718733765624999 0.3698315671875 0.4547212167581024 0.42762070436777916 0.45841762812500003 0.45430333125000005
0 0.4522194010199806 0.6278712603620296 0.448588996875 0.6016651078125 0.0428000661675193 0.6578800677629706 0.046430470312500007 0.6840862203125001
0 0.87201619414675 0.569826865761148 0.8685178046874998 0.5445736640625 0.4637104277282499 0.600652646738852 0.4672088171874999 0.6259058484375001
0 0.4354454903031698 0.3059047884274778 0.43161706403307837 0.27826920916261894 0.014353147167408565 0.3360738285476411 0.018181573437500004 0.36370940781250005
0 0.8779110520144708 0.2169810490521042 0.8737525890625001 0.18696309218749999 0.4440321323605292 0.24649334626039582 0.44819059531249994 0.27651130312500005
0 0.43669347531270797 0.382897254680387 0.4327330341331971 0.3543087232545405 0.022315726007989097 0.41116486544915354 0.026276167187500005 0.43975339687500004
0 0.8808812161300429 0.2689061739296127 0.8769867823583157 0.24079411859646233 0.45009922716577266 0.2999319259168497 0.45399366093749993 0.32804398125
0 0.8762732265558064 0.3216705561080752 0.8725108077830782 0.2945114529126187 0.45269337966477174 0.3526698155545435 0.4564557984375 0.37982891875
0 0.4620135954248907 0.8206799471949248 0.45759110312500006 0.7887560890625 0.05461080770010938 0.8445819621800752 0.0590333 0.8765058203124999
0 0.4369329813613855 0.3301207295148709 0.43317056249999997 0.30296162656250003 0.01770211551361448 0.36051751579762914 0.021464534375 0.38767661875000003
0 0.8680510455641193 0.7135912298355824 0.8645526562500001 0.6883380296875 0.46583385131088095 0.7435735482894176 0.469332240625 0.7688267484375
0 0.4580447750818772 0.7924138652679821 0.4544803780955783 0.7666841872876191 0.055705693638701134 0.8219274470196372 0.05927009062500003 0.8476571250000001
0 0.4551195062978697 0.7689732406081976 0.4518191390625 0.7451494671875 0.053267971827130334 0.8003617625168025 0.056568339062499993 0.8241855359375002
0 0.8736410124176498 0.593514851222382 0.8700766154126187 0.5677851734669216 0.4634737654949689 0.6241128894320397 0.4670381625 0.6498425671875001
0 0.8745894723979047 0.42191154560790595 0.870893060695697 0.39522891700454066 0.45895967736029225 0.45229508545913477 0.4626560890624999 0.47897771406250006
0 0.8751873430508637 0.6422763476569188 0.871556938820697 0.6160701951295404 0.46315862233233346 0.6726466412226217 0.4667890265625 0.69885279375
0 0.873421178239019 0.4467498652596239 0.86985678125 0.4210201874999999 0.45977474832348103 0.4778298831778759 0.46333914531250003 0.5035595609374999
0 0.8707434400562104 0.6189233413988288 0.8671130359375001 0.5927171890625 0.46219390213128986 0.6488116539136712 0.46582430625000004 0.6750178062500001
0 0.4427851874956647 0.4322458375774939 0.43902276874999996 0.4050867343749999 0.026163712504335235 0.462281135860006 0.02992613125000001 0.4894402390625
0 0.8754695778402573 0.5207589090617062 0.8719051808252377 0.49502923130884335 0.4644325342349804 0.551477442559637 0.46799693124999997 0.5772071203124999
0 0.4474770432894153 0.5564556697135584 0.4436486171875 0.5288200906249999 0.0376920488980847 0.5850582724739415 0.041520474999999994 0.6126938515625
0 0.43641435246899835 0.28038626003219635 0.432321896875 0.250844778125 0.007876095968501667 0.3096443196553037 0.011968551562500008 0.3391858015625
0 0.8755846084200265 0.7631118610973951 0.8714261453124997 0.7330939031249999 0.46171099626747336 0.7898527717151046 0.4658694593749999 0.8198707296874999
0 0.4468996847388514 0.5067203987742649 0.4432032734080783 0.4800377716626188 0.03040009648172695 0.5372244322633538 0.034096507812499996 0.5639070593749999