0 0.9948732515625001 0.8033609953124999 0.9918834973284081 0.7710674773329667 0.576759159375 0.80949995 0.5797489136090918 0.8417934679795334
0 0.5437258171875 0.6127361812500001 0.5412182813550566 0.5856512932561881 0.1226439545440721 0.6244031656382786 0.12515149037651552 0.6514880536320906
0 0.48076375000000005 0.19323059687500002 0.47777399597707937 0.16093707902925503 0.0405849109375 0.20141231718750002 0.04357466496042062 0.233705835033245
0 0.49747530624999997 0.2742271062500001 0.4947748831934701 0.2450587678402698 0.0577222796875 0.28552137187499993 0.06042270274402985 0.31468971028473025
0 0.9610819718749998 0.4445891218750001 0.9585744361543777 0.41750423543194914 0.5289677374999999 0.45727749218750013 0.5314752732206222 0.48436237863055104
0 0.5658706468749999 0.7606691328124999 0.5633631109707079 0.7335842448221879 0.15214370143235076 0.7716551954692064 0.1546512373366428 0.7987400834595184
0 0.9357034437499999 0.17374310781250002 0.9330030206897334 0.14457476940295177 0.4812405874999999 0.18639921874999998 0.4839410105602665 0.21556755715954826
0 0.5771149765625 0.8362461078125 0.5743181095985446 0.8060360403907165 0.16296221718749995 0.8441196265624997 0.16575908415145543 0.8743296939842832
0 0.5730030015625001 0.8091290484375 0.570495465658208 0.7820441604471879 0.1592760578125 0.8201151109375001 0.16178359371679205 0.8471999989278121
0 0.9767681078124999 0.6272747234375002 0.9739712408054901 0.597064656017814 0.55526043125 0.6358291656249999 0.5580572982570098 0.6660392330446862
0 0.5583205718750001 0.7124496171875001 0.5558130359975239 0.6853647291958817 0.1409161703125 0.7237761406249998 0.14342370618997624 0.7508610286166183
0 0.56219780625 0.7373063843750001 0.5596902704884129 0.7102214980780193 0.14663213125000002 0.7484626796875 0.1491396670115872 0.7755475659844808
0 0.9918071640624999 0.7267242875 0.9891067411430141 0.6975559490835941 0.5686026984374999 0.7364864749999999 0.5713031213569857 0.7656548134164057
0 0.9577855390625001 0.39289107656250005 0.9550851159395279 0.3637227381560063 0.5143550531250001 0.40452580468750005 0.5170554762479721 0.43369414309399373
0 0.9486623921874999 0.2857535625000001 0.9457690816754031 0.25450177057321144 0.4975931156250001 0.29599418281249995 0.5004864261370969 0.3272459747392886
0 0.9854170343750003 0.6768844375 0.9827166113124924 0.6477160990905609 0.5603738390624999 0.6868168578125001 0.5630742621250078 0.7159851962219392
0 0.9768387468749997 0.6002159140625001 0.9741383239302195 0.5710475756473263 0.55179555 0.6101483328125 0.5544959729447803 0.6393166712276737
0 0.5544175953125001 0.6875952328125 0.5519100595407086 0.6605103449598084 0.13701319518235078 0.6989217548442066 0.13952073095414225 0.7260066426968981
0 0.9550431671874999 0.3660128468750001 0.9523427441878459 0.33684450846249936 0.5024190374867213 0.3784987264190721 0.5051194604863756 0.40766706483157283
0 0.47328159843750006 0.1653790984375001 0.4702918443822786 0.13308558044925375 0.0367802171609427 0.17322035752564413 0.03976997121616423 0.20551387551389047
0 0.5085563234375001 0.3556062093750002 0.5058559003435427 0.32643787096709287 0.07248075624999999 0.36656001406249983 0.07518117934395736 0.39572835247040716
0 0.9703502125 0.5492756828124999 0.9676497894215641 0.5201073444038369 0.5397908312500002 0.5597187953125001 0.5424912543284359 0.5888871337211632
0 0.5263426234375 0.4856444671875 0.5238350875476792 0.4585595791964831 0.097905846875 0.49799237500000004 0.10041338276482088 0.5250772629910169
0 0.5149595812500001 0.4086724546874999 0.5122591582434836 0.3795041162753336 0.0825614703125 0.419285796875 0.08526189331901653 0.4484541352871664
0 0.9448918062499999 0.23042632500000013 0.9419984958394266 0.19917453306826602 0.4883063421874999 0.2411776359374999 0.4911996525980732 0.272429427869234
0 0.512621484375 0.381836646875 0.5100175047400335 0.3537100329764409 0.0785265828125 0.39365773437499996 0.08113056244746646 0.42178434827355915
0 0.48911334375 0.220073009375 0.4862200331463362 0.18882121589646364 0.04539898281249999 0.22963270468749997 0.048292293416163715 0.2608844981660363
0 0.9529125312500002 0.33998574843750007 0.9502121082569825 0.310817410024676 0.5058045890492213 0.35196093579407206 0.5085050120422389 0.3811292742068962
0 0.52334929375 0.45989896249999995 0.5208417578100244 0.4328140745114261 0.093073790625 0.47241710156249994 0.09558132656497569 0.4995019895510738
0 0.5349046796875 0.5614865765625001 0.5324935875498008 0.5354434161789682 0.11396475625 0.574191078125 0.11637584838769921 0.600234238508532
0 0.5384502984374999 0.5874036890625001 0.5359427625267432 0.5603188012165776 0.11736843593749997 0.599070675 0.11987597184825671 0.6261555628459224
0 0.9902408843750001 0.7018552937500001 0.9875404613124923 0.6726869553405609 0.5651976890625001 0.7117877140624999 0.5678981121250078 0.7409560524719391
0 0.5042866953125 0.32771785781250007 0.5017791594617286 0.30063296996365557 0.0721724625 0.34040622656249997 0.07467999835077138 0.3674911144113445
0 0.9700104999999999 0.5230827796875 0.9673100769934834 0.4939144412753336 0.5376123890625 0.533696121875 0.5403128120690165 0.5628644602871665
0 0.5319239062500001 0.5365678265625001 0.5294163702657763 0.5094829385760816 0.1090033171875 0.5484050437500001 0.11151085317172385 0.5754899317364186
0 0.96919536875 0.575405228125 0.9664949457222898 0.5462368897138659 0.5459909031249999 0.5851674171875 0.54869132615271 0.6143357555986341
0 0.49146089843749996 0.2471685031250001 0.4886640315894649 0.21695843725377792 0.05156593593749999 0.2574252531249999 0.05436280278553505 0.2876353189962221
0 0.5429841625 0.6380205687500001 0.5404766265494878 0.6109356806178647 0.1274184875 0.6491768625 0.12992602345051224 0.6762617506321353
0 0.9330141453125002 0.11676499687500004 0.9300243911612371 0.0844714788914321 0.4726092859375 0.12681925624999998 0.47559904008876297 0.15911277423356793
0 0.5293943640625 0.5110819750000002 0.5268868282048242 0.4839970870074171 0.10279631718749997 0.5232596515624998 0.10530385304517571 0.5503445395550829
0 0.9332460421875 0.14587189375 0.9303527317842002 0.11462010181791167 0.48217676562500006 0.1561125125 0.4850700760282999 0.18736430443208835
0 0.5193221749999999 0.43394657968750006 0.5168146391359499 0.4068616916952276 0.087207940625 0.44663494843749996 0.08971547648905003 0.4737198364297724
0 0.5688107999999998 0.7858353968750003 0.5662068205512727 0.7577087828232945 0.1549419171875 0.7957839437500001 0.15754589663622717 0.8239105578017059
0 0.968232640625 0.49647668125 0.9657251047772556 0.46939179325693337 0.53244095 0.5095055109375 0.5349484858477445 0.5365903989305665
0 0.9590108468750002 0.41877925156250023 0.9564068674337521 0.3906526392107126 0.5230772187500001 0.43077057031249993 0.5256811981912481 0.4588971826642876
0 0.5465351984375 0.6634328656250001 0.5439312188820737 0.6353062515784917 0.132666315625 0.6733814140625 0.13527029518042627 0.7015080281090084
0 0.9923723234375 0.7510807859375003 0.9896719005005254 0.721912447521946 0.5728453156117213 0.760502512356572 0.575545738548696 0.7896708507721262
0 0.9495897781249999 0.31275779843749996 0.9468893550201167 0.2835894600301251 0.5024818359375001 0.3247329875 0.505182259042383 0.3539013259073749
0 0.49979995937500005 0.3013457359375 0.4970995364495508 0.27217739752138465 0.06556311718749999 0.3121293078125 0.06826354011294929 0.34129764622861536
0 0.9955687734375 0.7744456125000003 0.9930612375139765 0.7473607243665503 0.576325640625 0.7859423671875001 0.5788331765485235 0.8130272553209499
0 0.9381299968750001 0.20157935781250003 0.9353331299793612 0.17136929038738882 0.48168647031250006 0.21336818124999996 0.48448333720813885 0.24357824867511116
0 0.9472367812499998 0.25804738593750004 0.9443434708744707 0.2267955940040589 0.492490046875 0.2686284656249999 0.49538335725052907 0.29988025755844105
0 0.9655698578124998 0.4703979859375 0.9630623219647554 0.44331309794443347 0.5297781671874999 0.48342681562499995 0.5322857030352444 0.5105117036180664
0 0.9829625515624999 0.6515933625000001 0.9802621287154956 0.6224250240800636 0.55791935625 0.6615257796875001 0.5606197790970042 0.6906941181074366