0 0.795967609375 0.07124552968750002 0.23529824591988127 0.06371461914269098 0.23474520937471813 0.1048876812709838 0.7954145728298369 0.11241859181579283
0 0.763891584375 0.282403184375 0.2278356926756988 0.27520288142829685 0.22734849375000005 0.31147439062500004 0.7634043854493013 0.31867469357170325
0 0.7367316609375001 0.5052970328124999 0.22684378845184625 0.4984482191239212 0.22639609218750004 0.53177879375 0.7362839646731538 0.5386276074385787
0 0.7586009546875 0.3158102921875 0.22517913551521068 0.3086453692128807 0.22469852031250004 0.344426721875 0.7581203394847893 0.3515916448496193
0 0.7329748390625002 0.5360021234375001 0.229261927906555 0.5292362496899278 0.22883398281250006 0.5610963578125 0.7325468939684451 0.5678622315600723
0 0.7210327343750002 0.6511357171875001 0.22608567492657566 0.6444875881078305 0.22567748124943635 0.6748772297294674 0.7206245406978609 0.681525358809137
0 0.7204938437500001 0.6217785546875 0.22887177152257684 0.6151750871999189 0.22844382656250004 0.6470351953125001 0.7200658987899232 0.6536386628000812
0 0.7043054796875002 0.7580842453125001 0.22408333482059475 0.751633902464832 0.22368172499943642 0.7815333875419676 0.7039038698663419 0.7879837303896355
0 0.7429776312499999 0.4135249 0.22523071673252146 0.4065705263712262 0.22476985310429823 0.44088141247873436 0.7425167676217768 0.4478357861075081
0 0.7088023953125001 0.731192603125 0.22421891235887478 0.7246836786959537 0.22381071872929822 0.7550733218537347 0.7083942016829236 0.7615822462827808
0 0.7760985781249998 0.21367061875000007 0.23119047714020002 0.20635141279374478 0.23067035937500005 0.2450736984375 0.7755784603597998 0.2523929043937553
0 0.781539665625 0.1791167937500001 0.23309068051569842 0.171750027825516 0.2325573953125001 0.2114526234375 0.7810063804218017 0.21881938936198414
0 0.7921869328125 0.1080865843750001 0.23501527463176958 0.1006026553714779 0.234468821875 0.14128556250000002 0.7916404800557303 0.1487694915035222
0 0.7120874453125002 0.7047749296875001 0.22495624883502702 0.698231785259954 0.22455463904151643 0.7281312718747184 0.7116858355189896 0.7346744163022645
0 0.7149451687499999 0.6789539281249999 0.22699351839175197 0.6723997605366936 0.22659849218750008 0.7018090921875 0.714550142545748 0.7083632597758063
0 0.7706236593749999 0.24789023125000006 0.23085416861905986 0.2406400484280744 0.23032746718749997 0.2798524890625 0.77009695794344 0.2871026718844257
0 0.7244088093750001 0.5943978734375001 0.22950492855188523 0.5877503258618019 0.2291033187292982 0.6176498124787344 0.7240071995524131 0.6242973600544326
0 0.6961597328125001 0.8107184125 0.22383980858544442 0.8043742111397124 0.2234579500000001 0.8328032296875 0.6957778742270558 0.8391474310477876
0 0.7843817296875002 0.1443154875000001 0.2333418507642623 0.13691392158028384 0.23280856560401633 0.17661651874971818 0.7838484445272542 0.18401808466943442
0 0.7431478984375002 0.44613429375 0.22816459745562429 0.43921703849526883 0.22773006875000007 0.47156730156250004 0.7427133697318758 0.47848455681723123
0 0.7414360109375001 0.476031084375 0.22817997261468587 0.46913702752679115 0.22774544375000008 0.5014872921875 0.7410014820728144 0.5083813490357089
0 0.7288890078125 0.565063809375 0.2286306214099086 0.5583443403524369 0.22820267654123447 0.5902044484582019 0.7284610629438258 0.596923917480765
0 0.7002122406250001 0.7836317640625 0.22258098800129006 0.777216221189716 0.22217937810401645 0.807115707812218 0.6998106307277264 0.8135312506850021
0 0.7566681140625 0.34950762187500006 0.22592355061537664 0.3423786620103741 0.22545610310401637 0.37717970312471816 0.7562006665511398 0.38430866298934413
0 0.807182446875 0.03321087031250001 0.23429270495977167 0.02551581669742638 0.23371991716679816 0.06815934685373456 0.8066096590820265 0.07585440046880818
0 0.692543621875 0.8351588968750001 0.2233759683929013 0.8288570372002674 0.2229480234375001 0.8607171453124998 0.6921156769195987 0.8670190049872325
0 0.7490332578125 0.38143329531250003 0.22606137883625405 0.37440873700507094 0.22559393125 0.40920977812500003 0.748565810226246 0.41623433643242913