0 0.9203333328125 0.6322583328125001 0.5036666671875001 0.6322583328125 0.5036666671875001 0.6593416671875001 0.9203333328125 0.6593416671875001
0 0.48842962968750003 0.6314958328125 0.07917037031250007 0.6314958328125 0.07917037031250009 0.6617041671874999 0.48842962968750003 0.6617041671874999
0 0.9194333328125 0.6825375000000001 0.5027666671875 0.6825375 0.5027666671875 0.7106625000000001 0.9194333328125 0.7106625000000002
0 0.4828296296875 0.5065166671875 0.07357037031250006 0.5065166671875 0.07357037031250006 0.5356833328125 0.4828296296875 0.5356833328125
0 0.48285925937499996 0.37761666718750003 0.06434074062500005 0.3776166671875 0.06434074062500005 0.4067833328125 0.48285925937499996 0.4067833328125
0 0.91715555625 0.6080791671875001 0.50604444375 0.6080791671875 0.50604444375 0.6341208328125001 0.91715555625 0.6341208328125002
0 0.9250370374999999 0.2965958328125001 0.5009629624999999 0.2965958328125001 0.5009629624999999 0.32680416718750005 0.9250370374999999 0.32680416718750005
0 0.91805555625 0.7822583328125001 0.5069444437500001 0.7822583328125 0.5069444437500001 0.8093416671875 0.91805555625 0.8093416671875
0 0.4856925921875 0.16115416718750003 0.05050740781250003 0.1611541671875 0.05050740781250003 0.19344583281250002 0.4856925921875 0.19344583281250005
0 0.9231851859375 0.34969583281250005 0.5028148140625001 0.34969583281250005 0.5028148140625001 0.3799041671875001 0.9231851859375 0.3799041671875001
0 0.48837777812500016 0.7815166671875 0.08282222187500009 0.7815166671875 0.08282222187500009 0.8106833328124999 0.48837777812500016 0.8106833328124999
0 0.48337777812500005 0.6067958328125 0.07782222187500007 0.6067958328125 0.07782222187500007 0.6370041671875 0.48337777812500005 0.6370041671875
0 0.48750370312499997 0.6818166671875 0.08009629687500008 0.6818166671875 0.08009629687500008 0.7109833328125 0.48750370312499997 0.7109833328125
0 0.49628148125000016 0.8062125 0.0833185187500001 0.8062125 0.0833185187500001 0.8405875 0.49628148125000016 0.8405875
0 0.48285555625 0.48121666718749995 0.07174444375000007 0.48121666718749995 0.07174444375000007 0.5103833328125 0.48285555625 0.5103833328125
0 0.9245370375 0.4018166671875001 0.5004629625 0.4018166671875 0.5004629625 0.4309833328125001 0.9245370375 0.43098333281250023
0 0.48747777812500015 0.7330958328125 0.08192222187500009 0.7330958328125 0.08192222187500009 0.7633041671874999 0.48747777812500015 0.7633041671874999
0 0.4823851859375 0.3252375 0.06201481406250005 0.32523749999999996 0.06201481406250005 0.3533625 0.4823851859375 0.3533625000000001
0 0.4851925921875 0.13305416718750002 0.05000740781250003 0.13305416718750002 0.05000740781250003 0.1653458328125 0.4851925921875 0.16534583281250004
0 0.4823851859375 0.3510166671875 0.06201481406250005 0.3510166671875 0.06201481406250005 0.38018333281250005 0.4823851859375 0.38018333281250005
0 0.91578148125 0.5049375000000002 0.50281851875 0.5049375 0.50281851875 0.5330625000000001 0.91578148125 0.5330625000000002
0 0.9199333328125 0.4792166671875001 0.5032666671875 0.4792166671875 0.5032666671875 0.5083833328125001 0.9199333328125 0.5083833328125003
0 0.48612962968750006 0.5818166671875 0.07687037031250007 0.5818166671875 0.07687037031250007 0.6109833328125001 0.48612962968750006 0.6109833328125001
0 0.4810148140625 0.18979583281250004 0.05138518593750002 0.1897958328125 0.05138518593750002 0.22000416718750007 0.4810148140625 0.2200041671875001
0 0.91668148125 0.7338166671875002 0.5037185187500002 0.7338166671875 0.5037185187500002 0.7629833328125001 0.91668148125 0.7629833328125002
0 0.9272888890625 0.2692958328125001 0.4995111109375 0.2692958328125001 0.4995111109375 0.2995041671875001 0.9272888890625 0.2995041671875001
0 0.48195555625 0.4557166671875 0.07084444375000007 0.4557166671875 0.07084444375000007 0.4848833328125 0.48195555625 0.4848833328125
0 0.91758148125 0.8065333328125 0.5046185187500002 0.8065333328125 0.5046185187500002 0.8398666671875 0.91758148125 0.8398666671875
0 0.9134296296875 0.7578583328125001 0.5041703703125002 0.7578583328125 0.5041703703125002 0.7849416671875 0.9134296296875 0.7849416671875001
0 0.4883925921875 0.24397500000000005 0.05320740781250002 0.243975 0.05320740781250003 0.27522500000000005 0.4883925921875 0.2752250000000001
0 0.9213333328125 0.5567583328125001 0.5046666671875 0.5567583328125 0.5046666671875 0.5838416671875001 0.9213333328125 0.5838416671875002
0 0.9194333328125 0.6580583328125 0.5027666671875 0.6580583328125 0.5027666671875 0.6851416671875 0.9194333328125 0.6851416671875001
0 0.48703333281249994 0.42993750000000003 0.07036666718750004 0.42993750000000003 0.07036666718750005 0.45806250000000004 0.48703333281249994 0.45806250000000004
0 0.9184814812500001 0.5822583328125001 0.50551851875 0.5822583328125 0.50551851875 0.6093416671875 0.9184814812500001 0.6093416671875002
0 0.9189333328125 0.7088583328125001 0.5022666671875 0.7088583328125 0.5022666671875001 0.7359416671875001 0.9189333328125 0.7359416671875001
0 0.48747777812500015 0.7588583328125 0.08192222187500009 0.7588583328125 0.08192222187500009 0.7859416671874999 0.48747777812500015 0.7859416671874999
0 0.919859259375 0.4533375000000001 0.501340740625 0.45333750000000006 0.501340740625 0.4814625000000001 0.919859259375 0.48146250000000024
0 0.4828296296875 0.5309958328125 0.07357037031250006 0.5309958328125 0.07357037031250006 0.5612041671875 0.4828296296875 0.5612041671875
0 0.4819074078125 0.4036166671875 0.06709259218750005 0.4036166671875 0.06709259218750005 0.43278333281250003 0.4819074078125 0.43278333281250003
0 0.48513703750000003 0.29741666718750004 0.06106296250000004 0.2974166671875 0.06106296250000004 0.3265833328125 0.48513703750000003 0.32658333281250007
0 0.9254925921874999 0.2421958328125001 0.4903074078125 0.2421958328125001 0.4903074078125 0.27240416718750005 0.9254925921874999 0.27240416718750005
0 0.48794074062500004 0.27211666718750005 0.05645925937500005 0.2721166671875 0.05645925937500005 0.3012833328125001 0.48794074062500004 0.3012833328125001
0 0.4898296296875001 0.7067958328125 0.08057037031250008 0.7067958328125 0.08057037031250008 0.7370041671875 0.4898296296875002 0.7370041671875
0 0.9199333328125 0.3754958328125001 0.5032666671875 0.3754958328125001 0.5032666671875 0.4057041671875001 0.9199333328125 0.4057041671875002
0 0.920859259375 0.42659583281250013 0.502340740625 0.4265958328125 0.502340740625 0.4568041671875001 0.920859259375 0.45680416718750017
0 0.48424074062500005 0.21565416718750002 0.05275925937500002 0.2156541671875 0.05275925937500002 0.24794583281250007 0.48424074062500005 0.2479458328125001
0 0.921759259375 0.5312583328125001 0.503240740625 0.5312583328125 0.503240740625 0.5583416671875001 0.921759259375 0.5583416671875001
0 0.9268370375 0.3221750000000001 0.5027629625000001 0.3221750000000001 0.5027629625000001 0.3534250000000001 0.9268370375 0.3534250000000001
0 0.48842962968750003 0.6569958328125 0.0791703703125001 0.6569958328125 0.0791703703125001 0.6872041671875 0.48842962968750003 0.6872041671875
0 0.48337777812500005 0.5559958328125 0.07782222187500007 0.5559958328125 0.07782222187500007 0.5862041671875 0.48337777812500005 0.5862041671875