0 0.7831581219151647 0.15279478151718157 0.24559504375000002 0.07944315937500004 0.2402903389937749 0.11831910150462781 0.7778534171589395 0.19167072364680934
0 0.7667368325285445 0.3188864670123489 0.24606403281249997 0.24783955781250003 0.24117812059645546 0.28364634548765116 0.7618509203125 0.3546932546875
0 0.7379020610081513 0.7069980435276376 0.25824217656250015 0.6415474343750001 0.2539146546168489 0.6732620158473626 0.7335745390625001 0.7387126250000001
0 0.7448219543340391 0.6233279705513822 0.25414887343750003 0.5563745890625 0.24996094879096095 0.5870661216361179 0.7406340296875 0.654019503125
0 0.7450484625409997 0.535801685708634 0.25244379843750003 0.4685847343750001 0.24811627652150045 0.5002993158538663 0.7407209406249999 0.5675162671875003
0 0.7726179576531182 0.25406170452232407 0.2463973921875 0.18225779218750002 0.24151147984688176 0.21806458141517604 0.7677320453124999 0.28986849375000007
0 0.7374987085040858 0.7371972335095023 0.2561542296875001 0.6715167593750001 0.25210590243341435 0.701185241490498 0.7334503812500001 0.766865715625
0 0.7214754014938947 0.9199459530876671 0.2566095546875002 0.8565140234375 0.25228203288110584 0.888228604724833 0.7171478796875003 0.9516605343750001
0 0.7791792126863889 0.18800836810639648 0.24547930156250009 0.11518388281250003 0.2404537920011113 0.15201372095610372 0.7741537031250002 0.22483820625000014
0 0.7655344266396407 0.350714849134209 0.24662855312500004 0.27990904062500005 0.241603043311362 0.31673888007755113 0.7605089168260026 0.38754468858676006
0 0.7418895263659 0.6804934073585036 0.2587781203125001 0.6145718312499999 0.2548693908216002 0.6432172598289964 0.7379807968750002 0.7091388359375002
0 0.7276603728333166 0.8695519596014473 0.2557268218750001 0.8051556265625001 0.2519576896666837 0.8327780060235529 0.7238912406250002 0.8971743390625001
0 0.7479515885396497 0.5659310033440773 0.2535799968750001 0.4984729515625001 0.24939207236928965 0.529164482802732 0.7437636640339393 0.5966225345843092
0 0.7455490656659995 0.593994132583634 0.2529444015625001 0.5267771812500002 0.24861687964650048 0.5584917627288664 0.7412215437499998 0.6257087140625002
0 0.7585879137572195 0.44616951628038803 0.24732604375 0.37640675 0.2427193266584712 0.41016743525355137 0.7539811966656906 0.4799302015339394
0 0.760455371436579 0.38185585291596924 0.24533033437500001 0.31156595000000004 0.24044442231342106 0.3473727377090308 0.755569459375 0.41766264062499997
0 0.7364152404691666 0.7638813698674451 0.2570023437500001 0.6984644624999999 0.2530936142183335 0.7271098910700549 0.7325065109375 0.7925267984375
0 0.72528043209591 0.8952380138504935 0.2570453937500001 0.8313463499999999 0.2532762616540902 0.8589687283370067 0.7215113000000001 0.9228603921875
0 0.7532290763629906 0.47565083796301366 0.24936422500000005 0.40689740937499996 0.24475750780270014 0.44065809482092577 0.7486223591656908 0.5094115234089396
0 0.7334519403780806 0.8173994135974668 0.25403904375000014 0.7519825078125001 0.25013031428085886 0.7806279366118426 0.7295432109089394 0.8460448423968094
0 0.7690763955069114 0.2858710290456561 0.24647200937500005 0.21456055156250003 0.24144649980558874 0.251390389704344 0.7640508859375 0.32270086718750013
0 0.7759710110369317 0.22138464330289728 0.2459696078125 0.14906482812500005 0.24094409833806846 0.18589466607210287 0.7709455015625001 0.2582144812500001
0 0.7305397169687466 0.8436130854786444 0.25482532812500003 0.7787008484374999 0.2509165986562533 0.8073462770213553 0.7266309874999999 0.8722585140625
0 0.7584207794465005 0.41513383191948705 0.24530965312500003 0.34511872968750007 0.24070293617849944 0.3788794133930131 0.7538140624999998 0.44889451562500005
0 0.7457179890598734 0.5064808294490651 0.24941481562500006 0.438759209375 0.24508729375262658 0.470473790863435 0.7413904671875 0.5381954109375001
0 0.7426984054103059 0.6519710569538498 0.2558061625000001 0.585533578125 0.2517578352146942 0.6152020602336503 0.7386500781249999 0.6816395390625001
0 0.7349693248602984 0.7899949977804098 0.25555642812500007 0.7245780906250001 0.25164769857720165 0.7532235194070903 0.7310605953125 0.8186404265625