0 0.7712964463778359 0.7864964740542406 0.28465764062500004 0.7297595515624999 0.2806228567471643 0.7643663353207594 0.7672616625000002 0.8211032578124999
0 0.7768007112943873 0.7335472724883003 0.28328991250000013 0.676009146875 0.279367205713385 0.7096546321782455 0.7728780045077721 0.7671927577915458
0 0.7799641029243857 0.7071323115265581 0.2820712218750001 0.6490832843750001 0.2780924767631146 0.6832094181609422 0.7759853578125002 0.7412584453125002
0 0.8117274818856226 0.38406031951597047 0.2730842703125 0.321260234375 0.2692176024893775 0.3544250679840296 0.8078608140624999 0.4172251531250001
0 0.7699404282849522 0.8397297676283776 0.28409288906250013 0.7830850984375001 0.2799460278062745 0.8186531821709403 0.7657935670287266 0.8752978513618179
0 0.8354576301812333 0.17976397238211766 0.271158390625 0.11397266718750002 0.2666192587015387 0.15290529947192813 0.8309184982577719 0.21869660466654572
0 0.7965232186201171 0.5076169271656324 0.2760447796875001 0.4469346625000001 0.2720660345048829 0.4810607962718678 0.7925444734375 0.5417430609375001
0 0.7627035426935583 0.8903610301970701 0.2835344765625001 0.8344950000000001 0.2789953448064419 0.8734276307404301 0.7581644109375001 0.9292936609375001
0 0.7990958426555665 0.47772904280811473 0.27518140625000004 0.4166461765625001 0.2712586995319336 0.4502916618793855 0.7951731359375002 0.5113745281250002
0 0.8253801298062264 0.28425987699517435 0.2726445984375 0.219816778125 0.2684977373812735 0.2553848605048258 0.82123326875 0.3198279593750001
0 0.8278227002081501 0.25072088326296815 0.2690064390625 0.18556883437500002 0.264859577737122 0.22113691827857762 0.8236758388827721 0.2862889671665457
0 0.8148516120237597 0.3518421302577429 0.27364108125 0.288742725 0.2698304520387405 0.32142691036725723 0.8110409828125003 0.3845263156250001
0 0.8402369995895012 0.14136757992160043 0.27033866718750005 0.07492347968750004 0.26523914866827114 0.11866260911994533 0.8351374810702723 0.18510670935404572
0 0.8037575248760026 0.44817280369345047 0.27474715156250007 0.3864958046875 0.2709925607229962 0.4186993413974129 0.8000029340364987 0.4803763404033633
0 0.7662882118813366 0.8656329021698724 0.2839927812500001 0.8094023703124998 0.27995799731393584 0.844009154059173 0.7622534279452722 0.9002396859165456
0 0.7911742633616347 0.5665707442141926 0.27583046875000006 0.506487125 0.2717396460133656 0.5415745604733075 0.7870834406250001 0.6016581796875001
0 0.8451555052898521 0.10443726590830311 0.2699677109375 0.03737647031250002 0.26475611488482886 0.08207690089878694 0.8399439092371809 0.14913769649459002
0 0.7849494572309266 0.6241577193499446 0.2800684687500001 0.5652939531250001 0.27603368495657343 0.5999007369000555 0.7809146734374999 0.6587645031250001
0 0.7954418966995834 0.537822499031572 0.2775694859375001 0.4774440703125 0.2735907408004167 0.5115702040934281 0.7914631515625 0.5719486328125001
0 0.7867040864160801 0.5962580507347218 0.27759583593750004 0.5369014312500001 0.27372916827142 0.5700662648902785 0.7828374187500001 0.6294228843750002
0 0.8091143580312867 0.41603875996082074 0.27303846875000004 0.3535379984375 0.2691157622812134 0.3871834822266793 0.8051916515625 0.44968424375000005
0 0.7810451946324788 0.6789779505951634 0.27963891093750004 0.6205192968749998 0.27560412724252126 0.6551260790923364 0.7770104109375 0.7135847328125
0 0.7701984610896092 0.8128205646857143 0.2843509218750001 0.7561758953125 0.2802040606056631 0.7917439790433314 0.7660515998202723 0.8483886484165458
0 0.7744687013221452 0.7595719787061505 0.2817878703125 0.7021306218750001 0.2778091252403547 0.7362567556688496 0.7704899562499998 0.7936981125000001
0 0.8201041857894141 0.3187979552870104 0.27530284375 0.25527989843750004 0.2713240985855861 0.28940603221298977 0.8161254406250003 0.3529240890625001
0 0.8314406331394324 0.2157459067451483 0.2698635296875 0.15027197500000003 0.2654925137355677 0.18776265887985183 0.8270696171875 0.2532365906250001
0 0.7829268754621543 0.6518149052857172 0.27974453437500013 0.5931491828125001 0.27565371185811793 0.6282366165683286 0.7788360529452723 0.6869023390415457