0 0.7139437233181448 0.17829906810453924 0.7097286859119816 0.14558692011445623 0.2046813657188368 0.210663458259917 0.20889640312499996 0.24337560625000002
0 0.7107677510272778 0.3277958069947137 0.7069478734374999 0.2981504234374999 0.22256656303522204 0.36056409769278613 0.22638644062500002 0.39020948125
0 0.7098338506032142 0.2988053134960467 0.7058822529524746 0.26813767522356213 0.21955127266176042 0.33080257110251543 0.2235028703125 0.36147020937499996
0 0.7072167870766708 0.7735870741667015 0.7035286296875 0.744963946875 0.26184374261082916 0.8018760852082986 0.2655319 0.8304992125
0 0.7067099139214583 0.5473835663095542 0.7030217562500001 0.5187604375000001 0.24466774076604164 0.5778204336904459 0.2483558984375 0.6064435625
0 0.7152301670226431 0.11865626678978043 0.71048825 0.08185510000000003 0.20134650641485688 0.14745921289771963 0.20608842343749995 0.18426037968750003
0 0.7141868186193616 0.08706518102889846 0.7094449013899746 0.05026401428606207 0.20030315777061308 0.11586813013216368 0.205045075 0.15266929687500005
0 0.70521782466352 0.6993195960219809 0.7015296671875 0.67069646875 0.2561405268989799 0.728085910228019 0.259828684375 0.7567090375
0 0.7055415325020975 0.6238549460160596 0.701853375 0.59523181875 0.2490557346854024 0.6535758633589404 0.2527438921875 0.6821989906250001
0 0.7131135718533497 0.2391426180922484 0.7090302546874999 0.20745272656249997 0.2133411031466502 0.27132344128275154 0.21742442031249998 0.30301333281250004
0 0.7082303201042945 0.4944115522428545 0.704542162276438 0.4657884232649746 0.23507539685964346 0.5262803257096201 0.2387635546875 0.5549034546875
0 0.7079942661104035 0.7500835008189594 0.7040426685264379 0.7194158623274747 0.2584584430410346 0.7768304411960154 0.26241004062500006 0.8074980796875002
0 0.7058890371737117 0.5209516366446668 0.7022008796619816 0.49232850917695636 0.24014261436327003 0.5518658069072895 0.243830771875 0.580488934375
0 0.7168512592684148 0.20855252455547765 0.7126362218750001 0.17584037656249998 0.20758890166908528 0.24091691450702238 0.21180393906250003 0.2736290625000001
0 0.7059864326188854 0.38535737433782963 0.702298275 0.3567342453124999 0.22912725644361456 0.4177034459746703 0.23281541406249998 0.44632657499999995
0 0.7071022280157023 0.8016193964310935 0.7028871905994817 0.7689072482394566 0.2626642563337794 0.8256310111833628 0.26687929375 0.8583431593749997
0 0.7075693104350795 0.7249764944872659 0.7037494327869815 0.6953311107394563 0.258262750476902 0.7527331209396906 0.26208262812500005 0.7823785046875
0 0.7065406058688973 0.5977871069696132 0.7028524484374999 0.5691639796874999 0.2463505597561026 0.6279853242803866 0.2500387171875 0.6566084515624999
0 0.7069083857166515 0.4132727661238375 0.7032202281249998 0.38464963750000003 0.2300492095958484 0.4456188385636626 0.2337373671875 0.4742419671875
0 0.7053298903142106 0.6737651132036476 0.7016417328125001 0.6451419859374999 0.2525483440607895 0.7030087289838522 0.2562365015625 0.7316318562499999
0 0.7037696956168638 0.5723837865502632 0.7002132576399748 0.5447829111610621 0.24566103389811111 0.6033530386732989 0.24921747187500004 0.6309539140625
0 0.7036932168482852 0.4407235770687639 0.7000050593749999 0.4121004499999999 0.2342425425267146 0.472115049493736 0.23793069999999994 0.5007381765625001
0 0.7083653918987861 0.3569168850736351 0.704677234375 0.3282937578125 0.22409771591371386 0.39021756336386487 0.22778587343749995 0.418840690625
0 0.7120328776030773 0.2686712085541941 0.7082129997764379 0.23902582326497462 0.2164231877983606 0.30239410064828065 0.22024306562499998 0.3320394859375001
0 0.7062310549103895 0.648487233443763 0.7026746171874999 0.6208863593749999 0.25182664665211035 0.678979183743737 0.25538308437499996 0.7065800578125
0 0.7050149091947462 0.467789336630958 0.7013267515625 0.4391662078125 0.2337121079927539 0.49941945711904195 0.237400265625 0.5280425859375
0 0.7135577336794203 0.14843984943658425 0.7092109765624999 0.11470544843749994 0.2040661131955795 0.17979455525091564 0.20841287031249997 0.21352895624999996