0 0.7379259265625 0.20393333281250006 0.23607407343750003 0.2039333328125 0.23607407343750003 0.23726666718750003 0.7379259265625 0.23726666718750006
0 0.730140740625 0.3564958328125 0.24865925937500002 0.35649583281249997 0.24865925937500005 0.38670416718750006 0.730140740625 0.3867041671875001
0 0.7300666671875 0.32627500000000004 0.2467333328125 0.326275 0.2467333328125 0.35752500000000004 0.7300666671875 0.3575250000000001
0 0.7120444437500002 0.8039166671875 0.2731555562500001 0.8039166671875 0.2731555562500001 0.8330833328124999 0.7120444437500002 0.8330833328124999
0 0.718977778125 0.5771166671875 0.2634222218750001 0.5771166671875 0.2634222218750001 0.6062833328125 0.718977778125 0.6062833328125
0 0.740777778125 0.14015000000000005 0.23522222187500003 0.14015000000000005 0.23522222187500003 0.17765000000000006 0.740777778125 0.17765000000000009
0 0.740777778125 0.10835000000000006 0.23522222187500003 0.10835000000000003 0.23522222187500003 0.14585000000000006 0.740777778125 0.1458500000000001
0 0.7124962968750002 0.7292166671875 0.2699037031250001 0.7292166671875 0.2699037031250001 0.7583833328125 0.7124962968750002 0.7583833328125
0 0.7152999999999999 0.6536166671875 0.2653000000000001 0.6536166671875 0.2653000000000001 0.6827833328125 0.7152999999999999 0.6827833328125
0 0.735196296875 0.26585416718750005 0.242603703125 0.2658541671875 0.242603703125 0.29814583281250007 0.735196296875 0.29814583281250007
0 0.7222333328125 0.5242166671875 0.2555666671875001 0.5242166671875 0.2555666671875001 0.5533833328125 0.7222333328125 0.5533833328125
0 0.7133962968750002 0.778375 0.2708037031250001 0.778375 0.2708037031250001 0.8096249999999999 0.7133962968750002 0.8096249999999999
0 0.7190296296875001 0.5505166671875 0.2597703703125001 0.5505166671875 0.2597703703125001 0.5796833328125001 0.7190296296875001 0.5796833328125001
0 0.7398259265625 0.23463333281250004 0.2379740734375 0.2346333328125 0.2379740734375 0.26796666718750006 0.7398259265625 0.2679666671875001
0 0.7235851859375 0.4146166671875 0.25321481406250007 0.4146166671875 0.25321481406250007 0.44378333281250004 0.7235851859375 0.44378333281250004
0 0.7106185187500003 0.8278333328124999 0.2735814812500001 0.8278333328124999 0.2735814812500001 0.8611666671875 0.7106185187500003 0.8611666671875
0 0.7138962968750001 0.7541958328125 0.2713037031250001 0.7541958328125 0.2713037031250001 0.7844041671875 0.7138962968750001 0.7844041671875
0 0.7171518515625 0.6276166671875 0.2634481484375001 0.6276166671875 0.2634481484375001 0.6567833328125 0.7171518515625 0.6567833328125
0 0.7235851859375 0.44271666718749997 0.25321481406250007 0.44271666718749997 0.25321481406250007 0.4718833328125 0.7235851859375 0.4718833328125
0 0.7134481484375 0.7036166671874999 0.2671518515625001 0.7036166671874999 0.2671518515625001 0.7327833328125 0.7134481484375002 0.7327833328125
0 0.7153259265624999 0.6028374999999999 0.26347407343750007 0.6028374999999999 0.26347407343750007 0.6309625 0.7153259265624999 0.6309625
0 0.71948148125 0.4698166671875 0.2565185187500001 0.4698166671875 0.2565185187500001 0.4989833328125 0.71948148125 0.4989833328125
0 0.7268888890625 0.38641666718750006 0.24911111093750007 0.3864166671875 0.24911111093750007 0.41558333281250015 0.7268888890625 0.4155833328125002
0 0.73334444375 0.29739583281250004 0.24445555625 0.29739583281250004 0.24445555625 0.3276041671875 0.73334444375 0.3276041671875001
0 0.7152740734374999 0.6794374999999999 0.26712592656250006 0.6794374999999999 0.26712592656250006 0.7075625 0.7152740734374999 0.7075625
0 0.7199074078125001 0.4971166671875 0.2550925921875001 0.4971166671875 0.2550925921875001 0.5262833328125 0.7199074078125001 0.5262833328125
0 0.7384259265625001 0.17291250000000008 0.2365740734375 0.17291250000000005 0.2365740734375 0.2072875 0.7384259265625001 0.20728750000000007