0 0.474096296875 0.15365416718750002 0.03150370312500002 0.1536541671875 0.03150370312500002 0.18594583281250002 0.474096296875 0.18594583281250004
0 0.4801 0.18461666718750003 0.030100000000000023 0.1846166671875 0.030100000000000023 0.21378333281250006 0.4801 0.21378333281250012
0 0.472196296875 0.21305833281250006 0.029603703125000026 0.21305833281250003 0.02960370312500003 0.24014166718750002 0.472196296875 0.24014166718750007
0 0.47451851874999995 0.24109583281250005 0.03748148125000003 0.2410958328125 0.03748148125000003 0.27130416718750006 0.47451851874999995 0.2713041671875001
0 0.4721925921875 0.2693166671875 0.03700740781250003 0.26931666718749997 0.03700740781250003 0.29848333281250006 0.4721925921875 0.2984833328125001
0 0.47641851874999996 0.29659583281250007 0.03938148125000003 0.2965958328125 0.03938148125000004 0.32680416718750005 0.47641851874999996 0.32680416718750005
0 0.471340740625 0.32341666718750006 0.039859259375000046 0.3234166671875 0.039859259375000046 0.35258333281250004 0.471340740625 0.3525833328125001
0 0.47689259218749996 0.35021666718750005 0.04170740781250005 0.3502166671875 0.04170740781250005 0.37938333281250003 0.47689259218749996 0.3793833328125001
0 0.9295925921875 0.27289583281250007 0.49440740781250003 0.27289583281250007 0.49440740781250003 0.3031041671875001 0.9295925921875 0.3031041671875001
0 0.928240740625 0.3018375000000001 0.496759259375 0.3018375000000001 0.496759259375 0.32996250000000005 0.928240740625 0.32996250000000005
0 0.9194370375 0.3296583328125001 0.49536296249999995 0.3296583328125001 0.49536296249999995 0.35674166718750006 0.9194370375 0.35674166718750006
0 0.9227148140624999 0.3565166671875001 0.4930851859375 0.3565166671875001 0.4930851859375 0.3856833328125001 0.9227148140624999 0.3856833328125001
0 0.9185370374999999 0.3833583328125001 0.4944629625 0.3833583328125001 0.4944629625 0.4104416671875001 0.9185370374999999 0.41044166718750014
0 0.9129851859375 0.4080375000000001 0.4926148140625 0.4080375 0.4926148140625 0.4361625000000001 0.9129851859375 0.4361625000000002
0 0.9129333328125 0.43515833281250005 0.49626666718749995 0.4351583328125 0.49626666718749995 0.46224166718750015 0.9129333328125 0.4622416671875002
0 0.9162111109375 0.46041666718750013 0.49398888906250005 0.4604166671875 0.49398888906250005 0.48958333281250005 0.9162111109375 0.48958333281250016
0 0.4721888890625 0.37841666718750006 0.04441111093750004 0.3784166671875 0.04441111093750004 0.40758333281250003 0.4721888890625 0.40758333281250003
0 0.47083703750000006 0.4036166671875 0.046762962500000047 0.4036166671875 0.046762962500000047 0.43278333281250003 0.47083703750000006 0.43278333281250003
0 0.4703851859375 0.43043750000000003 0.050014814062500045 0.43043750000000003 0.05001481406250006 0.45856250000000004 0.4703851859375 0.45856250000000004
0 0.4698851859375 0.45701666718749995 0.04951481406250006 0.45701666718749995 0.04951481406250006 0.4861833328125 0.4698851859375 0.4861833328125
0 0.46663333281249997 0.48363750000000005 0.049966667187500056 0.48363750000000005 0.04996666718750006 0.5117625 0.46663333281249997 0.5117625
0 0.46668148125000003 0.5086375000000001 0.05371851875000007 0.5086375000000001 0.05371851875000007 0.5367625 0.46668148125000003 0.5367625
0 0.4634296296875 0.5336375 0.05417037031250007 0.5336375 0.05417037031250007 0.5617625 0.4634296296875 0.5617625
0 0.46615555625000005 0.5588583328125 0.055044443750000074 0.5588583328125 0.055044443750000074 0.5859416671875 0.46615555625000005 0.5859416671875
0 0.4657296296875 0.5841000000000001 0.05647037031250006 0.5841000000000001 0.05647037031250006 0.6091 0.4657296296875 0.6091
0 0.47083333281249995 0.6080375 0.05416666718750006 0.6080375 0.05416666718750007 0.6361625 0.47083333281249995 0.6361625
0 0.46808148125000004 0.6325791671875 0.05511851875000007 0.6325791671875 0.05511851875000008 0.6586208328125001 0.46808148125000004 0.6586208328125001
0 0.469003703125 0.657 0.06159629687500009 0.657 0.06159629687500009 0.682 0.469003703125 0.682
0 0.46805185156249995 0.6807000000000001 0.06434814843750009 0.6807000000000001 0.06434814843750009 0.7057 0.46805185156249995 0.7057
0 0.47177777812500005 0.7054583328125 0.06622222187500008 0.7054583328125 0.06622222187500008 0.7325416671875 0.47177777812500016 0.7325416671875
0 0.46532222187500016 0.7302 0.0708777781250001 0.7302 0.0708777781250001 0.7552 0.46532222187500016 0.7552
0 0.46802592656250014 0.7523375 0.06617407343750009 0.7523375 0.06617407343750009 0.7804625 0.46802592656250014 0.7804625
0 0.46992592656250015 0.7744583328125 0.06807407343750009 0.7744583328125 0.06807407343750009 0.8015416671875 0.46992592656250015 0.8015416671875
0 0.46850000000000014 0.7984 0.06850000000000009 0.7984 0.0685000000000001 0.8234 0.46850000000000014 0.8234
0 0.47222592656250023 0.8215958328124999 0.0703740734375001 0.8215958328124999 0.0703740734375001 0.8518041671875001 0.47222592656250023 0.8518041671875001
0 0.9092333328125 0.48595833281250006 0.4925666671875 0.4859583328125 0.4925666671875 0.5130416671875001 0.9092333328125 0.5130416671875002
0 0.9059814812500001 0.5104166671875001 0.49301851875 0.5104166671875 0.49301851875 0.5395833328125 0.9059814812500001 0.5395833328125001
0 0.9079074078125 0.5359166671875001 0.49309259218749996 0.5359166671875 0.49309259218749996 0.5650833328125 0.9079074078125 0.5650833328125001
0 0.9055814812499999 0.5624583328125001 0.49261851874999996 0.5624583328125 0.49261851874999996 0.5895416671875001 0.9055814812499999 0.5895416671875002
0 0.9051296296875 0.5851375000000001 0.4958703703125 0.5851375 0.4958703703125 0.6132625 0.9051296296875 0.6132625000000002
0 0.900877778125 0.6104166671875001 0.49532222187499997 0.6104166671875 0.49532222187499997 0.6395833328125 0.900877778125 0.6395833328125001
0 0.9009296296875 0.6351375000000001 0.4916703703125 0.6351375 0.4916703703125 0.6632625000000001 0.9009296296875 0.6632625000000002
0 0.8944259265625 0.6578166671875001 0.49257407343750004 0.6578166671875 0.49257407343750004 0.6869833328125001 0.8944259265625 0.6869833328125001
0 0.8874740734375001 0.6830958328125001 0.48932592656249996 0.6830958328125 0.48932592656249996 0.7133041671875 0.8874740734375001 0.7133041671875001
0 0.8902518515625 0.7088166671875001 0.48654814843749994 0.7088166671875 0.48654814843750005 0.7379833328125001 0.8902518515625 0.7379833328125002
0 0.8888777781250001 0.7322583328125001 0.4833222218750001 0.7322583328125 0.4833222218750001 0.7593416671875001 0.8888777781250001 0.7593416671875002
0 0.8800481484375 0.7551958328125001 0.48375185156250017 0.7551958328125 0.48375185156250017 0.7854041671875001 0.8800481484375 0.7854041671875002
0 0.8777962968749999 0.7778583328125002 0.48520370312500016 0.7778583328125 0.48520370312500016 0.8049416671875 0.8777962968749999 0.8049416671875
0 0.8833 0.8010583328124999 0.4833000000000002 0.8010583328124999 0.4833000000000002 0.8281416671875 0.8833 0.8281416671875
0 0.8829 0.8241958328125 0.48290000000000016 0.8241958328125 0.48290000000000016 0.8544041671875 0.8829 0.8544041671875