0 0.4469056328125 0.6464782062500001 0.44674434496518617 0.6126100965686374 0.28177212499996457 0.6133957328050591 0.28193341284727846 0.6472638424864219
0 0.62213379375 0.8807778140625 0.621980777026642 0.8486465277527875 0.4619599703125001 0.849408584375 0.4621129870358581 0.8815398706847125
0 0.6047576265625 0.35756936250000004 0.6045880675688868 0.3219644247670327 0.43466443437500013 0.322773640625 0.4348339933686133 0.3583785783579674
0 0.7897309750000001 0.5864202140625001 0.7895696873558913 0.552552104387691 0.6172667890624646 0.5533726499925592 0.6174280767065733 0.5872407596673683
0 0.43649478437499994 0.4269983984375001 0.43633763229232925 0.39399869810516164 0.26406688124255917 0.3948190906250354 0.26422403332523 0.4278187909573739
0 0.60207438125 0.186744040625 0.6018882798070185 0.1476654514481221 0.4235279578124292 0.14851484529761838 0.4237140592554106 0.1875934344744963
0 0.787592390625 0.5551848812500001 0.7874228316361336 0.519579943509746 0.616521775 0.5203938140625 0.6166913339888664 0.555998751802754
0 0.4510054281250001 0.7035814140625001 0.45085654731797814 0.6723185418008174 0.2869581937425947 0.6730990625074764 0.28710707454961665 0.7043619347691591
0 0.4403683234375001 0.4914419781250001 0.4402070353075775 0.4575738684345233 0.27034769687500004 0.4583827796875001 0.2705089850049226 0.4922508893779769
0 0.7889201546875 0.221467625 0.7887464600672098 0.1849942747831294 0.6016857640624291 0.18588510154761834 0.6018594586827193 0.22235845176448893
0 0.6191666453125 0.7946225671875 0.6190053572746906 0.7607544574999938 0.4574541218749645 0.7615238031175591 0.4576154099127739 0.7953919128050653
0 0.4586866578125 0.8771862328125002 0.45854191240875347 0.8467917745674212 0.30102895937496454 0.8475418874925591 0.3011737047787112 0.877936345737638
0 0.6038252109375 0.3235590265625 0.6036556519486336 0.28795408882224616 0.4327545953125 0.28876795937500005 0.4329241543013664 0.3243728971152539
0 0.7886230531250001 0.3927753984375 0.7884576299058554 0.35803887473310786 0.6141677374925238 0.35886888280509466 0.6143331607116685 0.3936054065094868
0 0.7910285046874999 0.9218639171874999 0.7908424035025138 0.8827853280189426 0.6261660124999645 0.8835695546800594 0.6263521136849507 0.9226481438486166
0 0.4279431031249999 0.33093348749999996 0.4277694088769886 0.2944601341855657 0.25683620467261836 0.2952741562500708 0.25700989892062964 0.3317475095645051
0 0.43768949843749994 0.46087548125 0.43752407503341695 0.4261389575396435 0.26763258749999996 0.4269480203125 0.26779801090408295 0.4616845440228565
0 0.7888214859375001 0.8602434890625 0.7886601983953601 0.8263753778361945 0.6256428265550592 0.8271517031250355 0.6258041140971993 0.861019814351341
0 0.417671346875 0.088215140625 0.4174687029206055 0.04566289844742559 0.23555880781249994 0.046529196875 0.23576145176689445 0.0890814390525744
0 0.7887338328125 0.42445460468749996 0.7885725451817538 0.3905864950205614 0.613337378125 0.39142100468749996 0.6134986657557462 0.4252891143544385
0 0.6196441437499999 0.8249334609375 0.6194828557043965 0.7910653512497424 0.45890904218750006 0.7918300421875 0.45907033023310334 0.8256981518752575
0 0.787245165625 0.32548675625000006 0.7870756066683533 0.2898818185107853 0.6112874312499998 0.29071896250000007 0.6114569902066466 0.3263239002392148
0 0.4219329 0.19330231093750003 0.4217592054546902 0.15682895916826273 0.24593888281250004 0.15766625625 0.2461125773578098 0.1941396080192373
0 0.6102087062499999 0.5512935390624999 0.6100432831332507 0.5165570137991855 0.44503891718005917 0.5173428015625354 0.44520434029680833 0.5520793268258497
0 0.60911671875 0.5206513984375001 0.6089554312304573 0.4867832887667082 0.4430057874999645 0.4875735781175591 0.4431670750195072 0.5214416877883509
0 0.6015471890625002 0.1164180859375 0.6013486814258955 0.07473425782090246 0.41947093436755917 0.07560040000003546 0.4196694420041638 0.11728422811663301
0 0.6025518984375 0.2226233265625 0.6023699327388161 0.1844131514206639 0.42648531562496456 0.1852507546800591 0.4266672813236484 0.22346092982189525
0 0.4558044875 0.8218120093750001 0.45564319960777555 0.787943899692189 0.29653552343749995 0.7887016078124999 0.2966968113297245 0.822569717495311
0 0.616152871875 0.7637234921875 0.6159915839843723 0.7298553825047405 0.45688390625 0.730613090625 0.45704519414062783 0.7644812003077595
0 0.6250790234374999 0.91588529375 0.6248887860570346 0.8759382889696253 0.46262380781250007 0.876711034375 0.4628140451929654 0.9166580391553747
0 0.61040018125 0.6135856578125 0.610238893543943 0.5797175481356931 0.44868765468749994 0.5804868921875 0.44884894239355677 0.6143550018643069
0 0.45197980000000004 0.7335238093750001 0.4518267832910053 0.7013925230657507 0.2898511296800238 0.7021638890550947 0.2900041463890185 0.7342951753643441
0 0.4347562265624999 0.39659554999999996 0.4345866675937988 0.3609906122603964 0.2607533390625 0.361818446875 0.26092289803120106 0.3974233846146035
0 0.6169091078124999 0.7358077656249999 0.6167478201032982 0.7019396559480915 0.4551965843749999 0.7027089999999999 0.45535787208420153 0.7365771096769083
0 0.59983408125 0.07887590625 0.5996397090000115 0.03806048902502 0.41828282030502384 0.038924151555094634 0.4184771925550124 0.07973956878007464
0 0.6065731265625001 0.3903749703125 0.6064035674067221 0.3547700325668631 0.435991221875 0.3555815765625 0.43616078103077793 0.3911865143081369
0 0.46498118125000004 0.9107771109375001 0.4647992154565296 0.8725669358000465 0.30162110781250007 0.8733440281249999 0.3018030736059704 0.9115542032624535
0 0.60171629375 0.14942745312500003 0.601542599389041 0.11295410292393267 0.42327871718750004 0.11380303593749999 0.42345241154845914 0.15027638613856736
0 0.45247843281250005 0.7630022953125 0.45231714475945595 0.7291341840622779 0.29174333125000007 0.7298988750000001 0.2919046193030441 0.7637669862502221
0 0.7903002859375 0.831792146875 0.7901307272523441 0.7961872091445408 0.6241167890550592 0.7969778046875352 0.6242863477402152 0.8325827424179943
0 0.7875812312500001 0.35959997343750005 0.7874116719666477 0.3239950356877488 0.6126009203125 0.3248275265625 0.6127704795958524 0.3604324643122513
0 0.7897918484375 0.45829829687500007 0.789626425069552 0.4235617731732485 0.6138703984375 0.4243987640625 0.6140358218054479 0.45913528776425155
0 0.6033805484375 0.29058084687499997 0.6032068536939243 0.2541074935297042 0.43080751406249995 0.2549284999999999 0.4309812088060755 0.29140185334529567
0 0.7872434062499998 0.255756475 0.7870738471582 0.22015153726386613 0.607864690625 0.22100497343749997 0.6080342497167999 0.25660991117363385
0 0.4266503359375001 0.29682482499999996 0.4264766415287749 0.260351471672943 0.2540773015550592 0.26117247656253545 0.25425099596378437 0.29764582988959243
0 0.443659821875 0.5555541609375 0.44349853405290895 0.5216860512643906 0.2746166203125 0.5224903062499999 0.2747779081345911 0.5563584159231094
0 0.42485213749999995 0.26231839531249995 0.424678442928621 0.2258450419801973 0.25179039218002375 0.22666837499259462 0.2519640867514027 0.26314172832489724
0 0.789926815625 0.6799599140625 0.7897655281186496 0.6460918043995733 0.6208836140625 0.6468960578124998 0.6210449015688504 0.6807641674754266
0 0.7904623578125 0.802412640625 0.7902886632060502 0.7659392888537908 0.6232651546875 0.7667346937499999 0.6234388492939498 0.8032080455212091
0 0.420150825 0.12465111093750003 0.4199564523953884 0.08383569370852292 0.2385995640625 0.08469935781249995 0.23879393666711154 0.12551477504147707
0 0.4452293187499999 0.58592585625 0.4450721664953116 0.5529261559121139 0.27622239843749996 0.5537302578124998 0.2763795506921881 0.586729958150386
0 0.45693489062500003 0.8485821453125 0.45679014507183824 0.8181876870626026 0.29878847968749994 0.8189401281249999 0.2989332252406618 0.8493345863748974
0 0.7890397953124999 0.649150753125 0.7888785078061497 0.6152826434620733 0.6199965937499999 0.616086896875 0.6201578812563502 0.6499550065379267
0 0.7872639609374998 0.291405890625 0.787090266424875 0.2549325388493771 0.6063828234374646 0.25579310936755917 0.6065565179500895 0.2922664611431821
0 0.7897451187500001 0.7102079468750002 0.789579695490674 0.6754714216070875 0.6211543453050238 0.6762735015550947 0.6213197685643499 0.7110100268230074
0 0.41943117812499997 0.16006783750000003 0.4192492124326671 0.12185766235836873 0.24238717187496453 0.12269992030505916 0.2425691375672973 0.16091009544669047
0 0.4536371328125 0.7915070781250001 0.45348825168006834 0.7602442074076076 0.29447701718749997 0.76100145625 0.2946258983199316 0.7922643269673925
0 0.6152777359375001 0.67365450625 0.6151205838182714 0.6406548074787073 0.45066922343750004 0.6414379625 0.45082637555672883 0.6744376612712928
0 0.4497675390625 0.6755772234374999 0.449606251378792 0.6417091137614138 0.28414531875000004 0.6424970765625 0.28430660643370803 0.6763651862385862
0 0.42991332812499994 0.36236970625000003 0.42974790456277756 0.32763318254198315 0.25936770781249996 0.3284445734375 0.2595331313747224 0.3631810971455169
0 0.6106782203125001 0.5824708187500001 0.6105169326177523 0.5486027090735578 0.44701084843746475 0.5493813624925592 0.44717213613221257 0.5832494721690015
0 0.78929659375 0.741257596875 0.7891270347476995 0.7056526606965374 0.6211582499999999 0.7064525671874999 0.6213278090023004 0.7420575033659625
0 0.60737214375 0.4565658921875001 0.6072067204911724 0.4218293684892678 0.4397587937425945 0.4226267937574762 0.43992421700142226 0.4573633174557085
0 0.7896489296875001 0.617434075 0.7894876417173071 0.5835659653221142 0.6191395937500002 0.5843772031250001 0.619300881720193 0.618245312802886
0 0.4223057734375 0.22801561562500003 0.4221320792027969 0.19154226230355528 0.2482666031101184 0.19237024843757083 0.24844029734482148 0.22884360175901558
0 0.6077914671875 0.4229833359375001 0.6076219081907082 0.3873783981969906 0.43769827656250004 0.3881876140625001 0.4378678355592919 0.4237925518030095
0 0.7898033499999999 0.77226865625 0.7896337909836691 0.7366637185088604 0.6226424296874999 0.7374589703125001 0.6228119887038307 0.7730639080536397
0 0.61237145 0.64398948125 0.6122101622907984 0.6101213715730917 0.4506589265625 0.610890715625 0.45082021427170166 0.6447588253019083
0 0.4420429265624999 0.5240481703125 0.44188163874037334 0.49018006063194963 0.27299972343749995 0.4909843156249999 0.27316101125962644 0.5248524253055502
0 0.6166057203125 0.7040954359375001 0.6164444327733843 0.6702273247038526 0.4524496375 0.6710083046875001 0.45261092503911576 0.7048764159211476
0 0.4457219140624999 0.6160365921875 0.44556476210118134 0.583036891866515 0.2796472671875 0.5838270281249999 0.2798044191488186 0.616826728445985
0 0.6202453078124999 0.8520743359375003 0.620092291400681 0.8199430496378346 0.4610489093675237 0.8207004499925944 0.4612019257793426 0.85283173629226
0 0.607281128125 0.4876457984375001 0.6071198404393086 0.4537776872065649 0.4406814859300593 0.4545703046875354 0.4408427736157507 0.4884384159184706
0 0.7892497406250001 0.4902807421875 0.7890884528357098 0.45641263251544845 0.61531941875 0.45724016093750003 0.6154807065392902 0.4911082706095516
0 0.6040387765624999 0.25552845937500007 0.6038692179206079 0.21992352165337586 0.42905846561759464 0.22075600938247622 0.42922802425948675 0.2563609471041004
0 0.790541434375 0.8886476390625002 0.7903801466842965 0.8547795293936279 0.625896640625 0.8555628374999997 0.6260579283157035 0.8894309471688722
0 0.7887122734375 0.523431728125 0.7885468498823588 0.4886952044172116 0.6171892296875 0.48951125000000006 0.6173546532426413 0.5242477737077886