0 0.4489752656250001 0.7801840500000001 0.05865458165787435 0.7686189918975043 0.0579017718750001 0.7940263203125002 0.44822245584212583 0.8055913784149962
0 0.4632093749999999 0.5233345859375 0.05461615728259028 0.5112281195086942 0.05380543906250006 0.5385898578125 0.4623986567799097 0.5506963242413059
0 0.8520082906249999 0.7504293843750001 0.45210646913787533 0.7385804422579691 0.4513102281250001 0.765453578125 0.8512120496121248 0.777302520242031
0 0.45570535312500005 0.6427841015625001 0.05755048586471508 0.6309869197423787 0.05676872187500008 0.6573714531250002 0.4549235891352851 0.6691686349451216
0 0.8415394312500002 0.8176579562500003 0.44851700681974727 0.8060128477605808 0.4476339031250002 0.8358175984375003 0.8406563275552532 0.8474627069269196
0 0.4562771843750001 0.61950945625 0.05900121343403064 0.6077383159298158 0.05823392656250008 0.633634246875 0.4555098975034696 0.6454053871951844
0 0.4770567156250001 0.347919303125 0.0545854504377159 0.3354016360083397 0.05378920937500005 0.36227477187500007 0.4762604745622843 0.37479243899166037
0 0.8463662328125 0.7960766328125001 0.4508155311457701 0.7843566119296448 0.4500337671875001 0.8107411453125003 0.8455844688542301 0.8224611661953555
0 0.4698275234375001 0.47435524375 0.05428986184261701 0.46204301794524616 0.05347914375000007 0.4894047562500001 0.4690168053448831 0.5017169820547539
0 0.8980108625 0.41231580937500006 0.4642657170996409 0.3994641009922666 0.463483953125 0.42584863437500003 0.8972290985253591 0.4387003427577335
0 0.8761436140625001 0.5614535203125002 0.45801262695329614 0.5490644547579908 0.45721638593750014 0.575937590625 0.8753473730467041 0.5883266561795094
0 0.45515799062500006 0.666203834375 0.05787117960633159 0.6544323728673163 0.057089415625000084 0.6808169062500002 0.4543762266436686 0.6925883677576838
0 0.884312596875 0.48758187500000005 0.4679177192191264 0.4752442485085733 0.467121478125 0.5021173843750001 0.8835163557808736 0.5144550108664269
0 0.4755564937500001 0.37229160312500015 0.05650324375983432 0.35987521113548643 0.055634617187500054 0.3891913593750001 0.4746878671776658 0.4016077513645138
0 0.4611279265625 0.5717797437500001 0.05690750871708429 0.5598028424920968 0.05614022187500006 0.5856987734374999 0.46036063972041574 0.5976756746954032
0 0.9230881078125 0.1959727046875001 0.4831798433186483 0.1829383859481862 0.48228226250000006 0.2132317390625001 0.9221905269938515 0.226266057801814
0 0.46284789843749996 0.547649471875 0.056880531161427085 0.5356208088047613 0.056098767187500065 0.5620053421875001 0.462066134463573 0.5740340052577388
0 0.8594541234375003 0.68154399375 0.45781619259885264 0.6696436110081436 0.4570199515625 0.6965167468750001 0.8586578824011475 0.7084171296168564
0 0.8791036140625001 0.5372038906250001 0.46097262695329605 0.5248148250704908 0.46017638593750004 0.5516879609374999 0.8783073730467041 0.5640770264920093
0 0.8617890453125 0.65714321875 0.45838247863346526 0.6451904317282454 0.4575428062500001 0.673529375 0.8609493729290347 0.6854821620217546
0 0.44896756250000014 0.8028537531250001 0.05944988650464276 0.7913124879786817 0.05861021406250009 0.81965143125 0.44812789005785747 0.8311926963963183
0 0.4794332531250001 0.3980458015625 0.05517167038074219 0.38547508774468653 0.05430304375000006 0.4147912359375 0.47856462649425796 0.4273619497553135
0 0.9287372937500002 0.16765224687500013 0.47926957824979405 0.15433468502698672 0.4783575203125001 0.18511664062500005 0.9278252358127063 0.1984342024730135
0 0.8939068953125 0.43730030156250005 0.4653375594165098 0.4246019497913423 0.4645123640625 0.45245229062500003 0.8930816999584902 0.46515064239615783
0 0.4846156921875001 0.29497342812500005 0.054310243706475435 0.28222363729071 0.05348504843750003 0.310073978125 0.48379049691852466 0.32282376895929005
0 0.4542927875 0.6899588187499999 0.05788486966971015 0.6782133987422092 0.05711758281250009 0.7041093296875001 0.45352550064278996 0.7158547496952907
0 0.9058381187500002 0.3329490625000001 0.4642371083396588 0.31986458797838446 0.4633974359375001 0.3482035312500001 0.9049984463478415 0.36128800577161574
0 0.45943700000000004 0.595966821875 0.05868880555176903 0.5840928019130628 0.05792151875000008 0.6099887328124999 0.45866971319823113 0.6218627527744373
0 0.45248412968749996 0.7350745187500001 0.06041649159860908 0.7234576987888759 0.05964920468750008 0.7493536296875001 0.45171684277639096 0.7609704496486243
0 0.8714271265625001 0.6097998687500003 0.4610869577487831 0.5976416420243258 0.46026176250000006 0.6254919828125001 0.8706019313137171 0.6376502095381744
0 0.865200090625 0.6338525437500001 0.4618043640243742 0.6219000779157502 0.46097916874999995 0.64975041875 0.8643748953506257 0.66170288458425
0 0.8574082171874998 0.7042741953125 0.45489139002885626 0.6923477710707016 0.454080671875 0.719709509375 0.8565974990336436 0.7316359336167985
0 0.8699421015625 0.5849737125 0.46132720056806853 0.5728666036036887 0.4604875281250001 0.601205546875 0.8691024291194316 0.6133126557713113
0 0.9153626234375001 0.2787152203125 0.4711249240774625 0.2655526211986029 0.4702418203125001 0.29535737187500016 0.9144795196725376 0.3085199709888973
0 0.45427072343750013 0.7122482171875002 0.05958807801226192 0.7005539166170817 0.05880631406250007 0.72693845 0.4534889594877384 0.7386327505704186
0 0.4854980671875001 0.18589979218750005 0.05429204066853325 0.1731233174320028 0.05342341406250002 0.202439465625 0.48462944058146695 0.21521594038049732
0 0.9198833640625003 0.2243655906250001 0.4756456647024625 0.21120299151110297 0.47476256093750013 0.24100774218750015 0.919000260297538 0.25417034130139726
0 0.48414410625000004 0.15727168125000002 0.053795294332701304 0.144520605573177 0.05291219062500002 0.17432535625 0.4832610025422988 0.187076431926823
0 0.4653137718750001 0.4988592984375001 0.05585250104720176 0.48672711169630284 0.05504178281250007 0.51408885 0.4645030536402984 0.5262210367411972
0 0.4816120609375001 0.4243271375 0.05392161979070549 0.4116548272749885 0.053110901562500035 0.43901656562499997 0.4808013427092946 0.4516888758500115
0 0.9102553562500001 0.30570552812500007 0.46862182237755545 0.2926200915100811 0.46773871875000017 0.3224248421875001 0.9093722526224448 0.33551027880241907
0 0.9169891781249999 0.2518662953125001 0.4718942641619738 0.23867829711991892 0.47102563750000004 0.26799444531250016 0.9161205514630263 0.28118244350508137
0 0.4832322859375 0.24110572812500003 0.05725627545424554 0.22848421766534224 0.05641660312500002 0.2568231609375001 0.4823926136082545 0.26944467139715783
0 0.899329559375 0.38622652031250004 0.46643078849985586 0.3733998898209507 0.4656200703125 0.40076162812500005 0.8985188411876439 0.41358825861654946
0 0.8872977078125002 0.46288816562500007 0.4682878243826255 0.4504730585705438 0.46747710625000016 0.4778347968750002 0.8864869896798748 0.49024990392945644
0 0.4914153 0.2688787015625 0.05504430728751554 0.2559491898212307 0.05423358906250003 0.283310928125 0.49060458177498445 0.2962404398662693
0 0.4764190718750001 0.4490673171875 0.05392612340897572 0.4365490076033215 0.05310092812500006 0.46439934843750014 0.4755938765910244 0.4769176580216786
0 0.8834393749999998 0.5123498953125001 0.45401282450013386 0.49962614446265163 0.4532021062500001 0.5269878828125 0.8826286567498661 0.5397116336623484
0 0.47958574375000007 0.3203518328125 0.059718645718436644 0.30791132667936927 0.05892240468750004 0.3347844625 0.47878950271906345 0.3472249686331308
0 0.45086435468750014 0.7572723687500001 0.06051114580526683 0.7457063469462493 0.05971490468750011 0.7725794828125002 0.45006811356973336 0.7841455046162511
0 0.4859764984375 0.214646325 0.055660209877971635 0.20189621297820454 0.05482053750000002 0.23023515624999996 0.4851368260595284 0.24298526827179545
0 0.8541963265625002 0.7282041640625001 0.4534372905771473 0.7163298213050641 0.45265552656250013 0.7427143546874999 0.853414562547853 0.754588697444936
0 0.9026841781250002 0.3590074468750001 0.4610614859973558 0.34592232993212424 0.4601928593750001 0.3752384781250001 0.9018155515026445 0.38832359506787595
0 0.8492735671875 0.7728829234375 0.45110785818295007 0.7610854219453395 0.4503116171875 0.7879585578125001 0.84847732619205 0.7997560593046605