0 0.5184863302678142 0.23539825798075958 0.09599157500000002 0.179729365625 0.09219016660718574 0.20857986076924048 0.5146849218749999 0.26424875312500007
0 0.523148355784927 0.20808411403158983 0.09448046406250003 0.15160183593750004 0.09042562859007301 0.18237569690591027 0.5190935203125001 0.23885797500000008
0 0.4975636345778667 0.519238458694343 0.08909088906250005 0.4654171390625 0.08566962167213343 0.49138258349315694 0.49414236718750004 0.545203903125
0 0.4944114654637426 0.5436132934726156 0.08943022031250006 0.4902520234375 0.0860723095362576 0.5157366284023845 0.49105355468750006 0.5690978984375
0 0.4906012604302406 0.5675683849108065 0.09075924062500004 0.5148842703125001 0.08727461613225948 0.5413305588391937 0.48711663593750004 0.5940146734375001
0 0.47672553197410766 0.783176264360093 0.08649213593750008 0.7317582046875 0.08319758208839259 0.756761966889907 0.4734309781250001 0.8081800265625001
0 0.5042960727640268 0.4190937944735353 0.09319770000000002 0.364926515625 0.08971307564680915 0.39137280260382995 0.5008114484108359 0.4455400814523653
0 0.4789501659903263 0.7120484852758662 0.08866075937500008 0.6606230453124999 0.08523949182217376 0.6865884912866338 0.4755288984375 0.73801393125
0 0.9121399601100111 0.6751078581036876 0.510566196875 0.6221955640625001 0.5070815725267879 0.6486418510422834 0.9086553357617989 0.7015541450834709
0 0.9024270742770447 0.7217169897765607 0.5025850546875001 0.6690328750000001 0.4991004303837914 0.6954791619883047 0.898942449973336 0.7481632767648654
0 0.9324586915150913 0.5016580522862393 0.5178968265625 0.447034415625 0.5144122022349087 0.47348070240126094 0.9289740671875002 0.5281043390625001
0 0.8915223599566561 0.8169389407935164 0.49586967343750005 0.764806821875 0.49206826504334417 0.7936573170189839 0.8877209515625001 0.8457894359375004
0 0.48480839613378385 0.6643863022730643 0.09102748906250006 0.6125008140625001 0.0875428648037163 0.6389471008519358 0.4813237718750001 0.6908325890625001
0 0.8998942975699584 0.77117572569846 0.4983205328125001 0.7182634312500001 0.4948359086533774 0.7447097166914055 0.8964096734108358 0.7976220111398654
0 0.9485793626589396 0.42636182557265423 0.5252467390625001 0.3705825328125001 0.5215086873410603 0.3989521869273459 0.9448413109374998 0.45473147968750016
0 0.9064721965941764 0.6990952702317765 0.5058203140625002 0.6463044453125001 0.5024624032034585 0.6717890500540595 0.9031142857351346 0.724579874973336
0 0.5051084745116479 0.36677106032087503 0.09565783125000002 0.31282088906249994 0.09198313642585215 0.34070970061662503 0.5014337796875 0.3946598718750001
0 0.4780975189880844 0.7596246917210572 0.0878081109375001 0.7081992500000001 0.08438684308052105 0.73416469749048 0.47467625113110534 0.7855901392115372
0 0.8984191617933869 0.7946252616546898 0.49597952187500016 0.741598878125 0.49249489755494924 0.7680451651101756 0.8949345374733358 0.8210715486398655
0 0.5123899900094747 0.2884508542455017 0.09592833906250002 0.23357689687500005 0.09206357364829483 0.26290823476367015 0.5085252245952695 0.3177821921341718
0 0.9206464805597481 0.6013897286378518 0.51127985625 0.5474506296875001 0.5077952319402521 0.5738969166746484 0.9171618562500001 0.627836015625
0 0.5166898823744135 0.26063228747425704 0.09581484843750003 0.20517681406250005 0.0917600129380866 0.23595067502574305 0.5126350468750001 0.29140614843750007
0 0.5023313268946699 0.3919967983834366 0.09550630781250007 0.33839258593750005 0.09189496975130088 0.3658005564797648 0.4987199888334707 0.41940476892570133
0 0.9304130620832849 0.5269359534706727 0.5158512 0.4723123171874999 0.5123665754167152 0.49875860590432736 0.9269284375 0.5533822421875001
0 0.90115866086755 0.745951029821963 0.49955688906250006 0.693035046875 0.4960089078824498 0.719962176428037 0.8976106796874997 0.772878159375
0 0.4890350914915521 0.592208160094232 0.09352243750000004 0.5400944921875 0.09003781314261963 0.5665407793729985 0.4855504671341717 0.6186544472797305
0 0.4874356022430306 0.6403872631956974 0.08932532812500005 0.5879313265625 0.08584070380460414 0.6143776133401386 0.4839509779226347 0.666833549973336
0 0.48457481289823967 0.6888451399696682 0.08909016562500008 0.6367351625000001 0.08566889803926045 0.662700608467832 0.4811535453125001 0.7148105859375001
0 0.48915932211642826 0.6168143307841976 0.09280880000000011 0.5645902625 0.08938753234204252 0.5905557084540038 0.48573805445847074 0.6427797767382015
0 0.9542110655805514 0.37360453002582333 0.526549078125 0.31725479062500006 0.5228110264312475 0.3456244447451474 0.950473013886799 0.40197418414597064
0 0.4747115801832747 0.8055646868633438 0.08528804687500008 0.7542533343749999 0.08186677901602432 0.7802187816576266 0.4712903123242989 0.8315301341459704
0 0.5250889017840186 0.17914144647839397 0.09379538125000002 0.12231320937500004 0.08967718884098139 0.15356791289660615 0.520970709375 0.2103961500000001
0 0.8888275484931905 0.8869262036693909 0.48705773906250016 0.8339880781250001 0.4831296169294445 0.8638002572414454 0.8848994263601349 0.9167383827858362
0 0.8900197752701737 0.8646948464147014 0.491071634375 0.8121285093749998 0.4876503665125956 0.8380939566569703 0.8865985074077694 0.8906602936966717
0 0.5017263217296913 0.44429089524564025 0.09501332812500002 0.3907014453125 0.0916554173328087 0.4161860500668598 0.4983684109375 0.46977550000000007
0 0.479039940619108 0.8299260538650701 0.08333124062500008 0.7777865546874999 0.07940311875589215 0.8075987320724298 0.47511181875 0.85973823125
0 0.4968504102044549 0.4939535647746287 0.09008140468750006 0.440356734375 0.0865967804205452 0.46680302116287126 0.49336578593749997 0.5203998515625
0 0.8876098783208743 0.8406332227555042 0.4921252312500001 0.7885232453125 0.48870396386662573 0.8144886897444961 0.8841886109375 0.8665986671875002
0 0.9347327622955742 0.47686695793329814 0.5192770171875001 0.4221255421875001 0.5157290361419259 0.44905267019170214 0.93118478125 0.5037940859375002
0 0.49843414294206917 0.46901554758487407 0.09253101093750007 0.4155328046875001 0.08904638651640152 0.4419790916533272 0.4949495185209706 0.49546183455070125
0 0.9283848182497962 0.5524165179321285 0.5155547015625002 0.49802106093750015 0.5120700770627038 0.5244673492553719 0.9249001937499999 0.5788628062500002
0 0.9505284779517996 0.4008031313767771 0.5255481296875 0.34480673125 0.5220001486107004 0.371733859248223 0.946980496875 0.4277302593750001
0 0.5098247817130391 0.3408874155839109 0.09693865156250003 0.28648457812500006 0.0933273135994609 0.3138925484785892 0.50621344375 0.36829538593750005
0 0.4793440341743399 0.736189254414655 0.08735088437500008 0.6845393234375 0.08399297346245906 0.7100239281688155 0.4759861232617989 0.7616738591459706
0 0.922201119534012 0.6270418255080409 0.5102368750000001 0.5727604562500002 0.5067522503737576 0.5992067447511312 0.9187164949077695 0.653488114009172
0 0.9186623582148492 0.6511653509079551 0.512787234375 0.5976863 0.5093659667851507 0.623651745967045 0.9152410906249999 0.6771307968750001
0 0.511648532249676 0.3158366118570313 0.09700264843750007 0.26120190781249997 0.09332795368782415 0.28909072095546884 0.5079738375 0.34372542500000014
0 0.9421499897929841 0.45264161122782054 0.5206611421875 0.3971052593750001 0.5171765178704786 0.4235515461532847 0.9386653654759629 0.4790878980061052
0 0.9241448992961061 0.5769043663427107 0.5147782750000001 0.5229652671875 0.5112936507038943 0.5494115539697897 0.9206602750000001 0.6033506531250004
0 0.9549625026109834 0.3461641214403542 0.5246468828124999 0.28946473437500003 0.5207821177015165 0.31879607074714594 0.9510977374999999 0.3754954578125001