0 0.9059697737460531 0.43110437697272613 0.4765674390625 0.4206506671875002 0.475901870003947 0.4479899480272742 0.9053042046875002 0.4584436578125001
0 0.49122132758696935 0.6899551925527951 0.09487410312500008 0.680306203125 0.0942441896005308 0.7061808793222049 0.49059141406250006 0.7158298687500001
0 0.8977334297680178 0.8171578175661974 0.4996190609375001 0.8074658093750001 0.4989772624194825 0.8338286855588029 0.8970916312500004 0.8435206937500002
0 0.8986772260516815 0.7717171535060592 0.49706110625 0.7619398937499999 0.49640742238581825 0.7887909730564407 0.8980235421874999 0.7985682328125
0 0.4828979290983275 0.47217095506141743 0.07087418125000006 0.462140325 0.07022049746417257 0.48899140431358257 0.48224424531250004 0.499022034375
0 0.9085286931769316 0.3260891816519528 0.4660192015625002 0.3153163828125 0.46531797713556866 0.3441202683480473 0.9078274687500001 0.3548930671875001
0 0.4979044072157149 0.7820573253599399 0.10415908906250008 0.7724716796875 0.10352917559678532 0.7983463558900602 0.4972744937500001 0.8079320015625001
0 0.9125382659036946 0.18779501294989526 0.4629927343750001 0.17685092187500004 0.46225585437078937 0.2071194120491794 0.9118013858994839 0.2180635031240746
0 0.4801901681644595 0.2375161348006328 0.04381687187500003 0.22689272031250002 0.04313941777304048 0.25472020269936724 0.47951271406249996 0.26534361718750005
0 0.9026205674328164 0.5079441160187181 0.4845582437500001 0.49776647656250006 0.48391644502916753 0.5241293542928566 0.9019787687119838 0.5343069937490746
0 0.48853927762539107 0.3432646628979042 0.06517551875000004 0.33295796093749996 0.06449806452409285 0.3607854433511703 0.4878618233994838 0.37109214531157453
0 0.4820422775932157 0.44713939729224894 0.06741662187500007 0.4370454234375001 0.06676293803178439 0.46389650270775135 0.48138859375000004 0.47399047656250015
0 0.8994729557372148 0.6785965753808801 0.4917857203125001 0.668671515625 0.49113203645028536 0.6955225949316202 0.898819271875 0.7054476546875003
0 0.4848511938717463 0.5712934238041318 0.08159809218750007 0.5614763140625 0.08098006394075376 0.5868627886958682 0.48423316562499996 0.5966798984375
0 0.47055373931586864 0.1812250722712026 0.03841933437500003 0.1707048515625 0.03770622474663149 0.19999693710379754 0.4698406296875001 0.2105171578125001
0 0.4851728548405852 0.5466023800728114 0.07925276562500005 0.5367203421875 0.07861096703441492 0.5630832183646886 0.4845310562500001 0.5729652562499999
0 0.9075431354164738 0.35247651759673587 0.47023745781250004 0.341830403125 0.4695362333335262 0.37063428709076424 0.9068419109375002 0.3812804015625001
0 0.8994475267663112 0.7024620519631791 0.49346235624999996 0.6925784296875 0.4927967872961888 0.719917710536821 0.8987819578125 0.7298013328125001
0 0.48782524464057175 0.5952319222280908 0.08367229843750007 0.58539290625 0.0830423850469284 0.6112675824594092 0.48719533125000003 0.6211065984374999
0 0.49017309083336746 0.6666638347495268 0.09212380312500008 0.6569734093749998 0.09150577479163272 0.682359884000473 0.48955506250000014 0.692050309375
0 0.9014832665393561 0.5819040206810425 0.4859903093750001 0.571788934375 0.485336625648144 0.5986400136939576 0.9008295828125 0.6087551000000001
0 0.9106935565352632 0.21596220517863413 0.4698210437500001 0.20522925625000005 0.46908416370027917 0.23549774642003127 0.9099566764855422 0.24623069534866535
0 0.48167969945208683 0.4212311801165624 0.06525435781250005 0.41109339375 0.06457690367198779 0.43892087617145376 0.4810022453115746 0.44905866253801624
0 0.9055809322341363 0.4061283425624028 0.4762111390625002 0.3956754265625001 0.475557455265864 0.4225265058750975 0.9049272484375 0.43297942187500016
0 0.9013503071643563 0.5574903144310425 0.48585735000000013 0.5473752281250002 0.48520366627314404 0.5742263074439576 0.9006966234375001 0.58434139375
0 0.47848699630167024 0.3700315269892458 0.060327053125000044 0.3598515125 0.05964959900990435 0.3876789949237704 0.47780954218657457 0.39785900941301616
0 0.4818818767515138 0.39606944883937 0.06548907656250005 0.38593245468750004 0.06482350762348629 0.4132717339731301 0.4812163078125001 0.4234087281250001
0 0.49855348298665403 0.8045268988114481 0.1065753125000001 0.7949842734375 0.10595728416190457 0.8203707481006426 0.49793545464855854 0.8299133734745906
0 0.4741116478653205 0.20877932857841802 0.04281200468750002 0.19827943125 0.04208700994625405 0.22805971989709817 0.4733866531240746 0.23855961722551616
0 0.9097370306467883 0.2718953410267449 0.46202372187499996 0.26099585625000005 0.46132249747821163 0.28979974022325533 0.90903580625 0.3006992250000001
0 0.4878190422982026 0.6187977378763694 0.08710276562500008 0.6090423875 0.08646096707679747 0.6354052668111307 0.48717724375000004 0.6451606171875002
0 0.9108950299703789 0.29849078637195336 0.46054727500000003 0.287527165625 0.4598341653421213 0.3168192526905467 0.9101819203125002 0.32778287343750007
0 0.49241740877663515 0.7135944378216954 0.09867209062500007 0.7040087921875 0.09804217716086494 0.7298834684283046 0.49178749531250004 0.7394691140625
0 0.49331723144610906 0.7364702863109096 0.10047175781250006 0.726906546875 0.0998537294913911 0.7522930215015904 0.4926992031250001 0.7618567609375001
0 0.488939685394842 0.6429795206367335 0.08999055625000009 0.6332671890625001 0.08936064273015816 0.6591418668632667 0.488309771875 0.6688541984375
0 0.48840634007107886 0.3178505254285148 0.053767650000000035 0.30726933906250004 0.053090195865495717 0.3350968214845015 0.4877288859365745 0.3456780078505163
0 0.4851896431639485 0.5217479878767416 0.07576780000000005 0.5117807000000001 0.07511411617396091 0.5386317792718168 0.4845359593379094 0.5485990671485583
0 0.9044677298813513 0.45707896602477127 0.48026920781250004 0.4467519437500001 0.479603638868649 0.47409122460022896 0.9038021609375001 0.4844182468750001
0 0.9115628282763675 0.6306260582083991 0.49083351562500005 0.62038349375 0.4901679467236327 0.647722774604101 0.9108972593750002 0.6579653390625001
0 0.8989969446720545 0.7493036003559604 0.49657860468750004 0.7395068125 0.4959486912654456 0.7653814887065399 0.8983670312500001 0.7751782765625002
0 0.8991270853794413 0.7256083238142536 0.49490905781250005 0.715767721875 0.49425537399555886 0.7426188011857466 0.8984734015625001 0.752459403125
0 0.8951883869215032 0.8389962676403426 0.49944813906250013 0.8293620562500003 0.49872314432849707 0.8591423448596578 0.8944633921875 0.86877655625
0 0.9009160580359661 0.6544772066550102 0.4923289796875001 0.644530240625 0.4916634106750924 0.6718695215070806 0.9002504890235583 0.6818164875370908
0 0.4800886549231425 0.29118082227858044 0.05242092343750003 0.2807693421875 0.05175535445185747 0.3081086230339195 0.47942308593749994 0.318520103125
0 0.4996852782496288 0.8274877253960014 0.1093115500000001 0.8179841609375 0.10864598112537135 0.8453234402289984 0.499019709375 0.8548270046874998
0 0.9032922259360587 0.5325268629111608 0.4851973625 0.5223484328125 0.48454367871342513 0.5491995120879138 0.9026385421494838 0.5593779421865746
0 0.9031859135275931 0.48270290506636365 0.48248914218750005 0.4724611312500001 0.4818354583474072 0.4993122105586366 0.9025322296875002 0.5095539843750001
0 0.8997581369162562 0.6057840035152358 0.4894039125000001 0.5957940171875001 0.4887264583962442 0.6236214980472645 0.8990806828125002 0.6336114843750001
0 0.4841796767677035 0.4970686847402451 0.07472529531250006 0.4871006046875001 0.07405972635729666 0.514439884009755 0.4835141078125001 0.5244079640625001
0 0.4952044018899634 0.7591259285103822 0.10409353281250008 0.7496044156249999 0.1034755043600368 0.7749908902396179 0.4945863734375001 0.7845124031250001
0 0.9060220478232693 0.3795393910480178 0.4739852625 0.3690215484375 0.4733078084267304 0.39684903082698225 0.9053445937499998 0.40736687343750005
0 0.9109831471214822 0.24476988949617548 0.4667065078125 0.23395406875 0.4659933981530016 0.2632461558153991 0.9102700374619838 0.2740619765615746
0 0.4794573212893439 0.26362121602580546 0.048222759375000035 0.25312290312499997 0.04752153496065621 0.2819267886616945 0.47875609687500004 0.2924251015625
0 0.8974288556842206 0.7941964160010497 0.4984146453125001 0.7844825 0.4977609615032795 0.8113335793114504 0.896775171875 0.8210474953125002