0 0.7642808046519413 0.08693160414125092 0.7639231452974593 0.04942540936024348 0.22485298283301805 0.05456598646899254 0.22521064218750003 0.09207218125
0 0.7668871843216035 0.12181569009771524 0.7665295249999999 0.08430949374999999 0.22561103442839645 0.0894676958397848 0.22596869375000006 0.12697389218750008
0 0.7575208103656984 0.154492519478088 0.7571730859375 0.11802816249999999 0.2200360990093016 0.12315030552191202 0.22038382343750001 0.15961466250000003
0 0.7558821325324157 0.1870748189161731 0.755554278125 0.15269413906249998 0.22043531121758425 0.15779703733382686 0.22076316562499998 0.19217771718749999
0 0.7484450926301036 0.22127530981236113 0.7481073031250001 0.18585279375000002 0.2184484823698963 0.19090362612513884 0.218786271875 0.22632614218749997
0 0.7480516651365312 0.2543083538455011 0.747703940625 0.21784399687499997 0.2179602739259688 0.22289563834199888 0.21830799843749996 0.2593599953125
0 0.742366094655192 0.28727100073587286 0.7420183703125 0.25080664375 0.21412303346980802 0.2558406570766271 0.21447075781249997 0.2923050140625
0 0.6659033947083063 0.882652425731037 0.6655556703123578 0.8461880687351012 0.18571691622905162 0.8507638148790642 0.186064640625 0.8872281718749999
0 0.6715765172918924 0.8511069277034723 0.6712685328124999 0.8188099281249999 0.18067918114560752 0.8234881926090276 0.180987165625 0.8557851921875
0 0.673525386131166 0.8239814011167186 0.6732174015325606 0.7916843999853855 0.18262804977639463 0.7963626660561669 0.182936034375 0.8286596671875
0 0.6741919781419475 0.7952676949001481 0.67388399375 0.7629706937499999 0.1832946437330524 0.7676489566623518 0.18360262812499997 0.7999459578125
0 0.6772532809725511 0.7678731611022188 0.6769254265623581 0.7334924827976014 0.184318054964807 0.7381899904453827 0.18464590937500003 0.7725706687500001
0 0.6824938560315673 0.739715989206934 0.6821660015625 0.7053353109375 0.18771029553093269 0.710050445168066 0.18803815 0.7444311234375001
0 0.686398924687019 0.7110714251530423 0.6860710703125001 0.676690746875 0.1879187065629811 0.6814411310969579 0.18824656093750003 0.7158218093750003
0 0.6904204097328235 0.6823465629450799 0.6900826203125001 0.646924046875 0.18630041995467653 0.6517281183049202 0.18663820937500003 0.687150634375
0 0.6951563396963907 0.6515518623721069 0.6948384203125 0.6182130203125 0.19122591186610932 0.623015472002893 0.19154383124999996 0.6563543140624999
0 0.6958020251842025 0.6226174605087064 0.695494040624858 0.5903204609226014 0.19566303887815545 0.5950868551013951 0.1959710234375 0.6273838546875001
0 0.7003829803203996 0.5926869592471972 0.7000650609374999 0.5593481171875 0.19645255092960018 0.5641505688778028 0.1967704703125 0.5974894109375
0 0.7053968481037892 0.562952378281144 0.70506899375 0.5285716984375 0.20137163783371065 0.5333749592188561 0.2016994921875 0.5677556390625
0 0.7074486777908966 0.5337253314049651 0.7071208234373578 0.49934465311010123 0.1997268097089612 0.5041831654551361 0.20005466406249997 0.53856384375
0 0.735842513776472 0.3190996767130882 0.7355146593749999 0.2847189984374999 0.21333400184852774 0.2896985170369118 0.21366185624999995 0.32407919531250007
0 0.7329928687314207 0.3487927808408828 0.732684884375 0.3164957796875 0.20697725939357933 0.32150893009661724 0.20728524375 0.35380593125000004
0 0.7285446091832783 0.38108512357950214 0.7282167546875 0.3467044453125 0.2097327611292216 0.35164871392049785 0.21006061562499995 0.38602939218749993
0 0.7258944637657043 0.41241841421406855 0.7255666093601014 0.3780377343751421 0.20708261434439706 0.3829820014110735 0.20741046875000002 0.4173626812499999
0 0.7199210787681423 0.44296234988496197 0.7196031593750001 0.4096235093750001 0.2085973306068578 0.4144964641775381 0.20891525 0.4478353046875
0 0.7149761154556679 0.4737382064048753 0.7146482609227436 0.4393575265775408 0.20540591734207575 0.4442136670476655 0.20573377187500003 0.478594346875
0 0.7128517033386008 0.5044871676457106 0.7125139140625001 0.4690646515625 0.2031867247863992 0.47392159797928946 0.2035245140625 0.5093441140625001