0 0.950422221875 0.4542166671875001 0.505977778125 0.4542166671875 0.505977778125 0.4833833328125001 0.950422221875 0.48338333281250023
0 0.48008148125000016 0.7804583328125 0.06711851875000009 0.7804583328125 0.06711851875000009 0.8075416671875001 0.48008148125000016 0.8075416671875001
0 0.48513703750000003 0.6067583328125 0.06106296250000006 0.6067583328125 0.06106296250000006 0.6338416671875 0.48513703750000003 0.6338416671875
0 0.9611259265625 0.3461166671875001 0.5092740734375 0.3461166671875001 0.5092740734375 0.3752833328125001 0.9611259265625 0.3752833328125001
0 0.9616 0.2890166671875001 0.5115999999999999 0.2890166671875001 0.5115999999999999 0.3181833328125001 0.9616 0.3181833328125001
0 0.4861370375 0.6333583328125 0.06206296250000006 0.6333583328125 0.062062962500000075 0.6604416671875 0.4861370375 0.6604416671875
0 0.4911703703125 0.421575 0.05042962968750005 0.421575 0.05042962968750005 0.452825 0.4911703703125 0.452825
0 0.48333333281250007 0.7075375 0.06666666718750008 0.7075375 0.06666666718750008 0.7356625 0.4833333328125001 0.7356625
0 0.9430444437500001 0.5325750000000001 0.50415555625 0.532575 0.50415555625 0.5638250000000001 0.9430444437500001 0.5638250000000002
0 0.96525555625 0.2285958328125001 0.50414444375 0.2285958328125001 0.50414444375 0.2588041671875001 0.96525555625 0.2588041671875001
0 0.9518481484375 0.39951666718750006 0.5055518515624999 0.39951666718750006 0.5055518515624999 0.42868333281250004 0.9518481484375 0.42868333281250015
0 0.48568518593750004 0.6830375 0.06531481406250009 0.6830375 0.06531481406250009 0.7111625 0.48568518593750004 0.7111625
0 0.9139333328125 0.7630166671875 0.49726666718750023 0.7630166671875 0.49726666718750023 0.7921833328125001 0.9139333328125 0.7921833328125002
0 0.4879925921875 0.5018166671875 0.05280740781250006 0.5018166671875 0.05280740781250006 0.5309833328125 0.4879925921875 0.5309833328125
0 0.9189851859375 0.7377750000000001 0.49861481406250013 0.737775 0.49861481406250013 0.7690250000000001 0.9189851859375 0.7690250000000002
0 0.4824333328125002 0.7331166671875 0.0657666671875001 0.7331166671875 0.0657666671875001 0.7622833328125 0.4824333328125002 0.7622833328125
0 0.48749259218749996 0.47651666718749996 0.05230740781250006 0.47651666718749996 0.05230740781250006 0.5056833328125 0.48749259218749996 0.5056833328125
0 0.4944259265625 0.2825750000000001 0.04257407343750003 0.282575 0.04257407343750003 0.3138250000000001 0.4944259265625 0.31382500000000013
0 0.49908148125 0.19557500000000003 0.03611851875000002 0.195575 0.03611851875000003 0.22682500000000005 0.49908148125 0.2268250000000001
0 0.49539999999999995 0.36821666718750007 0.045400000000000044 0.3682166671875 0.045400000000000044 0.39738333281250005 0.49539999999999995 0.3973833328125001
0 0.9292148140625001 0.6625166671875001 0.49958518593749995 0.6625166671875 0.49958518593749995 0.6916833328125 0.9292148140625001 0.6916833328125002
0 0.48428518593750003 0.6583583328125 0.06391481406250009 0.6583583328125 0.06391481406250009 0.6854416671875 0.48428518593750003 0.6854416671875
0 0.491696296875 0.39399583281250006 0.049103703125000044 0.3939958328125 0.04910370312500005 0.4242041671875 0.491696296875 0.4242041671875
0 0.5000333328125001 0.10465416718750002 0.03336666718750001 0.10465416718750001 0.03336666718750002 0.1369458328125 0.5000333328125001 0.13694583281250003
0 0.48614074062499996 0.5281166671874999 0.05465925937500007 0.5281166671874999 0.05465925937500007 0.5572833328125 0.48614074062499996 0.5572833328125
0 0.9444444437499999 0.48021666718750006 0.50555555625 0.4802166671875 0.50555555625 0.5093833328125001 0.9444444437499999 0.5093833328125001
0 0.936540740625 0.5845958328125 0.5050592593750001 0.5845958328124999 0.5050592593750001 0.6148041671875001 0.936540740625 0.6148041671875002
0 0.9222370375000001 0.7127541671875001 0.49816296250000003 0.7127541671875 0.4981629625000001 0.7450458328125001 0.9222370375000001 0.7450458328125003
0 0.49627777812499996 0.25439583281250006 0.040722221875000034 0.2543958328125 0.040722221875000034 0.28460416718750003 0.49627777812499996 0.2846041671875001
0 0.9681037031249999 0.2594166671875001 0.5106962968750001 0.2594166671875001 0.5106962968750001 0.2885833328125001 0.9681037031249999 0.2885833328125001
0 0.48841851875 0.44919583281250003 0.05138148125000005 0.44919583281250003 0.05138148125000006 0.4794041671875 0.48841851875 0.4794041671875
0 0.9148333328125 0.7875166671875001 0.49816666718750013 0.7875166671875 0.49816666718750013 0.8166833328124999 0.9148333328125 0.8166833328124999
0 0.4874629625 0.5812166671875 0.06153703750000007 0.5812166671875 0.06153703750000007 0.6103833328125 0.4874629625 0.6103833328125
0 0.4842333328125002 0.8054541671875001 0.06756666718750008 0.8054541671875001 0.0675666671875001 0.8377458328125 0.4842333328125002 0.8377458328125
0 0.48423703749999997 0.5557583328125 0.06016296250000006 0.5557583328125 0.06016296250000006 0.5828416671875 0.48423703749999997 0.5828416671875
0 0.94214444375 0.5064958328125001 0.50325555625 0.5064958328125 0.50325555625 0.5367041671875 0.94214444375 0.5367041671875001
0 0.4931 0.33927500000000005 0.04310000000000004 0.339275 0.04310000000000004 0.37052500000000005 0.4931 0.3705250000000001
0 0.9569000000000001 0.3726166671875001 0.5069 0.3726166671875001 0.5069 0.40178333281250006 0.9569000000000001 0.4017833328125001
0 0.9393925921875 0.5588958328125001 0.5042074078125001 0.5588958328125 0.5042074078125001 0.5891041671875 0.9393925921875 0.5891041671875001
0 0.5036851859375 0.1361541671875 0.03331481406250002 0.1361541671875 0.03331481406250002 0.16844583281250003 0.5036851859375 0.16844583281250006
0 0.9231370374999999 0.6869541671875001 0.49906296250000004 0.6869541671875 0.49906296250000004 0.7192458328125001 0.9231370374999999 0.7192458328125002
0 0.49352592656249994 0.31015416718750005 0.04167407343750003 0.3101541671875 0.041674073437500035 0.3424458328125001 0.49352592656249994 0.3424458328125001
0 0.9296370375 0.6108958328125002 0.5055629625 0.6108958328125 0.5055629625 0.6411041671875001 0.9296370375 0.6411041671875002
0 0.9153111109375001 0.8109541671875 0.49308888906250015 0.8109541671875 0.49308888906250015 0.8432458328125 0.9153111109375001 0.8432458328125
0 0.9305888890625 0.6364958328125001 0.5028111109375 0.6364958328125 0.5028111109375 0.6667041671875001 0.9305888890625 0.6667041671875003
0 0.9629777781250001 0.3172166671875001 0.507422221875 0.3172166671875001 0.507422221875 0.3463833328125001 0.9629777781250001 0.3463833328125001
0 0.4810074078125002 0.7575583328125 0.0661925921875001 0.7575583328125 0.0661925921875001 0.7846416671875 0.4810074078125002 0.7846416671875
0 0.49818148124999995 0.1660958328125 0.035218518750000025 0.1660958328125 0.035218518750000025 0.19630416718750002 0.49818148124999995 0.19630416718750004
0 0.4967296296875 0.22495416718750003 0.03747037031250002 0.2249541671875 0.03747037031250003 0.2572458328125001 0.4967296296875 0.25724583281250013
0 0.950422221875 0.4265166671875001 0.505977778125 0.4265166671875 0.505977778125 0.4556833328125001 0.950422221875 0.4556833328125002