0 0.8940951390625 0.67996328125 0.4835048609375 0.6799632812499999 0.4835048609375 0.71023671875 0.8940951390625 0.7102367187500002
0 0.8886909718749999 0.7522191406250001 0.48330902812500015 0.7522191406250001 0.48330902812500015 0.7829808593750001 0.8886909718749999 0.7829808593750002
0 0.8919270828125001 0.7287632812500001 0.48307291718750023 0.72876328125 0.48307291718750023 0.7590367187500001 0.8919270828125001 0.7590367187500002
0 0.47460763906250003 0.26710742187500003 0.04839236093750003 0.267107421875 0.04839236093750003 0.29689257812500003 0.47460763906250003 0.2968925781250001
0 0.47199930625000003 0.34708398437500004 0.056200693750000044 0.347083984375 0.056200693750000044 0.37491601562500004 0.47199930625000003 0.3749160156250001
0 0.47075069375000017 0.814454296875 0.07404930625000009 0.814454296875 0.0740493062500001 0.848145703125 0.47075069375000017 0.848145703125
0 0.895659028125 0.6312074218750001 0.488540971875 0.631207421875 0.488540971875 0.6609925781250001 0.895659028125 0.6609925781250002
0 0.46871666718749994 0.577172265625 0.07288333281250006 0.577172265625 0.07288333281250006 0.604027734375 0.46871666718749994 0.604027734375
0 0.47463541718749996 0.32118398437500006 0.05536458281250004 0.321183984375 0.05536458281250004 0.34901601562500006 0.47463541718749996 0.34901601562500006
0 0.46768680625 0.552272265625 0.06751319375000006 0.552272265625 0.06751319375000006 0.579127734375 0.46768680625 0.579127734375
0 0.47111875000000014 0.696807421875 0.07268125000000009 0.696807421875 0.07268125000000009 0.726592578125 0.4711187500000002 0.726592578125
0 0.8978270828125 0.6060632812500001 0.48897291718749997 0.60606328125 0.48897291718749997 0.6363367187500001 0.8978270828125 0.6363367187500002
0 0.47329722187499995 0.476283984375 0.06010277812500007 0.476283984375 0.06010277812500007 0.504116015625 0.47329722187499995 0.504116015625
0 0.46899513906249995 0.39958398437500003 0.058404860937500046 0.399583984375 0.058404860937500046 0.427416015625 0.46899513906249995 0.427416015625
0 0.924284028125 0.2963398437500001 0.485915971875 0.2963398437500001 0.485915971875 0.3246601562500001 0.924284028125 0.3246601562500001
0 0.8951951390625 0.654519140625 0.4846048609375 0.6545191406249999 0.4846048609375 0.685280859375 0.8951951390625 0.6852808593750002
0 0.47527569375 0.18418671875 0.04732430625000002 0.18418671874999998 0.04732430625000002 0.21641328125000006 0.47527569375 0.2164132812500001
0 0.889059028125 0.7995191406250001 0.4819409718750002 0.799519140625 0.4819409718750002 0.830280859375 0.889059028125 0.830280859375
0 0.909071528125 0.45443984375000007 0.486328471875 0.45443984375 0.486328471875 0.48276015625000007 0.909071528125 0.4827601562500002
0 0.8942951390625 0.703975 0.4837048609375 0.703975 0.48370486093750004 0.735225 0.8942951390625 0.7352250000000001
0 0.9136395828125 0.40353984375000007 0.4891604171875 0.40353984374999996 0.4891604171875 0.43186015625000007 0.9136395828125 0.4318601562500001
0 0.47181875 0.64973984375 0.07338125000000009 0.64973984375 0.07338125000000009 0.67806015625 0.47181875 0.67806015625
0 0.9138736109375 0.3775722656250001 0.48852638906249995 0.3775722656250001 0.48852638906249995 0.4044277343750001 0.9138736109375 0.4044277343750002
0 0.9194798609375001 0.3238281250000001 0.4863201390625 0.3238281250000001 0.4863201390625 0.3511718750000001 0.9194798609375001 0.3511718750000001
0 0.906003471875 0.5559074218750001 0.48499652812500005 0.555907421875 0.48499652812500005 0.5856925781250001 0.906003471875 0.5856925781250002
0 0.47022708281250003 0.45118398437499996 0.06137291718750004 0.45118398437499996 0.061372917187500056 0.47901601562499996 0.47022708281250003 0.47901601562499996
0 0.8893270828125001 0.82261015625 0.4804729171875001 0.82261015625 0.4804729171875001 0.85678984375 0.8893270828125001 0.85678984375
0 0.8851888890625 0.7761632812500001 0.48241111093750016 0.77616328125 0.48241111093750016 0.80643671875 0.8851888890625 0.80643671875
0 0.47203958281249997 0.2125515625 0.04756041718750002 0.21255156249999999 0.04756041718750002 0.2418484375 0.47203958281249997 0.24184843750000007
0 0.9038993062499999 0.505207421875 0.48810069375 0.505207421875 0.48810069375 0.534992578125 0.9038993062499999 0.5349925781250001
0 0.47851388906250003 0.15478671875000002 0.044486110937500024 0.15478671875 0.044486110937500024 0.18701328125000002 0.47851388906250003 0.18701328125000005
0 0.46698263906250015 0.7211515625 0.07201736093750008 0.7211515625 0.07201736093750008 0.7504484375 0.4669826390625002 0.7504484375
0 0.918577778125 0.3509839843750001 0.488022221875 0.3509839843750001 0.488022221875 0.3788160156250001 0.918577778125 0.3788160156250001
0 0.46832916718749995 0.3731398437500001 0.05687083281250005 0.37313984375000003 0.05687083281250005 0.40146015625000003 0.46832916718749995 0.40146015625000003
0 0.4689270828125 0.425183984375 0.06007291718750004 0.425183984375 0.06007291718750004 0.453016015625 0.4689270828125 0.453016015625
0 0.47503958281249997 0.29567226562500004 0.05056041718750004 0.29567226562500004 0.05056041718750004 0.32252773437500004 0.47503958281249997 0.3225277343750001
0 0.9119416671874999 0.42878398437500004 0.48485833281249996 0.428783984375 0.48485833281249996 0.45661601562500004 0.9119416671874999 0.45661601562500015
0 0.9257881937500001 0.2671074218750001 0.48221180625000004 0.2671074218750001 0.48221180625000004 0.2968925781250001 0.9257881937500001 0.2968925781250001
0 0.46704861093750016 0.744607421875 0.0729513890625001 0.744607421875 0.0729513890625001 0.774392578125 0.46704861093750016 0.774392578125
0 0.9034652781249999 0.5807632812500001 0.48853472187499997 0.58076328125 0.48853472187499997 0.6110367187500001 0.9034652781249999 0.6110367187500001
0 0.46945069375 0.673683984375 0.07274930625000009 0.673683984375 0.07274930625000009 0.701516015625 0.46945069375 0.701516015625
0 0.46681458281250016 0.790695703125 0.07358541718750009 0.790695703125 0.0735854171875001 0.819504296875 0.46681458281250016 0.819504296875
0 0.468290971875 0.52613984375 0.06290902812500007 0.52613984375 0.06290902812500007 0.55446015625 0.468290971875 0.55446015625
0 0.46901458281249997 0.602272265625 0.07578541718750006 0.602272265625 0.07578541718750006 0.629127734375 0.46901458281249997 0.629127734375
0 0.4724395828125 0.23867500000000005 0.047960417187500035 0.23867500000000003 0.047960417187500035 0.2699250000000001 0.4724395828125 0.2699250000000001
0 0.4715270828125 0.501983984375 0.06267291718750007 0.501983984375 0.06267291718750007 0.529816015625 0.4715270828125 0.529816015625
0 0.4654805562500002 0.76843984375 0.0731194437500001 0.76843984375 0.0731194437500001 0.79676015625 0.4654805562500002 0.79676015625
0 0.9038333328125001 0.5308515625000001 0.4871666671875 0.5308515625 0.4871666671875 0.5601484375000001 0.9038333328125001 0.5601484375000002
0 0.9092395828125 0.48043984375000004 0.4847604171875 0.48043984375 0.4847604171875 0.50876015625 0.9092395828125 0.5087601562500002
0 0.46981875000000006 0.625283984375 0.07138125000000006 0.625283984375 0.07138125000000008 0.653116015625 0.46981875000000006 0.653116015625