0 0.48739791718750014 0.7723722656249999 0.11500208281250009 0.7723722656249999 0.11500208281250009 0.7992277343749999 0.48739791718750014 0.7992277343749999
0 0.48476805624999997 0.663948828125 0.1080319437500001 0.663948828125 0.1080319437500001 0.688851171875 0.48476805624999997 0.688851171875
0 0.48463819375000006 0.618748828125 0.10356180625000008 0.618748828125 0.10356180625000008 0.643651171875 0.48463819375000006 0.643651171875
0 0.48653819374999996 0.640460546875 0.10546180625000008 0.640460546875 0.10546180625000008 0.666339453125 0.48653819374999996 0.666339453125
0 0.89839930625 0.3324722656250001 0.48260069375 0.3324722656250001 0.48260069375 0.3593277343750001 0.89839930625 0.3593277343750001
0 0.8910930562500001 0.43211640625000014 0.48310694375 0.43211640625000003 0.48310694375 0.45848359375000014 0.8910930562500001 0.4584835937500002
0 0.497871528125 0.23108398437500005 0.07512847187500002 0.23108398437500002 0.07512847187500002 0.25891601562500005 0.497871528125 0.2589160156250001
0 0.4804270828125 0.15100742187500002 0.07157291718750002 0.151007421875 0.07157291718750002 0.18079257812500002 0.4804270828125 0.18079257812500005
0 0.49392708281250003 0.38342812500000006 0.08507291718750004 0.383428125 0.08507291718750004 0.410771875 0.49392708281250003 0.410771875
0 0.4967354171875 0.28288398437500006 0.07746458281250004 0.282883984375 0.07746458281250004 0.31071601562500006 0.4967354171875 0.31071601562500006
0 0.8969652781249999 0.3823722656250001 0.482034721875 0.3823722656250001 0.482034721875 0.4092277343750001 0.8969652781249999 0.4092277343750002
0 0.49632708281250004 0.408560546875 0.08747291718750004 0.408560546875 0.08747291718750004 0.434439453125 0.49632708281250004 0.434439453125
0 0.48437638906249997 0.5498046875 0.09722361093750007 0.5498046875 0.09722361093750007 0.5751953125 0.48437638906249997 0.5751953125
0 0.48566805625000004 0.6855046875 0.10893194375000008 0.6855046875 0.10893194375000008 0.7108953125 0.48566805625000004 0.7108953125
0 0.484340278125 0.5961929687499999 0.1006597218750001 0.5961929687499999 0.1006597218750001 0.6206070312499999 0.484340278125 0.6206070312499999
0 0.8791125 0.5978722656250002 0.4884875 0.5978722656250001 0.4884875 0.6247277343750002 0.8791125 0.6247277343750002
0 0.9138840281249999 0.1455191406250001 0.475515971875 0.14551914062500004 0.475515971875 0.1762808593750001 0.9138840281249999 0.17628085937500013
0 0.8704041671875 0.7330605468750001 0.4901958328125001 0.733060546875 0.4901958328125001 0.7589394531250001 0.8704041671875 0.7589394531250002
0 0.49980555625 0.25712812500000004 0.07619444375000002 0.25712812500000004 0.07619444375000003 0.28447187500000004 0.49980555625 0.2844718750000001
0 0.48373194375000006 0.7068046875 0.11046805625000009 0.7068046875 0.11046805625000009 0.7321953125 0.48373194375000017 0.7321953125
0 0.8780465281250001 0.6205281250000001 0.48655347187500003 0.620528125 0.48655347187500003 0.6478718750000001 0.8780465281250001 0.6478718750000001
0 0.9053395828124999 0.2544839843750001 0.48086041718750006 0.2544839843750001 0.48086041718750006 0.2823160156250001 0.9053395828124999 0.2823160156250001
0 0.87347430625 0.7109605468750001 0.48892569375 0.710960546875 0.48892569375000006 0.7368394531250001 0.87347430625 0.7368394531250002
0 0.88628680625 0.5054046875000001 0.48611319374999995 0.5054046875 0.48611319374999995 0.5307953125000001 0.88628680625 0.5307953125000002
0 0.90106944375 0.3061839843750001 0.48093055625 0.3061839843750001 0.48093055625 0.3340160156250001 0.90106944375 0.3340160156250001
0 0.8975312499999999 0.3581164062500001 0.48346875 0.3581164062500001 0.48346875 0.3844835937500001 0.8975312499999999 0.3844835937500001
0 0.48610000000000014 0.7288046875 0.11110000000000009 0.7288046875 0.11110000000000009 0.7541953125 0.48610000000000014 0.7541953125
0 0.909909721875 0.1735632812500001 0.48109027812500005 0.17356328125000003 0.48109027812500005 0.2038367187500001 0.909909721875 0.2038367187500001
0 0.4875826390625 0.48001640625 0.09261736093750007 0.48001640625 0.09261736093750007 0.5063835937500001 0.4875826390625 0.5063835937500001
0 0.8761104171874999 0.6664164062500001 0.48808958281250003 0.66641640625 0.48808958281250003 0.6927835937500001 0.8761104171874999 0.6927835937500002
0 0.8756763890625001 0.5745722656250001 0.48852361093749996 0.574572265625 0.48852361093749996 0.6014277343750001 0.8756763890625001 0.6014277343750002
0 0.8826166671875001 0.5514722656250001 0.4867833328125 0.551472265625 0.4867833328125 0.5783277343750001 0.8826166671875001 0.5783277343750002
0 0.9068736109375 0.22793984375000007 0.4815263890625 0.22793984375000007 0.4815263890625 0.2562601562500001 0.9068736109375 0.2562601562500001
0 0.871072221875 0.7543605468750001 0.4891277781250002 0.754360546875 0.4891277781250002 0.7802394531250001 0.871072221875 0.7802394531250002
0 0.87387430625 0.6888605468750001 0.48932569375 0.688860546875 0.48932569375 0.7147394531250001 0.87387430625 0.7147394531250002
0 0.4867319437500002 0.7506929687499999 0.11346805625000009 0.7506929687499999 0.11346805625000009 0.7751070312499999 0.4867319437500002 0.7751070312499999
0 0.480259028125 0.177619140625 0.07314097187500003 0.177619140625 0.07314097187500003 0.20838085937500006 0.480259028125 0.20838085937500012
0 0.48628055625 0.5037605468749999 0.09391944375000007 0.5037605468749999 0.09391944375000007 0.5296394531249999 0.48628055625 0.5296394531249999
0 0.4975736109375 0.20582812500000003 0.07222638906250002 0.20582812499999997 0.07222638906250002 0.23317187500000003 0.4975736109375 0.23317187500000008
0 0.9030395828125 0.2797515625000001 0.4785604171875 0.2797515625000001 0.4785604171875 0.3090484375000001 0.9030395828125 0.3090484375000001
0 0.8892888890625 0.45680468750000014 0.48651111093750005 0.45680468750000003 0.48651111093750005 0.48219531250000014 0.8892888890625 0.4821953125000002
0 0.9090458328125001 0.20173984375000006 0.47675416718749997 0.20173984375000006 0.47675416718749997 0.23006015625000006 0.9090458328125001 0.23006015625000006
0 0.487590971875 0.33362812500000005 0.08220902812500006 0.333628125 0.08220902812500006 0.36097187500000005 0.487590971875 0.36097187500000005
0 0.8941291671875 0.4071281250000001 0.4826708328125 0.407128125 0.4826708328125 0.4344718750000001 0.8941291671875 0.4344718750000002
0 0.494790971875 0.43187226562500003 0.08940902812500004 0.43187226562500003 0.08940902812500005 0.45872773437500003 0.494790971875 0.45872773437500003
0 0.49613125 0.30836054687500003 0.08206875000000005 0.30836054687500003 0.08206875000000005 0.33423945312500003 0.49613125 0.3342394531250001
0 0.8858208328125 0.5286605468750001 0.4847791671875 0.5286605468750001 0.4847791671875 0.5545394531250001 0.8858208328125 0.5545394531250002
0 0.48591458281250005 0.456760546875 0.09268541718750006 0.456760546875 0.09268541718750006 0.482639453125 0.48591458281250005 0.482639453125
0 0.48505277812500003 0.35921640625000006 0.08574722187500004 0.35921640625 0.08574722187500004 0.38558359375000006 0.48505277812500003 0.3855835937500001
0 0.4839763890625 0.52769296875 0.09682361093750007 0.52769296875 0.09682361093750007 0.55210703125 0.4839763890625 0.55210703125
0 0.8767763890625 0.643672265625 0.48962361093749995 0.643672265625 0.48962361093749995 0.670527734375 0.8767763890625 0.6705277343750001
0 0.86893819375 0.7751074218750001 0.4878618062500002 0.775107421875 0.4878618062500002 0.804892578125 0.86893819375 0.804892578125
0 0.484372221875 0.5730046875 0.10242777812500008 0.5730046875 0.10242777812500008 0.5983953125 0.484372221875 0.5983953125
0 0.8876208328124999 0.48076054687500014 0.4865791671875 0.480760546875 0.4865791671875 0.5066394531250001 0.8876208328124999 0.5066394531250002