0 0.9161862428384527 0.7896541874689945 0.9147982484374998 0.7605133578125 0.496650455599047 0.7804299765935052 0.49803844999999997 0.8095708062499998
0 0.9131675171875001 0.26920092812499996 0.9117299513924259 0.23901935149617795 0.4621285623299259 0.2604341233711779 0.463566128125 0.2906156999999999
0 0.910081261131005 0.2143721187407833 0.9086436952382458 0.18419054219103673 0.45719209504474073 0.20569344220025348 0.4586296609374999 0.23587501875000005
0 0.9138404281249999 0.3521624859375 0.9124524336993918 0.3230216562077568 0.4610008343007457 0.3445245546910368 0.46238882872635384 0.37366538442078
0 0.49426079080419083 0.8566362265539651 0.492823225 0.82645465 0.08392649200830918 0.8459306359460351 0.0853640578125 0.8761122125000002
0 0.47767334422957913 0.6071186343521574 0.4763844921875 0.580059290625 0.060086912020420914 0.5998877828353424 0.06137576406249999 0.6269471265624998
0 0.9175030288776094 0.7405238062141527 0.9161150343714631 0.7113829764882457 0.49426681875 0.73147585 0.4956548132561463 0.7606166797259071
0 0.47685308961612216 0.5309526202861308 0.4755642374999999 0.5038932765624999 0.051865808821377715 0.5240742765888692 0.0531546609375 0.5511336203125
0 0.490418765465757 0.8054066624331622 0.48908034218749996 0.777306575 0.08018360617928244 0.7967825610152909 0.08152202945753947 0.824882648448453
0 0.4842786927799886 0.7069421030967795 0.482989840625 0.679882759375 0.07039268378251136 0.6995350000282206 0.0716815359375 0.7265943437500001
0 0.4643710343749999 0.3476936218750001 0.463082182159342 0.32063427800726474 0.035683329687499994 0.34099153281249994 0.03697218190315786 0.36805087668023523
0 0.4692989748955786 0.40225529680555094 0.46796055155896327 0.3741552093007458 0.038711490625 0.39460058906250006 0.04004991396161541 0.42270067656730514
0 0.9163392234374997 0.7155447171875 0.9149512289450158 0.6864038874609422 0.49125279999999993 0.7065848874999999 0.492640794492484 0.7357257172265578
0 0.46530961250000014 0.37580858125 0.46397118906246276 0.3477084937492176 0.0365723390625 0.3680657484375 0.037910762500037325 0.3961658359382825
0 0.4474605456538964 0.18607927498373913 0.4459238375 0.15381621406249998 0.01852498715860356 0.17417346720376087 0.0200616953125 0.20643652812500002
0 0.9168705390624998 0.7650877625 0.9154825445563535 0.7359469327740928 0.4936343296132456 0.7560398062535367 0.495022324119392 0.7851806359794439
0 0.469211521875 0.42829536406250013 0.4678730985400481 0.40019527655761566 0.040474248437500006 0.42055252968750007 0.041812671772451834 0.44865261719238453
0 0.9132182955502641 0.6395091499886753 0.9117807296875 0.6093275734374999 0.4880823013247359 0.6295085734488246 0.4895198671874999 0.65969015
0 0.47917311316674294 0.6565154140307427 0.4778842609339632 0.6294560686757456 0.065287103125 0.649108309375 0.06657595535777973 0.6761676547299971
0 0.9133786081436644 0.1573783546717266 0.9118419000000001 0.1251152921875 0.4529894546167824 0.146970696952791 0.4545261627604467 0.17923375943701755
0 0.4632966382256257 0.2946131968404381 0.46190864375 0.2654723671875 0.030809371149374237 0.28600587347206186 0.032197365624999995 0.315146703125
0 0.9148695320355218 0.4316231092631625 0.9134815374929264 0.4024822795389914 0.4657303609375 0.42380892656249997 0.4671183554800953 0.45294975628667106
0 0.46397200312500014 0.24034791093750005 0.4624848661616978 0.20912559216193688 0.020284323974197733 0.23018785778693687 0.0217714609375 0.26141017656250004
0 0.9168504921875 0.8146570703125 0.9154624977747547 0.7855162405821441 0.4991649180872547 0.8053447327696439 0.5005529125 0.8344855624999999
0 0.4755453698078645 0.5813635030746133 0.4743060890589631 0.5553449046132456 0.0580085078125 0.5751733968749999 0.05924778856140132 0.6011919953363676
0 0.4924115093750001 0.8283226453125001 0.4911226573127688 0.8012633015118797 0.08222592293776872 0.8207392874493797 0.08351477500000001 0.8477986312500001
0 0.4854684037174886 0.7319199577842793 0.48417955155896325 0.7048606139882456 0.07158239375 0.7245128546874999 0.07287124590852541 0.7515721984835337
0 0.9135107096511748 0.3247612187368457 0.9120731437500001 0.29457964218749993 0.46247175597382534 0.31599441563815434 0.46390932187499995 0.3461759921875001
0 0.4866919421875 0.7565957875 0.48540308994784764 0.7295364421453303 0.07650635468750001 0.7490124296875 0.07779520692715232 0.7760717750421697
0 0.9122085999999999 0.48367979375000003 0.9109197478973716 0.4566204499513039 0.4798204744598717 0.47715395620130385 0.4811093265624999 0.5042133
0 0.9123642741183984 0.3795704937175685 0.9109762796875 0.3504296640625 0.4650753133816017 0.3716681828449314 0.4664633078125001 0.4008090125
0 0.46543479687500006 0.3211272234375 0.46409637361263895 0.29302713749165793 0.0348473140625 0.31347251718749997 0.03618573732486111 0.34157260313334203
0 0.9138973489727252 0.5096352609120068 0.9126084967972089 0.48257591555428236 0.47780880156249983 0.503285675 0.47909765373801616 0.5303450203577245
0 0.49015416243922727 0.7803847436784719 0.48881573906250003 0.75228465625 0.07806879055428247 0.7718487703902911 0.07940721393100972 0.799948857818763
0 0.4752828760431874 0.5558407937003126 0.4740435953124999 0.5298221953125001 0.05404558899178245 0.5498269407027909 0.05528486972246993 0.5758455390906034
0 0.48129057861524716 0.6820499077891493 0.48000172656249995 0.6549905640624999 0.06740456867928246 0.6746428032027911 0.06869342073202968 0.7017021469294404
0 0.9114591654241663 0.4579007249351431 0.9101207421839632 0.4298006389882458 0.47347083437500015 0.450598525 0.47480925761520326 0.4786986109468974
0 0.9165587830502642 0.6907208781136752 0.9151212171875001 0.6605393015625001 0.49142278882473606 0.6807203015738248 0.4928603546875 0.7109018781249999
0 0.46243465156249997 0.2670161421875 0.46104665709480475 0.23787531245976146 0.0262469609375 0.25858507187499996 0.02763495540519521 0.2877259016027386
0 0.91546816875 0.40525827968750006 0.9140801743291849 0.3761174499575286 0.46262857432918486 0.3976203483950286 0.46401656874999997 0.42676117812500014
0 0.47362595843413813 0.4536995905953911 0.47233710625 0.4266402453125 0.04493825562836196 0.4469974984671089 0.0462271078125 0.47405684375
0 0.9164390186251357 0.5619072796190245 0.9151005953125001 0.5338071921875 0.47660047805428246 0.554693204765291 0.47793890136691813 0.5827932921968156
0 0.911381540625 0.24112632968750008 0.9099935461068405 0.2119854999621651 0.456691734375 0.23357652656249991 0.45807972889315945 0.26271735628783494
0 0.9087127651911265 0.18571853119624296 0.9072256281250001 0.1544962125 0.46317487387137357 0.17564660630375703 0.4646620109374999 0.20686892499999998
0 0.4566204738241336 0.21378178591908448 0.45508376562499997 0.18151872343749995 0.018433857425866333 0.2023166093934155 0.019970565625000002 0.234579671875
0 0.9140524937500001 0.8421113499999999 0.912466214302442 0.8088075421016487 0.4961686328125 0.8286360343749999 0.4977549122600581 0.8619398422733511
0 0.47150568806475485 0.5059725218481004 0.4702168359375 0.478913178125 0.05021883068524523 0.4989179250268997 0.0515076828125 0.5259772687500001
0 0.913996215625 0.6658084140625 0.9125586497621937 0.635626837436904 0.48701001069969346 0.6558959639994041 0.48844757656249993 0.6860775406250001
0 0.9142497209447458 0.5359547921573858 0.9129608687464632 0.5088954483632457 0.47816117343749986 0.5296052093749999 0.47945002563578243 0.5566645531691401
0 0.4802454296875 0.6322309234375001 0.4789565775744398 0.6051715780768008 0.06450920569943978 0.6249119437018007 0.0657980578125 0.6519712890625
0 0.9073560695009361 0.6142322952767326 0.905968075 0.5850914656249999 0.4859700695615638 0.6050962125357673 0.4873580640625 0.6342370421875
0 0.9136446088219113 0.2981389718269212 0.9121574718714633 0.26691665305074574 0.46255608437499995 0.28833142500000003 0.4640432213254481 0.31955374377617546
0 0.9116836819706065 0.5882906812156772 0.9102956875 0.5591498515625 0.47919641334189356 0.5796833578468228 0.4805844078125 0.6088241875
0 0.47071508336612233 0.47987413903613074 0.4694262312464632 0.4528147952382457 0.04572780156249999 0.4729957953124999 0.04701665368215905 0.5000551391103849