0 0.5932481273548765 0.5381028577747278 0.43160848749999997 0.5160467859375 0.42738954115725347 0.5469656627185207 0.58902918101213 0.5690217345557486
0 0.5750344070999922 0.8413185805922627 0.4163690234375001 0.8196683531250002 0.41190190383750797 0.8524059881577377 0.5705672875000001 0.8740562156250002
0 0.7596874869182095 0.7192537322007815 0.5906200468750001 0.6961841203125002 0.5861529269349814 0.7289217552706582 0.7552203669781908 0.7519913671589394
0 0.4126898632953358 0.8506053059973034 0.24896981250000008 0.8282653578125002 0.2447508663921644 0.8591842330651966 0.40847091718750006 0.88152418125
0 0.796002945561791 0.3031082535330233 0.6195077015625 0.2790251046875001 0.6147924091257091 0.3135814949044768 0.7912876531250002 0.33766464375000005
0 0.4420451617654191 0.15616900073316198 0.2697107421875001 0.13265360312500002 0.26499544917208107 0.1672099945793381 0.43732986875000013 0.19072539218750006
0 0.4411180553058519 0.2241707866246967 0.26774342812500007 0.20051345156250008 0.2630281353191482 0.23506984306280346 0.43640276250000004 0.25872717812500007
0 0.4260254743169448 0.612499416320649 0.2569580343750001 0.58942980625 0.2524909147455553 0.622167441491851 0.4215583546875001 0.6452370515625
0 0.592212894717982 0.5685483728056419 0.4304268921875001 0.5464723296875001 0.4259597722887696 0.5792099660189883 0.5877457748192515 0.60128600913713
0 0.45330401907989126 0.08136988966755201 0.27102229687499996 0.05649716250000002 0.2653143106076085 0.09832858533244805 0.4475960328124998 0.12320131250000003
0 0.43978659441104784 0.2573029411233358 0.266411965625 0.23364560468750004 0.2616966727764522 0.26820199481416435 0.43507130156249996 0.29185933125000013
0 0.4275343085741877 0.5497532333329096 0.25832050625 0.52666365 0.2536052133008124 0.5612200401045905 0.4228190156250001 0.5843096234375
0 0.7774387011268591 0.500710087320018 0.6053970062500001 0.4772346312500001 0.6011780594205831 0.5081535092885516 0.7732197542974422 0.5316289653585695
0 0.5729219475341087 0.9303896639939705 0.41069685781250015 0.9082537046875 0.4054852180908914 0.9464476094435297 0.5677103078125001 0.9685835687500001
0 0.6139843257616876 0.27697088802040964 0.4447705234375 0.2538813046875001 0.4400552304883124 0.28843769479209047 0.6092690328125 0.3115272781250001
0 0.7410170574019436 0.9287941869084909 0.5781908500000001 0.9065762046874999 0.5737237300980568 0.9393138396540092 0.7365499375000001 0.9615318218750002
0 0.5900117369560907 0.6001872105008493 0.4283720984375002 0.5781311390625001 0.4241531521064096 0.6090500160616509 0.585792790625 0.6311060875000001
0 0.445766631682844 0.11963549421240112 0.2712054359375001 0.09581625000000005 0.26624196987965604 0.13219139953759898 0.44080316562500005 0.15601064375000004
0 0.745515898936782 0.8687569504628551 0.5815031218750002 0.8463770593750001 0.5767878291882181 0.8809334495371453 0.74080060625 0.9033133406250002
0 0.5869521761156683 0.6608951123175635 0.4253125375000001 0.6388390390625001 0.42109359107183175 0.6697579142449367 0.5827332296875001 0.6918139875
0 0.5772612713690263 0.8115358732247433 0.4177020453125001 0.789763678125 0.41348309894347396 0.8206825549002567 0.5730423250000001 0.8424547499999999
0 0.7912099849387008 0.3696821631925579 0.614714740625 0.34559901250000014 0.6099994478452386 0.3801554026417516 0.7864946921589394 0.40423855333430947
0 0.5723901169000016 0.8714963703632364 0.4149112984375002 0.8500080500000001 0.4106923516406894 0.8809269280457034 0.5681711701031908 0.9024152484089397
0 0.7852521382857286 0.40308341009890813 0.6129177171875001 0.3795680125000001 0.6082024242142715 0.41412440396359196 0.7805368453125 0.4376398015625001
0 0.6239387677783225 0.17358569444850658 0.44952393593750006 0.14978642031250006 0.44480864313061685 0.18434281044830284 0.6192234749714393 0.20814208458430933
0 0.42952942851730647 0.5181122178424651 0.2582352125 0.494738759375 0.253519919891633 0.5292951495543443 0.4248141359089395 0.5526686080218094
0 0.42292095692654363 0.6704741257173084 0.25578756250000007 0.6476684187500001 0.2510722696073958 0.6822248088670013 0.41820566403393933 0.7050305158343094
0 0.7917788271116433 0.33684611475186493 0.6173639937500001 0.31304684062500004 0.612648700984796 0.3476032307699445 0.7870635343464392 0.37140250489680937
0 0.43251453203572854 0.45549336791140804 0.26018011093750004 0.43197797031249996 0.2554648179642715 0.46653436177609187 0.4277992390625 0.490049759375
0 0.770614056726532 0.5947664428435908 0.5982796359375 0.5712510468750001 0.593564343273468 0.6058074384064094 0.7658987640625 0.6293228343750001
0 0.7656592474766157 0.6566163147460258 0.59436503125 0.6332428562500001 0.5896497384608844 0.6677992477539744 0.7609439546875001 0.69117270625
0 0.7678408647944719 0.6263012895763919 0.59654665 0.6029278296875 0.591831357080528 0.6374842197986081 0.7631255718750001 0.6608576796875001
0 0.7423161447334568 0.9002595259340358 0.5784497312500002 0.87789960625 0.5739826115165434 0.9106372412534643 0.7378490249999999 0.9329971609375003
0 0.772282621486023 0.5634069308787977 0.6011347687499999 0.5400534421875001 0.5966676485886069 0.572791078676951 0.76781550132463 0.5961445673682486
0 0.43808067249360966 0.2931851616421013 0.26574625312500005 0.26966976406250004 0.2610309602903297 0.30422615419220805 0.4333653796589393 0.3277415517718093
0 0.41116118796234175 0.9074166921105086 0.24581548281250015 0.8848549171874998 0.24060384284047914 0.9230488221041793 0.4059495479903208 0.945610597027188
0 0.5979283944386435 0.4747890057897949 0.4351021890625001 0.4525710250000001 0.4306350693859867 0.4853086600159539 0.5934612747621302 0.5075266408057486
0 0.7752036005764193 0.5318663163203474 0.6028691796875 0.5083509187499999 0.5981538869235807 0.5429073086796528 0.7704883078125 0.5664227062500001
0 0.5964171197334569 0.506095874371536 0.43255070624999997 0.48373595468749997 0.4280835865165432 0.5164735896909642 0.5919500000000002 0.5388335093750002
0 0.4210950818248108 0.6994371116324946 0.2550018953125 0.6767733437499999 0.2502866025501893 0.7113297336800053 0.4163797890625001 0.7339935015625001
0 0.6215509157711943 0.20712207638147065 0.4478835640625 0.18342479843750006 0.4426719248538058 0.2216187033060295 0.6163392765625001 0.24531598125000015
0 0.7551504679491876 0.7802343020829096 0.585936665625 0.75714471875 0.5812213726758124 0.7917011088545907 0.7504351749999999 0.8147906921875002
0 0.5810457866596883 0.7513011227517307 0.42134019843750004 0.7295089578125 0.4168730789653117 0.7622465928732693 0.5765786671875001 0.7840387578125
0 0.6097269256765437 0.34401804134230823 0.44259353125000017 0.3212123343750001 0.43787823835739587 0.35576872449200125 0.6050116327839394 0.3785744314593094
0 0.6310742549912326 0.10137710454102426 0.4501254625000001 0.07668625781250007 0.4449138231337676 0.11488016264647594 0.6258626156250001 0.13957100937500014
0 0.4354797116409113 0.32524371634820115 0.2641854953125001 0.30187025624999997 0.2594702024215888 0.3364266461517988 0.43076441875000004 0.35980010625
0 0.4347913910458671 0.3576632941956558 0.26349717656250005 0.3342898359375 0.25878188395413304 0.36884622611684426 0.43007609843750016 0.3922196843750001
0 0.7826744323865816 0.43607144807554316 0.610486375 0.4125760203125 0.606019254904109 0.44531365502089615 0.7782073122906907 0.46880908278393935
0 0.4322274316423063 0.4221403584674651 0.26093321562500005 0.39876690000000004 0.25621792304519375 0.43332328997003494 0.42751213906249996 0.4566967484375001
0 0.7398176237669115 0.9577648436091565 0.5734317124999999 0.9350611328125 0.5682200731080884 0.9732550376408436 0.7346059843749999 0.9959587484375001
0 0.7517335253575628 0.8084799756473448 0.5846001312500002 0.7856742703125001 0.5798848386763769 0.8202306604994648 0.7470182327839395 0.8430363658343095
0 0.7619989057861434 0.6893825187447067 0.5930778265625001 0.6663328796875001 0.5888588801513569 0.6972517578177934 0.7577799593750002 0.7203013968750002
0 0.4110845132953358 0.8795983841223034 0.24736446250000013 0.8572584359375002 0.2431455163921644 0.8881773111901969 0.40686556718750005 0.9105172593750002
0 0.4140556774192209 0.7887140442912537 0.2521233125000002 0.766618028125 0.24740801945577937 0.8011744182087464 0.4093403843750002 0.8232704343749999
0 0.5885795178944548 0.6315048671136441 0.42693987812500006 0.6094487968750002 0.42272093210554534 0.6403676735113562 0.5843605718750002 0.66242374375
0 0.44239549620764496 0.1896047441155742 0.2678343015625 0.16578549687500002 0.26287083483304563 0.20216064648086518 0.43743202947819065 0.22597989372143937
0 0.42851744137086223 0.5799998882325121 0.2572232265625 0.556626428125 0.2525079334198285 0.5911828195514272 0.42380214822819084 0.6145562796589392
0 0.6274950753328409 0.13800413110990872 0.4486266953125001 0.1135971609375001 0.4434150559171591 0.15179106576509147 0.6222834359374999 0.1761980359375001
0 0.41522651482865347 0.758861342708889 0.25225394687500013 0.7366233890625 0.2475386537120376 0.7711797807000504 0.41051122166569093 0.7934177343464395
0 0.7579083535861149 0.7485973256700573 0.5886945515625002 0.72550774375 0.5839792587045761 0.7600641352388824 0.7531930607281909 0.7831537171589396
0 0.43141183044754516 0.48728209016310775 0.2592237734375 0.4637866656250001 0.25475665392745495 0.49652430046189255 0.4269447109375 0.5200197250000003
0 0.5842284650043446 0.6915363341544378 0.42362903125000007 0.6696222000000001 0.41941008478634634 0.7005410767545015 0.5800095185406908 0.7224552109089395
0 0.572124549284717 0.9006722638211826 0.4125653234375001 0.8789000687499999 0.4083463772777831 0.9098189439913176 0.567905603125 0.9315911390625002
0 0.5831224149757839 0.7205975421762472 0.42252297968750013 0.6986834078124999 0.41830403322384646 0.7296022845670016 0.5789034685121301 0.7515164189307487
0 0.7978732256138523 0.26864904109563614 0.6182573640625001 0.24414007656250009 0.6135420712611478 0.27869646827936406 0.7931579328125 0.3032054328125001
0 0.43398003364041904 0.3908664179206619 0.26164561406250003 0.3673510203125 0.256930321047081 0.4019074117668381 0.42926474062500003 0.425422809375
0 0.6103165708720685 0.3111848301635779 0.44422338437500003 0.2885210625 0.4395080916279316 0.32307745264892224 0.605601278125 0.3457412203125001
0 0.6010781353584569 0.4419049603090359 0.43721172187500007 0.419545040625 0.4327446021415432 0.45228267562846414 0.5966110156250001 0.4746425953125001
0 0.4188981584054156 0.7296500069316176 0.2538451765625001 0.7071281781250001 0.249129883753524 0.7416845698401919 0.4141828655964394 0.7642063986468095
0 0.603059133809429 0.4097618105275645 0.4391927203125001 0.387401890625 0.4347256005370104 0.42013952561924495 0.5985920140339392 0.4424994455218093
0 0.7484402300711063 0.8399438506530569 0.5833872484375 0.8174220218749999 0.5786719558663939 0.8519784118469433 0.7437249375 0.8745002406250002
0 0.4251166926056332 0.6406612319106297 0.25590288906250014 0.61757165 0.25118759621899706 0.6521280417076188 0.4204013997621301 0.6752176236182487
0 0.5794129479133899 0.7807906587585848 0.4197073593750001 0.7589984921875002 0.4152402395866102 0.7917361271789154 0.5749458281250001 0.8135282937500001
0 0.7798890588140888 0.46820487906301284 0.6077009999999999 0.44470945312500004 0.6032338802484112 0.4774470881244873 0.7754219390625 0.5009425140625
0 0.41438467246301824 0.819871855169818 0.2503718984375 0.7974919640625001 0.24565660566198186 0.8320483542051823 0.40966937968750006 0.8544282453125002
0 0.6058573628836063 0.3768038647155568 0.4408043812500001 0.3542820359375 0.43608908865033325 0.3888384261187525 0.6011420702839394 0.41136025489680933
0 0.6181522806016763 0.24462594586635564 0.4458178609375 0.22111054687500004 0.4411025676550751 0.25566693827077447 0.6134369873192514 0.27918233726213015