0 0.755960240625 0.12605925 0.7551279095032126 0.08629285005051897 0.1867547140298104 0.09818919218818427 0.18758704515159777 0.1379555921376653
0 0.7591478281249999 0.16052488593750003 0.7583593039412861 0.1228514562353368 0.19391734375 0.134665515625 0.19470586793371383 0.17233894532716326
0 0.7623478328125 0.19762437031250008 0.7615812119243142 0.16099742259918517 0.19910487343750002 0.17277034218750004 0.19987149432568585 0.2093972899008149
0 0.7630838546875001 0.23163878750000003 0.7623610408747112 0.19710481157401755 0.20381593593681577 0.2087954468423104 0.20453874974960456 0.24332942276829286
0 0.768725240625 0.26689899531250005 0.7680024267795217 0.23236501782470173 0.20945732031250003 0.244055653125 0.2101801341579784 0.2785896306127983
0 0.7718350656249998 0.3005035796875002 0.771112251742134 0.2659696006374005 0.21990810624999996 0.27750658593750005 0.22063092013286584 0.3120405649875998
0 0.7713362390624999 0.335088253125 0.7706134251723684 0.3005542740741491 0.22491500312499996 0.31197602187499995 0.2256378170151315 0.3465100009258509
0 0.77146974375 0.3680515875 0.7707469300187249 0.33351761154982607 0.2323894718736316 0.34478570774712075 0.23311228560490665 0.37931968369729474
0 0.7755336390625 0.40203822812500006 0.7748108252949808 0.36750425064526165 0.23645336715549461 0.37877234690837375 0.2371761809230138 0.41330632438811216
0 0.7776745828125 0.43546207968750006 0.7769517691134326 0.4009281006564024 0.24226479056030498 0.4121193703465579 0.24298760425937244 0.44665334937765555
0 0.7789580812499999 0.4665922265625001 0.7782352674444961 0.43205824752039845 0.24905401246731035 0.4431342812506843 0.24977682627281408 0.477668260292786
0 0.7817791968749999 0.498192721875 0.781056383031849 0.4636587459458785 0.25187512812499996 0.47473478125 0.2525979419681509 0.5092687571791215
0 0.7850248390624999 0.5298262125000001 0.7842582182413148 0.4931992647609932 0.260321928125 0.5041655203125 0.26108854894618505 0.5407924680515068
0 0.7851759187499999 0.55915000625 0.7844312015714757 0.5235695467694746 0.26429576875 0.534456246875 0.2650404859285242 0.5700367063555254
0 0.7879045203125 0.5909743921874999 0.787137899485201 0.5543474444478609 0.26870733125 0.5651984624999999 0.269473952077299 0.601825410239639
0 0.7875377515625002 0.6198274312500001 0.7867711308751315 0.583200485083264 0.2756815249666262 0.5938978515304946 0.27644814565399484 0.6305247976972306
0 0.79200698125 0.6503088 0.791218457122659 0.6126353703036649 0.28550419531250004 0.623220228125 0.2862927194398411 0.6608936578213351
0 0.79134895625 0.677316940625 0.7906042390232791 0.6417364795484368 0.286985973403442 0.6522774671228049 0.28773069063016277 0.6878579281993681
0 0.7967007703125 0.708043665625 0.7958684391171585 0.6682772656679143 0.2935639046875 0.6787907578124999 0.2943962358828414 0.7185571577695855
0 0.797693328125 0.7368263749999999 0.7969048038706898 0.6991529452905381 0.29669626562499996 0.7096225671874999 0.2974847898793103 0.7472959968969619
0 0.8014305015625001 0.7621134796875 0.8007076876203693 0.7275795006312731 0.30456076249999997 0.7379641109375 0.3052835764421308 0.7724980899937269
0 0.8046704421875001 0.7911339218750001 0.8039038215724768 0.7545069741573075 0.30749613902912615 0.7648970390304947 0.30826275964414945 0.8015239867481874
0 0.8050100359375 0.8183431312500001 0.8042653187343982 0.7827626717995525 0.31165849687499997 0.7930731843749999 0.31240321407810184 0.8286536438254476
0 0.8175354453124999 0.9324824812500001 0.8166593073870081 0.8906231157750204 0.32694070468750003 0.9008731765625001 0.32781684261299177 0.9427325420374798
0 0.8161117406249998 0.9005679671875002 0.8153232165200297 0.8628945390519138 0.32245563906181574 0.8732105093423101 0.32324416316678595 0.9108839374778965
0 0.815638875 0.8751706609375003 0.8148284474310644 0.8364507477113984 0.3181600109375 0.8468462718750001 0.3189704385064356 0.885566185101102
0 0.8125690640624998 0.8479976546874998 0.8117586363651312 0.8092777414481199 0.31509020312499997 0.8196732671874999 0.3159006308223687 0.8583931804268797