0 0.7078272765625001 0.6185403671875 0.2430707095992976 0.5763808256650871 0.24054263906250006 0.6042496625 0.7052992060257025 0.6464092040224129
0 0.758694190625 0.36269038124999997 0.265327367922742 0.3179355130601323 0.262400128125 0.35020469531250004 0.7557669508272581 0.3949595635023677
0 0.672558453125 0.8223785609375 0.228537383707165 0.7821000038611642 0.22618672172166487 0.8080131329403297 0.6702077911394999 0.8482916900166655
0 0.7004146125 0.6708581234375 0.23829238807849346 0.628937553119574 0.23585302187500004 0.6558285359375001 0.6979752462965065 0.6977491062554262
0 0.6787934500000002 0.7967755953125001 0.22947543011927926 0.7560165363469611 0.22690300753133513 0.7843743015369947 0.6762210274120561 0.8251333605025337
0 0.7725442750000001 0.3015558250000001 0.2714440426286828 0.256099434909205 0.26851680312500004 0.28836861406250003 0.7696170354963174 0.3338250041532952
0 0.8074576359375 0.13662451250000002 0.2818455982744773 0.08894457901300148 0.27820872485941756 0.12903659061224743 0.8038207625224404 0.17671652409924596
0 0.6838088968750001 0.7719351156250001 0.23194134084416484 0.7309447772274191 0.22941327031250008 0.7588136140625001 0.6812808263433354 0.7998039524600811
0 0.7643286812500001 0.33191690781249994 0.2674682501162897 0.2868451233708291 0.26445230625 0.32009215781250006 0.7613127373837103 0.36516394225417087
0 0.7793175578124999 0.269674178125 0.2704273795689565 0.22351113883899268 0.2674114359375 0.25675817187500005 0.7763016141810434 0.30292121116100745
0 0.7047175390625002 0.6440703328125001 0.23987616279057908 0.6019030981110962 0.2372150359375001 0.6312387156250001 0.7020564122094213 0.673405950326404
0 0.7443531500000001 0.45288852656250017 0.25536747537705046 0.408531086041766 0.2525732921875001 0.4393334843750001 0.7415589668104497 0.4836909248957341
0 0.6962350671875 0.69613369375 0.23921190949508464 0.6546756758026769 0.23668383904974738 0.6825445126405827 0.6937069967421627 0.7240025305879059
0 0.734370078125 0.4814057515625 0.2531460811229799 0.43775239892868695 0.25039625 0.46806587187500004 0.73162024700202 0.511719224508813
0 0.7931142828125001 0.20487945468750013 0.2737715479483192 0.15776823070280802 0.27053384360941757 0.19345989998724736 0.7898765784735986 0.24057112397193947
0 0.7279997359375 0.5094876140625002 0.25112861606000325 0.4662291231239747 0.24846748906250013 0.49556474218749996 0.7253386089399969 0.5388232331260254
0 0.7998645000000001 0.17268101718750012 0.27708469634846955 0.12525800598358544 0.2738469920214122 0.16094967526841236 0.7966267956729427 0.20837268647232704
0 0.7189241718749999 0.5646504796875 0.2454618509571914 0.5217012119492987 0.24275637187500004 0.5515257578125001 0.7162186927928086 0.5944750255507014
0 0.7503873343749999 0.4236983859375 0.2571335919919756 0.3789537756217926 0.25438376093750004 0.409267246875 0.7476375033205244 0.45401185719070736
0 0.8152900812500002 0.1027961609375001 0.2828604442188495 0.05449778120272737 0.279312275 0.09361193906250004 0.8117419120311506 0.14191031879727276
0 0.6875461375 0.7457908703125 0.2347345079941625 0.704714893561032 0.23207338108391223 0.7340505127684123 0.6848850105897497 0.7751264895198803
0 0.7238799312500002 0.5370787656250001 0.24700880956451837 0.49382027623278935 0.2443476826719176 0.5231558952997475 0.7212188043573994 0.5664143846919583
0 0.7534240265625001 0.3934969062500001 0.2618322805974917 0.3489030608049422 0.2589937453125001 0.38019438593750005 0.7505854912775083 0.42478823138255795
0 0.6693429296875001 0.8459153 0.22764524062575825 0.8058475020578681 0.2248954093750001 0.8361609750000001 0.666593098436742 0.8762287729421321
0 0.7125871937500001 0.5927235359375 0.24525282363650688 0.5503301539302593 0.24272475312500003 0.5781989906250001 0.7100591232384932 0.6205923726322409
0 0.6910960125000001 0.7204581812499999 0.23662238657943102 0.6792314396279899 0.23404996403699477 0.7075892034061652 0.6885235899575638 0.7488159450281752
0 0.7869487984375002 0.2374219734375001 0.27024040645385505 0.19054971755153488 0.26709140625000005 0.22526353281250006 0.7837997982336452 0.27213578869846533