0 0.8163855109375001 0.8368522515624999 0.4086160854045133 0.7991007023290905 0.40562633125000014 0.8313942203125002 0.8133957567829869 0.8691457695459096
0 0.89062990625 0.41324718437500013 0.47573304042154846 0.3748357729326031 0.47322550468750013 0.4019206593750001 0.8881223705159517 0.4403320708173971
0 0.4240169187500002 0.5985611703125 0.012706521487354138 0.5604817959649446 0.010006098437500078 0.589650134375 0.4213164957001461 0.6277295087225554
0 0.4169557734375 0.6501754406250001 0.005690870036998507 0.612100278127713 0.003086890494850847 0.6402268920307934 0.41435179389535237 0.6783020545280805
0 0.848634259375 0.6654501062500001 0.43741484968831357 0.6273791574464056 0.4349073139057936 0.6544640454426494 0.8461267235924803 0.6925349942462439
0 0.4392087828125 0.47393104218750004 0.024311916984048387 0.43551963074510314 0.021804381250000043 0.46260451718750006 0.4367012470784517 0.501015928629897
0 0.4818188015625 0.20994201250000005 0.048443655791735714 0.16981987096150464 0.04574323281250002 0.198988209375 0.4791183785832643 0.2391103509134954
0 0.45218619218750006 0.3958122328125 0.03168214959021014 0.35688170533886593 0.028981726562500042 0.38605004375 0.44948576915978994 0.42498057122363414
0 0.8716157859375002 0.5147494421875001 0.4566734244474728 0.4763338202954267 0.45406944503892294 0.504460434205015 0.8690118065289505 0.5428760560970884
0 0.42873335156250014 0.5501213390625 0.017513942167570747 0.5120503884287599 0.015006406250000076 0.5391352765624999 0.42622581564492945 0.5772062271962399
0 0.8869575640624999 0.4397367281250001 0.4683832388233603 0.4009848557433647 0.4658757029948508 0.42806974359329353 0.8844500282339904 0.4668216159749289
0 0.8812400937500001 0.4646248515625001 0.46266576716075686 0.4258729777790776 0.4601582312234428 0.4529578659118558 0.8787325578126861 0.49170973969527837
0 0.4776745734374999 0.263944453125 0.04250619487428095 0.22365629403293616 0.03990221548157215 0.2517829077992214 0.4750705940447911 0.2920710668912852
0 0.8978707 0.3878949125 0.4792963734333801 0.3491430385736049 0.4767888375 0.37622792656250004 0.8953631640666198 0.4149798004888952
0 0.40192617656250007 0.749365315625 8.881784197001253e-17 0.7121547374999999 -0.0025075359822637755 0.739239625742225 0.39941864058023624 0.7764502038672251
0 0.9149562515625 0.2793932531250001 0.4870972949632827 0.23978180221681655 0.484396871875 0.26895014062500017 0.9122558284742175 0.3085615915331837
0 0.47452359062499994 0.2904612531250001 0.04114844642645675 0.25033911158697825 0.038448023437500034 0.27950745 0.4718231676360432 0.3196295915380219
0 0.8333891937500002 0.7399464484375 0.4239175215318375 0.7020373037796115 0.42121709843750005 0.7312056421875002 0.8306887706556628 0.7691147868453887
0 0.8206175265625001 0.7886323375000001 0.41675303125252067 0.7512423088864284 0.4142454953125 0.7783271968750001 0.8181099906224795 0.8157172254885717
0 0.4607624000000001 0.34324974843750006 0.0347421699092698 0.30380852877668546 0.03204174687500004 0.3329768671875 0.45806197696573037 0.3724180868483146
0 0.9116021312499999 0.307748803125 0.4893048528388021 0.26865225639626666 0.4867008734374999 0.29677886875000004 0.9089981518486978 0.3358754154787334
0 0.41451100781250005 0.6746605140625 0.003246104388841586 0.6365853517081598 0.0006421249867214485 0.6647119642059278 0.4119070284103799 0.7027871265602681
0 0.42732237812500007 0.5743995328125 0.016102968563851794 0.5363285823084458 0.013595432655793526 0.5634134704426492 0.4248148422169417 0.6014844209467034
0 0.45612178906250006 0.3701749765625001 0.03382451042686888 0.3310784312349675 0.031220531106572157 0.3592050437367214 0.45351780974220335 0.39830158906425395
0 0.8420275140625002 0.6900331625 0.4326013386961562 0.6521282315364374 0.42999735934844285 0.6802548440368559 0.8394235347147868 0.7181597750004185
0 0.3991523750000001 0.7733156109375001 8.881784197001253e-17 0.7363618359374999 -0.0025075357673636335 0.7634467239344821 0.3966448392326364 0.8004004989344822
0 0.49559597968749997 0.12578663437500004 0.05854337764955431 0.08532403189816777 0.05584295468750002 0.11449237031250006 0.4928955567254457 0.15495497278933235
0 0.49455781875000004 0.15433558593750007 0.053827755832228784 0.11353252096347714 0.05112733281250002 0.14270085937500004 0.4918573957302713 0.18350392434902296
0 0.8394586031250002 0.7156162328125001 0.4281936980454211 0.6775410718720345 0.42558971861985084 0.7056676857807936 0.83685462369943 0.7437428467212592
0 0.86713131875 0.5411049640625002 0.4504412169630009 0.5025275333516662 0.4480301250000001 0.5285706921875 0.8647202267869993 0.5671481228983339
0 0.8479237656249999 0.6406729171875002 0.4422205437010346 0.6031126588839205 0.43971300779922134 0.630197547018428 0.8454162297231868 0.6677578053220077
0 0.4092958515625001 0.6991706765625001 0.0019954586015608067 0.6614625537911011 -0.0007049642440530746 0.6906308922111053 0.40659542871688614 0.7283390149825043
0 0.8782413453124999 0.48986553906249997 0.4559895622350588 0.45077320574210783 0.4534820264190721 0.47785809373672156 0.8757338094965134 0.5169504270571137
0 0.445031175 0.4479221265624999 0.026411354572354606 0.40916604078589086 0.023807375000000047 0.4372926546875 0.4424271954276454 0.47604874046410905
0 0.82590263125 0.7639647484375 0.4219471480750525 0.7265662961102467 0.4192467249867214 0.7557346345184279 0.8232022081616689 0.7931330868456812
0 0.4326717875 0.5244633328125001 0.019613648427763718 0.48622215107333133 0.01710611250000007 0.5133070390624999 0.43016425157223637 0.5515482208016687
0 0.43667147343750007 0.4990925734374999 0.02172911206783155 0.4606769517016562 0.019125132655793537 0.48880356575514927 0.4340674940254621 0.527219187490993
0 0.8611905109375002 0.5907636703125001 0.44813237176297527 0.5525224901308488 0.44562483593750013 0.5796073781250002 0.8586829751120251 0.6178485583066514
0 0.8545606031249997 0.615869909375 0.44701865152411757 0.5781394199660106 0.4445111156117214 0.605224307955928 0.8520530672126035 0.6429547973649175
0 0.46679176093750013 0.31627237812500003 0.03893280265957751 0.276660928773656 0.036232379687500024 0.30582926718750003 0.46409133796542257 0.3454407165388441
0 0.4191007078125001 0.6238260640624999 0.011467766795303046 0.5860871507962975 0.008767343736721434 0.6152554892059279 0.41640028475391844 0.6529944024721303
0 0.8669307046875001 0.5662811015625001 0.4483563795917882 0.5275292291941434 0.44584884375 0.5546141171875 0.8644231688457118 0.5933659895558568
0 0.8191656734375 0.813209334375 0.4153011779024336 0.7758193071625972 0.41279364205735075 0.8029041951557934 0.8166581375924171 0.8402942223681962
0 0.9046777453124999 0.3614938546875001 0.48058723429517575 0.32223129013241725 0.4780796984375 0.34931617812500004 0.9021702094548243 0.3885787426800829
0 0.45000775 0.42183490468749996 0.031342435482542286 0.3830746084616657 0.028642012500000043 0.41224294687500007 0.44730732701745773 0.45100324310083434
0 0.4006162578125001 0.7968051046875 8.881784197001253e-17 0.7597158 -0.0031826415525716967 0.7940927709217437 0.3974336162599283 0.8311820756092436
0 0.4808993640625 0.2368881484375 0.0438467620245543 0.19642554596066775 0.041146339062500016 0.22559388437500005 0.47819894110044575 0.26605648685183236
0 0.4882818578125 0.18292494531250006 0.05127474996148127 0.14246655172712355 0.04867077031250002 0.17059316562500002 0.4856778781635187 0.2110515592103765
0 0.90736778125 0.3352159578125001 0.483277270332296 0.29595339169976986 0.4807697343750001 0.3230382796875001 0.904860245292704 0.36230084580023025
0 0.4043781296875001 0.7246371578125002 8.881784197001253e-17 0.6871995781250001 -0.0027004229792324643 0.7163679165384956 0.4016777067082676 0.7538054962259957