0 0.9486809953125 0.36454613750000014 0.4974585911413675 0.33538183080363915 0.49544113750000013 0.36659533750000006 0.9466635416711326 0.39575964419636106
0 0.4588087968750001 0.6624711359375001 0.01682804414251072 0.6339041543342484 0.014810590618499814 0.6651176594755706 0.4567913433509892 0.6936846410788222
0 0.9433296390624999 0.3932079937500001 0.4976598880945322 0.36440257606610704 0.49570968281250016 0.3945756328125001 0.9413794337804677 0.4233810504963932
0 0.8920278531250003 0.9313517875000002 0.4537284412457363 0.903022745183755 0.4515764906250002 0.9363171531250002 0.8898759025042642 0.9646461954412453
0 0.47152516718750015 0.4470075859375 0.022174080075118237 0.4179642305310637 0.020358371875000048 0.4460563859375001 0.4697094589873819 0.47509974134393645
0 0.9052360093750002 0.7744369984375 0.46697490502758415 0.7461104336533426 0.46515919687500007 0.7742025890625001 0.9034203012224161 0.8025291538466574
0 0.9420374968750004 0.44981514843750015 0.4908304176047671 0.42065183225071 0.4889474609375 0.4497844375000001 0.9401545402077331 0.4789477536867902
0 0.45010748437500003 0.7442387171875 0.01555070376719712 0.7161515743428158 0.013802243750000092 0.7432032812499999 0.448359024357803 0.7712904240946841
0 0.9272005671875 0.585465440625 0.4796901518972708 0.5565410542211869 0.4778071953125 0.5856736578125001 0.9253176106027293 0.6145980442163133
0 0.45267271562500005 0.6894983609374999 0.016252278609464554 0.6612907635045564 0.014369321875000085 0.69042336875 0.4507897588905355 0.7186309661829434
0 0.9003632453125 0.82816311875 0.4620944799166516 0.7998360588016984 0.4602115234375 0.8289686625 0.8984802888333483 0.8572957224483015
0 0.4681790453125001 0.4732497453125001 0.022516956640214796 0.44444482443666133 0.020634000000000062 0.47357742968750005 0.46629608867228545 0.5023823505633388
0 0.48672546875 0.306725165625 0.024420747351040308 0.27684456512182415 0.02247054218099976 0.30701762197557053 0.4847752635799594 0.3368982224787464
0 0.48566898125 0.27612374218750013 0.027045595803353573 0.24648108085668508 0.02496089375000004 0.2787350375 0.4835842791966464 0.308377698830815
0 0.4448990406250001 0.8224749656249999 0.008470940996335451 0.7942668760533305 0.0065207359375001 0.8244399328125 0.4429488355661647 0.8526480223841695
0 0.44877572499999996 0.769687471875 0.014203618976967314 0.7415993417150158 0.012320662392929343 0.7707319469690702 0.4468927684159619 0.7988200771290545
0 0.4454352968750001 0.79585059375 0.01455985035204092 0.7680013931844761 0.012676893750000095 0.7971339984375 0.44355234027295926 0.8249831990030237
0 0.9104901624999998 0.693813209375 0.475918055025379 0.6657250775579222 0.4740350984375 0.6948576812500001 0.9086072059121209 0.722945813067078
0 0.45306122968750007 0.7164834062500001 0.014784801995588348 0.6881558494936222 0.012834596875000081 0.7183289046875002 0.4511110245669118 0.7466564614438781
0 0.9317851890625002 0.5601266296875 0.48059343343168537 0.530964302365556 0.4788449734375001 0.558016009375 0.9300367290683148 0.5871783366969441
0 0.46003752656249997 0.55492813125 0.018056773733623403 0.5263611511027884 0.016039320211929598 0.5575746578059998 0.45802007304080616 0.5861416379532114
0 0.45753787500000004 0.6352075578124999 0.017405453562527463 0.6067600419385112 0.015387999986999518 0.6379735486386411 0.455520421424472 0.6664210645126298
0 0.9238141031250002 0.6126285906250001 0.47815201425033244 0.5838236712993332 0.4762690577119296 0.6129562765559999 0.9219311465865975 0.6417611958816668
0 0.932369871875 0.5321596875000001 0.4830187863314115 0.503116332093924 0.48120307812499996 0.5312084875 0.9305541636685886 0.5602518429060762
0 0.46240851562500007 0.5279417390625001 0.018594756494195196 0.49925628380255943 0.016711799892929306 0.5283888891565701 0.46052555902373415 0.5570743444165107
0 0.946118503125 0.33541456718750007 0.4912071019514361 0.3060118277177807 0.4892568968619996 0.3361848845761411 0.9441682980355635 0.36558762404586054
0 0.47756683437499997 0.36282387812500005 0.022663094048968487 0.3334216322431949 0.020780137493499766 0.3625542360380706 0.47568387781953125 0.3919564819198757
0 0.9027752062500001 0.8016390843750001 0.46450644085415177 0.7733120244266983 0.46262348427442956 0.8024446296809998 0.900892249670278 0.8307716896293016
0 0.8952817703125001 0.9056678593750002 0.4570130049034599 0.8773407995268858 0.45513004833042936 0.9064734047815703 0.8933988137394696 0.9348004646296847
0 0.8933319062500003 0.8805085031250004 0.4587751254446732 0.8524213618307659 0.4570266656250002 0.8794730671875 0.8915834464303272 0.9075602084817345
0 0.9175689859375001 0.6665878078125002 0.47560355812016547 0.6380218166186927 0.47372060156250023 0.6671544203125002 0.9156860293798348 0.6957204115063076
0 0.9364250359375001 0.47653352343750005 0.49076294725213393 0.4477286026618552 0.488879990625 0.4768612078125001 0.9345420793103661 0.505666128588145
0 0.48279732500000005 0.3354790109375001 0.02419692695738632 0.3058378353744288 0.02231397031250004 0.33497044062500003 0.4809143683551138 0.36461161618807136
0 0.898547340625 0.85440388125 0.4621192395480179 0.8261957900214242 0.46016903437500006 0.8563688468749999 0.8965971354519822 0.8845769381035758
0 0.47744243750000004 0.391000275 0.022538698742915263 0.36159802911856387 0.02065574218750004 0.3907306328125001 0.47555948094458483 0.4201328786939362
0 0.9344165312499999 0.5041075343750002 0.48321711438353354 0.47494471500319485 0.48140140625000016 0.5030368703125002 0.9326008231164666 0.5321996896843055
0 0.4921945625000001 0.2182709359375 0.029874517774924014 0.188389343362213 0.027789815625000026 0.22064330000000001 0.4901098603500761 0.250524892575287
0 0.4571099921875 0.608098771875 0.015129239244443126 0.5795317918214515 0.013111785729858865 0.6107452985250699 0.45509253867291577 0.6393122785786184
0 0.9435463453125001 0.42190793750000005 0.4923316034373804 0.39274412761171246 0.4903813982363592 0.4229171859244996 0.9415961401114787 0.4520809958127872
0 0.9209008093750002 0.6398223250000001 0.4789353815555719 0.6112563353693161 0.4770524250000001 0.6403889406250001 0.9190178528194286 0.6689549302556839
0 0.4397955171875001 0.8490883234375002 0.00893539431302658 0.8212401117373413 0.007186934375000109 0.8482918187499999 0.4380470572494737 0.8761400304501586
0 0.4943894359375 0.18780025312499998 0.032061731814406996 0.15791816705553044 0.029909781250000024 0.19121257500000002 0.4922374853730931 0.2210946610694696
0 0.45901990781250007 0.5815840812500002 0.017054478439165594 0.5530180899556222 0.015171521875000066 0.58215069375 0.45713695124833453 0.6107166850443779
0 0.4671923187500001 0.5008689031250001 0.021530228521715072 0.47206398214859097 0.019647271875000073 0.5011965875000001 0.4653093621032851 0.5300015084764091
0 0.9071703531250002 0.7218039687500002 0.47260590826393595 0.6937163320972168 0.47079020000000016 0.7218084875000002 0.9053546448610643 0.7498961241527835
0 0.48954378750000005 0.24811034531249998 0.027231405154889005 0.21822924965177792 0.02521395156250003 0.24944275624999995 0.48752633390761113 0.279323851910722
0 0.44593162031250005 0.8993468031249998 0.005760888046608214 0.8708968108670883 0.0034071921875001077 0.9073125687499998 0.44357792445339195 0.9357625610079113
0 0.4736092828125001 0.41843545625 0.02240220197326752 0.3892721400628378 0.020519245312500052 0.41840474531250005 0.4717263261517326 0.4475680614996622
0 0.90627659375 0.7471013296875 0.46985615673446446 0.7188937322545564 0.46797320000000003 0.7480263375 0.9043936370155355 0.7762339349329436
0 0.44030576406250016 0.8733522296875001 0.005733657952145666 0.8452640994208316 0.0038507013613591655 0.8743967046744995 0.4384228074717137 0.902484834941168