0 0.8228872218784404 0.13820059824290587 0.249559246875 0.05428344375000005 0.24344247187155954 0.09607368613209429 0.8167704468749999 0.1799908406250001
0 0.8197961304178832 0.17504908108389952 0.2502564828125 0.09168641718750004 0.24428889741766788 0.13245738495613596 0.813828545023051 0.21582004885253542
0 0.8154544195032933 0.21215594130796953 0.24618221718750005 0.12883242343750007 0.2406622008092067 0.16654556806703064 0.809934403125 0.24986908593750012
0 0.8114239781292678 0.24718865976872176 0.24233007343750002 0.163891240625 0.23710843593323244 0.19956584023127832 0.8062023406250003 0.2828632593750001
0 0.8100882563206093 0.2818162296960543 0.23747347343750005 0.19800346406250005 0.23255021555439087 0.23163951249144582 0.8051649984375002 0.3154522781250001
0 0.80161211580145 0.3133955692708142 0.24722575781250003 0.23225086875000006 0.24185493065851477 0.268944741377237 0.7962412886474647 0.35008944189805113
0 0.7944596136697919 0.3491123735221936 0.25337696406250004 0.26991491875000007 0.2486028956724357 0.30253169388921053 0.7896855452797277 0.38172914866140406
0 0.7865512761446195 0.38123707328456446 0.238070278125 0.30095673437500003 0.23329620979288057 0.3335735095279356 0.7817772078125 0.4138538484375
0 0.7877647362897247 0.4150175806724487 0.2504704109375 0.3363746171875 0.24584553226914402 0.36797211750837505 0.7831398576213686 0.44661508099332375
0 0.7831141675358191 0.4473192777781902 0.24951901562500006 0.36921775625000003 0.2448941369605496 0.40081525634013354 0.7784892888713686 0.4789167778683236
0 0.7779872661359739 0.4791514652964549 0.24809128906250005 0.40159138750000006 0.24346641042652642 0.43318888782854537 0.7733623875000002 0.5107489656250002
0 0.7749588513636935 0.5080716905036928 0.24682331249999998 0.43076928593749997 0.2420492439488064 0.4633860626213072 0.7701847828124999 0.5406884671875001
0 0.7686643219542424 0.5381130075914327 0.24783798281250008 0.4618804390625001 0.24291472492075794 0.4955164877210675 0.7637410640625002 0.57174905625
0 0.7663925814172212 0.5680643281361759 0.2474158312500001 0.49210248281249996 0.242492573270279 0.5257385328013242 0.7614693234375001 0.6017003781250001
0 0.7619724811662811 0.5973014124922619 0.2429957312500001 0.5213395640625001 0.23807247329731532 0.5549756124749657 0.7570492232135964 0.6309374609047275
0 0.7281715795016779 0.9291700464003151 0.24019206406250015 0.8577452171875001 0.23452285777441856 0.8964776379419126 0.7225023732135962 0.9679024671547276
0 0.7296390058343085 0.9033237433659164 0.24219438593750006 0.8319772078125001 0.2374203176031917 0.8645939831965836 0.7248649375000001 0.9359405187500001
0 0.7354172192092882 0.8743021036722837 0.24021765312500004 0.8018204875 0.234846826103212 0.8385143603902163 0.7300463921875001 0.9109959765625
0 0.7371000584647873 0.8492036160285213 0.24207878750000011 0.776748096875 0.23700633997271287 0.811403419908979 0.7320276109375001 0.8838589390625001
0 0.740108254815192 0.8210800029154084 0.2414769609375001 0.7480960890624999 0.23655370283894914 0.781732138791511 0.7351849967166411 0.8547160526444196
0 0.7434073105928414 0.7944981623644082 0.23561722968750004 0.720173690625 0.2308431612821587 0.7527904657605919 0.7386332421875 0.8271149375
0 0.7453910292159062 0.7677029779796041 0.24314971093750004 0.6941906687499999 0.23837564243519 0.7268074438626234 0.7406169607135962 0.8003197530922275
0 0.7486478251173386 0.7411357729699327 0.24103604218750002 0.6668373984375 0.23656035297488884 0.6974156256914712 0.7441721359047275 0.771714000223904
0 0.7514910855899992 0.7118261404887349 0.24000183281250004 0.6369602265625 0.23522776437722834 0.669577001922669 0.7467170171547275 0.744442915848904
0 0.7536467096931518 0.6832362529402594 0.24206830625000011 0.608357290625 0.23714504811934828 0.6419933408097406 0.7487234515625 0.7168723031249999
0 0.7588800902960922 0.6562379108056391 0.24554124843750005 0.5811012750000001 0.24076717975973164 0.6137180518854926 0.7541060216183237 0.6888546876911315
0 0.7571277924125075 0.6281171384548155 0.24202851406250003 0.5527228328125 0.2374036357124926 0.5843203318576846 0.7525029140625001 0.6597146375000001