0 0.7601924641772033 0.4730628722544532 0.756417846875 0.4413263125000001 0.22594637801029674 0.5044184308705469 0.22972099531249998 0.536154990625
0 0.754262781110038 0.18025785698983351 0.7491727671875 0.13746158906249994 0.1934239235774621 0.20356009457266647 0.19851393749999996 0.24635636250000004
0 0.7624668527329892 0.6241874786459366 0.7585778531249999 0.5914892046874999 0.2453789503920106 0.6525269932290633 0.24926794999999996 0.6852252671875
0 0.7657534537057514 0.792936631892665 0.7619216453125 0.7607192156249998 0.2609154744192486 0.8203068509198348 0.26474728281250004 0.8525242671874999
0 0.756412212283681 0.24888190328025087 0.7514937716699603 0.2075282060885492 0.19847597032377934 0.2733018949957983 0.20339441093750002 0.3146555921875
0 0.7658384428014592 0.7658610566978992 0.7620066343749999 0.733643640625 0.25839683532354074 0.7935409417396009 0.26222864375 0.8257583578125001
0 0.7604651526040883 0.5049104663647153 0.7564045796875 0.4707696234374999 0.22832437708341166 0.5335773336352847 0.23238494999999998 0.5677181765625
0 0.7655270750534635 0.738321556850648 0.761580884375 0.7051424265625001 0.2544146390090366 0.7654627150243523 0.2583608296875 0.7986418453125002
0 0.7565776931472723 0.2810445984966994 0.7518880171875 0.2416143281249999 0.20251160841522758 0.30695492337830055 0.20720128437500002 0.3463851937500001
0 0.7552230250949442 0.34681302307150413 0.7509336875000001 0.31074875156250004 0.20792971240505592 0.37533143317849593 0.21221905000000002 0.4113957046875
0 0.7577538583980034 0.07415405567335294 0.7524350796874999 0.029434359374999986 0.18089458691449647 0.09741105995164705 0.18621336562499996 0.14213075625
0 0.7652800228722365 0.709443683353138 0.7613910234375 0.6767454109375 0.25253149900276345 0.7372670916468619 0.2564204984374999 0.7699653640624999
0 0.7546300128125435 0.1453703564840839 0.749654381206411 0.10353580275850956 0.18878323089386745 0.17024353533692568 0.19375886249999996 0.21207808906250003
0 0.7540040588765378 0.44285907573501293 0.7499434859374999 0.40871823281249997 0.22099540831096226 0.4716291648899871 0.22505598125 0.5057700078125
0 0.763353838390233 0.5934885956505955 0.7596364123167547 0.5622328937717945 0.24048979736402173 0.623978080933699 0.24420722343749995 0.6552337828125
0 0.7572068003505873 0.11014086468479278 0.7520595953125 0.06686374062500001 0.1858537730869127 0.1342059571902072 0.191000978125 0.17748308124999998
0 0.7618374561177057 0.5641507519771014 0.7580628390625 0.5324141937500001 0.24060950481979432 0.5939579870853987 0.24438412187499997 0.6256945453125
0 0.7633040853338842 0.6525866952566266 0.7597582328125 0.6227735640625 0.24854991310361588 0.6835746016183734 0.25209576562499997 0.7133877328125001
0 0.7654240190206367 0.8517863214927598 0.7609631077907055 0.8142794795042546 0.26643274345756873 0.8730969095739946 0.2708936546875 0.9106037515624997
0 0.7665085405737276 0.8204674427729405 0.7627339232760492 0.7887308830175396 0.2652417264523216 0.8479005808695991 0.26901634375 0.879637140625
0 0.7645352255501289 0.6818234801487693 0.7607034171875 0.6496060640625002 0.2510184900748712 0.7102259151637309 0.2548502984375 0.74244333125
0 0.7568785204407373 0.3794741994226316 0.7525891824460096 0.34340992660608893 0.21305670888027234 0.40757972562095734 0.217346046875 0.4436439984375
0 0.7559207615931045 0.31311706531458805 0.7515742328125001 0.27657193749999986 0.2041884071568955 0.341675779997912 0.2085349359375 0.3782209078125001
0 0.7581387860043401 0.2141206442547375 0.7532203453124999 0.17276694531249998 0.19586316868315978 0.23905674012026243 0.20078160937499998 0.28041043906249996
0 0.7597171900094334 0.03774326757712865 0.7541696466422576 -0.008899856686037988 0.17630235350782425 0.05982932729933339 0.18184989687499997 0.10647245156250003
0 0.7525911466566267 0.4117993885891108 0.748359 0.3762159734374999 0.21667987834337313 0.43945172547338895 0.22091202499999998 0.4750351406249999
0 0.7609931567818207 0.5347329739026039 0.7571613484157054 0.5025155576292547 0.23445828850888475 0.5646837321641508 0.23829009687499997 0.5969011484375