0 0.7554638890625001 0.31617500000000004 0.2589361109375 0.316175 0.2589361109375 0.34742500000000004 0.7554638890625001 0.3474250000000001
0 0.766446528125 0.12501015625000006 0.249953471875 0.12501015625000006 0.249953471875 0.15918984375000006 0.766446528125 0.1591898437500001
0 0.75082569375 0.37667500000000004 0.2603743062500001 0.376675 0.2603743062500001 0.4079250000000001 0.75082569375 0.4079250000000002
0 0.7447833328125 0.49311914062500006 0.2656166671875001 0.493119140625 0.2656166671875001 0.5238808593750001 0.7447833328125 0.5238808593750002
0 0.7376111109375 0.6319750000000001 0.26538888906250013 0.631975 0.26538888906250013 0.6632250000000001 0.7376111109375 0.6632250000000002
0 0.7501895828125 0.4067191406250001 0.2632104171875001 0.40671914062500003 0.2632104171875001 0.4374808593750001 0.7501895828125 0.4374808593750002
0 0.7267604171875002 0.817228125 0.27623958281250005 0.817228125 0.27623958281250005 0.844571875 0.7267604171875002 0.844571875
0 0.739409028125 0.6050191406250001 0.2697909718750001 0.605019140625 0.2697909718750001 0.6357808593750001 0.739409028125 0.6357808593750002
0 0.7532958328125 0.34628671875000006 0.2585041671875 0.34628671875 0.2585041671875 0.37851328125000006 0.7532958328125 0.3785132812500001
0 0.743447221875 0.549119140625 0.2677527781250001 0.549119140625 0.2677527781250001 0.579880859375 0.743447221875 0.5798808593750001
0 0.76167430625 0.18985429687500005 0.25212569375 0.18985429687500005 0.25212569375 0.22354570312500005 0.76167430625 0.2235457031250001
0 0.7273902781250002 0.840254296875 0.2812097218750001 0.840254296875 0.2812097218750001 0.873945703125 0.7273902781250002 0.873945703125
0 0.742847221875 0.521519140625 0.2671527781250001 0.5215191406249999 0.2671527781250001 0.552280859375 0.742847221875 0.5522808593750002
0 0.7334729171875 0.6594191406250001 0.2673270828125001 0.6594191406250001 0.2673270828125001 0.6901808593750001 0.7334729171875 0.6901808593750002
0 0.7580680562500001 0.2848308593750001 0.25633194375 0.284830859375 0.25633194375 0.3165691406250001 0.7580680562500001 0.3165691406250001
0 0.7412770828124999 0.5776191406250001 0.26992291718750006 0.577619140625 0.26992291718750006 0.6083808593750001 0.7412770828124999 0.6083808593750002
0 0.7463513890625 0.4645191406250001 0.2654486109375001 0.46451914062500005 0.2654486109375001 0.4952808593750001 0.7463513890625 0.4952808593750002
0 0.761072221875 0.22225429687500003 0.254127778125 0.222254296875 0.254127778125 0.25594570312500003 0.761072221875 0.2559457031250001
0 0.7330729171875 0.685875 0.2669270828125001 0.685875 0.2669270828125001 0.717125 0.7330729171875 0.7171250000000001
0 0.7324388890625001 0.712419140625 0.2671611109375001 0.712419140625 0.2671611109375001 0.743180859375 0.7324388890625002 0.7431808593750001
0 0.7304326390625002 0.7924839843750001 0.27296736093750007 0.792483984375 0.27296736093750007 0.820316015625 0.7304326390625002 0.820316015625
0 0.7589041671875 0.25374257812500006 0.25369583281249997 0.253742578125 0.25369583281249997 0.28645742187500006 0.7589041671875 0.2864574218750001
0 0.747153471875 0.43606328125000005 0.2636465281250001 0.43606328124999993 0.2636465281250001 0.46633671875000005 0.747153471875 0.46633671875000016
0 0.763878471875 0.09012187500000005 0.24912152812500002 0.09012187500000002 0.24912152812500002 0.12527812500000007 0.763878471875 0.12527812500000007
0 0.7304347218750002 0.7656074218750001 0.2703652781250001 0.765607421875 0.2703652781250001 0.7953925781250001 0.7304347218750002 0.7953925781250002
0 0.7647784718749999 0.15761015625000008 0.250021528125 0.15761015625000005 0.250021528125 0.19178984375000008 0.7647784718749999 0.1917898437500001
0 0.7304368062500002 0.7394074218750001 0.26776319375000013 0.739407421875 0.26776319375000013 0.7691925781250001 0.7304368062500002 0.7691925781250002