0 0.7457007125 0.138970190625 0.7438561963871374 0.09798128146461708 0.18442560461417132 0.12315586555798679 0.18627012072703403 0.1641447747183697
0 0.7458363406250001 0.34510519062499995 0.7442114097278268 0.3089959138147563 0.209089025 0.3330766203125 0.2107139558971732 0.3691858971227437
0 0.7528060515624999 0.5645278484375 0.7513128718695874 0.5313463504097313 0.242218040554829 0.5542558062531576 0.24371122024774147 0.5874373042809262
0 0.7456564062500001 0.3780142375000001 0.744053433836755 0.34239292252040243 0.21153524211732902 0.3663564390656576 0.21313821453057397 0.4019777540452553
0 0.75369524375 0.5936954406250001 0.7522679395863683 0.5619778327019106 0.24925195937499992 0.5846137390624999 0.25067926353863157 0.6163313469855893
0 0.7593884953125 0.7069623999999999 0.7580270667365743 0.6767086807579895 0.26369053593749997 0.6989540078124999 0.2650519645134257 0.7292077270545103
0 0.7544039874999999 0.6793810203124999 0.7529766833453493 0.6476634108973807 0.26209682805482903 0.6697531859406578 0.2635241322094798 0.701470795355777
0 0.7590790828125 0.8133780015625002 0.7577396127406375 0.7836122472040528 0.2781433968718423 0.8051942561798292 0.27948286694370483 0.8349600105382766
0 0.7449795234375 0.4742441125 0.7434424266228278 0.44008668769276477 0.22653861086732902 0.46334755156565766 0.2280757076820012 0.4975049763728929
0 0.7594674359375 0.7869684968749999 0.7581060072374916 0.7567147776376574 0.27417186562500007 0.7784919953125 0.27553329432500845 0.8087457145498425
0 0.7476058796875 0.27875544375000005 0.7458711561696001 0.2402063499841803 0.20206213125 0.2646779578125 0.20379685476789994 0.3032270515783197
0 0.7477854687499998 0.24518965312500002 0.7460068282061634 0.20566463413809094 0.1987231484375 0.23029260312500005 0.20050178898133653 0.26981762211190913
0 0.7475621359375 0.17519204062499996 0.7457395782685928 0.1346910948587488 0.18978004531249998 0.15970948125 0.19160260298140713 0.20021042701625116
0 0.7586637796875 0.76012368125 0.7573243096632745 0.7303579268897605 0.2707931671875 0.752252009375 0.2721326372117255 0.7820177637352395
0 0.7575239749999998 0.7338948171875002 0.7562064634412151 0.7046170247288919 0.2688120515625 0.7265499546875 0.2701295631212848 0.7558277471461083
0 0.74741759375 0.3134556 0.7456609116940733 0.2744185444055693 0.2070494859375 0.298656259375 0.20880616799342663 0.33769331496943067
0 0.754006325 0.6500821749999999 0.7526668549574659 0.6203164191487569 0.2583339203125 0.6425615843749999 0.2596733903550342 0.672327340226243
0 0.7589493484375 0.8645215015625001 0.7576757538777101 0.8362196343259949 0.2858921203125 0.8574500734375002 0.2871657148722898 0.8857519406740053
0 0.7452724515625001 0.21055511875000005 0.7434938108900564 0.17103009976792896 0.1936095328125 0.1957750984375 0.19538817348494378 0.2353001174195711
0 0.7500701187499998 0.5045803609374999 0.7486208560078479 0.472374788063359 0.2343320234375 0.4955179765625 0.23578128617965205 0.527723549436641
0 0.7529598500000001 0.5342912171875001 0.7515105871798974 0.5020856443865812 0.2389554859375 0.5251508156250001 0.2404047487576027 0.557356388425919
0 0.7540784328125001 0.62271799375 0.7526511287473547 0.5910003874554776 0.2531026125 0.61348025625 0.25452991656514534 0.6451978625445225
0 0.758913625 0.8389204437500002 0.7575741549768061 0.8091546878980296 0.28057853593750004 0.8306196671875 0.28191800596069394 0.8603854230394706
0 0.748859034375 0.41052659062499997 0.7472999791101571 0.3758812039858487 0.2173895796875 0.39972736875 0.21894863495234299 0.43437275538915127
0 0.75115319375 0.10210706718750018 0.7492428020637936 0.05965426785380562 0.1776652984343423 0.08537546711732888 0.17957569012054872 0.1278282664510234
0 0.7592702046875 0.8923542093749999 0.7578429006256245 0.8606366030803546 0.28950155624999996 0.8817121374999999 0.2909288603118755 0.9134297437946453
0 0.746128340625 0.44259324999999994 0.7445692852367284 0.40794786180350995 0.22246067968750002 0.43144294375000003 0.2240197350757716 0.46608833194649