0 0.7528461733013414 0.6552638479379512 0.28182714375000006 0.6096800000000001 0.2790651766986588 0.638219473937049 0.7500842062500002 0.6838033218750001
0 0.763463559157133 0.5161678248934428 0.28281615625000006 0.46965217031249995 0.2799137502178671 0.4996428032315573 0.7605611531250001 0.5461584578125002
0 0.7391451651054765 0.8380028050818318 0.28559084375 0.794109140625 0.2830161286445237 0.8207137355431682 0.7365704500000001 0.8646074
0 0.7367182677326409 0.8616105674531559 0.2883976625000001 0.8182234062499999 0.28586976039235923 0.8443442809843443 0.7341903656250001 0.8877314421875002
0 0.783724303865729 0.30628889827884453 0.2776904109375 0.25731641250000004 0.2744135008217711 0.29117680484615566 0.78044739375 0.34014929062500016
0 0.7723306393282675 0.42875498494380493 0.280291303125 0.381136853125 0.2772016450467325 0.41306236661869516 0.76924098125 0.46068049843750003
0 0.7444681102411795 0.7346921009245181 0.2821529546875 0.6899505890625 0.2794378006963206 0.7180063428254821 0.7417529562500002 0.7627478546875002
0 0.7591526616916062 0.5719912060002562 0.2854740515625 0.526149971875 0.2826184586208938 0.5556568846247439 0.75629706875 0.6014981187500001
0 0.7543820202699358 0.6278142323276035 0.28336299062500003 0.5822303828125001 0.28060102346556626 0.6107698568847078 0.751620053110502 0.656353706399811
0 0.767540243485002 0.45866602347564533 0.2816876046875001 0.4116466218750001 0.2787851987024982 0.4416372546493549 0.7646378375000001 0.48865665625000015
0 0.7402533565746556 0.8115910308822862 0.2822189312500001 0.7672637937500002 0.27941015123784474 0.7962869863052143 0.7374445765625002 0.8406142234375003
0 0.7866020531088329 0.27408117507789587 0.27790858281249997 0.2248513046875001 0.2745380468911671 0.2596791358596044 0.7832315171875001 0.3089090062500002
0 0.7658799551171672 0.48745936893868036 0.28260145156250005 0.4406890843750001 0.2796522323828329 0.4711634388738199 0.7629307359375 0.5179337234375001
0 0.7774230521637373 0.3681075477080976 0.2810175375 0.3200668703125 0.2778810665862629 0.3524761022919024 0.7742865812499999 0.4005167796875001
0 0.7465661242040796 0.7079644263236636 0.28156290625 0.66296276875 0.27870731301079654 0.6924696828725289 0.743710530964876 0.7374713404461924
0 0.7802749742454271 0.3377854867940004 0.2786642234375 0.2892410609375 0.27552775231707294 0.3216502944559997 0.7771385031250001 0.3701947203125001
0 0.7625632575762971 0.5444788969176533 0.282783390625 0.4980472000000001 0.27988098461120303 0.528037832769847 0.7596608515625001 0.5744695296875002
0 0.7947435768216187 0.17717527823703724 0.27390455937499997 0.12676999531250002 0.270534023178381 0.16159782801296288 0.7913730406249998 0.2120031109375001
0 0.7924485532679684 0.20965110024593464 0.27334461093749995 0.159413734375 0.2699740748570316 0.1942415669415655 0.7890780171875 0.2444789328125001
0 0.775344681413356 0.3985486085263078 0.27896764687500003 0.35051068593750007 0.27587798889914406 0.3824361977236924 0.7722550234375 0.4304741203125001
0 0.7929306406264653 0.1405697132816463 0.2737412515625 0.09032407812500004 0.2702302765465364 0.1266030696806649 0.7894196656105017 0.17684870483731116
0 0.7878829986264254 0.24233958236463918 0.274937278125 0.19269819062500002 0.27170718106107467 0.22607486294786097 0.7846529015625 0.27571625468750016
0 0.7370027794205439 0.8845511035686219 0.29010394687500013 0.8413015359375 0.28706110169414356 0.8727433290795685 0.7339599342396874 0.9159928967106904
0 0.7409524733620848 0.7861044479474606 0.2812114500000001 0.7416120515624999 0.2784494827236058 0.7701515271878522 0.7381905060856905 0.8146439235728129
0 0.7428602362247597 0.7602465855639317 0.28048811406250007 0.7154995593749998 0.27767933408774026 0.7445227519360682 0.74005145625 0.7892697781250001
0 0.7578206711572976 0.600260501326954 0.283274521875 0.5543353078125002 0.28041892869289164 0.583842222096048 0.7549650779751891 0.6297674156105018
0 0.7508894524403299 0.6811845480550445 0.28068099843750016 0.63567914375 0.2778254052513559 0.6651860578808353 0.7480338592541858 0.7106914621858798