0 0.7639361109375 0.4659632812500001 0.26046388906250006 0.46596328124999997 0.26046388906250006 0.4962367187500001 0.7639361109375 0.4962367187500002
0 0.7619236109374999 0.6088101562500001 0.2740763890625001 0.60881015625 0.2740763890625001 0.6429898437500001 0.7619236109374999 0.6429898437500002
0 0.7608215281249999 0.6381425781250001 0.2755784718750001 0.638142578125 0.2755784718750001 0.6708574218750001 0.7608215281249999 0.6708574218750002
0 0.7708826390625 0.308077734375 0.2509173609375 0.30807773437499997 0.2509173609375 0.343722265625 0.7708826390625 0.3437222656250001
0 0.7577812500000002 0.77381015625 0.2812187500000001 0.7738101562499999 0.2812187500000001 0.80798984375 0.7577812500000002 0.80798984375
0 0.7697166671875 0.274801171875 0.24888333281250002 0.27480117187499997 0.24888333281250002 0.312398828125 0.7697166671875 0.3123988281250001
0 0.7597513890625 0.667130859375 0.2788486109375001 0.667130859375 0.2788486109375001 0.698869140625 0.7597513890625 0.6988691406250002
0 0.77365694375 0.14282460937500005 0.24414305625 0.14282460937500002 0.24414305625 0.18237539062500005 0.77365694375 0.18237539062500008
0 0.7626277781249999 0.5540632812500002 0.2695722218750001 0.55406328125 0.2695722218750001 0.5843367187500002 0.7626277781249999 0.5843367187500002
0 0.7541430562500002 0.7995660156250001 0.2836569437500001 0.799566015625 0.2836569437500001 0.8342339843750001 0.7541430562500002 0.8342339843750001
0 0.764372221875 0.40281015625000005 0.2574277781250001 0.40281015625 0.2574277781250001 0.43698984375000005 0.764372221875 0.43698984375000016
0 0.7642979171875 0.5243191406250001 0.26690208281250005 0.5243191406250001 0.26690208281250005 0.5550808593750001 0.7642979171875 0.5550808593750002
0 0.7686486109375 0.3403542968750001 0.2495513890625 0.340354296875 0.24955138906250002 0.3740457031250001 0.7686486109375 0.3740457031250001
0 0.7590833328125001 0.719754296875 0.2799166671875001 0.7197542968749999 0.2799166671875001 0.753445703125 0.7590833328125002 0.7534457031250001
0 0.7524368062500002 0.8519570312500001 0.2897631937500001 0.8519570312500001 0.2897631937500001 0.8900429687500001 0.7524368062500002 0.8900429687500001
0 0.77599305625 0.10743632812500006 0.24300694374999998 0.10743632812500004 0.24300694374999998 0.14796367187500006 0.77599305625 0.1479636718750001
0 0.7595173609375001 0.6942425781250001 0.2794826390625001 0.694242578125 0.2794826390625001 0.7269574218750001 0.7595173609375002 0.7269574218750001
0 0.763040278125 0.37239843750000007 0.2543597218750001 0.3723984375 0.2543597218750001 0.40560156250000007 0.763040278125 0.4056015625000001
0 0.7704187499999999 0.20832460937500005 0.24698125 0.20832460937500002 0.24698125 0.24787539062500005 0.7704187499999999 0.2478753906250001
0 0.765634028125 0.4955632812500001 0.26476597187500006 0.49556328125000004 0.26476597187500006 0.5258367187500002 0.765634028125 0.5258367187500002
0 0.7628041671875 0.43385429687500005 0.2575958328125001 0.433854296875 0.2575958328125001 0.46754570312500005 0.7628041671875 0.46754570312500016
0 0.7796993062500001 0.07191562500000007 0.23890069375 0.07191562500000002 0.23890069375 0.11488437500000007 0.7796993062500001 0.11488437500000008
0 0.7588874999999999 0.5814425781250001 0.27451250000000005 0.581442578125 0.27451250000000005 0.6141574218750001 0.7588874999999999 0.6141574218750001
0 0.7575812500000001 0.7474542968750001 0.2810187500000001 0.747454296875 0.2810187500000001 0.7811457031250001 0.7575812500000001 0.7811457031250002
0 0.7719548609375 0.17661289062500007 0.2450451390625 0.17661289062500005 0.2450451390625 0.21518710937500005 0.7719548609375 0.2151871093750001
0 0.7551750000000002 0.8257218749999999 0.2864250000000001 0.8257218749999999 0.2864250000000001 0.8608781249999999 0.7551750000000002 0.8608781249999999
0 0.77151875 0.24215703125000004 0.24808124999999998 0.24215703125000002 0.24808124999999998 0.28024296875000004 0.77151875 0.2802429687500001