0 0.48867847187500024 0.7657046875 0.09892152812500009 0.7657046875 0.09892152812500009 0.7910953125 0.48867847187500024 0.7910953125
0 0.48959305625000005 0.508828125 0.08160694375000008 0.508828125 0.08160694375000008 0.536171875 0.48959305625000005 0.536171875
0 0.8895527781249999 0.724072265625 0.49024722187499997 0.724072265625 0.4902472218750001 0.750927734375 0.8895527781249999 0.7509277343750002
0 0.48828472187500005 0.62831640625 0.09071527812500006 0.62831640625 0.09071527812500008 0.65468359375 0.48828472187500005 0.65468359375
0 0.88258055625 0.7915074218750001 0.4902194437500002 0.791507421875 0.4902194437500002 0.821292578125 0.88258055625 0.821292578125
0 0.48765069375000003 0.605060546875 0.09094930625000006 0.605060546875 0.09094930625000006 0.630939453125 0.48765069375000003 0.630939453125
0 0.4943375 0.33327226562500006 0.07246250000000004 0.333272265625 0.07246250000000004 0.36012773437500006 0.4943375 0.3601277343750001
0 0.8862826390625 0.7698164062500001 0.49131736093750017 0.76981640625 0.49131736093750017 0.7961835937500001 0.8862826390625 0.7961835937500001
0 0.49366527812500005 0.459728125 0.07873472187500007 0.459728125 0.07873472187500007 0.487071875 0.49366527812500005 0.487071875
0 0.9179798609375001 0.3851164062500001 0.48482013906250004 0.3851164062500001 0.48482013906250004 0.41148359375000004 0.9179798609375001 0.41148359375000015
0 0.9038673609375 0.534672265625 0.48633263906249996 0.534672265625 0.48633263906249996 0.561527734375 0.9038673609375 0.5615277343750001
0 0.48895069375 0.65171640625 0.09224930625000008 0.65171640625 0.09224930625000008 0.67808359375 0.48895069375 0.67808359375
0 0.90819930625 0.4606722656250001 0.49240069374999995 0.46067226562499997 0.49240069374999995 0.4875277343750001 0.90819930625 0.48752773437500013
0 0.4941013890625 0.3576515625 0.07569861093750005 0.35765156249999996 0.07569861093750005 0.3869484375 0.4941013890625 0.3869484375000001
0 0.4900229171875 0.557260546875 0.08637708281250006 0.557260546875 0.08637708281250006 0.583139453125 0.4900229171875 0.583139453125
0 0.93181805625 0.16836328125000008 0.49258194375000003 0.16836328125000005 0.49258194375000003 0.19863671875000008 0.93181805625 0.19863671875000014
0 0.490490971875 0.53311640625 0.08510902812500007 0.53311640625 0.08510902812500007 0.55948359375 0.490490971875 0.55948359375
0 0.8934208328125001 0.6550722656250001 0.49237916718749997 0.655072265625 0.49237916718749997 0.6819277343750001 0.8934208328125001 0.6819277343750001
0 0.9055673609375001 0.5103722656250002 0.4880326390625 0.510372265625 0.4880326390625 0.5372277343750002 0.9055673609375001 0.5372277343750003
0 0.8944888890625 0.6306398437500002 0.4917111109375 0.63063984375 0.4917111109375 0.6589601562500002 0.8944888890625 0.6589601562500003
0 0.4898444437500002 0.78833984375 0.10095555625000008 0.78833984375 0.10095555625000008 0.81666015625 0.4898444437500002 0.81666015625
0 0.49930555625000006 0.38325156250000003 0.07569444375000003 0.38325156250000003 0.07569444375000003 0.41254843750000003 0.49930555625000006 0.41254843750000003
0 0.9359923609375 0.13991914062500008 0.4872076390625 0.13991914062500005 0.4872076390625 0.17068085937500008 0.9359923609375 0.17068085937500013
0 0.91517569375 0.41018398437500003 0.48722430625 0.410183984375 0.48722430625 0.43801601562500003 0.91517569375 0.43801601562500014
0 0.49914375 0.28018398437500003 0.06945625000000004 0.280183984375 0.06945625000000004 0.30801601562500003 0.49914375 0.3080160156250001
0 0.4893166671875 0.675460546875 0.09348333281250008 0.675460546875 0.09348333281250008 0.701339453125 0.4893166671875 0.701339453125
0 0.9216861109375 0.3056398437500001 0.48071388906249995 0.3056398437500001 0.48071388906249995 0.3339601562500001 0.9216861109375 0.3339601562500001
0 0.48958680625 0.581460546875 0.08941319375000006 0.581460546875 0.08941319375000006 0.607339453125 0.48958680625 0.607339453125
0 0.48984652812500007 0.720560546875 0.09835347187500008 0.720560546875 0.09835347187500008 0.746439453125 0.4898465281250002 0.746439453125
0 0.9016611109375001 0.5830839843750001 0.4919388890625 0.583083984375 0.4919388890625 0.6109160156250001 0.9016611109375001 0.6109160156250002
0 0.8966888890625 0.6072839843750001 0.4939111109375 0.607283984375 0.4939111109375 0.6351160156250001 0.8966888890625 0.6351160156250002
0 0.8925548609374999 0.6778281250000001 0.49064513906249996 0.677828125 0.49064513906249996 0.7051718750000001 0.8925548609374999 0.7051718750000002
0 0.89889305625 0.55833984375 0.49090694375000005 0.55833984375 0.49090694375000005 0.58666015625 0.89889305625 0.5866601562500001
0 0.92838819375 0.2512074218750001 0.48481180625000003 0.2512074218750001 0.48481180625000003 0.2809925781250001 0.92838819375 0.2809925781250001
0 0.49044861093750003 0.69771640625 0.0963513890625001 0.69771640625 0.0963513890625001 0.72408359375 0.49044861093750003 0.72408359375
0 0.49437777812499994 0.1712515625 0.06382222187500002 0.1712515625 0.06382222187500002 0.20054843750000004 0.49437777812499994 0.2005484375000001
0 0.93008819375 0.19680742187500008 0.48651180624999996 0.19680742187500005 0.48651180624999996 0.22659257812500008 0.93008819375 0.22659257812500008
0 0.49154375000000006 0.14270742187500002 0.06185625000000002 0.14270742187500002 0.06185625000000002 0.17249257812500002 0.49154375000000006 0.17249257812500005
0 0.4904270828125 0.48432812500000005 0.08157291718750007 0.48432812500000005 0.08157291718750007 0.511671875 0.4904270828125 0.511671875
0 0.5028416671875 0.409428125 0.07575833281250004 0.409428125 0.07575833281250004 0.436771875 0.5028416671875 0.436771875
0 0.9246861109375001 0.27830742187500007 0.4837138890625 0.27830742187500007 0.4837138890625 0.30809257812500007 0.9246861109375001 0.30809257812500007
0 0.928622221875 0.2243515625000001 0.484177778125 0.2243515625000001 0.484177778125 0.2536484375000001 0.928622221875 0.2536484375000001
0 0.49497361093750003 0.22643984375000006 0.06962638906250003 0.22643984375 0.06962638906250003 0.25476015625000004 0.49497361093750003 0.2547601562500001
0 0.9179458328125 0.3590281250000001 0.4856541671875 0.3590281250000001 0.4856541671875 0.3863718750000001 0.9179458328125 0.3863718750000001
0 0.9099013890625001 0.4359281250000001 0.49149861093749997 0.43592812500000006 0.49149861093749997 0.4632718750000001 0.9099013890625001 0.4632718750000002
0 0.50458194375 0.25392812500000006 0.06881805625000002 0.253928125 0.06881805625000004 0.28127187500000006 0.50458194375 0.2812718750000001
0 0.4989375 0.43428398437500004 0.07706250000000005 0.43428398437500004 0.07706250000000006 0.46211601562500004 0.4989375 0.46211601562500004
0 0.908609721875 0.48542812500000004 0.479790278125 0.485428125 0.479790278125 0.5127718750000001 0.908609721875 0.5127718750000001
0 0.4954354171875 0.30567226562500005 0.07616458281250005 0.305672265625 0.07616458281250005 0.33252773437500005 0.4954354171875 0.33252773437500005
0 0.48937847187500016 0.742772265625 0.0996215281250001 0.742772265625 0.0996215281250001 0.769627734375 0.48937847187500016 0.769627734375
0 0.49634375000000003 0.19993984375 0.06665625000000001 0.19993984375 0.06665625000000001 0.22826015625000004 0.49634375000000003 0.2282601562500001
0 0.89058680625 0.7018164062500001 0.49041319375 0.7018164062500001 0.4904131937500001 0.7281835937500001 0.89058680625 0.7281835937500002
0 0.9198861109375001 0.3317515625000001 0.4789138890625 0.3317515625000001 0.4789138890625 0.3610484375000001 0.9198861109375001 0.3610484375000001
0 0.8879847218749999 0.746572265625 0.49041527812500013 0.746572265625 0.49041527812500013 0.773427734375 0.8879847218749999 0.7734277343750001