0 0.7481802099583009 0.48202907068287226 0.7465666671874999 0.4509107468749999 0.25143460410419893 0.47658426212962757 0.253048146875 0.5077025859375
0 0.769428844994803 0.17252683081650771 0.7674925937499999 0.1351848421875 0.24407485969269688 0.16232502074599237 0.24601111093749997 0.1996670093750001
0 0.7713355106215082 0.13937881987877912 0.7693992593749999 0.10203683124999993 0.2441296753159917 0.1292730316837209 0.24606592656249998 0.16661502031250008
0 0.7435106637736195 0.6817226304203003 0.7420046906249999 0.6526788625 0.2600048924763804 0.6776714445796995 0.2615108656249999 0.7067152124999999
0 0.7432206220635895 0.7087169895744987 0.7416608640625 0.6786359421874999 0.25772456231141044 0.7037289354255012 0.25928432031250004 0.7338099828125
0 0.7555427602642737 0.39240545961563905 0.7538754328125001 0.3602498593749999 0.2493994616107264 0.386407873196861 0.2510667890625 0.4185634734375001
0 0.7756780610444564 0.10612530410836814 0.7736880249999999 0.06774603906249992 0.24277823583054348 0.09527469589163184 0.24476827187499994 0.13365396093750007
0 0.747438400181551 0.5681143020754421 0.7458786421875 0.5380332546875 0.25823863731844904 0.5633182916745578 0.25979839531250004 0.5933993390625001
0 0.7488416912172527 0.5397059706816725 0.7472281484375 0.5085876468749999 0.25394793847024716 0.5341651402558274 0.25556148124999994 0.5652834640624999
0 0.7337843251324008 0.8416025599758923 0.7322245671875 0.8115215125 0.2631030826800991 0.8358463290866078 0.26466284062499995 0.8659273765625001
0 0.765650738431595 0.2044530761783479 0.7637682718750001 0.16814836406250006 0.24413889125590513 0.19509210975915217 0.24602135781250006 0.231396821875
0 0.740319055544653 0.7364666393888069 0.7386517281249999 0.7043110390625 0.2582498335178467 0.7292207668611931 0.25991716093749995 0.7613763671874999
0 0.7435450658263854 0.6530857412166466 0.7419853078124998 0.6230046937499999 0.25990086073611446 0.6480016650333533 0.26146061875 0.6780827125
0 0.7562452254694567 0.33182469670959464 0.75441654375 0.2965572640625 0.24598292296804333 0.32292048922790545 0.2478116046875 0.35818792187500004
0 0.7397776595707372 0.7625130114485408 0.7382179015624999 0.7324319640624999 0.2579853029292627 0.757332913551459 0.25954506093749996 0.7874139609374998
0 0.7327345267087713 0.8715942609041349 0.7309596296875001 0.8373641046874999 0.2614995482912287 0.8617064797208649 0.26327444531249994 0.8959366359374998
0 0.7594907384522082 0.3010243793819479 0.757608271875 0.2647196671875 0.2453862990477919 0.291279325305552 0.24726876562500003 0.3275840375
0 0.7551386435695554 0.36259315322414815 0.7534175312500001 0.3294002734375 0.2470050611179447 0.35565869833835195 0.2487261734375 0.3888515781250001
0 0.7372790555524132 0.7901419206377668 0.735611728125 0.7579863203124998 0.25891353663508665 0.7827040043622331 0.2605808640625 0.8148596046875
0 0.7354006236478703 0.8157583895715798 0.7338408656249998 0.7856773421874996 0.26101567322712954 0.8101942041784203 0.26257543125 0.8402752515625002
0 0.7509635861902229 0.5099207755034032 0.749403828125 0.47983972812499986 0.25435641380977714 0.5055088541840965 0.255916171875 0.5355899015624999
0 0.7627848118814371 0.2691024309455564 0.7609023453125 0.23279771875000002 0.24497666936856297 0.25954942061694347 0.2468591359375 0.2958541328124999
0 0.7469969174694456 0.5964935599558494 0.745437159375 0.5664125124999999 0.25779715596805425 0.5916975509816506 0.25935691406249994 0.6217785984375
0 0.7473205383125858 0.4532388486884173 0.7456532109375 0.42108324843749995 0.25043649918741423 0.4467611513115828 0.2521038265625 0.47891675156250013
0 0.7457272892510896 0.6241169895744988 0.7441675312499999 0.5940359421874999 0.2602312294989105 0.6191289354255012 0.26179098750000007 0.6492099828125
0 0.7633021762730019 0.23764480112522826 0.7613659249999999 0.2003028125 0.24535560028949793 0.2270589035622717 0.2472918515625 0.26440089218749996
0 0.7523931290365058 0.42282222219402243 0.7507258015625001 0.39066662187500006 0.24995353815099436 0.4166325918684778 0.25162086562499997 0.4487881921875001