0 0.7286986109375 0.4939191406250001 0.2721013890625001 0.493919140625 0.2721013890625001 0.5246808593750001 0.7286986109375 0.5246808593750002
0 0.7278243062499999 0.6276074218750001 0.2807756937500001 0.627607421875 0.2807756937500001 0.6573925781250001 0.7278243062499999 0.6573925781250002
0 0.7276583328124999 0.6008191406250001 0.2797416671875001 0.600819140625 0.2797416671875001 0.6315808593750001 0.7276583328124999 0.6315808593750002
0 0.72418819375 0.6539515625 0.2806118062500001 0.6539515625 0.2806118062500001 0.6832484375 0.72418819375 0.6832484375
0 0.7280604171875 0.5742191406250001 0.27753958281250013 0.574219140625 0.27753958281250013 0.6049808593750001 0.7280604171875 0.6049808593750001
0 0.7260881937500001 0.7053515625000001 0.2825118062500001 0.7053515625 0.2825118062500001 0.7346484375000001 0.7260881937500001 0.7346484375000002
0 0.7289576390625 0.10890117187500006 0.2402423609375 0.10890117187500004 0.2402423609375 0.14649882812500006 0.7289576390625 0.1464988281250001
0 0.7300770828125 0.35202187500000004 0.25872291718749996 0.35202187500000004 0.2587229171875 0.38717812500000004 0.7300770828125 0.3871781250000001
0 0.729640971875 0.38145429687500004 0.26175902812500007 0.381454296875 0.26175902812500007 0.41514570312500004 0.729640971875 0.41514570312500015
0 0.7302173609375 0.23408945312500004 0.2501826390625 0.234089453125 0.2501826390625 0.27071054687500007 0.7302173609375 0.27071054687500007
0 0.7306833328125 0.26413359375000006 0.2515166671875 0.26413359375 0.2515166671875 0.30026640625000006 0.7306833328125 0.3002664062500001
0 0.727034721875 0.4384308593750001 0.2669652781250001 0.43843085937500004 0.2669652781250001 0.4701691406250001 0.727034721875 0.4701691406250002
0 0.7265861109375001 0.755207421875 0.28561388906250007 0.755207421875 0.28561388906250007 0.784992578125 0.7265861109375001 0.7849925781250001
0 0.72783055625 0.520275 0.2729694437500001 0.520275 0.2729694437500001 0.551525 0.72783055625 0.5515250000000002
0 0.7284666671875 0.46568671875000006 0.27013333281250007 0.46568671874999995 0.27013333281250007 0.49791328125000006 0.7284666671875 0.4979132812500001
0 0.73108125 0.294221875 0.25451875 0.29422187499999997 0.25451875 0.329378125 0.73108125 0.3293781250000001
0 0.729396528125 0.5472750000000001 0.2754034718750001 0.547275 0.2754034718750001 0.5785250000000001 0.729396528125 0.5785250000000002
0 0.7312916671874999 0.14124531250000008 0.24170833281249998 0.14124531250000005 0.24170833281249998 0.17835468750000008 0.7312916671874999 0.1783546875000001
0 0.7295854171875 0.20387773437500006 0.24781458281250002 0.203877734375 0.24781458281250002 0.23952226562500006 0.7295854171875 0.2395222656250001
0 0.7265798609375003 0.8042398437499999 0.2934201390625001 0.8042398437499999 0.2934201390625001 0.8325601562499999 0.7265798609375003 0.8325601562499999
0 0.72478819375 0.6794515624999999 0.2812118062500001 0.6794515624999999 0.2812118062500001 0.7087484374999999 0.72478819375 0.7087484374999999
0 0.7261201390625002 0.7305957031250001 0.2842798609375001 0.730595703125 0.2842798609375001 0.7594042968750001 0.7261201390625002 0.7594042968750002
0 0.7317895828125 0.17274531250000008 0.2448104171875 0.17274531250000005 0.2448104171875 0.20985468750000003 0.7317895828125 0.20985468750000008
0 0.7294111109375 0.32351015625000007 0.2571888890625 0.32351015625 0.2571888890625 0.35768984375000007 0.7294111109375 0.3576898437500001
0 0.7284708328125 0.4102425781250001 0.2649291671875001 0.410242578125 0.2649291671875001 0.4429574218750001 0.7284708328125 0.4429574218750002
0 0.7285118062500001 0.827642578125 0.2970881937500001 0.827642578125 0.2970881937500001 0.860357421875 0.7285118062500001 0.860357421875
0 0.7291861109375002 0.7806398437500002 0.28821388906250006 0.7806398437500001 0.28821388906250006 0.8089601562500001 0.7291861109375002 0.8089601562500001