0 0.9300666671875 0.8007958328125 0.4967333328125002 0.8007958328125 0.4967333328125002 0.8310041671875 0.9300666671875 0.8310041671875
0 0.48424074062500005 0.6156166671875 0.05275925937500007 0.6156166671875 0.052759259375000075 0.6447833328125 0.48424074062500005 0.6447833328125
0 0.9690074078125 0.31669583281250013 0.5041925921875 0.31669583281250013 0.5041925921875 0.34690416718750006 0.9690074078125 0.34690416718750006
0 0.4856518515625 0.31591666718750006 0.03194814843750003 0.3159166671875 0.03194814843750004 0.34508333281250003 0.4856518515625 0.3450833328125001
0 0.9555777781250001 0.5104541671875001 0.500022221875 0.5104541671875 0.500022221875 0.5427458328125001 0.9555777781250001 0.5427458328125001
0 0.48288888906249994 0.6667166671875 0.05511111093750008 0.6667166671875 0.05511111093750008 0.6958833328125 0.48288888906249994 0.6958833328125
0 0.48564814843750004 0.4555166671875 0.039351851562500054 0.4555166671875 0.039351851562500054 0.48468333281250003 0.48564814843750004 0.48468333281250003
0 0.9393962968749999 0.7247541671875001 0.496803703125 0.7247541671875 0.49680370312500005 0.7570458328125002 0.9393962968749999 0.7570458328125003
0 0.956903703125 0.5382750000000001 0.499496296875 0.538275 0.499496296875 0.5695250000000001 0.956903703125 0.5695250000000002
0 0.48098518593750017 0.8169375000000001 0.06061481406250011 0.8169375000000001 0.06061481406250011 0.8450625 0.48098518593750017 0.8450625
0 0.4842370375000001 0.7177166671874999 0.06016296250000008 0.7177166671874999 0.06016296250000008 0.7468833328125 0.48423703750000013 0.7468833328125
0 0.9676333328125001 0.3747166671875001 0.5009666671875 0.3747166671875001 0.5009666671875 0.4038833328125001 0.9676333328125001 0.4038833328125002
0 0.9680074078124999 0.3450958328125001 0.5031925921875 0.3450958328125001 0.5031925921875 0.3753041671875001 0.9680074078124999 0.3753041671875001
0 0.4814333328125001 0.7432166671875 0.0647666671875001 0.7432166671875 0.0647666671875001 0.7723833328125 0.4814333328125001 0.7723833328125
0 0.48384444374999996 0.5094166671875 0.04495555625000007 0.5094166671875 0.04495555625000007 0.5385833328125 0.48384444374999996 0.5385833328125
0 0.4842888890625 0.6932583328125 0.05651111093750009 0.6932583328125 0.05651111093750009 0.7203416671875 0.4842888890625 0.7203416671875
0 0.9504740734375 0.5924750000000001 0.5023259265625 0.5924750000000001 0.5023259265625 0.6237250000000001 0.9504740734375 0.6237250000000002
0 0.48243703750000017 0.7919166671875 0.058362962500000094 0.7919166671875 0.0583629625000001 0.8210833328125 0.48243703750000017 0.8210833328125
0 0.4810666671875 0.5622375 0.04773333281250007 0.5622375 0.04773333281250007 0.5903625 0.4810666671875 0.5903625
0 0.4814925921875 0.5364583328125 0.04630740781250007 0.5364583328125 0.04630740781250007 0.5635416671875 0.4814925921875 0.5635416671875
0 0.48334814843749996 0.42865833281250004 0.03705185156250006 0.42865833281250004 0.03705185156250006 0.4557416671875 0.48334814843749996 0.4557416671875
0 0.486077778125 0.3435166671875 0.030522221875000043 0.34351666718749996 0.030522221875000043 0.37268333281250005 0.486077778125 0.3726833328125001
0 0.9291407406250001 0.8489708328125 0.4976592593750002 0.8489708328125 0.4976592593750002 0.8854291671875 0.9291407406250001 0.8854291671875
0 0.484677778125 0.2870166671875 0.02912222187500003 0.28701666718749996 0.02912222187500003 0.31618333281250005 0.484677778125 0.3161833328125001
0 0.9564777781249999 0.5653750000000001 0.500922221875 0.565375 0.500922221875 0.5966250000000001 0.9564777781249999 0.5966250000000002
0 0.4842925921875 0.5898375 0.04910740781250007 0.5898375 0.04910740781250007 0.6179625 0.4842925921875 0.6179625
0 0.9610814812499999 0.42993750000000014 0.49811851875 0.42993750000000003 0.49811851875 0.45806250000000015 0.9610814812499999 0.4580625000000002
0 0.9328925921875 0.7755125 0.49770740781250017 0.7755124999999999 0.49770740781250017 0.8098875 0.9328925921875 0.8098875
0 0.48198888906250004 0.6406166671875 0.054211110937500084 0.6406166671875 0.054211110937500084 0.6697833328125 0.48198888906250004 0.6697833328125
0 0.48422592656249996 0.37191666718750005 0.032374073437500046 0.3719166671875 0.032374073437500046 0.40108333281249997 0.48422592656249996 0.40108333281249997
0 0.4907851859375 0.16429166718750002 0.020414814062500022 0.1642916671875 0.020414814062500022 0.19970833281250003 0.4907851859375 0.19970833281250006
0 0.94031851875 0.6450541671875001 0.5032814812499999 0.6450541671875001 0.5032814812499999 0.6773458328125 0.94031851875 0.6773458328125002
0 0.9735851859375 0.28441250000000007 0.5032148140625 0.28441250000000007 0.5032148140625 0.3187875000000001 0.9735851859375 0.3187875000000001
0 0.48608148125 0.22421250000000006 0.02311851875000003 0.2242125 0.023118518750000032 0.2585875000000001 0.48608148125 0.2585875000000001
0 0.489359259375 0.13285000000000002 0.020840740625000017 0.13285 0.02084074062500002 0.17035000000000003 0.489359259375 0.17035000000000006
0 0.9388444437500001 0.6984541671875001 0.49995555625000004 0.6984541671875 0.4999555562500001 0.7307458328125 0.9388444437500001 0.7307458328125002
0 0.930140740625 0.8244541671875 0.4986592593750002 0.8244541671875 0.4986592593750002 0.8567458328124999 0.930140740625 0.8567458328124999
0 0.48429629687500003 0.48281666718749994 0.04170370312500006 0.48281666718749994 0.04170370312500006 0.5119833328125 0.48429629687500003 0.5119833328125
0 0.48612962968750006 0.2554541671875 0.026870370312500037 0.2554541671875 0.026870370312500037 0.28774583281250005 0.48612962968750006 0.2877458328125001
0 0.9430703703125 0.618975 0.5023296296875001 0.618975 0.5023296296875001 0.650225 0.9430703703125 0.6502250000000002
0 0.93704444375 0.7509958328125002 0.49815555625000013 0.7509958328125 0.49815555625000013 0.7812041671875001 0.93704444375 0.7812041671875002
0 0.96388148125 0.4023166671875001 0.50091851875 0.4023166671875 0.50091851875 0.4314833328125001 0.96388148125 0.4314833328125002
0 0.48613703750000015 0.8417125000000001 0.06206296250000011 0.8417125000000001 0.06206296250000011 0.8760875 0.48613703750000015 0.8760875
0 0.9564777781249999 0.4854166671875001 0.500922221875 0.48541666718750004 0.500922221875 0.5145833328125 0.9564777781249999 0.5145833328125001
0 0.9388925921875 0.6710750000000001 0.5037074078125 0.671075 0.5037074078125 0.7023250000000001 0.9388925921875 0.7023250000000002
0 0.957903703125 0.45699583281250006 0.500496296875 0.4569958328125 0.500496296875 0.48720416718750015 0.957903703125 0.4872041671875002
0 0.48423703750000013 0.767475 0.06016296250000008 0.767475 0.06016296250000008 0.798725 0.48423703750000013 0.798725
0 0.48334814843749996 0.40023749999999997 0.03705185156250004 0.40023749999999997 0.03705185156250005 0.4283625 0.48334814843749996 0.4283625
0 0.4866074078125 0.19635416718750004 0.021792592187500022 0.1963541671875 0.021792592187500025 0.22864583281250006 0.4866074078125 0.22864583281250012
0 0.9694370375 0.25497500000000006 0.49536296249999995 0.25497500000000006 0.49536296249999995 0.28622500000000006 0.9694370375 0.28622500000000006