0 0.727323773195711 0.09805828533746638 0.7246852109375 0.05871573749999999 0.18666483774178919 0.09479881622503362 0.1893034 0.13414136406250005
0 0.7215136033202667 0.26331917342188116 0.7190833483261814 0.22708261396517462 0.1979290215684148 0.26203454991829345 0.20035927656250002 0.298271109375
0 0.7173752503639919 0.650688201816412 0.7152227390555035 0.6185929655206779 0.23509269181651163 0.650793549641766 0.237245203125 0.6828887859375
0 0.7189910097294182 0.5650970656364691 0.7169079343750001 0.5340371609375001 0.22571731370808196 0.5669795374885309 0.22780038906250005 0.5980394421875
0 0.7136859034684953 0.47911313785550147 0.7115333921875 0.4470179031249999 0.21842799653150474 0.4800886980819983 0.2205805078125 0.5121839328124999
0 0.7232718781989222 0.19770703136116952 0.7208416234375 0.16147047187500002 0.19412643273857774 0.19679535145133048 0.19655668749999997 0.23303191093749995
0 0.7189041600507985 0.6786985933905509 0.7168905203125 0.6486740156249999 0.2350291571367015 0.6809907128594489 0.23704279687500002 0.7110152906249999
0 0.7144740049787895 0.8656359330694045 0.71232149375 0.8335406984375 0.24702041845871045 0.8647467575555956 0.2491729296875 0.8968419921875
0 0.7256155139238245 0.13177691129439012 0.7231158233331779 0.09450502500699645 0.1889249953468534 0.13033127152510635 0.19142468593749998 0.16760315781250001
0 0.7223118765642557 0.2962332237890353 0.7198121859375001 0.2589613359375 0.2004503312482444 0.2937930558984647 0.20295002187500005 0.33106494375000006
0 0.7197064083874478 0.6204179947159523 0.7177622046875 0.59142875 0.2341083744250521 0.6238656615340475 0.23605257812499997 0.6528549062499999
0 0.7174962083884183 0.8101392163471743 0.7156214406249999 0.782185303125 0.24315048692408164 0.8138722195903257 0.24502525468749997 0.8418261328125001
0 0.718483167524999 0.5074243265761118 0.7164000920761816 0.47636442021517456 0.22150222611368262 0.5095554280140628 0.22358530156250006 0.5406153343750001
0 0.7178514737877846 0.5368400831671418 0.7156989624930035 0.5047448483331782 0.222593568392719 0.5378156432910364 0.2247460796875 0.569910878125
0 0.7214648392713526 0.3893771884588561 0.7191734562499998 0.3552112921874999 0.2074095419786473 0.3895334459161438 0.20970092499999998 0.4236993421875
0 0.7192405344799386 0.32716874374581967 0.7168102796875 0.2909321859375 0.2012168186450614 0.32551117344168035 0.2036470734375 0.36174773125000004
0 0.7195225411105175 0.7043947182699852 0.7175783375 0.6754054734375 0.2376317495144825 0.7075937520425147 0.23957595312500005 0.736582996875
0 0.7167502102676705 0.8361473240267833 0.7148754421805036 0.8081934077081782 0.2461117334753331 0.8396316946188949 0.24798650156250002 0.8675856109375
0 0.7179977611554612 0.41976101658270276 0.7157063781180035 0.385595120208178 0.2113569482125423 0.41942001143797525 0.21364833125 0.4535859078125
0 0.7199511772288547 0.7581790572043774 0.7180069734375 0.7291898125 0.2380603837086453 0.7613780943581229 0.2400045875 0.7903673390625002
0 0.7217443906067104 0.23107657680515162 0.7192446998886816 0.1938046889651746 0.19617559834447126 0.22888504184752306 0.19867528906250004 0.26615692968750004
0 0.724531162465793 0.1655951347310892 0.7220314718749999 0.12832324687500002 0.19154788597170697 0.1639008605814108 0.1940475765625 0.20117274843750002
0 0.7187094724422136 0.7848194416909257 0.7167652686526745 0.7558301969863184 0.24052592121046076 0.7877698474828928 0.242470125 0.8167590921875
0 0.7193424502031471 0.3585695165845787 0.7170510671805035 0.324403620208178 0.20343353103985629 0.35885008956109926 0.20572491406250001 0.39301598593750003
0 0.7125030472138875 0.449839875356085 0.7103505359375 0.41774464062499994 0.21353789809861262 0.4510640668314149 0.215690409375 0.4831593015625
0 0.7186992803533381 0.5929508435960141 0.716685640625 0.5629262671875 0.22926341495916183 0.595615912653986 0.23127705468749998 0.6256404890625
0 0.7197316912913545 0.7306382822043773 0.7177874874999999 0.7016490375 0.23784089777114534 0.7338373193581228 0.23978510156250002 0.7628265640625002