0 0.7458171750000001 0.21185279531250018 0.7445062577004797 0.17523419023686038 0.18431623281250004 0.195288553125 0.1856271501120203 0.23190715820063978
0 0.7986893312500001 0.8256979234375 0.797453323539773 0.7911718112165959 0.30726215312300004 0.8087202702566352 0.30849816083322706 0.8432463824775394
0 0.740981159375 0.1070577390625 0.739445513494565 0.06416166004970708 0.1620847296875 0.08483072187500001 0.16362037556793504 0.12772680088779295
0 0.7535932093749999 0.3813505015625 0.7524321114202773 0.3489168822630934 0.2202171874421354 0.3679697561961352 0.221378285396858 0.4004033754955418
0 0.7544670890625 0.28123697968750005 0.7531561718680921 0.24461837617562848 0.19847545625000002 0.26447550937500003 0.19978637344440786 0.3010941128868716
0 0.7419038968749999 0.14391232500000012 0.7404057059094993 0.10206249548041106 0.17049780468350015 0.12246474988827052 0.17199599564900075 0.16431457940785954
0 0.7642823328125001 0.47783608281250006 0.7630837798960471 0.444356215462113 0.2381074625 0.46314995468750003 0.23930601541645288 0.4966298220378871
0 0.7713983093749999 0.5990678656249999 0.7701997565181847 0.5655879982785705 0.26175136249800013 0.5837900499441354 0.26294991535481527 0.6172699172905648
0 0.8084375078124998 0.9094659640624998 0.8071265906087609 0.872847360550009 0.32223045156249996 0.8902062609374999 0.32354136876623896 0.9268248644499908
0 0.7621857203125 0.44601002968750014 0.7610246223605145 0.4135764119450679 0.23431900781249998 0.43243205781249977 0.23548010576448547 0.4648656755549321
0 0.7444510671875 0.1784543546875 0.7430652404481634 0.13974325988062974 0.17715163281050011 0.16000252181913532 0.17853745954983669 0.1987136166260056
0 0.791317459375 0.7691197796875 0.7901189064678531 0.7356399123934624 0.2945255671296354 0.7533817640086352 0.29572412003678233 0.7868616313026727
0 0.7537820187500001 0.3491032156250001 0.7525460110422533 0.3145771034599925 0.21460750312499996 0.33383487968750003 0.21584351083274678 0.3683609918525076
0 0.7814036015624999 0.6848757796875 0.7802425035597851 0.6524421603849085 0.27924699374999995 0.6703774046875 0.2804080917527147 0.7028110239900913
0 0.787455640625 0.7412790843750001 0.7862945425709452 0.7088454651247336 0.2908083421336352 0.7265834813078644 0.2919694401876899 0.759017100558131
0 0.7694086890625 0.5685453703125001 0.7682475911118534 0.5361117525701568 0.256233465625 0.5544414546875001 0.25739456357564666 0.5868750724298433
0 0.7853915093749999 0.7130932812499999 0.7842304113217098 0.6806596619440524 0.2850713374441353 0.6985291640644999 0.2862324354974256 0.7309627833704475
0 0.7609506406250001 0.4142746562500001 0.7597895425687929 0.3818410368881268 0.22757461718749994 0.40089391250000006 0.228735715243707 0.4333275318618733
0 0.7555675578125001 0.31524834062500007 0.7543315502051102 0.2807222284109202 0.2090472953125 0.300242975 0.2102833029198899 0.33476908721407983
0 0.749769146875 0.24680966249999997 0.7484582296785506 0.21019105743120012 0.18826820463163532 0.23024541875199991 0.18957912182808462 0.26686402382079977
0 0.7740812078124999 0.6288406093750001 0.7728826548506819 0.5953607420773346 0.268107134375 0.6134313093749999 0.26930568733681803 0.6469111766726654
0 0.7657168609374999 0.5081354062500001 0.7645557628945456 0.4757017884457991 0.24519588906050008 0.49429446400663507 0.24635698710345427 0.5267280818108361
0 0.801998946875 0.8533362984375001 0.8007629393283731 0.8188101862274524 0.31240820619213544 0.8362928999461351 0.3136442137387624 0.870819012156183
0 0.793791303125 0.7975716671875 0.7926302051783816 0.7651380494454241 0.3026533125 0.7826788359375 0.30381441044661844 0.815112453679576
0 0.7657124562500001 0.5383060609375001 0.7645513582434887 0.5058724416346567 0.25253723281250007 0.52420214375 0.2536983308190114 0.5566357630528435
0 0.8066077875000002 0.8793777328125001 0.8054466895505705 0.8469441135134448 0.31730623431713545 0.8644191561961353 0.31846733226656493 0.8968527754951907
0 0.7756486109375 0.656319265625 0.7744875129347852 0.6238856463224085 0.273492003125 0.6418208906249998 0.2746531011277148 0.6742545099275914