0 0.7523555562500001 0.5830750000000001 0.2412444437500001 0.583075 0.2412444437500001 0.6143250000000001 0.7523555562500001 0.6143250000000002
0 0.7453259265625001 0.7020958328125001 0.2434740734375001 0.7020958328125 0.2434740734375001 0.7323041671875001 0.7453259265625002 0.7323041671875001
0 0.7657296296875 0.04974583281250006 0.2064703703125 0.04974583281250002 0.2064703703125 0.09245416718750006 0.7657296296875 0.09245416718750009
0 0.7690296296875 0.12450833281250007 0.2097703703125 0.12450833281250004 0.2097703703125 0.16409166718750007 0.7690296296875 0.16409166718750007
0 0.7458740734375001 0.7869541671875001 0.2477259265625001 0.7869541671875 0.2477259265625001 0.8192458328125 0.7458740734375001 0.8192458328125
0 0.7453925921875002 0.8682124999999999 0.26020740781250007 0.8682124999999999 0.26020740781250007 0.9025874999999999 0.7453925921875002 0.9025874999999999
0 0.7578888890625 0.39659166718750005 0.23011111093750009 0.3965916671875 0.23011111093750009 0.4320083328125001 0.7578888890625 0.43200833281250023
0 0.7463000000000002 0.7601958328125 0.2463000000000001 0.7601958328125 0.2463000000000001 0.7904041671875002 0.7463000000000002 0.7904041671875002
0 0.748603703125 0.6726750000000001 0.2411962968750001 0.672675 0.2411962968750001 0.7039250000000001 0.748603703125 0.7039250000000001
0 0.7666259265625001 0.19450833281250007 0.21477407343750002 0.19450833281250005 0.21477407343750002 0.23409166718750005 0.7666259265625001 0.2340916671875001
0 0.7440185187500001 0.8427166671874999 0.2569814812500001 0.8427166671874999 0.2569814812500001 0.8718833328125 0.7440185187500001 0.8718833328125
0 0.75188148125 0.5216541671875001 0.2389185187500001 0.5216541671875 0.2389185187500001 0.5539458328125001 0.75188148125 0.5539458328125002
0 0.7481777781250002 0.7309958328125001 0.2426222218750001 0.7309958328125 0.2426222218750001 0.7612041671875001 0.7481777781250002 0.7612041671875002
0 0.7648259265624999 0.15880833281250006 0.2129740734375 0.15880833281250004 0.2129740734375 0.19839166718750006 0.7648259265624999 0.1983916671875001
0 0.7560111109375 0.4289333328125001 0.2337888890625001 0.4289333328125 0.2337888890625001 0.4622666671875001 0.7560111109375 0.46226666718750015
0 0.7500296296875 0.6127541671875001 0.2407703703125001 0.6127541671875 0.2407703703125001 0.6450458328125002 0.7500296296875 0.6450458328125002
0 0.7537333328125 0.4604541671875001 0.23706666718750008 0.46045416718750004 0.23706666718750008 0.49274583281250006 0.7537333328125 0.4927458328125002
0 0.75088148125 0.6421541671875001 0.23791851875000009 0.6421541671875 0.23791851875000009 0.6744458328125 0.75088148125 0.6744458328125001
0 0.75188148125 0.5525541671875001 0.2389185187500001 0.5525541671875 0.2389185187500001 0.5848458328125001 0.75188148125 0.5848458328125001
0 0.76161851875 0.33025000000000004 0.22458148125 0.33025000000000004 0.22458148125000005 0.3677500000000001 0.76161851875 0.36775000000000013
0 0.7676296296875 0.08746666718750006 0.2083703703125 0.08746666718750003 0.2083703703125 0.12913333281250006 0.7676296296875 0.12913333281250008
0 0.7458222218750001 0.8164166671875 0.25137777812500006 0.8164166671875 0.25137777812500006 0.8455833328125 0.7458222218750001 0.8455833328125
0 0.7643740734375 0.22892916718750006 0.2162259265625 0.2289291671875 0.2162259265625 0.26747083281250006 0.7643740734375 0.26747083281250006
0 0.76154444375 0.2976500000000001 0.22265555625000003 0.29765 0.22265555625000003 0.33515000000000006 0.76154444375 0.3351500000000001
0 0.7537333328125 0.4909333328125001 0.23706666718750008 0.4909333328125 0.23706666718750008 0.5242666671875 0.7537333328125 0.5242666671875001
0 0.7597666671875001 0.3635708328125001 0.2264333328125001 0.3635708328125 0.2264333328125001 0.4000291671875001 0.7597666671875001 0.40002916718750015
0 0.763422221875 0.26332916718750005 0.21897777812500002 0.2633291671875 0.21897777812500002 0.30187083281250005 0.763422221875 0.30187083281250005