0 0.777282715625 0.2811483843750001 0.7763250863332439 0.24882839429512962 0.24759135781250002 0.264494578125 0.24854898710425602 0.29681456820487045
0 0.7762241968749999 0.6706248484375 0.775173893692567 0.6351771172575706 0.288940246875 0.649584040625 0.28999055005743296 0.6850317718049292
0 0.7746437031250001 0.5580534531250001 0.77362429120257 0.5236483012555857 0.27445851875 0.5384383984375 0.27547793067243004 0.5728435503069144
0 0.775684196875 0.7249360140625002 0.7746338936709847 0.6894882828825718 0.29210395 0.7037854671874999 0.29315425320401534 0.7392331983674282
0 0.7759903703125001 0.6438264609375001 0.7748782845788917 0.6062935679680226 0.28487925937499997 0.6208120578124999 0.28599134510860824 0.6583449507819774
0 0.7775481484375001 0.1840745546875 0.776436062749278 0.14654166176427605 0.2327333328125 0.162651371875 0.2338454185007221 0.20018426479822393
0 0.7796106171875001 0.24980793281250008 0.7785294227385946 0.2133176191997923 0.24411678906250006 0.22915206718750003 0.2451979835114056 0.2656423808002078
0 0.7797404953124999 0.4088996046875 0.7787828659840559 0.3765796145613756 0.25745654218749997 0.39202632031249995 0.258414171515944 0.42434631043862436
0 0.77497851875 0.5869942765625 0.7739591068562545 0.5525891247393399 0.2803488890625 0.5672146124999998 0.2813683009562455 0.60161976432316
0 0.7778587656250001 0.15124949999999998 0.7766848973875762 0.11163144528722806 0.2292167890625 0.12785272187500002 0.23039065729992392 0.16747077658777193
0 0.7802553093750001 0.8638693265625002 0.7790196586013448 0.8221661132286988 0.30741580156250004 0.8361395609374999 0.3086514523361553 0.8778427742713012
0 0.7791301234374999 0.11729404687500007 0.7778944727031625 0.07559083358745254 0.22480913593749996 0.09197854687499993 0.22604478667183742 0.13368176016254746
0 0.7820982703124999 0.8082548390624998 0.7809552934672693 0.7696793668287556 0.30018469218749994 0.7839244203124998 0.30132766903273056 0.822499892546244
0 0.7774022234375 0.37789358750000024 0.7764754853489784 0.34661617673064765 0.25518 0.36206196874999996 0.25610673808852163 0.39333937951935255
0 0.7787491359375 0.6980190156250001 0.777667941422656 0.6615287020122956 0.29140345781249993 0.6759365390624998 0.29248465232734383 0.7124268526752043
0 0.7798511109375 0.21529866562500005 0.7788316989769595 0.18089351380184343 0.23151777812500002 0.1971102234375 0.23253719008554055 0.2315153752606566
0 0.774636296875 0.315127884375 0.7736168849958718 0.28072273250558344 0.24852518437500004 0.2962810046875 0.24954459625412823 0.3306861565569166
0 0.7764886421875001 0.3463862171875 0.7755310128782102 0.31406622710763044 0.2505009875 0.32962267187500005 0.25145861680928994 0.3619426619548696
0 0.7736745671874999 0.4393323625000002 0.772716937898811 0.40701237242012944 0.26250172812499994 0.4221298593749999 0.2634593574136889 0.45444984945487066
0 0.7774474078125 0.7538762546875002 0.7763353220116984 0.7163433617642819 0.2974474078125 0.7305326343749998 0.29855949361330164 0.7680655272982181
0 0.7745313578124999 0.46988139999999995 0.7735428371752466 0.43651882748735504 0.26700049375 0.45152748906249995 0.2679890143872533 0.48489006157514486
0 0.777174815625 0.499275565625 0.7761554037484769 0.4648704137555832 0.269582221875 0.4798799890625 0.2706016337515231 0.5142851409319168
0 0.7743 0.6148631921875001 0.7732805880367687 0.5804580403180879 0.281522221875 0.5950286593749998 0.2825416338382313 0.6294338112444121
0 0.7752948156249999 0.52928376875 0.7742754037288666 0.4948786168805843 0.27140592499999994 0.5097784531249999 0.27242533689613324 0.5441836049944156
0 0.7813792578125 0.7809073390625001 0.7802671720808592 0.7433744461392784 0.2995274078125 0.7576185874999999 0.3006394935441407 0.7951514804232216
0 0.781217284375 0.8335836249999999 0.7801360899127314 0.7970933113872929 0.30498271562500007 0.8111719296875 0.30606391008726874 0.847662243300207
0 0.7775762968749999 0.08262089843750008 0.7762788635706073 0.03883252336040558 0.22313185156249996 0.05522206406249993 0.22442928486689265 0.09901043913959442