0 0.77868055625 0.12228945312500006 0.26131944375 0.12228945312500003 0.26131944375 0.15891054687500006 0.77868055625 0.15891054687500009
0 0.752840971875 0.65896328125 0.28495902812500007 0.6589632812499999 0.28495902812500007 0.68923671875 0.752840971875 0.6892367187500001
0 0.7471562500000002 0.839842578125 0.3018437500000001 0.839842578125 0.3018437500000001 0.872557421875 0.7471562500000002 0.872557421875
0 0.773872221875 0.22072187500000004 0.266927778125 0.220721875 0.266927778125 0.25587812500000007 0.773872221875 0.25587812500000007
0 0.7547770828125 0.6316750000000001 0.2834229171875001 0.631675 0.2834229171875001 0.6629250000000001 0.7547770828125 0.6629250000000002
0 0.7623513890625 0.46446328125000014 0.2814486109375001 0.46446328125 0.2814486109375001 0.49473671875000014 0.7623513890625 0.4947367187500002
0 0.77236805625 0.28379843750000006 0.27063194375 0.2837984375 0.27063194375 0.31700156250000006 0.77236805625 0.3170015625000001
0 0.7658236109375001 0.40617500000000006 0.2779763890625001 0.406175 0.2779763890625001 0.43742500000000006 0.7658236109375001 0.4374250000000002
0 0.7482326390625003 0.7652515625000001 0.2907673609375001 0.7652515625 0.2907673609375001 0.7945484375000001 0.7482326390625003 0.7945484375000003
0 0.775178471875 0.08730117187500006 0.260421528125 0.08730117187500003 0.260421528125 0.12489882812500006 0.775178471875 0.12489882812500008
0 0.7586791671875 0.549407421875 0.28472083281250005 0.549407421875 0.28472083281250005 0.579192578125 0.7586791671875 0.5791925781250001
0 0.7508388890625001 0.7124074218750001 0.2855611109375001 0.712407421875 0.2855611109375001 0.7421925781250001 0.7508388890625002 0.7421925781250002
0 0.7754083328125 0.18822187500000007 0.2649916671875 0.18822187500000004 0.2649916671875 0.22337812500000004 0.7754083328125 0.22337812500000007
0 0.7467263890625002 0.816872265625 0.2970736109375001 0.816872265625 0.2970736109375001 0.843727734375 0.7467263890625002 0.843727734375
0 0.7556770828125 0.6050074218750001 0.2843229171875001 0.605007421875 0.2843229171875001 0.6347925781250001 0.7556770828125 0.6347925781250001
0 0.7678298609375 0.31528671875000003 0.2721701390625 0.31528671875000003 0.2721701390625 0.34751328125000003 0.7678298609375 0.3475132812500001
0 0.7616833328125 0.49360742187500006 0.28251666718750007 0.493607421875 0.28251666718750007 0.5233925781250001 0.7616833328125 0.5233925781250002
0 0.7493027781250002 0.7386515625000001 0.2874972218750001 0.7386515625000001 0.2874972218750001 0.7679484375000001 0.7493027781250002 0.7679484375000002
0 0.776678471875 0.15553359375000006 0.26192152812499997 0.15553359375000003 0.26192152812499997 0.19166640625000006 0.776678471875 0.1916664062500001
0 0.7493986109375002 0.7921281250000001 0.2928013890625001 0.792128125 0.2928013890625001 0.819471875 0.7493986109375002 0.819471875
0 0.76492569375 0.37593085937500004 0.2744743062500001 0.37593085937500004 0.2744743062500001 0.4076691406250001 0.76492569375 0.4076691406250002
0 0.7512729171875 0.68606328125 0.2851270828125001 0.6860632812499999 0.2851270828125001 0.71633671875 0.7512729171875 0.7163367187500002
0 0.759947221875 0.5217074218750001 0.28425277812500005 0.521707421875 0.28425277812500005 0.5514925781250001 0.759947221875 0.5514925781250002
0 0.7675298609375 0.34598671875000003 0.2718701390625 0.34598671875 0.27187013906250007 0.37821328125000003 0.7675298609375 0.3782132812500001
0 0.77273819375 0.25281015625000003 0.26666180625 0.25281015625 0.26666180625 0.28698984375000003 0.77273819375 0.2869898437500001
0 0.762853471875 0.43625156250000013 0.2793465281250001 0.4362515625 0.2793465281250001 0.46554843750000013 0.762853471875 0.4655484375000002
0 0.7582791671875 0.5774191406250001 0.2843208328125001 0.577419140625 0.2843208328125001 0.6081808593750001 0.7582791671875 0.6081808593750002