0 0.7959613544769023 0.06855812158458427 0.7948098375000001 0.025925662500000002 0.2174737455230978 0.04151970341541575 0.21862526250000003 0.08415216250000002
0 0.7921973061043139 0.10642016376453496 0.7910457890203271 0.06378770312613918 0.21555983135351314 0.07933177217410418 0.2167113484375 0.12196423281249998
0 0.7860489988989156 0.1390479993218156 0.7850379109375 0.101614621875 0.21556512610108447 0.11699627099068435 0.2165762140625 0.15442964843749996
0 0.7834267945330631 0.17266279142371813 0.7824437921863608 0.1362692280828272 0.21676382890329773 0.15154843353410913 0.21774683125 0.18794199687500002
0 0.7801989213349512 0.20657281476424055 0.779272090582827 0.17225888437613907 0.21007696924787583 0.1876330352368985 0.2110038 0.221946965625
0 0.7734652008454311 0.24263787112532312 0.7725102842917935 0.20728412504445098 0.2180236756338622 0.2222609945441279 0.21897859218750004 0.25761474062500006
0 0.7725330622460893 0.27496665060685727 0.771662403125 0.2427323531249999 0.22115372837891067 0.2576017759556427 0.22202438749999995 0.28983607343750006
0 0.7624850629994118 0.3114042649461623 0.7614739750000001 0.27397088593749996 0.21605292137558835 0.2887028897413377 0.21706400937500003 0.32613626875
0 0.7615937587757373 0.3431325678998929 0.7606669281249999 0.3088186375 0.21182327403676254 0.3236430867876071 0.21275010468749994 0.3579570171875
0 0.755271287095766 0.3768473053252557 0.754372542186361 0.3435731905828272 0.216722244153095 0.35809530400757156 0.21762098906250005 0.39136941875000003
0 0.7492292900960502 0.408298500707981 0.7483024593750001 0.37398456875 0.21055960834145 0.388509182104519 0.21148643906250006 0.42282311406249995
0 0.745113921091666 0.43959776172325593 0.7441590046875 0.4042440156249999 0.211873997658334 0.418621210151744 0.21282891406249999 0.45397495625000006
0 0.7408916978784944 0.4688603835202111 0.7399648671875001 0.43454645312499995 0.20962254743400566 0.4488711758547891 0.210549378125 0.4831851062500002
0 0.7380831804359216 0.5027424336190125 0.737100178123861 0.466348868707827 0.20657274768793932 0.48067859133881463 0.20755574999999998 0.51707215625
0 0.7367372444096287 0.5321479664803789 0.7357542421875 0.495754403125 0.20707694777787125 0.5100341522696211 0.20805995 0.5464277156249999
0 0.7302861539004614 0.561791288345673 0.7293031515624999 0.5253977234374999 0.20987652266203857 0.5394276100918269 0.21085952499999996 0.575821175
0 0.724204891267913 0.5923236758996283 0.7232218890625 0.5559301124999999 0.21119579623208687 0.5697601069128717 0.2121787984375 0.6061536703125
0 0.7219196088770621 0.6194153679266485 0.7209927780417933 0.5851014359819511 0.21100192853973124 0.5988764602428026 0.21192875937500003 0.6331903921875001
0 0.7193992599665615 0.6497142196229452 0.718388171873861 0.6122808405828272 0.20996978690729945 0.626013391272382 0.21098087499999996 0.6634467703125
0 0.7132730336661119 0.6772093429608319 0.712318117186361 0.641855598395327 0.2077851100827489 0.655483203871995 0.20874002656249996 0.6908369484374999
0 0.7153735585728277 0.7052439617811675 0.7143905562499999 0.6688503984374999 0.20606472736467235 0.6825804491563325 0.20704772968750004 0.7189740125000001
0 0.7085211978909736 0.7311603772687595 0.7075943671874999 0.696846446875 0.20500404898402622 0.7104215789812404 0.20593087968749998 0.7447355093749999
0 0.7067052634747748 0.760878291336051 0.7057784328125001 0.7265643609375 0.20873851465022528 0.7399895742889491 0.2096653453125 0.7743035046875001
0 0.7051378743537401 0.787713342957314 0.7041829578125001 0.752359596875 0.20705048502125986 0.765787311730186 0.2080054015625 0.8011410578125
0 0.698479448724057 0.817845091683399 0.6974121890625 0.7783320796875 0.2054598981509431 0.791619875504101 0.2065271578125 0.8311328874999999
0 0.6980369646038772 0.8445873243548213 0.6970258765203271 0.8071539453136392 0.2052586962914499 0.8204367412713178 0.20626978437500004 0.8578701203125
0 0.6947013780430388 0.8746293215562082 0.693577946875 0.8330366796875 0.20514081414446128 0.8462295300062918 0.20626424531250004 0.887822171875