0 0.7539038890624999 0.1628518562500001 0.22185192146909136 0.14708735295033973 0.22070944531249997 0.185645921875 0.7527614129059086 0.20141042517466037
0 0.7172614812500002 0.7383118937500001 0.23905198429521443 0.7241427239564087 0.23818740781250014 0.7533221812500002 0.7163969047672858 0.7674913510435916
0 0.7368068515624999 0.39183041562500004 0.22703877933095046 0.3767261756251886 0.22601981406250005 0.4111162515625001 0.7357878862940496 0.42622049156231145
0 0.7065285187500001 0.8438747937500001 0.24501652423674303 0.8302003642018516 0.24421370312500015 0.8572955765625 0.7057256976382572 0.8709700061106485
0 0.703139815625 0.8688031390625 0.24710628324773354 0.8552910330554685 0.24614907343750012 0.8875968609375002 0.7021826058147667 0.9011089669445317
0 0.7616955562500001 0.0924272984375001 0.21848622022400094 0.07633220740524568 0.21725111093750002 0.11801714687500002 0.7604604469634991 0.13411223790725443
0 0.7253316671875001 0.48255183593750006 0.23226109886724236 0.46794233622666326 0.23130388906250005 0.5002481640625003 0.7243744573827577 0.5148576637733371
0 0.7472703703124999 0.2286629500000001 0.22264122818157756 0.21311838169028988 0.2215296296875 0.25063482812500004 0.7461587718184224 0.2661793964347102
0 0.7200157406250001 0.6560643921875001 0.2417908245900539 0.64189476553229 0.24089537031250008 0.6721163484375 0.7191202863474463 0.6862859750927102
0 0.7187668515625002 0.6841643921875 0.24054193552755393 0.66999476553229 0.23964648125000015 0.7002163484375002 0.7178713972849463 0.7143859750927104
0 0.7235422218750001 0.6274519484375001 0.24162902187256602 0.6131730380200555 0.24076444531250013 0.6423524953125 0.7226776453149342 0.6566314057299445
0 0.7188392593750002 0.7118237453125003 0.24062976085908497 0.697654575472653 0.2397651843750001 0.7268340328125003 0.7179746828909153 0.7410032026523474
0 0.73084759375 0.4221940093749999 0.2284869277018829 0.40730924906170146 0.22746796250000006 0.4416993250000001 0.7298286285481173 0.4565840853132985
0 0.7077118515625 0.817833896875 0.24431716874938525 0.8041036832863065 0.2434525921875001 0.833283140625 0.7068472750006148 0.8470133542136935
0 0.7264753703125 0.5412628921875001 0.2371085066038257 0.5267631330542615 0.23615129687500008 0.5590689609375 0.7255181605836744 0.5735687200707387
0 0.755046296875 0.12871993750000002 0.22112705700627888 0.11290010858768085 0.21995370312500007 0.1525008031250001 0.7538729429937213 0.1683206320373193
0 0.7151274078125002 0.7648836906250001 0.240621612439155 0.7508242598479135 0.23975703593750008 0.7800037171875002 0.7142628313108452 0.7940631479645868
0 0.7125103703125002 0.7916414406250001 0.23985642802764917 0.7776368801598721 0.23899185156250008 0.8068163375000001 0.711645793847351 0.820820897965128
0 0.7291018531250001 0.5126237796875002 0.23604670231316316 0.4980147383557383 0.23512037031250005 0.52927844375 0.728175521124337 0.5438874850817619
0 0.7439251859375 0.2622080796875001 0.22299974527927766 0.24677325195518232 0.22188814687500003 0.2842896984375 0.7428135875332224 0.2997245261698178
0 0.7383761109375 0.32614880312500005 0.22487349887373886 0.3109339103827359 0.22379277812500004 0.3474082343750001 0.7372953901887612 0.36262312711726424
0 0.7487059265624999 0.1963629500000001 0.22407678287044813 0.18081838164403416 0.22296518437500007 0.21833482812500002 0.7475943280670518 0.23387939648096592
0 0.7377453703125001 0.36061713593750017 0.22427359483145262 0.3454031584358426 0.22325462968750004 0.37979323437500007 0.7367264051685475 0.3950072118766576
0 0.7238438890625 0.5993030203124999 0.23821156518086278 0.5849139154855069 0.23731611093750007 0.6151354984375 0.7229484348191373 0.6295246032644932
0 0.7425155546875002 0.2950095062500001 0.22529382186805713 0.2796844176268481 0.22418222343750008 0.3172008640625001 0.741403956256943 0.33252595268565216
0 0.7262275921875001 0.4522968890625 0.22942248392954506 0.4375767381701464 0.22840351875000012 0.4719668140625001 0.7252086270079551 0.4866869649548537
0 0.7242390734375 0.5701346890625001 0.2385759144343181 0.5557446690383043 0.2376187046875001 0.588050496875 0.7232818636906819 0.6024405168991958