0 0.7556344189224242 0.059610608631180464 0.7517422109375 0.020434115624999992 0.22185823264007584 0.07307840543131955 0.225750440625 0.11225489843750003
0 0.7610206827889312 0.0928166296955728 0.7573333281249999 0.055702059375000015 0.2238681218985686 0.10870214530442719 0.2275554765625 0.14581671562499998
0 0.7627712235523774 0.12622560921408282 0.75908386875 0.08911103750000002 0.22561866082262266 0.1421111235984172 0.22930601562500005 0.17922569531250002
0 0.7608412140677292 0.15870091704401812 0.757153859375 0.12158634531250004 0.2329444937447708 0.17366685639348195 0.2366318484375 0.21078142812500006
0 0.762224059493997 0.19294602030707403 0.7585367046875 0.15583144843750002 0.234327338943503 0.20791196094292602 0.23801469375 0.24502653281250003
0 0.7627043109283759 0.225702434024998 0.7589145296875002 0.1875569015625 0.23464461094662425 0.23964342847500203 0.2384343921875 0.27778896093750005
0 0.7634516874893913 0.25759107016236543 0.7597643326435101 0.220476498299054 0.24110847327911872 0.27200526719918855 0.244795828125 0.30911983906249996
0 0.7627772596476855 0.2884215751881095 0.7591923312499999 0.2523379625 0.24429935910231437 0.3034928857493905 0.24788428749999997 0.3395764984375
0 0.7631559205851854 0.32016776893810955 0.7595709921874999 0.28408415624999994 0.24467802003981437 0.33523907949939047 0.2482629484375 0.3713226921875
0 0.7615380311752047 0.3512919037149702 0.7580555296875 0.3162392546875 0.25062778288729537 0.36665250253502985 0.254110284375 0.4017051515625
0 0.764078075194868 0.38090350701506404 0.7606980000000001 0.3468818171875 0.25333080605513203 0.39728905079743615 0.25671088124999997 0.43131074062500013
0 0.7633538908380578 0.4107186405545698 0.76017866875 0.378758871875 0.2529325794744421 0.4291540735079303 0.25610780156249996 0.4611138421875
0 0.7693961220029142 0.8439598990044079 0.7659136203125 0.8089072484375002 0.2936580717470859 0.8558261181830924 0.2971405734375 0.89087876875
0 0.7724193690708225 0.8121505835166593 0.7695514265625 0.7832836953125 0.2865521856166774 0.8312699571083406 0.289420128125 0.8601368453125
0 0.770806148880107 0.7858243461534404 0.76793820625 0.7569574578124999 0.2812366292448929 0.8053115507215594 0.284104571875 0.8341784390625
0 0.7676500127565581 0.7603135624226526 0.764474790625 0.72835379375 0.27759155443094186 0.7767259344523475 0.28076677656250004 0.808685703125
0 0.7685947767683268 0.7297727054007739 0.7657268342060101 0.7009058170490541 0.27532291993768326 0.7496277382107801 0.2781908624999999 0.7784946265624999
0 0.7658505533013027 0.7045208450917679 0.762675331234728 0.672561076408782 0.2720897591834252 0.7213010453795141 0.27526498125 0.7532608140624999
0 0.7664309379109113 0.6740370115746781 0.7634605687499999 0.6441391624999999 0.27114493240158855 0.693051014987822 0.2741153015625 0.7229488640625001
0 0.7661366943239433 0.6443813631204248 0.7631663249999999 0.6144835125 0.2708506900510566 0.6633953650045752 0.27382105937499995 0.693293215625
0 0.7669138441065038 0.6167390237183803 0.7638410484375 0.5858102140625 0.2696136902684962 0.6349119965941197 0.27268648593749995 0.6658408062500001
0 0.7653333423857044 0.5872319872757854 0.762158120297228 0.5552722185962822 0.26416787166152356 0.6047478469454969 0.26734309375 0.6367076156250001
0 0.764826787749773 0.5568353196124324 0.7619588453125 0.5279684328124999 0.2641502575627271 0.5774260132000675 0.2670182 0.6062928999999999
0 0.7644035033803234 0.530053534297849 0.76122828125 0.4980937656249999 0.2650892028696766 0.5473854797646509 0.268264425 0.5793452484375
0 0.7645404205100189 0.4985559655570405 0.7613651984375001 0.46659619687499987 0.257821446677481 0.5166235688179593 0.26099666874999994 0.5485833375
0 0.7641255130340914 0.46837091453311547 0.7611551437347279 0.4384730639087821 0.26328600101313654 0.48793666031316674 0.2662563703125 0.5178345109375001
0 0.762658656433481 0.44017274680010166 0.759483434221282 0.408212978140272 0.25779085122530093 0.45805643759017034 0.2609660734375 0.49001620625