0 0.32537945322768713 0.2754961559095949 0.15766024843750007 0.2671739171875 0.155923348334813 0.30217790034040515 0.32364255312500007 0.31050013906250007
0 0.6633168652775165 0.5997837874862558 0.5063325578125001 0.591994215625 0.5047784894099838 0.6233135687637443 0.6617627968750002 0.6311031406250001
0 0.34642002754003254 0.6422019061986426 0.18943572031250006 0.6344123359375 0.18788165214746763 0.6657316906763576 0.3448659593750001 0.6735212609375002
0 0.8348422798292889 0.8169779684210885 0.6723403546875001 0.8089146109375 0.6706034543910294 0.8439185956337363 0.8331053795328183 0.8519819531173252
0 0.6641357604754972 0.658365903174024 0.5092383609375 0.650679884375 0.5076842926495029 0.6819992374509761 0.6625816921875 0.68968525625
0 0.5004010483048897 0.5620800985298929 0.3381994609375001 0.5540316437499999 0.3366453923162728 0.5853509968599481 0.4988469796836624 0.5933994516398411
0 0.3388812074626252 0.43266826384595725 0.1733990843750001 0.4244570312500001 0.17175360034987502 0.4576187017790431 0.3372357234375001 0.4658299343750002
0 0.3436763355758833 0.5228884719372411 0.17938783593750007 0.514736465625 0.1778337675414415 0.5460558188424407 0.34212226717982475 0.5542078251546819
0 0.3587339076696347 0.8422728282160425 0.2038365078125001 0.8345868078124997 0.20228243912802452 0.8659061624051196 0.35717983898515915 0.8735921828086625
0 0.6590026342311162 0.4480799172005624 0.4968010468750001 0.4400314625 0.495246978191543 0.4713508171705999 0.6574485655476591 0.47939927187116227
0 0.6591812390531733 0.2878707637010016 0.4883316671875001 0.2793931968750001 0.48659476719682687 0.3143971816114986 0.6574443390625001 0.32287474843750014
0 0.6626831043028383 0.6283748359903618 0.5077857046875 0.6206888171875 0.506231636322162 0.6520081718221383 0.6611290359375002 0.659694190625
0 0.4953570654866494 0.37992238291048247 0.33106856562500003 0.371770375 0.3295144968509936 0.4030897297365241 0.493802996712643 0.41124173764700656
0 0.8340353060198431 0.7868453357430649 0.6716835515625001 0.7787894312500001 0.6700380674138195 0.8119511002717763 0.8323898218711625 0.8200070047648411
0 0.836269831223615 0.09348214170546323 0.6558789890625001 0.08453113750000009 0.654050673463885 0.12137743798203697 0.8344415156249999 0.13032844218750012
0 0.8368493628481388 0.16092834801746497 0.6595888890625 0.15213267031250005 0.6577605730043449 0.18897896932087938 0.8350210467899837 0.1977746470258443
0 0.8358540999036507 0.5163682249010286 0.6630677875 0.5077945562500001 0.6614223032213494 0.5409562250989716 0.8342086156250001 0.5495298937500002
0 0.6576479169605938 0.22267102149119963 0.4899287125 0.2143487843750001 0.48819181272690615 0.24935276757130048 0.6559110171874999 0.25767500468750004
0 0.6560902155137037 0.1565724996314212 0.4862841015625 0.14814670937500005 0.4845472016737963 0.1831506925560789 0.654353315625 0.19157648281250003
0 0.6704974590498931 0.8328100671703569 0.5145566062500002 0.8250722718750001 0.5130025378251072 0.8563916265796434 0.6689433906250002 0.8641294218750002
0 0.6603152279772786 0.4799589032154035 0.4981136390625001 0.47191044843750013 0.4965595704563839 0.5032298015494376 0.6587611593711624 0.511278256327341
0 0.33588314189171187 0.39968249023213037 0.17025085156250006 0.39146380625 0.16851395185828827 0.4264677894553697 0.33414624218750005 0.4346864734375
0 0.8359390014706676 0.5464650277653293 0.6640459765625 0.5379356843750001 0.6623090766543324 0.572939665984671 0.8342021015625001 0.5814690093750002
0 0.3478473027736788 0.6713938750635968 0.19086299375000007 0.6636043031250001 0.18930892535132138 0.6949236561864033 0.34629323437500015 0.702713228125
0 0.6627628319843273 0.5706610063691053 0.5048852359375001 0.5628271109375 0.5034225836406729 0.5923041483183948 0.6613001796875 0.6001380437500001
0 0.8360002299761339 0.3266632512529227 0.662020290625 0.31803035312500005 0.6602833901816841 0.3530343378019021 0.8342633295328181 0.36166723592982475
0 0.3613534860070641 0.8696512494590951 0.20600558125000012 0.8619428765624999 0.20417726555543608 0.8987891755409047 0.3595251703125001 0.9064975484375
0 0.662043016735242 0.5091657813003072 0.49984142812500004 0.5011173281250001 0.49828735974991706 0.5324366827583554 0.660488948360159 0.5404851359336625
0 0.32159077357049853 0.21158072318527746 0.15178465781250003 0.20315493125000006 0.15004775759832295 0.23815891438822595 0.3198538733563215 0.24658470632350332
0 0.8359773138091613 0.2283283793002195 0.6619973765625 0.21969548437500014 0.6602604768158389 0.2546994675747808 0.8342404140625002 0.26333236250000014
0 0.33847634199758925 0.4621682404358639 0.17508113125000008 0.45406055937499995 0.17343564706491088 0.48722222831413625 0.33683085781250005 0.4953299093750002
0 0.6702421186068795 0.8036503952073705 0.5131076406250001 0.795853371875 0.5114621563892829 0.8290150408074707 0.6685966343711625 0.8368120641398413
0 0.6563067700855937 0.18989304961619963 0.48858756562499994 0.18157081250000004 0.4868506658519062 0.2165747956963005 0.6545698703124999 0.22489703281250004
0 0.5043073171928233 0.649511779524069 0.3429990140625001 0.6415076500000001 0.3413535296086736 0.6746693203947526 0.5026618327389968 0.6826734499188216
0 0.5023786027297011 0.5921969406049604 0.3391335609375001 0.5840967109375 0.337579492582799 0.6154160640825397 0.500824534375 0.6235162937500001
0 0.6586598590707529 0.3206560480498619 0.49094065468750003 0.3123338109375 0.48920375499174706 0.3473377925751381 0.6569229593749999 0.3556600296875
0 0.5097852480528381 0.8243368672403616 0.3548878484375001 0.8166508484375001 0.35333378007216204 0.8479702030721386 0.5082311796875001 0.8556562218750001
0 0.8356180797286443 0.3580592230953375 0.6605946875 0.3493745500000002 0.6588577873815149 0.38437853315082515 0.8338811796101592 0.3930632062461625
0 0.6738972908744589 0.8888238478146793 0.5163123062500001 0.8810044703125002 0.5143925747505412 0.9196930818728211 0.671977559375 0.9275124593750002
0 0.6684599000646683 0.7740418951568826 0.5134123312500001 0.7663484234375001 0.5117668467368287 0.7995100938244389 0.666814415551497 0.8072035655438216
0 0.8339993436881363 0.7582949293254296 0.6704539640625 0.750179796875 0.6687170641243638 0.7851837800495705 0.83226244375 0.7932989125000001
0 0.32989010452809936 0.3075596841835355 0.16023415937500002 0.29914134531250003 0.15858867515940078 0.33230301581646454 0.3282446203125001 0.34072135468750003
0 0.835956096662214 0.1955161730555588 0.6609327031250001 0.18683150156250009 0.6591958033377859 0.2218354847569414 0.8342191968750001 0.2305201562500001
0 0.6579627595054457 0.384773673290543 0.4945675484375 0.37666599062500006 0.49292206385471343 0.4098276610806194 0.6563172749226591 0.4179353437461624
0 0.5053932400691343 0.7377527968338196 0.3525827531250001 0.7301703312500001 0.3510286849308658 0.7614896844161806 0.503839171875 0.7690721500000002
0 0.8348901763410812 0.8764711078932003 0.6747755000000001 0.86852620625 0.6732214313902404 0.8998455609303031 0.8333361077313215 0.9077904625735034
0 0.49280752467925976 0.349378237489777 0.3274755703125001 0.3411744546875001 0.3259215018058995 0.37249380938138554 0.49125345617265914 0.3806975921836625
0 0.836305630898103 0.5769008542872429 0.6644126046875 0.5683715125 0.6626757050393972 0.6033754957127573 0.8345687312500003 0.6119048375000002
0 0.8362377876182874 0.2938638824678037 0.6633013078125 0.2852827625000001 0.6615644076942127 0.3202867472196965 0.8345008875 0.3288678671875001
0 0.6552055107488629 0.12242095744008355 0.485399396875 0.11399516718750007 0.4836624970636372 0.14899914880991658 0.6534686109375001 0.15742493906250007
0 0.8355104218386055 0.45359517464762833 0.6625739421875 0.44501405468750005 0.6608370420692127 0.48001803940719645 0.8337735217203182 0.48859915936732473
0 0.6724305965313542 0.8615284858464147 0.5154462906250001 0.8537389140624999 0.5138922222186462 0.8850582672785853 0.6708765281250001 0.8928478390625001
0 0.658949665497554 0.2560454183792949 0.4891435500000001 0.2476196281250001 0.4874066501274464 0.2826236113082053 0.6572127656250002 0.2910494015625001
0 0.34175387622615455 0.5538090953844137 0.18268265625000005 0.5459159703124998 0.18112858775132928 0.5772353235164304 0.3401998077274838 0.5851284485883442
0 0.5108961432879973 0.8530144859865242 0.35599874375000007 0.8453284671875002 0.35444467545816527 0.8766478203408171 0.5093420749961626 0.8843338391398412
0 0.6651065917293348 0.6889314405966831 0.5102091937500002 0.6812454218750001 0.5086551254581654 0.712564775028317 0.6635525234375 0.7202507937500001
0 0.35394806710201865 0.7570654343957519 0.19800721406250005 0.7493276374999999 0.19645314532064057 0.7806469921629104 0.35239399836015906 0.7883847890586624
0 0.5081528727075326 0.7965567987315729 0.3534056421875001 0.7888782312499999 0.35194298978479216 0.8183552670481088 0.5066902203048248 0.8260338345296818
0 0.6562467702980086 0.0877666012066669 0.48435374531250003 0.07923725781250007 0.4826168453269915 0.11424124098083326 0.6545098703125001 0.1227705843750001
0 0.8356443031661442 0.3903730293453374 0.6606209109375001 0.3816883562500001 0.658884010896356 0.41669233784216286 0.833907403125 0.4253770109375002
0 0.8361075982731133 0.9047033808744309 0.6746491296875 0.8966918015625 0.6729122298518868 0.9316957847505692 0.8343706984375002 0.9397073640625002
0 0.3546374073504972 0.7857221359865241 0.19974000781250012 0.7780361171875001 0.19818593952450297 0.809355470263476 0.3530833390625001 0.8170414890625001
0 0.8355259373028747 0.42128344024512066 0.6605025453125 0.41259876875 0.6587656455096252 0.4476027519423795 0.8337890375000001 0.4562874234375
0 0.34062693842042646 0.5832732405661237 0.18468608593750008 0.5755354468749999 0.1831320178295736 0.6068548016213764 0.3390728703125 0.6145925953125001
0 0.5134361705064132 0.8794655367856743 0.3579380968750001 0.8717497125 0.35601836543108695 0.9104383257143258 0.5115164390625001 0.9181541500000001
0 0.329169213877684 0.3398364185551893 0.16681745625000005 0.3317805140625 0.16517197205981615 0.36494218456981076 0.3275237296875001 0.3729980890625001
0 0.32492766990238053 0.24356015271707712 0.15407809843750003 0.23508258750000005 0.15234119884761957 0.2700865707204229 0.32319077031250004 0.2785641359375
0 0.8361263281503462 0.6683443246557572 0.6684071234375001 0.6600220859374999 0.6666702233386507 0.6950260690130641 0.8343894280514969 0.7033483077313214
0 0.8359231654834108 0.12769817150243284 0.65985631875 0.11896172343750008 0.6581194188915891 0.1539657066225674 0.8341862656249999 0.16270215468750013
0 0.6652036590924182 0.745257823229817 0.512243003125 0.73766790625 0.5105975190325819 0.7708295767701829 0.6635581750000001 0.7784194937500001
0 0.6656880763422938 0.7166852219622051 0.5107906765625 0.7089992015625 0.5092366078780244 0.7403185561551195 0.6641340076578182 0.7480045765548247
0 0.34417869035101967 0.6125706250674344 0.18719438125000012 0.604781053125 0.18564031277398046 0.6361004077450658 0.3426246218750001 0.6438899796875003
0 0.3419226701535051 0.49417895938607287 0.17972108125000003 0.48613050468749996 0.17816701265899498 0.517449857801427 0.34036860156250004 0.5254983124999999
0 0.8365229937754839 0.4841627855932754 0.6614996 0.4754781125000001 0.6597626999745164 0.5104820940942247 0.8347860937500002 0.5191667671875001
0 0.8342797470323491 0.7277656214234998 0.6705841984375001 0.7196430375000001 0.6687558826513132 0.7564893364663415 0.8324514312461624 0.7646119203898412
0 0.8359777388937621 0.6378195855613582 0.6672150796875 0.629445571875 0.6654781798562377 0.6644495550636418 0.8342408390624998 0.6728235687499999
0 0.3503447386220539 0.6996416452928613 0.19336042968750006 0.6918520734375 0.1918063613779463 0.7231714250196387 0.3487906703125001 0.730960996875
0 0.5049075900950111 0.6800847859775727 0.3447929140625 0.6721398859375001 0.34323884583865133 0.7034592390997682 0.5033535218711624 0.7114041391398408
0 0.3176281033577975 0.110704860156793 0.145434740625 0.10216061406250003 0.1435150091422026 0.1408492257807071 0.3157083718750001 0.14939347187500007
0 0.5055837449611789 0.709638403188597 0.3485994359375001 0.7018488312500001 0.3470453675388214 0.7331681843114034 0.5040296765625001 0.7409577562500003
0 0.31693948967094376 0.07603854133795948 0.14146559062500003 0.06733151406250001 0.13945444306421537 0.10786244303320291 0.31492834211015913 0.11656947030866238
0 0.8354158338798958 0.8460536982796818 0.6730640765625001 0.8379977953125 0.6714185926826042 0.8711594657828183 0.83377035 0.8792153687500001
0 0.5032891559282044 0.6208646172486388 0.34004411250000005 0.6127643875000001 0.3384900440717957 0.6440837421263612 0.5017350875 0.652183971875
0 0.31894387306965216 0.14582707303514275 0.1470508453125 0.13729773125000005 0.14531394568034786 0.17230171446485731 0.31720697343750004 0.18083105625
0 0.3333666605648048 0.3714854874829364 0.16907816093750005 0.36333348125 0.1675240925601953 0.3946528343920636 0.33181259218750003 0.402804840625
0 0.5073916654739744 0.767870674934276 0.3524942671875001 0.7601846546875001 0.35094019858852576 0.7915040078782243 0.5058375968750001 0.7991900281250002
0 0.8367414716622139 0.26117745118055874 0.6617180781249999 0.25249277968750006 0.6599811783377859 0.2874967628819414 0.8350045718749998 0.2961814343750001
0 0.3509701464129972 0.7300903125490241 0.19607274687500012 0.7224042937500001 0.19451867858700297 0.7537236468259761 0.3494160781250001 0.7614096656250002
0 0.8357321482650131 0.6073897636922101 0.6659260359375001 0.5989639734375002 0.6641891361099872 0.6339679550577902 0.8339952484375003 0.6423937453125002
0 0.6583868949917597 0.354303209364777 0.4930549406250001 0.34609942656250003 0.49150087219574035 0.3774187796977232 0.6568328265625001 0.38562256250000015
0 0.4919130670765336 0.31649684357125796 0.32643094375000004 0.30828560937500005 0.3247854594124633 0.3414472797850636 0.49026758273899673 0.34965851398132153
0 0.356433392318726 0.8130116733621466 0.2024292812500001 0.805369978125 0.20078379673993654 0.838531648590194 0.35478790780866243 0.8461733438273408
0 0.6619703916498751 0.539679543633375 0.5018557171875001 0.5317346437500001 0.500301648975125 0.5630539969916253 0.6604163234375001 0.5709988968750002
0 0.6590467043148048 0.4166671687329364 0.4947582046875 0.4085151625 0.49320413630635757 0.43983451571940463 0.6574926359336624 0.44798652195234095
0 0.8352287828139531 0.6974209340276115 0.6685530359375 0.6891504718750001 0.6668161359360469 0.7241544534723887 0.8334918828125 0.7324249156250001
0 0.31926059826501285 0.17915259337970993 0.14945448593750005 0.17072680312500005 0.1477175861099872 0.20573078474529014 0.3175236984375 0.21415657500000002
0 0.4874125108814151 0.08676905128538205 0.31447602812500003 0.07818793125000004 0.31273912817724725 0.11319191285445898 0.4856756109336623 0.12177303288984098
0 0.48689798276025276 0.12095089339554113 0.3139615015625 0.11236977343750006 0.3122246015374063 0.1473737566006213 0.485161082735159 0.1559548765586624
0 0.488401156089857 0.15476006075228316 0.31665829843750004 0.14623816875000004 0.31501281422264304 0.179399837685217 0.486755671875 0.1879217296875001
0 0.4895150030727528 0.1876006293330411 0.316578521875 0.17901950937500005 0.3148416219272473 0.214023490979459 0.48777810312500003 0.22260461093750009
0 0.49007964826501293 0.2199411511922099 0.3202735359375001 0.21151536093750006 0.3185366361099872 0.2465193425577902 0.4883427484375001 0.2549451328125001
0 0.491107588890013 0.2523046621297099 0.3213014765625001 0.24387887187500007 0.3195645767349872 0.2788828534952902 0.48937068906250014 0.2873086437500001
0 0.49217359148087325 0.28651691087012454 0.32371127031249997 0.27815780156250003 0.3221572022691266 0.3094771563173756 0.49061952343749987 0.317836265625
0 0.496878179362922 0.41141279381711787 0.33154622343750006 0.40320901093750006 0.32999215493473716 0.4345283655540445 0.4953241108601591 0.44273214843366243
0 0.498391115521761 0.4433017219776055 0.333059159375 0.43509793750000003 0.33150509057355715 0.4664172920772193 0.49683704672031814 0.4746210765548248
0 0.4993968323624639 0.47247277185409875 0.3351083328125001 0.464320765625 0.33355426443903297 0.4956401186897228 0.49784276398899685 0.5037921249188215
0 0.4997169667564826 0.5043283690055876 0.3376655484375001 0.49628736562500003 0.3362028956623389 0.5257644029429157 0.4982543139813214 0.5338054063235033
0 0.5023452215504222 0.5331551516296178 0.33701326562500006 0.5249513687500001 0.3354591971222371 0.5562707233665447 0.5007911530476592 0.5644745062461624