0 0.7298631625 0.5194803171875 0.7281688289885125 0.48873685776810055 0.272232359375 0.513864428125 0.2739266928864874 0.5446078875443995
0 0.7382484890625001 0.652053971875 0.7366079441497341 0.6222864977050863 0.29021115625 0.6468883156249999 0.29185170116276593 0.6766557897949137
0 0.7362823859375001 0.6262875796875 0.7345880526285576 0.5955441218211555 0.28731099365941687 0.6201944530438797 0.28900532696835934 0.6509379109102242
0 0.7364248468749999 0.6780734734375001 0.7348111960936001 0.6487939895572605 0.29188534374526853 0.6732045171016482 0.29349899452666833 0.7024840009818878
0 0.7348279687500001 0.5997027812500001 0.7331336354031414 0.5689593233851871 0.28325875 0.5937528265625001 0.2849530833468588 0.6244962844273131
0 0.7419057015624999 0.7292969265625001 0.7402920507811002 0.7000174426822604 0.297366196875 0.7244279703124998 0.29897984765639973 0.7537074541927395
0 0.7037409140625 0.1418144515625001 0.7016700621272046 0.10423911423223786 0.21359344218750004 0.1311379921875 0.21566429412279536 0.16871332951776224
0 0.7216465703125 0.3820946484374999 0.7197101893557931 0.346959267140278 0.24898822335164822 0.37290169375473153 0.250924604308355 0.4080370750519534
0 0.7231624421875 0.4100469765625002 0.721306743565256 0.37637556925918225 0.254070040625 0.40212591875000003 0.2559257392472441 0.43579732605331795
0 0.7136621390624999 0.2657827046875 0.7116450755435665 0.2291833510528532 0.2322422 0.2556042015625 0.23425926351893342 0.2922035551971468
0 0.7161886890625002 0.29527149375000006 0.7141985196424859 0.2591601304063381 0.23566875156250006 0.28553286250000004 0.23765892098251423 0.3216442258436619
0 0.72440078125 0.46513652968750013 0.7226526594952866 0.4334170881267279 0.26323809218749994 0.4587363421875 0.2649862139422134 0.4904557837482722
0 0.7459142359375 0.779543084375 0.7442736908952499 0.74977560864908 0.30393849218749996 0.7740433609374998 0.30557903722974994 0.8038108366634198
0 0.730869775 0.5463345312500001 0.7291485473352679 0.5151030815418103 0.274936790625 0.5401356 0.27665801828973213 0.5713670497081899
0 0.7277645718750001 0.4927630328125 0.7259895559726133 0.46055560104875537 0.268299703125 0.4857798031250001 0.2700747190273868 0.5179872348887447
0 0.7186163671875001 0.32432050625000014 0.7166799862218378 0.2891851265143761 0.24076237343750004 0.31541389687499993 0.2426987544031623 0.3505492766106239
0 0.7343153562500001 0.57321056875 0.7325941287580026 0.5419791206821121 0.27924831562499997 0.5669639140625 0.2809695431169975 0.5981953621303879
0 0.7082914093750001 0.17349731406250005 0.7062474516735147 0.13640996857901028 0.21731205625000002 0.16335617499999996 0.21935601395148535 0.20044352048348973
0 0.71085615 0.23467290937500004 0.7088928748502737 0.19904953779059426 0.22777244843750002 0.22556504531249993 0.22973572358722644 0.26118841689690575
0 0.749226146875 0.8270442906250001 0.7476662844717011 0.7987407904419215 0.31514605625000003 0.8225778437500001 0.31670591865329883 0.8508813439330787
0 0.7388021765625 0.703504721875 0.7371885256779409 0.6742252379989274 0.294262671875 0.6986357671874999 0.2958763227595591 0.7279152510635725
0 0.7436644515624999 0.7540163093750001 0.7420776950567676 0.7252248173398422 0.3008908875 0.7495395015624999 0.30247764400573246 0.7783309935976578
0 0.710985440625 0.2049257593750001 0.7089414828350514 0.16783841380904085 0.22260391250000003 0.19464145000000002 0.22464787028994865 0.23172879556595927
0 0.718925221875 0.35268433750000006 0.7170426290459274 0.3185249384348626 0.24546905625 0.34451430156249996 0.24735164907907253 0.37867370062763733
0 0.7239352000000001 0.43788402031249996 0.722133289704328 0.4051885951471882 0.2592406265625001 0.4306995359375 0.26104253685817214 0.4633949611028118
0 0.7530924265624999 0.8546963562500001 0.7512905164564506 0.8220009325522222 0.3204376671827685 0.8457460936641482 0.3222395772888179 0.878441517361926
0 0.750179796875 0.8033341046875 0.7486199344442539 0.7750306044194872 0.3083062359327685 0.7992971717891482 0.3098660983635147 0.8276006720571608