0 0.6916590281250001 0.701295703125 0.2845409718750001 0.701295703125 0.2845409718750001 0.730104296875 0.6916590281250002 0.730104296875
0 0.6935291671875 0.655628125 0.28207083281250006 0.655628125 0.28207083281250006 0.682971875 0.6935291671875 0.682971875
0 0.69439930625 0.6086515625 0.2786006937500001 0.6086515625 0.2786006937500001 0.6379484375 0.69439930625 0.6379484375
0 0.6926930562500001 0.7242632812500001 0.2847069437500001 0.7242632812500001 0.2847069437500001 0.7545367187500001 0.6926930562500002 0.7545367187500001
0 0.72070069375 0.19116328125000007 0.26149930625 0.19116328125000004 0.26149930625 0.22143671875000007 0.72070069375 0.2214367187500001
0 0.6978715281250001 0.5377398437500001 0.2751284718750001 0.5377398437500001 0.2751284718750001 0.5660601562500001 0.6978715281250001 0.5660601562500001
0 0.70251180625 0.48789570312499997 0.2710881937500001 0.48789570312499997 0.2710881937500001 0.516704296875 0.70251180625 0.516704296875
0 0.7031458328125 0.462983984375 0.2708541671875001 0.462983984375 0.2708541671875001 0.490816015625 0.7031458328125 0.490816015625
0 0.7141583328125 0.30497226562500007 0.2662416671875 0.304972265625 0.2662416671875 0.33182773437500007 0.7141583328125 0.3318277343750001
0 0.71178819375 0.38647226562500003 0.2682118062500001 0.38647226562500003 0.2682118062500001 0.413327734375 0.71178819375 0.413327734375
0 0.7198326390625 0.21985156250000007 0.2623673609375 0.21985156250000001 0.2623673609375 0.24914843750000007 0.7198326390625 0.2491484375000001
0 0.71679444375 0.27673984375000005 0.26540555625 0.27673984375 0.26540555625 0.30506015625000005 0.71679444375 0.30506015625000005
0 0.7098520828125 0.41193984375000003 0.2697479171875001 0.41193984375000003 0.2697479171875001 0.44026015625000003 0.7098520828125 0.44026015625000003
0 0.71158819375 0.358383984375 0.26801180625 0.35838398437499996 0.26801180625000004 0.386216015625 0.71158819375 0.3862160156250001
0 0.6900888890625001 0.770283984375 0.28731111093750006 0.770283984375 0.28731111093750006 0.798116015625 0.6900888890625001 0.798116015625
0 0.6876868062500001 0.79158671875 0.28751319375000006 0.79158671875 0.28751319375000006 0.82381328125 0.6876868062500001 0.82381328125
0 0.711822221875 0.3315722656250001 0.267377778125 0.33157226562500003 0.267377778125 0.3584277343750001 0.711822221875 0.3584277343750001
0 0.6926972218749999 0.6330281249999999 0.2795027781250001 0.6330281249999999 0.2795027781250001 0.6603718749999999 0.6926972218749999 0.6603718749999999
0 0.6909270828125 0.67813984375 0.2820729171875001 0.67813984375 0.2820729171875001 0.70646015625 0.6909270828125 0.70646015625
0 0.7250729171875 0.13074257812500006 0.2589270828125 0.13074257812500006 0.2589270828125 0.16345742187500006 0.7250729171875 0.1634574218750001
0 0.7193666671875001 0.24745156250000006 0.26103333281249996 0.2474515625 0.26103333281249996 0.27674843750000006 0.7193666671875001 0.2767484375000001
0 0.6914250000000002 0.74696328125 0.28517500000000007 0.74696328125 0.28517500000000007 0.77723671875 0.6914250000000002 0.77723671875
0 0.72353680625 0.16014257812500005 0.26086319375 0.16014257812500005 0.26086319375 0.19285742187500005 0.72353680625 0.19285742187500007
0 0.70077569375 0.5122515625 0.2728243062500001 0.5122515625 0.2728243062500001 0.5415484375 0.70077569375 0.5415484375
0 0.6965673609375 0.562583984375 0.2790326390625001 0.562583984375 0.2790326390625001 0.590416015625 0.6965673609375 0.590416015625
0 0.6957333328125 0.585983984375 0.27906666718750006 0.585983984375 0.27906666718750006 0.613816015625 0.6957333328125 0.613816015625
0 0.70618194375 0.43763984375 0.2704180562500001 0.43763984375 0.2704180562500001 0.46596015625 0.70618194375 0.46596015625