0 0.3899609672903486 0.6525089450118668 0.22572942968750015 0.65138633125 0.22549764052207863 0.6852956706238135 0.38972917812492713 0.6864182843856803
0 0.5572346652097306 0.8908173662653937 0.3979162984375001 0.8897283359375001 0.3976963957170164 0.9218987368702136 0.557014762489247 0.9229877671981072
0 0.557585910338118 0.363400883140419 0.38844120000000004 0.36224468437499996 0.38819752403688185 0.39789296685958103 0.5573422343749999 0.39904916562500004
0 0.7347882940730706 0.5963681215791264 0.5632255374999999 0.59519539375 0.5629937481036764 0.6291047346814809 0.7345565046767469 0.6302774625106073
0 0.38697091736257444 0.433556091555408 0.2154210093750001 0.4323834546875 0.21519516388742574 0.46542332719459206 0.38674507187500007 0.46659596406250003
0 0.5607063399775545 0.1888939843830188 0.38320153125 0.18768063906250004 0.3829340818868384 0.2268068031062282 0.5604388906143928 0.22802014842674695
0 0.7337185933680266 0.5633374800095942 0.5635963890625002 0.5621745984375001 0.5633527128712207 0.5978228809385132 0.7334749171767471 0.5989857625106072
0 0.39211055777168624 0.7123258159406247 0.2288950546875001 0.7112101468749998 0.228681095353314 0.7425110778093753 0.39189659843750013 0.7436267468750002
0 0.3886696911882483 0.497240251250454 0.21955067500000008 0.49608422656250006 0.21931888536371774 0.5299935674781129 0.388437901551966 0.5311495921660668
0 0.7463430988588194 0.22842904595057395 0.5600793671875001 0.22715582968749998 0.5598297480161806 0.26367358373692606 0.7460934796875 0.26494680000000004
0 0.5571946204363626 0.8028017215748211 0.3963843171875001 0.80170249375 0.39615252800106465 0.8356118331233594 0.5569628312499272 0.8367110609481804
0 0.3939114644453454 0.8870646047010983 0.23706252812500014 0.8859924546875002 0.23685451211715486 0.916423914048902 0.3937034484375001 0.9174960640625001
0 0.5578042755343682 0.3293453721936526 0.3876820703125 0.3281824937500001 0.38743839477813186 0.3638307762438476 0.5575606000000001 0.36499365468750006
0 0.7402381484477456 0.401645365644388 0.5667075546875 0.4004591859375001 0.5664698218540013 0.43523799686621933 0.7400004156142469 0.4364241765731072
0 0.7247720416526667 0.9269489156356107 0.5609521718750001 0.9258291140625001 0.5606847223992265 0.9649552765411367 0.7245045921768931 0.9660750781142472
0 0.38169399886189426 0.33381703188829814 0.21155894687500004 0.33265406406250003 0.21130932770053276 0.3691718165598818 0.38144437968742695 0.37033478438567996
0 0.387031224823717 0.4657423218795171 0.21789936093750004 0.4645862109375001 0.21766162830128305 0.499365021870483 0.38679349218750003 0.5005211328125
0 0.7246144096762299 0.8704574528286543 0.5623378625000001 0.8693482015624999 0.5621060731361972 0.9032575409320257 0.724382620312427 0.9043667921981801
0 0.3796768237950421 0.08464802313581339 0.19869939375000004 0.08341094218750003 0.19840817151738496 0.12601498624986676 0.37938560156242696 0.1272520671981801
0 0.7392711484801838 0.4342273278230665 0.56477590625 0.43303455625 0.5645441171448162 0.46694389561443367 0.7390393593750001 0.46813666718750013
0 0.5566465436528978 0.8331487731323876 0.3968137359375001 0.832056228125 0.3965819469721022 0.8659655690551127 0.5564147546875 0.8670581140625002
0 0.741142953819785 0.33340328938461966 0.5661332703125 0.3322070015625001 0.5658895946177152 0.3678552840528805 0.7408992781250001 0.36905157187500004
0 0.38034090526680087 0.19597708814164622 0.205318375 0.1947807109375 0.20506875565994606 0.2312984649939609 0.3800912859267469 0.2324948421981071
0 0.5564761496738194 0.558253475011959 0.3922317656250001 0.5571307734375001 0.39199403313860776 0.5919095843737212 0.5562384171874271 0.5930322859481801
0 0.5564150518853057 0.5284371809327574 0.39120601875 0.527307884375 0.3909742293540873 0.5612172253064895 0.556183262489393 0.5623465218642469
0 0.5625764164261783 0.11588245875019745 0.3816118359375001 0.11464546562500007 0.38132655701132184 0.15638003968730269 0.5622911375 0.15761703281250006
0 0.559963938770196 0.22568452469367184 0.38491571562500004 0.22448797187500005 0.3846542096673041 0.26274466436882826 0.5597024328125001 0.2639412171875001
0 0.3929268394290524 0.8281231215695423 0.23456027500000007 0.827040596875 0.2343284855603407 0.8609499362322046 0.392695049989393 0.8620324609267469
0 0.5552265422314526 0.7718364621874122 0.39685997968750014 0.7707539390625 0.39662819058104754 0.8046632784375879 0.5549947531250001 0.8057458015625001
0 0.559045307959027 0.9181692518757734 0.39765633281250007 0.91706606875 0.3973829404784732 0.9570617028117268 0.5587719156250002 0.9581648859375
0 0.5545540863895618 0.6214802137694142 0.3937437812500001 0.620380984375 0.39351199172475826 0.6542903252930128 0.55432229686432 0.6553895546874269
0 0.3920777228394895 0.7414402943756047 0.23080436562500015 0.7403379015625001 0.23058446309801078 0.7725083024993954 0.39185782031250016 0.7736106953124999
0 0.38627898682877365 0.4004939503263663 0.2132242953125 0.39931102500000004 0.2129806194212264 0.4349593074861338 0.38603531093750004 0.4361422328125001
0 0.5569272079448566 0.7439013106266651 0.39611690468750005 0.7428020828124999 0.39588511549264344 0.7767114237483348 0.5566954187500001 0.7778106515624998
0 0.562127709117775 0.07915194593891203 0.38166472187500006 0.07791838125000004 0.38138538619472506 0.11878348687358808 0.5618483734375 0.12001705156250006
0 0.5582913149634839 0.39626069720173407 0.3886578562500001 0.3951011578125001 0.38841418033833625 0.43074944029819306 0.55804763905182 0.43190897968742703
0 0.39912241965257966 0.9129372184357267 0.23678164062500012 0.9118275296875001 0.2365201350349206 0.9500842221892734 0.3988609140625001 0.9511939109374999
0 0.5615930159538876 0.1541439553237341 0.3841267453125 0.15293087500000005 0.3838771262336124 0.18944862748876598 0.561343396875 0.19066170781250005
0 0.3915908299100037 0.7692154059412711 0.23175802187500008 0.768122859375 0.23152623257938937 0.8020322002979757 0.39135904061439303 0.803124746864247
0 0.727067582607452 0.8402555878367572 0.5618328546875001 0.8391261140624999 0.5615891783086882 0.874774396538097 0.72682390622864 0.8759038703123542
0 0.740324812039181 0.3675548690810716 0.5662926234375 0.36636526093750005 0.5660489473250659 0.4020135434295356 0.740081135926747 0.4032031515731071
0 0.7391899542516311 0.4672480140614067 0.5641931187500001 0.4660518140625001 0.5639553863733691 0.5008306250010935 0.7389522218750001 0.5020268250000002
0 0.5584813724797432 0.2954592490796961 0.3868800765625 0.29428625781250006 0.38663045720768385 0.330804010305984 0.5582317531249269 0.33197700157318005
0 0.7435004334874749 0.26360254718600984 0.5650695156250001 0.26238287343750005 0.5648258399500252 0.29803115593899027 0.7432567578125 0.2992508296875001
0 0.38155537059434175 0.2996589131457411 0.2099540734375001 0.2984859234375 0.2097044544056584 0.33500367747925897 0.3813057515625001 0.33617666718750006
0 0.389791745660233 0.5614553887564777 0.2216502250000001 0.560306046875 0.22141843557908722 0.5942153878059494 0.3895599562393201 0.5953647296874272
0 0.38092481147938384 0.2650967631409954 0.20883476718750002 0.26392043125000003 0.20858514789561622 0.3004381821715047 0.3806751921875 0.30161451406250006
0 0.73181931753516 0.6900045856421579 0.5636777953125002 0.6888552437500001 0.5634460058915872 0.7227645846809494 0.7315875281142471 0.7239139265731073
0 0.728229603290027 0.8099788115593534 0.5620045343750002 0.8088425718750003 0.5617549154599734 0.8453603259406469 0.7279799843750001 0.846496565625
0 0.3809114325420956 0.12288851001196659 0.2004484421875 0.12165494531250003 0.2001691065204044 0.16252004936303346 0.380632096875 0.16375361406250002
0 0.3903275723695481 0.5927454431354944 0.22219889687500008 0.591596190625 0.22197305106795207 0.6246360631145057 0.3901017265625001 0.6257853156250001
0 0.3931276347127252 0.8584112968876229 0.2357899515625001 0.85733580625 0.23558193559977497 0.8877672656123773 0.3929196187500001 0.8888427562500001
0 0.7319747625403191 0.6591540090514942 0.5638332421875 0.6580046687500001 0.5636014530846809 0.6919140096985058 0.7317429734374999 0.69306335
0 0.7423207738558858 0.2984187428255106 0.562410765625 0.2971889578125001 0.5621611464565414 0.33370671187266965 0.7420711546874271 0.33493649688568017
0 0.7306201715366801 0.7194115937508572 0.5629545531250001 0.71826550625 0.5627168206508201 0.7530443187491428 0.7303824390625001 0.75419040625
0 0.37897573520009015 0.1609410746947335 0.202950015625 0.15973784218750003 0.2026885101124099 0.19799453468026657 0.3787142296875 0.19919776718750004
0 0.3917671751234393 0.8003708393816746 0.2334391500000001 0.799288578125 0.2332251905015609 0.8305895090558254 0.39155321562500006 0.8316717703125001
0 0.5573929143549377 0.6825358040579446 0.3936629703125 0.6814166203124999 0.3934371247075625 0.7144564928170555 0.5571670687500001 0.7155756765625001
0 0.39183809537386377 0.6816705637608124 0.2271178078125001 0.6805446093749999 0.22688601868863648 0.7144539503016877 0.39160630625000015 0.7155799046875001
0 0.38258855915277057 0.3670468109623872 0.212967946875 0.36588735937499994 0.21273021427390343 0.40066617187139986 0.382350826551674 0.4018256234587872
0 0.5558848327446884 0.5903371668616573 0.39311953906250013 0.5892245765624999 0.39288775006781196 0.6231339175133428 0.5556530437500001 0.6242465078125001
0 0.7291271039605085 0.749617934700161 0.5619373859375 0.7484751000000001 0.5616937101019186 0.7841233824980192 0.728883428124927 0.7852662171981801
0 0.5568448294374064 0.4633972250029218 0.3901567062500001 0.46225781875000005 0.38991897368759376 0.4970366296845783 0.5566070968750001 0.49817603593750004
0 0.7336569408271308 0.6274123606390126 0.5640491750000001 0.6262529968750001 0.5638173857246892 0.6601623377984145 0.73342515155182 0.6613217015624271
0 0.3795392632927067 0.23072978502110067 0.20647172343750003 0.22954677031249998 0.2062221038947203 0.2660645243645795 0.379289643749927 0.26724753907318016
0 0.5584062834432203 0.4289161377993718 0.3892615750000001 0.4277599406250001 0.3890178993692799 0.4634082231381285 0.5581626078125002 0.4645644203125002
0 0.7285845946768117 0.7806662003272923 0.5623723718750001 0.7795300468750002 0.5621286959375087 0.8151783293601351 0.7283409187393202 0.8163144828124272
0 0.5554965079425979 0.6519376215641163 0.39468620312500013 0.6508383937500001 0.3944544139324023 0.6847477346858837 0.55526471875 0.6858469625
0 0.38924095659780594 0.5298988121832977 0.2210994375000001 0.5287494703125001 0.2208676480790872 0.5626588112434494 0.38900916717689304 0.563808153114247
0 0.5576967955117916 0.7121534246907697 0.3944427531250001 0.7110374921875 0.39421096386320864 0.7449468315592307 0.5574650062500001 0.7460627640625003
0 0.3898013648406658 0.6228923118809423 0.22460517656250004 0.6217631031249999 0.22437933047183428 0.6548029756190575 0.38957551875 0.6559321843749999
0 0.5563174918803669 0.8620629787675732 0.39797662031250003 0.8609806296875002 0.3977567174838802 0.893151032180534 0.556097589051747 0.8942333812606071
0 0.5556963284102172 0.49537694189065046 0.3899985453125 0.4942443046875001 0.38976675596478283 0.5281536456093497 0.5554645390625 0.5292862828125001
0 0.7375598626807093 0.5001259481278679 0.5645308640625 0.4989431984375 0.5642990748192908 0.5328525378096322 0.7373280734375001 0.5340352875000001
0 0.5603195523539518 0.2612485596885273 0.38628736562500005 0.26005895312500005 0.38604368983354836 0.2957072356239729 0.5600758765625 0.2968968421875001
0 0.7253731873392657 0.8989102528185121 0.5616303984375001 0.89779098125 0.5613986095357343 0.9317003221814879 0.7251413984374999 0.93281959375
0 0.7359067637407979 0.5324347156370558 0.5653086562500002 0.5312685828125001 0.5650709237592023 0.5660473937379444 0.73566903125 0.5672135265625002