0 0.779596296875 0.5318125000000001 0.23700370312500008 0.5318125 0.23700370312500008 0.5661875000000001 0.779596296875 0.5661875000000002
0 0.7694814812500002 0.89605 0.2565185187500001 0.89605 0.2565185187500001 0.93355 0.7694814812500002 0.93355
0 0.780077778125 0.3666708328125 0.2245222218750001 0.3666708328125 0.2245222218750001 0.4031291671875 0.780077778125 0.40312916718750014
0 0.77874444375 0.5632333328125001 0.23985555625000007 0.5632333328125 0.23985555625000007 0.5965666671875001 0.77874444375 0.5965666671875002
0 0.7884111109374999 0.18960833281250006 0.21618888906249997 0.18960833281250006 0.21618888906249997 0.22919166718750006 0.7884111109374999 0.22919166718750011
0 0.7921148140625001 0.08120833281250005 0.21248518593750002 0.08120833281250002 0.21248518593750002 0.12079166718750008 0.7921148140625001 0.12079166718750009
0 0.7824481484375 0.5002333328125002 0.23615185156250007 0.5002333328125 0.23615185156250007 0.5335666671875001 0.7824481484375 0.5335666671875001
0 0.7870851859375 0.15492916718750008 0.2167148140625 0.15492916718750005 0.2167148140625 0.19347083281250005 0.7870851859375 0.19347083281250008
0 0.79814444375 0.04194583281250006 0.20925555624999997 0.04194583281250002 0.20925555624999997 0.08465416718750005 0.79814444375 0.08465416718750009
0 0.7801296296875 0.33075000000000004 0.22087037031249998 0.33075 0.22087037031250004 0.3682500000000001 0.7801296296875 0.3682500000000001
0 0.7773148140624999 0.6263333328125001 0.24768518593750008 0.6263333328125 0.24768518593750008 0.6596666671875001 0.7773148140624999 0.6596666671875002
0 0.7883851859375001 0.22522916718750005 0.2180148140625 0.22522916718750002 0.2180148140625 0.2637708328125 0.7883851859375001 0.2637708328125001
0 0.7750370375000002 0.7791541671875001 0.2509629625000001 0.7791541671875 0.2509629625000001 0.8114458328125 0.7750370375000002 0.8114458328125
0 0.7791925921875 0.5943125000000001 0.24400740781250008 0.5943125 0.24400740781250008 0.6286875000000001 0.7791925921875 0.6286875000000002
0 0.7879333328125 0.26068750000000007 0.22126666718750002 0.2606875 0.22126666718750002 0.30131250000000004 0.7879333328125 0.3013125000000001
0 0.775422221875 0.4669125000000001 0.23097777812500012 0.4669125 0.23097777812500012 0.5012875000000001 0.775422221875 0.5012875000000002
0 0.7764148140625 0.6906541671875001 0.2467851859375001 0.6906541671875 0.2467851859375001 0.7229458328125001 0.7764148140625 0.7229458328125002
0 0.7745481484375001 0.43307083281250003 0.2282518515625001 0.4330708328125 0.2282518515625001 0.4695291671875001 0.7745481484375001 0.4695291671875002
0 0.7768888890625001 0.7195333328125001 0.24911111093750007 0.7195333328125 0.24911111093750007 0.7528666671875002 0.7768888890625002 0.7528666671875002
0 0.7750370375000002 0.8083125000000001 0.2509629625000001 0.8083125000000001 0.2509629625000001 0.8426875 0.7750370375000002 0.8426875
0 0.7764148140625 0.6578125000000001 0.2467851859375001 0.6578125 0.2467851859375001 0.6921875000000001 0.7764148140625 0.6921875000000002
0 0.7758888890625002 0.7484125 0.2481111109375001 0.7484124999999999 0.2481111109375001 0.7827875000000001 0.7758888890625002 0.7827875000000002
0 0.7736111109375001 0.8380541671874999 0.2513888890625001 0.8380541671874999 0.2513888890625001 0.8703458328125 0.7736111109375001 0.8703458328125
0 0.7902629625 0.11820833281250007 0.2143370375 0.11820833281250005 0.2143370375 0.15779166718750007 0.7902629625 0.1577916671875001
0 0.7787259265625 0.39947083281250007 0.2268740734375001 0.3994708328125 0.2268740734375001 0.4359291671875001 0.7787259265625 0.4359291671875002
0 0.7856074078125 0.29635 0.22079259218749997 0.29635 0.22079259218749997 0.33385000000000004 0.7856074078125 0.3338500000000001
0 0.7736592593750002 0.8674541671875 0.2551407406250001 0.8674541671875 0.2551407406250001 0.8997458328124999 0.7736592593750002 0.8997458328124999