0 0.7473746879147675 0.5907450380397125 0.7449743125 0.5596578234375 0.2334027073977325 0.5991584322727876 0.2358030828125 0.6302456468750001
0 0.7459352801637456 0.7089205089163615 0.7436149171875 0.678869534375 0.24132481046125437 0.7176534801461385 0.24364517343749997 0.7477044546875
0 0.7362367787922939 0.0693575044669553 0.7329562656249999 0.026871643749999997 0.1729443087077061 0.07011253772054468 0.17622482187499997 0.11259839843749997
0 0.7428516443432923 0.14053595293753815 0.73981116875 0.10115881406249998 0.1798905369067076 0.14439265643746182 0.18293101249999993 0.18376979531249998
0 0.7506812378697381 0.795558476774597 0.7482008498800677 0.7634350218842604 0.24955028701032972 0.8019379435471636 0.25203067500000004 0.8340613984375003
0 0.7542271629229738 0.8786865068810281 0.7515867499907395 0.8444905717550679 0.2658267823802657 0.8819981554990399 0.26846719531249996 0.9161940906250001
0 0.7443487285937331 0.40853041411792235 0.7416283031157396 0.37329823894256775 0.21328302920950654 0.4140940154496454 0.21600345468750004 0.44932619062500007
0 0.7496733771751 0.7667738137137681 0.7473530140625 0.7367228375 0.2469131196999 0.7753639206612319 0.24923348281250002 0.8054148968750001
0 0.747890076983247 0.6803699178439427 0.7454897014425678 0.6492827031342605 0.23761852133432065 0.6884975884153175 0.24001889687499997 0.7195848031249998
0 0.7437812567649766 0.21051470125893124 0.7407407811208074 0.1711375623893284 0.1882209946683308 0.2137999548803972 0.19126147031250001 0.2531770937500001
0 0.7512409362700321 0.8481907548078274 0.7490005858268283 0.8191760220041928 0.2615426136192963 0.8568147171963654 0.2637829640625 0.8858294499999999
0 0.7440581268398898 0.5305783719760412 0.7415777390625 0.49845491875 0.22812548253511028 0.5381007405239588 0.23060587031250002 0.5702241937500001
0 0.7501599115123927 0.737515168284375 0.7478395484375 0.7074641921875 0.2418490181751074 0.7465338629656251 0.24416938125000004 0.7765848390625001
0 0.740283947492817 0.17505897468899656 0.7372434718750001 0.13568183593749988 0.184723682194683 0.17834422843600337 0.18776415781250003 0.21772136718750007
0 0.7438516756593734 0.43884896993004185 0.7412912748800677 0.40568927188426046 0.2185575210956944 0.44605175976671874 0.22111792187499996 0.4792114578125002
0 0.7465432174795426 0.621552246974476 0.7440628296875 0.58942879375 0.23431099502045755 0.6287888905255242 0.23679138281250003 0.6609123437500001
0 0.7429959284861992 0.4694162127130091 0.7405155406249999 0.437292759375 0.2233628621388007 0.47722430759949086 0.22584325 0.5093477609374999
0 0.7487934128762844 0.6507997220863976 0.7463130248893282 0.6186762673166926 0.2328607682630437 0.6583220905427952 0.23534115625 0.6904455453125002
0 0.7455286081870243 0.5613871344656642 0.7430482203125 0.52926368125 0.22959596368797577 0.5689095045968359 0.2320763515625 0.6010329578125001
0 0.7450779865620218 0.344169388326162 0.7421975358268283 0.30686472981669277 0.20454032270230654 0.3483795211780308 0.20742077343749998 0.3856841796875
0 0.7398501568068823 0.10578414254591569 0.73664965625 0.06433452343750001 0.17666814006811776 0.10757306682908434 0.17986864062500002 0.1490226859375
0 0.7517914675127745 0.8218292626246548 0.7495511171874999 0.7928145296875 0.25469229967472545 0.8310246733128451 0.25693265 0.86003940625
0 0.7430894191895524 0.24397138296678444 0.7401289562407396 0.20563048581756793 0.19134003392618718 0.24800480128828353 0.194300496875 0.2863456984375
0 0.7434525958283493 0.3116713600918502 0.7405721453124998 0.274366703125 0.20106472292165053 0.3160243555331498 0.20394517343749996 0.3533290125
0 0.7445263958028905 0.5008416260771733 0.7419659953032395 0.4676819295675679 0.22478287606284897 0.5076158269278945 0.2273432765625 0.5407755234375
0 0.7447334474248234 0.3764984590964378 0.7419330093750001 0.3402300421875 0.20800666038767668 0.38145675652856226 0.21080709843749998 0.4177251734375001
0 0.7437754504652555 0.27834324245996 0.7408149875000001 0.24000234531249998 0.1957264885972445 0.28209093566503995 0.1986869515625 0.32043183281249993