0 0.7611333328125002 0.8398541671875 0.24446666718750007 0.8398541671875 0.24446666718750007 0.8721458328124999 0.7611333328125002 0.8721458328124999
0 0.7713259265625 0.24587083281250005 0.21947407343749997 0.24587083281250002 0.21947407343749997 0.2823291671875 0.7713259265625 0.28232916718750006
0 0.7740296296875 0.14325000000000007 0.2147703703125 0.14325000000000004 0.2147703703125 0.18075000000000008 0.7740296296875 0.1807500000000001
0 0.77635555625 0.10862916718750007 0.21524444375 0.10862916718750004 0.21524444375 0.14717083281250007 0.77635555625 0.1471708328125001
0 0.7601814812500002 0.8689708328125001 0.2472185187500001 0.8689708328125001 0.2472185187500001 0.9054291671874999 0.7601814812500002 0.9054291671874999
0 0.7583370375 0.5705541671875001 0.23426296250000006 0.5705541671875001 0.23426296250000006 0.6028458328125 0.7583370375 0.6028458328125001
0 0.7597111109375 0.6609541671875001 0.23748888906250007 0.6609541671875 0.23748888906250007 0.6932458328125001 0.7597111109375 0.6932458328125002
0 0.7703481484375 0.31327083281250007 0.2240518515625 0.3132708328125 0.2240518515625 0.3497291671875 0.7703481484375 0.3497291671875001
0 0.7643925921875 0.41201250000000006 0.2292074078125001 0.4120125 0.2292074078125001 0.44638750000000005 0.7643925921875 0.44638750000000016
0 0.7596851859375 0.6906541671875001 0.2393148140625001 0.6906541671875 0.2393148140625001 0.7229458328125001 0.7596851859375 0.7229458328125002
0 0.7643925921875 0.44585416718750015 0.2292074078125001 0.44585416718750004 0.2292074078125001 0.47814583281250006 0.7643925921875 0.47814583281250017
0 0.7592370374999999 0.6294333328125001 0.2351629625000001 0.6294333328125 0.2351629625000001 0.6627666671875001 0.7592370374999999 0.6627666671875001
0 0.7588370375 0.6007750000000001 0.23476296250000012 0.600775 0.23476296250000012 0.6320250000000001 0.7588370375 0.6320250000000002
0 0.7606888890625 0.5075333328125 0.23291111093750008 0.5075333328125 0.23291111093750008 0.5408666671875001 0.7606888890625 0.5408666671875002
0 0.7782074078125001 0.07156666718750006 0.2133925921875 0.07156666718750002 0.2133925921875 0.11323333281250007 0.7782074078125001 0.1132333328125001
0 0.7588333328125001 0.7497333328125001 0.2421666671875001 0.7497333328125 0.2421666671875001 0.7830666671875001 0.7588333328125001 0.7830666671875002
0 0.76484444375 0.38103333281250007 0.2259555562500001 0.3810333328125 0.2259555562500001 0.41436666718750004 0.76484444375 0.41436666718750015
0 0.7602333328125002 0.7812541671875001 0.24356666718750009 0.7812541671875 0.24356666718750009 0.8135458328125 0.7602333328125002 0.8135458328125
0 0.7611333328125002 0.8101333328125 0.24446666718750007 0.8101333328125 0.24446666718750007 0.8434666671875 0.7611333328125002 0.8434666671875
0 0.7680481484375 0.27967083281250005 0.22175185156250002 0.2796708328125 0.22175185156250002 0.31612916718750006 0.7680481484375 0.31612916718750006
0 0.7754555562500001 0.17861250000000006 0.21434444375 0.17861250000000004 0.21434444375 0.21298750000000005 0.7754555562500001 0.2129875000000001
0 0.762540740625 0.4776541671875001 0.2310592593750001 0.4776541671875 0.2310592593750001 0.5099458328125002 0.762540740625 0.5099458328125002
0 0.7745777781250001 0.21115000000000003 0.21902222187499998 0.21115 0.21902222187499998 0.24865000000000004 0.7745777781250001 0.2486500000000001
0 0.7675962968750001 0.34813333281250003 0.225003703125 0.3481333328125 0.22500370312500007 0.38146666718750005 0.7675962968750001 0.3814666671875001
0 0.7587888890625 0.5395541671875 0.2310111109375001 0.5395541671874999 0.2310111109375001 0.5718458328125001 0.7587888890625 0.5718458328125002
0 0.7610851859375001 0.7195333328125001 0.2407148140625001 0.7195333328125 0.2407148140625001 0.7528666671875002 0.7610851859375002 0.7528666671875002
0 0.780059259375 0.03464583281250006 0.211540740625 0.03464583281250002 0.211540740625 0.07735416718750006 0.780059259375 0.07735416718750009