0 0.7506041671875001 0.7376984375000001 0.2453958328125001 0.7376984375 0.2453958328125001 0.7709015625000001 0.7506041671875001 0.7709015625000002
0 0.7482958328125002 0.848642578125 0.25350416718750013 0.848642578125 0.25350416718750013 0.881357421875 0.7482958328125002 0.881357421875
0 0.7714965281249999 0.048339062500000064 0.192503471875 0.04833906250000002 0.192503471875 0.09326093750000006 0.7714965281249999 0.09326093750000009
0 0.7484979171875001 0.821142578125 0.25110208281250007 0.821142578125 0.25110208281250007 0.853857421875 0.7484979171875001 0.853857421875
0 0.750259028125 0.4350777343750001 0.2181409718750001 0.43507773437499997 0.2181409718750001 0.4707222656250001 0.750259028125 0.4707222656250002
0 0.7526166671875 0.5623867187500001 0.23178333281250008 0.56238671875 0.23178333281250008 0.5946132812500001 0.7526166671875 0.5946132812500002
0 0.76628819375 0.08647148437500005 0.19771180625 0.08647148437500002 0.19771180625 0.12992851562500007 0.76628819375 0.1299285156250001
0 0.7547312500000001 0.40257773437500005 0.21566875000000008 0.402577734375 0.21566875000000008 0.43822226562500005 0.7547312500000001 0.43822226562500016
0 0.7612798609375 0.19559218750000007 0.2031201390625 0.19559218750000004 0.2031201390625 0.23660781250000004 0.7612798609375 0.2366078125000001
0 0.76168194375 0.16039218750000006 0.20091805625 0.16039218750000003 0.20091805625 0.20140781250000006 0.76168194375 0.20140781250000012
0 0.752865278125 0.36977773437500006 0.2129347218750001 0.369777734375 0.2129347218750001 0.4054222656250001 0.752865278125 0.4054222656250002
0 0.7647861109375 0.12480390625000007 0.1988138890625 0.12480390625000004 0.1988138890625 0.16679609375000007 0.7647861109375 0.1667960937500001
0 0.7534763890625 0.6828750000000001 0.2413236109375001 0.682875 0.2413236109375001 0.7141250000000001 0.7534763890625 0.7141250000000002
0 0.75191875 0.531542578125 0.2284812500000001 0.531542578125 0.2284812500000001 0.564257421875 0.75191875 0.5642574218750002
0 0.7491340281250002 0.7656984375000001 0.24826597187500007 0.7656984375 0.24826597187500007 0.7989015625000001 0.7491340281250002 0.7989015625000002
0 0.75238055625 0.59228671875 0.23501944375000008 0.5922867187499999 0.23501944375000008 0.62451328125 0.75238055625 0.6245132812500002
0 0.7434895828125001 0.8753894531249999 0.25651041718750006 0.8753894531249999 0.25651041718750006 0.9120105468749999 0.7434895828125001 0.9120105468749999
0 0.7521763890625001 0.6519425781250001 0.2400236109375001 0.651942578125 0.2400236109375001 0.6846574218750001 0.7521763890625001 0.6846574218750001
0 0.7512722218750001 0.7104308593750001 0.2443277781250001 0.710430859375 0.2443277781250001 0.7421691406250001 0.7512722218750001 0.7421691406250002
0 0.753078471875 0.62178671875 0.2383215281250001 0.6217867187499999 0.2383215281250001 0.65401328125 0.753078471875 0.6540132812500001
0 0.756071528125 0.300124609375 0.20832847187499998 0.30012460937499996 0.20832847187499998 0.339675390625 0.756071528125 0.3396753906250001
0 0.7547888890625 0.5004425781250001 0.2270111109375001 0.500442578125 0.2270111109375001 0.5331574218750001 0.7547888890625 0.5331574218750001
0 0.761277778125 0.23092460937500006 0.20572222187500003 0.230924609375 0.20572222187500003 0.27047539062500003 0.761277778125 0.2704753906250001
0 0.7480548609375 0.46884257812500013 0.2211451390625001 0.468842578125 0.2211451390625001 0.5015574218750001 0.7480548609375 0.5015574218750002
0 0.7558374999999999 0.335289453125 0.2089625 0.335289453125 0.20896250000000002 0.371910546875 0.7558374999999999 0.3719105468750001
0 0.76174375 0.26612460937500004 0.20705625 0.266124609375 0.20705625 0.30567539062500004 0.76174375 0.3056753906250001
0 0.7493000000000002 0.7945425781250001 0.24930000000000008 0.794542578125 0.24930000000000008 0.827257421875 0.7493000000000002 0.827257421875