0 0.2965916671875 0.2778074078125 0.13200833281250005 0.2778074078125 0.13200833281250005 0.3129925921875 0.2965916671875 0.3129925921875
0 0.6244833328125 0.586159259375 0.4703166671875 0.586159259375 0.4703166671875 0.617640740625 0.6244833328125 0.617640740625
0 0.3062833328125001 0.644459259375 0.1521166671875001 0.644459259375 0.1521166671875001 0.675940740625 0.3062833328125001 0.675940740625
0 0.7887875000000002 0.7954074078125001 0.6294125000000002 0.7954074078125 0.6294125000000002 0.8305925921874999 0.7887875000000002 0.8305925921874999
0 0.6234416671874999 0.644859259375 0.4713583328125 0.644859259375 0.4713583328125 0.6763407406249999 0.6234416671874999 0.6763407406249999
0 0.4627875 0.556459259375 0.3034125000000001 0.556459259375 0.3034125000000001 0.587940740625 0.4627875 0.587940740625
0 0.30525000000000013 0.4347333328125 0.14275000000000004 0.4347333328125 0.14275000000000004 0.46806666718749995 0.30525000000000013 0.46806666718749995
0 0.3073291671875001 0.524959259375 0.14587083281250005 0.524959259375 0.14587083281250007 0.556440740625 0.3073291671875001 0.556440740625
0 0.31224166718750007 0.844459259375 0.16015833281250008 0.844459259375 0.16015833281250008 0.875940740625 0.31224166718750007 0.875940740625
0 0.6249875 0.434259259375 0.46561250000000004 0.434259259375 0.46561250000000004 0.465740740625 0.6249875 0.465740740625
0 0.6299541671875 0.2736074078125001 0.4622458328125 0.2736074078125001 0.4622458328125 0.3087925921875001 0.6299541671875 0.3087925921875001
0 0.6229416671875 0.614859259375 0.4708583328125 0.614859259375 0.4708583328125 0.646340740625 0.6229416671875 0.646340740625
0 0.4635291671875 0.37405925937500006 0.3020708328125001 0.374059259375 0.3020708328125001 0.40554074062499995 0.4635291671875 0.40554074062499995
0 0.7890875000000002 0.7652333328125001 0.6297125000000002 0.7652333328125 0.6297125000000002 0.7985666671875001 0.7890875000000002 0.7985666671875002
0 0.8130416671875 0.06988148125000009 0.6359583328125 0.06988148125000009 0.6359583328125 0.1069185187500001 0.8130416671875 0.1069185187500001
0 0.8114791671875 0.1374814812500001 0.6375208328124999 0.1374814812500001 0.6375208328124999 0.17451851875000007 0.8114791671875 0.17451851875000007
0 0.7994958328124999 0.49393333281250007 0.6297041671875 0.49393333281249996 0.6297041671875 0.5272666671875001 0.7994958328124999 0.5272666671875001
0 0.6304916671874999 0.2083074078125001 0.4659083328125 0.2083074078125001 0.4659083328125 0.2434925921875001 0.6304916671874999 0.2434925921875001
0 0.6310333328125 0.14210740781250006 0.46436666718749997 0.14210740781250003 0.46436666718749997 0.17729259218750007 0.6310333328125 0.1772925921875001
0 0.6242625000000002 0.8194592593750001 0.4711375000000002 0.8194592593750001 0.4711375000000002 0.850940740625 0.6242625000000002 0.850940740625
0 0.6252875 0.466159259375 0.46591250000000006 0.466159259375 0.46591250000000006 0.49764074062499997 0.6252875 0.49764074062499997
0 0.3031500000000001 0.4018074078125 0.14065000000000005 0.4018074078125 0.14065000000000005 0.4369925921875 0.3031500000000001 0.4369925921875
0 0.798475 0.5241074078125001 0.629725 0.5241074078125 0.629725 0.5592925921875 0.798475 0.5592925921875002
0 0.3067833328125001 0.673659259375 0.15261666718750008 0.673659259375 0.15261666718750008 0.705140740625 0.3067833328125001 0.705140740625
0 0.6250041671875 0.5569851859375 0.4697958328125 0.5569851859375 0.4697958328125 0.5866148140624999 0.6250041671875 0.5866148140624999
0 0.8055166671875 0.30370740781250005 0.6346833328125 0.30370740781250005 0.6346833328125 0.33889259218750006 0.8055166671875 0.33889259218750006
0 0.3135416671875001 0.87178148125 0.16145833281250008 0.87178148125 0.1614583328125001 0.9088185187500001 0.3135416671875001 0.9088185187500001
0 0.6260875 0.49535925937499997 0.46671250000000003 0.49535925937499997 0.46671250000000003 0.526840740625 0.6260875 0.526840740625
0 0.2948333328125 0.2139074078125 0.12816666718750006 0.2139074078125 0.12816666718750006 0.24909259218750002 0.2948333328125 0.24909259218750002
0 0.8086166671875 0.2051074078125001 0.6377833328125 0.2051074078125001 0.6377833328125 0.2402925921875001 0.8086166671875 0.2402925921875001
0 0.30390833281250007 0.4643333328125 0.14349166718750003 0.4643333328125 0.14349166718750003 0.49766666718749997 0.30390833281250007 0.49766666718749997
0 0.6247833328125002 0.7902333328125 0.47061666718750017 0.7902333328125 0.47061666718750017 0.8235666671875 0.6247833328125002 0.8235666671875
0 0.6301916671875001 0.17550740781250007 0.46560833281249997 0.17550740781250004 0.46560833281249997 0.21069259218750008 0.6301916671875001 0.21069259218750008
0 0.46376666718750004 0.6439333328125 0.30543333281250007 0.6439333328125 0.30543333281250007 0.6772666671875001 0.46376666718750004 0.6772666671875001
0 0.4638083328125 0.586559259375 0.3033916671875001 0.586559259375 0.3033916671875001 0.6180407406249999 0.4638083328125 0.6180407406249999
0 0.6283916671875 0.3065074078125001 0.4638083328125 0.3065074078125001 0.4638083328125 0.3416925921875001 0.6283916671875 0.3416925921875001
0 0.4638416671875002 0.8189592593749999 0.3117583328125001 0.8189592593749999 0.3117583328125001 0.850440740625 0.4638416671875002 0.850440740625
0 0.8041375000000001 0.3352074078125001 0.6322625000000001 0.3352074078125001 0.6322625000000001 0.3703925921875001 0.8041375000000001 0.3703925921875001
0 0.6252833328125001 0.87545555625 0.4711166671875001 0.87545555625 0.4711166671875001 0.9143444437499999 0.6252833328125001 0.9143444437499999
0 0.6239416671875002 0.7606333328125 0.47185833281250017 0.7606333328125 0.47185833281250017 0.7939666671875 0.6239416671875002 0.7939666671875
0 0.7898083328125002 0.7366074078125001 0.6293916671875002 0.7366074078125 0.6293916671875002 0.7717925921875001 0.7898083328125002 0.7717925921875002
0 0.30023333281250003 0.3097333328125 0.13356666718750004 0.3097333328125 0.13356666718750004 0.3430666671875 0.30023333281250003 0.3430666671875
0 0.8096375 0.17220740781250007 0.6377625 0.17220740781250007 0.6377625 0.20739259218750009 0.8096375 0.20739259218750009
0 0.6258083328125 0.3708333328125001 0.46539166718749997 0.3708333328125001 0.46539166718749997 0.40416666718750005 0.6258083328125 0.40416666718750005
0 0.46220000000000017 0.732359259375 0.3122000000000001 0.732359259375 0.3122000000000001 0.763840740625 0.46220000000000017 0.763840740625
0 0.7872458328125002 0.855059259375 0.6299541671875002 0.855059259375 0.6299541671875002 0.886540740625 0.7872458328125002 0.886540740625
0 0.46195 0.34355925937500004 0.29945 0.343559259375 0.29945000000000005 0.37504074062500004 0.46195 0.3750407406250001
0 0.797875 0.5546074078125001 0.6291249999999999 0.5546074078125 0.6291249999999999 0.5897925921875001 0.797875 0.5897925921875002
0 0.8067958328125 0.2708074078125001 0.6370041671875 0.2708074078125001 0.6370041671875 0.3059925921875001 0.8067958328125 0.3059925921875001
0 0.6312333328124999 0.10790740781250005 0.46456666718750006 0.10790740781250004 0.46456666718750006 0.14309259218750006 0.6312333328124999 0.1430925921875001
0 0.8009958328125 0.4310074078125001 0.6312041671874999 0.4310074078125 0.6312041671874999 0.46619259218750014 0.8009958328125 0.4661925921875002
0 0.6252833328125001 0.8481592593749999 0.4711166671875001 0.8481592593749999 0.4711166671875001 0.879640740625 0.6252833328125001 0.879640740625
0 0.6307333328125 0.2417074078125001 0.46406666718749995 0.2417074078125001 0.46406666718749995 0.2768925921875001 0.6307333328125 0.2768925921875001
0 0.30442500000000006 0.556059259375 0.14817500000000008 0.556059259375 0.14817500000000008 0.587540740625 0.30442500000000006 0.587540740625
0 0.4640416671875002 0.8476592593750001 0.31195833281250007 0.8476592593750001 0.31195833281250007 0.879140740625 0.4640416671875002 0.879140740625
0 0.6234416671874999 0.675459259375 0.4713583328125 0.675459259375 0.4713583328125 0.706940740625 0.6234416671874999 0.706940740625
0 0.31016250000000006 0.759259259375 0.1570375000000001 0.759259259375 0.1570375000000001 0.790740740625 0.31016250000000006 0.790740740625
0 0.4632416671875002 0.7911851859375 0.3111583328125001 0.7911851859375 0.3111583328125001 0.8208148140624999 0.4632416671875002 0.8208148140624999
0 0.633375 0.07310740781250007 0.464625 0.07310740781250007 0.464625 0.10829259218750006 0.633375 0.10829259218750009
0 0.8031375000000001 0.3676074078125001 0.6312625 0.3676074078125001 0.6312625 0.4027925921875001 0.8031375000000001 0.4027925921875002
0 0.7872666671875002 0.8833074078125 0.6289333328125002 0.8833074078125 0.6289333328125002 0.9184925921874999 0.7872666671875002 0.9184925921874999
0 0.30994166718750005 0.787959259375 0.15785833281250009 0.787959259375 0.15785833281250009 0.819440740625 0.30994166718750005 0.819440740625
0 0.8020375 0.3986074078125001 0.6301625 0.3986074078125001 0.6301625 0.43379259218750005 0.8020375 0.43379259218750016
0 0.3023625000000001 0.5856592593750001 0.14923750000000008 0.5856592593750001 0.14923750000000008 0.617140740625 0.3023625000000001 0.617140740625
0 0.4651416671875002 0.8740555562500001 0.3130583328125001 0.8740555562500001 0.3130583328125001 0.9129444437500001 0.4651416671875002 0.9129444437500001
0 0.29848750000000007 0.34213333281249997 0.13911250000000003 0.34213333281249997 0.13911250000000003 0.3754666671875 0.2984875000000001 0.3754666671875
0 0.2971541671875 0.24580740781250002 0.12944583281250005 0.24580740781250002 0.12944583281250005 0.2809925921875 0.2971541671875 0.2809925921875
0 0.7947916671875 0.6463074078125001 0.6302083328125 0.6463074078125 0.6302083328125 0.6814925921875001 0.7947916671875 0.6814925921875001
0 0.8117583328125001 0.10420740781250008 0.6388416671875 0.10420740781250008 0.6388416671875 0.13939259218750008 0.8117583328125001 0.13939259218750008
0 0.6216000000000002 0.7319333328125001 0.4716000000000002 0.7319333328125001 0.4716000000000002 0.7652666671875 0.6216000000000002 0.7652666671875
0 0.6231416671875001 0.703259259375 0.4710583328125 0.703259259375 0.4710583328125001 0.734740740625 0.6231416671875002 0.734740740625
0 0.3049833328125001 0.614859259375 0.1508166671875001 0.614859259375 0.1508166671875001 0.646340740625 0.3049833328125001 0.646340740625
0 0.3064875000000001 0.49625925937500004 0.14711250000000003 0.49625925937500004 0.14711250000000003 0.527740740625 0.3064875000000001 0.527740740625
0 0.8010375 0.4616074078125001 0.6291625 0.4616074078125 0.6291625 0.49679259218750005 0.8010375 0.49679259218750016
0 0.7909083328125001 0.70598148125 0.6304916671874999 0.70598148125 0.6304916671875 0.7430185187500001 0.7909083328125002 0.7430185187500002
0 0.7956125000000001 0.6157074078125001 0.6299875 0.6157074078125 0.6299875 0.6508925921875001 0.7956125000000001 0.6508925921875002
0 0.3083833328125001 0.701859259375 0.1542166671875001 0.701859259375 0.1542166671875001 0.733340740625 0.3083833328125001 0.733340740625
0 0.4635458328125 0.6745592593749999 0.3062541671875001 0.6745592593749999 0.3062541671875001 0.706040740625 0.4635458328125 0.706040740625
0 0.293775 0.11295555625000002 0.125025 0.11295555625 0.125025 0.15184444375 0.293775 0.15184444375000003
0 0.46328333281250006 0.704159259375 0.3091166671875001 0.704159259375 0.3091166671875001 0.735640740625 0.46328333281250017 0.735640740625
0 0.2940375 0.07822962968750004 0.1221625 0.07822962968750002 0.1221625 0.11897037031250002 0.2940375 0.11897037031250005
0 0.7885875000000002 0.8245333328125 0.6292125000000002 0.8245333328125 0.6292125000000002 0.8578666671875 0.7885875000000002 0.8578666671875
0 0.4638083328125 0.6152592593749999 0.3033916671875001 0.6152592593749999 0.3033916671875001 0.6467407406250001 0.4638083328125 0.6467407406250001
0 0.294275 0.14810740781250004 0.125525 0.1481074078125 0.12552500000000003 0.18329259218750002 0.294275 0.18329259218750005
0 0.3018291671875001 0.373659259375 0.14037083281250004 0.373659259375 0.14037083281250004 0.405140740625 0.3018291671875001 0.405140740625
0 0.4632416671875002 0.762459259375 0.3111583328125001 0.762459259375 0.3111583328125001 0.793940740625 0.4632416671875002 0.793940740625
0 0.8083375 0.23800740781250007 0.6364625 0.23800740781250007 0.6364625 0.2731925921875001 0.8083375 0.2731925921875001
0 0.3080416671875001 0.732359259375 0.1559583328125001 0.732359259375 0.1559583328125001 0.763840740625 0.3080416671875001 0.763840740625
0 0.7963333328125 0.5852074078125 0.6296666671875 0.5852074078125 0.6296666671875 0.6203925921875001 0.7963333328125 0.6203925921875002
0 0.6273500000000001 0.3402592593750001 0.46485000000000004 0.3402592593750001 0.46485000000000004 0.37174074062500007 0.6273500000000001 0.37174074062500007
0 0.46195 0.31063333281250005 0.29945 0.3106333328125 0.29945 0.3439666671875 0.46195 0.3439666671875001
0 0.31072083281250007 0.8152333328125 0.15967916718750008 0.8152333328125 0.15967916718750008 0.8485666671875001 0.31072083281250007 0.8485666671875001
0 0.6250458328125 0.525959259375 0.46775416718749996 0.525959259375 0.46775416718749996 0.5574407406249999 0.6250458328125 0.5574407406249999
0 0.6260291671875 0.40275925937499996 0.4645708328125 0.40275925937499996 0.4645708328125 0.43424074062500007 0.6260291671875 0.43424074062500007
0 0.7929708328125 0.6755074078125001 0.6294291671875001 0.6755074078125001 0.6294291671875001 0.7106925921875 0.7929708328125 0.7106925921875001
0 0.2935333328125 0.18150740781250002 0.12686666718750003 0.18150740781250002 0.12686666718750003 0.21669259218749998 0.2935333328125 0.21669259218749998
0 0.46459583281250005 0.08050740781250006 0.2948041671875 0.08050740781250004 0.2948041671875 0.11569259218750005 0.46459583281250005 0.11569259218750005
0 0.4629958328125 0.11480740781250005 0.2932041671875 0.11480740781250005 0.2932041671875 0.14999259218750005 0.4629958328125 0.14999259218750005
0 0.46357499999999996 0.14863333281250005 0.294825 0.14863333281250005 0.294825 0.18196666718750004 0.46357499999999996 0.18196666718750004
0 0.4634958328125 0.18150740781250005 0.2937041671875 0.18150740781250005 0.2937041671875 0.21669259218750003 0.4634958328125 0.2166925921875001
0 0.46303333281250003 0.21390740781250006 0.2963666671875 0.2139074078125 0.2963666671875 0.24909259218750007 0.46303333281250003 0.2490925921875001
0 0.46303333281250003 0.24630740781250005 0.2963666671875 0.2463074078125 0.2963666671875 0.28149259218750006 0.46303333281250003 0.2814925921875001
0 0.46331249999999996 0.28055925937500004 0.2976875 0.28055925937500004 0.2976875 0.31204074062500003 0.46331249999999996 0.3120407406250001
0 0.46405 0.40555925937500004 0.3015500000000001 0.40555925937500004 0.3015500000000001 0.437040740625 0.46405 0.437040740625
0 0.46455 0.437459259375 0.3020500000000001 0.437459259375 0.3020500000000001 0.468940740625 0.46455 0.468940740625
0 0.46462916718749997 0.46665925937499997 0.3031708328125001 0.46665925937499997 0.3031708328125001 0.49814074062499997 0.46462916718749997 0.49814074062499997
0 0.46408750000000004 0.4985851859375 0.30471250000000005 0.4985851859375 0.30471250000000005 0.5282148140625 0.46408750000000004 0.5282148140625
0 0.46565 0.5273592593750001 0.3031500000000001 0.5273592593750001 0.3031500000000001 0.558840740625 0.46565 0.558840740625