0 0.9616074078124999 0.7966125000000001 0.49679259218750016 0.7966125 0.49679259218750016 0.8309875 0.9616074078124999 0.8309875
0 0.481940740625 0.2510125 0.00045925937500003076 0.25101249999999997 0.0004592593750000328 0.2853875 0.481940740625 0.28538750000000007
0 0.4856481484375002 0.8684916671874999 0.03935185156250011 0.8684916671874999 0.03935185156250011 0.9039083328125 0.4856481484375002 0.9039083328125
0 0.48097777812500003 0.5437166671875 0.025422221875000067 0.5437166671875 0.025422221875000067 0.5728833328125 0.48097777812500003 0.5728833328125
0 0.9639333328124999 0.7417125000000001 0.49726666718750023 0.7417125 0.49726666718750023 0.7760875000000002 0.9639333328124999 0.7760875000000003
0 0.4837481484375002 0.7895541671874999 0.037451851562500096 0.7895541671874999 0.037451851562500096 0.8218458328124999 0.4837481484375002 0.8218458328124999
0 0.98704444375 0.3406125000000001 0.49815555624999996 0.3406125000000001 0.49815555624999996 0.3749875000000001 0.98704444375 0.3749875000000001
0 0.982896296875 0.2476916671875001 0.49030370312500005 0.2476916671875001 0.49030370312500005 0.2831083328125001 0.982896296875 0.2831083328125001
0 0.9777407406249999 0.43019583281250007 0.49625925937500004 0.4301958328125 0.49625925937500004 0.46040416718750005 0.9777407406249999 0.46040416718750016
0 0.48474814843750014 0.7364166671875 0.03845185156250009 0.7364166671875 0.03845185156250009 0.7655833328125 0.48474814843750014 0.7655833328125
0 0.47778888906250006 0.1887708328125 0.000011110937500023119 0.1887708328125 0.00001111093750002535 0.22522916718750005 0.47778888906250006 0.2252291671875001
0 0.48422592656249996 0.6554375 0.03237407343750008 0.6554375 0.03237407343750008 0.6835625000000001 0.48422592656249996 0.6835625000000001
0 0.47868888906249996 0.21852916718750004 0.0009111109375000267 0.21852916718749998 0.0009111109375000292 0.25707083281250004 0.47868888906249996 0.2570708328125001
0 0.48058148125000005 0.4885166671875 0.01761851875000006 0.4885166671875 0.01761851875000006 0.5176833328125 0.48058148125000005 0.5176833328125
0 0.9773148140625001 0.48959583281250013 0.49768518593750005 0.4895958328125 0.49768518593750005 0.5198041671875001 0.9773148140625001 0.5198041671875002
0 0.9758888890625 0.5166541671875 0.4981111109375 0.5166541671875 0.4981111109375 0.5489458328125001 0.9758888890625 0.5489458328125002
0 0.987496296875 0.3104125000000001 0.494903703125 0.3104125000000001 0.494903703125 0.3447875000000001 0.987496296875 0.3447875000000001
0 0.48286296249999994 0.28335416718750006 0.006937037500000036 0.2833541671875 0.006937037500000037 0.3156458328125 0.48286296249999994 0.3156458328125001
0 0.9662074078125 0.6299333328125001 0.5013925921875 0.6299333328125 0.5013925921875 0.6632666671875 0.9662074078125 0.6632666671875002
0 0.9763888890624999 0.573675 0.4986111109375 0.5736749999999999 0.4986111109375 0.604925 0.9763888890624999 0.6049250000000002
0 0.9712851859375 0.6020541671875 0.5009148140625 0.6020541671874999 0.5009148140625 0.6343458328125001 0.9712851859375 0.6343458328125002
0 0.48520000000000013 0.7096166671875 0.035200000000000085 0.7096166671875 0.035200000000000085 0.7387833328125 0.4852000000000002 0.7387833328125
0 0.975940740625 0.46041666718750013 0.494459259375 0.4604166671875 0.494459259375 0.48958333281250005 0.975940740625 0.48958333281250016
0 0.48382222187500024 0.7627958328125 0.03937777812500009 0.7627958328125 0.039377778125000096 0.7930041671875 0.48382222187500024 0.7930041671875
0 0.4828740734375 0.6823166671875 0.034725926562500085 0.6823166671875 0.034725926562500085 0.7114833328125 0.4828740734375 0.7114833328125
0 0.9574296296875 0.8765499999999999 0.4981703703125002 0.8765499999999999 0.4981703703125002 0.9140499999999999 0.9574296296875 0.9140499999999999
0 0.4829074078125 0.4590958328125 0.018092592187500055 0.4590958328125 0.018092592187500058 0.4893041671875 0.4829074078125 0.4893041671875
0 0.9643074078125 0.7150541671875 0.4994925921875 0.7150541671874999 0.4994925921875001 0.7473458328125001 0.9643074078125 0.7473458328125002
0 0.47958148125 0.4018166671875 0.01661851875000005 0.4018166671875 0.016618518750000054 0.4309833328125 0.47958148125 0.4309833328125
0 0.4829 0.6281166671875 0.03290000000000008 0.6281166671875 0.03290000000000008 0.6572833328125001 0.4829 0.6572833328125001
0 0.9662333328124999 0.6583541671875002 0.4995666671875 0.6583541671875001 0.4995666671875 0.6906458328125 0.9662333328124999 0.6906458328125001
0 0.48098518593749995 0.34247500000000003 0.010614814062500042 0.342475 0.010614814062500044 0.37372500000000003 0.48098518593749995 0.3737250000000001
0 0.48097777812500003 0.5719166671875 0.025422221875000067 0.5719166671875 0.025422221875000074 0.6010833328125 0.48097777812500003 0.6010833328125
0 0.95878148125 0.8236541671875001 0.49581851875000016 0.8236541671875001 0.49581851875000016 0.8559458328125 0.95878148125 0.8559458328125
0 0.9749888890625 0.5450541671875001 0.4972111109375 0.5450541671875 0.4972111109375 0.5773458328125001 0.9749888890625 0.5773458328125002
0 0.4828962968750002 0.8418958328124999 0.040303703125000104 0.8418958328124999 0.040303703125000104 0.8721041671875 0.4828962968750002 0.8721041671875
0 0.9823925921875001 0.4005541671875001 0.4972074078125 0.40055416718750003 0.4972074078125 0.4328458328125001 0.9823925921875001 0.4328458328125002
0 0.48238148125 0.5160958328125 0.01941851875000006 0.5160958328125 0.019418518750000065 0.5463041671875 0.48238148125 0.5463041671875
0 0.987496296875 0.2794125000000001 0.494903703125 0.2794125000000001 0.494903703125 0.3137875000000001 0.987496296875 0.3137875000000001
0 0.9666333328125001 0.6864541671875001 0.49996666718749994 0.6864541671875 0.49996666718749994 0.7187458328125002 0.9666333328125001 0.7187458328125003
0 0.4819111109375 0.31225416718750004 0.009688889062500039 0.3122541671875 0.00968888906250004 0.34454583281250006 0.4819111109375 0.34454583281250006
0 0.481440740625 0.1250083328125 1.5309105464557516e-17 0.12500833281249998 1.7732885651653673e-17 0.1645916671875 0.481440740625 0.16459166718750004
0 0.48427777812499995 0.6000166671875 0.028722221875000075 0.6000166671875 0.028722221875000075 0.6291833328124999 0.48427777812499995 0.6291833328124999
0 0.47820740781250004 0.37165416718750005 0.013392592187500043 0.3716541671875 0.013392592187500047 0.40394583281249996 0.47820740781250004 0.40394583281249996
0 0.4819074078125 0.42999583281250003 0.01709259218750005 0.42999583281250003 0.017092592187500054 0.4602041671875 0.4819074078125 0.4602041671875
0 0.98614444375 0.3713541671875001 0.49725555625 0.3713541671875001 0.49725555625 0.40364583281250005 0.98614444375 0.40364583281250016
0 0.4851925921875 0.15725000000000003 0.000007407812500019259 0.15725 0.000007407812500021555 0.19475000000000003 0.4851925921875 0.19475000000000003
0 0.9629333328125 0.7703541671875 0.4962666671875001 0.7703541671874999 0.4962666671875001 0.8026458328125001 0.9629333328125 0.8026458328125001
0 0.4823962968750002 0.8163958328125 0.0398037031250001 0.8163958328125 0.0398037031250001 0.8466041671875001 0.4823962968750002 0.8466041671875001
0 0.96068148125 0.8497125000000001 0.49771851875000017 0.8497125000000001 0.49771851875000017 0.8840875 0.96068148125 0.8840875