0 0.9300551640625001 0.49246458750000005 0.9287209149097109 0.4632477965657433 0.4843503843037934 0.4835409562532516 0.4856846334565826 0.5127577471875083
0 0.4824137890624999 0.8382997109374999 0.48117484326873694 0.8111698331226513 0.0682809375 0.8300255453125001 0.06951988329376298 0.8571554231273486
0 0.47570271875000014 0.6642448109375001 0.47446377297712833 0.6371149316325013 0.050476609300541694 0.6564772405570454 0.051715555073413425 0.683607119862044
0 0.9334239171875 0.38379914531250003 0.9320896680685925 0.35458235593837734 0.48032362812499996 0.37521324843750004 0.48165787724390735 0.4044300378116227
0 0.9300318828125 0.3266366375000001 0.9286976336751159 0.29741984812631583 0.47878047187500006 0.3179663078125 0.4801147210123842 0.3471830971861843
0 0.4785017828125001 0.6908182671875001 0.4772628372121629 0.6636883893680612 0.053275670238041695 0.6830506968070453 0.05451461583837899 0.7101805746264843
0 0.4694725578125 0.4828234203125 0.4680430052157041 0.45151971775050637 0.027324499999999995 0.4716460999999999 0.028754052596795938 0.5029498025619935
0 0.4807946046875 0.7662208031250001 0.47950800746083067 0.7380474703768167 0.0628934875 0.7570730890625 0.0641800847266694 0.7852464218106834
0 0.928134684375 0.5733002453125 0.9267051316886039 0.5419965411204111 0.4878355031217483 0.5620384905537935 0.4892650558081444 0.5933421947458825
0 0.9296619328125001 0.267048275 0.9282800318369334 0.23678802743815558 0.467246746875 0.2578421296875 0.4686286478505666 0.2881023772493444
0 0.9277759203124999 0.43766039843750004 0.9264416712526442 0.4084436091332596 0.48022226243204524 0.42882120163695825 0.4815565114919009 0.45803799094119874
0 0.48148416875000005 0.7415960265624999 0.48019757127619966 0.7134226921879597 0.05988529523804167 0.7326171796195451 0.061171892711842014 0.7607905139940854
0 0.9145289078125002 0.8031494093749998 0.9131946587334205 0.7739326199999322 0.49655727492879354 0.792959284378252 0.4978915240078732 0.8221760737533197
0 0.4715907625000001 0.561182615625 0.4702565133539823 0.531965826180237 0.03513036249674819 0.5518368218037935 0.03646461164276593 0.5810536112485564
0 0.9180049562500001 0.7797441578125001 0.9165754035351483 0.74844045369237 0.4961945374999999 0.7676380734374999 0.49762409021485177 0.79894177755763
0 0.48169812968750003 0.7929017359375 0.48036388060016255 0.7636849464913444 0.06372649687500001 0.7827116109375 0.06506074596233749 0.8119284003836554
0 0.4693788984374999 0.5358872937500001 0.4680446494661032 0.5066705059333146 0.032918499999999996 0.5265414999999999 0.034252748971396706 0.5557582878166853
0 0.46331337343750006 0.3435754390625 0.46188382081739227 0.3122717364297759 0.010072054687500002 0.33290471718750003 0.01150160730760778 0.3642084198202241
0 0.46207204218750003 0.2563008671875 0.46064248948794173 0.22499716306700707 -0.00142955269955823 0.24609870212950713 2.7755575615628915e-18 0.27740240625000007
0 0.4699423078125 0.4271492015625 0.46860805857036364 0.39793241212001823 0.0186908953125 0.4184788734375 0.020025144554636394 0.4476956628799818
0 0.9229825578125 0.7018806921875 0.9216483086210772 0.6726639028150984 0.49206878906249996 0.6922816 0.4934030382539228 0.7214983893724016
0 0.4783452640625 0.7159206046875001 0.47710631843552653 0.6887907268686932 0.056816904613041695 0.7079841686820454 0.058055850240015194 0.7351140465008522
0 0.4680601734375001 0.4541581109375 0.46667827253326494 0.42389786337396274 0.024133751562499996 0.444107634375 0.025515652466735088 0.4743678819385373
0 0.45693805625 0.16631393281250004 0.4554608517943361 0.13396677206283708 -0.001477204455663904 0.15483385643783704 1.3877787807814458e-18 0.1871810171875
0 0.47152224531250014 0.587585884375 0.47018799613582407 0.5583690950022484 0.038759600000000005 0.5780712250000001 0.040093849176676036 0.6072880143727517
0 0.9258470437499999 0.5187557578125002 0.9245127946591776 0.48953896687677273 0.485688893607587 0.5095788265690036 0.4870231426984094 0.5387956175047309
0 0.9250924312500002 0.6246124515625 0.9237105301889794 0.5943522025130293 0.4922592703125 0.6140553765625001 0.4936411713735208 0.6443156256119709
0 0.9196283312499999 0.7555995531249999 0.9181511268867271 0.7232523938627988 0.4940496437467482 0.7426199233662935 0.49552684811002123 0.7749670826284947
0 0.463184165625 0.3142492468749999 0.4618022647429755 0.2839889977499975 0.0063156093037935014 0.3047897984407518 0.007697510185817902 0.3350500475657543
0 0.9345213843750002 0.2967189093750001 0.9331871352878245 0.2675021200001243 0.47587446711954523 0.2883863110119583 0.47720871620672095 0.3176031003868341
0 0.4685243874999999 0.5095470906250001 0.467142486551914 0.47928684306250346 0.030144596871748204 0.49924331555379353 0.03152649781983417 0.5295035631162902
0 0.917085971875 0.8276259218750001 0.9157517227876625 0.7984091324288446 0.4991143390625 0.8174357968750001 0.5004485881498375 0.8466525863211556
0 0.4764369125 0.640663628125 0.4751026633826846 0.611446838679556 0.04922089680054169 0.6308956686820453 0.05055514591785715 0.6601124581274893
0 0.488603621875 0.8683362093750002 0.48712641744648655 0.8359890502569144 0.07042044374999999 0.8550188484374999 0.07189764817851345 0.8873660075555858
0 0.4713517562499999 0.6132493187500001 0.470112810373864 0.5861194393761685 0.04612564375 0.60548175 0.04736458962613597 0.6326116293738316
0 0.9254002046875002 0.5462010234375001 0.9240183037492322 0.5159407758747705 0.48517153905924826 0.5359816811787935 0.48655343999751627 0.5662419287415231
0 0.4658278453125001 0.40037649999999997 0.46439829260633525 0.36907279580838026 0.014435404613041694 0.3896213436820454 0.01586495731920651 0.42092504787366514
0 0.9309986796875002 0.4105108000000001 0.9296644305501159 0.3812940106263159 0.4797472671195454 0.40184047038695814 0.48108151625692946 0.43105725976064246
0 0.92619995625 0.5987640187500001 0.9248180552820839 0.568503771187974 0.48966904218749996 0.5883758109374999 0.49105094315541586 0.618636058499526
0 0.4627164125 0.19766998906250005 0.46123920795582185 0.16532282855887864 -0.0014772045441781678 0.18645379574637866 0 0.21880095625000004
0 0.9187803703125 0.7297400421875 0.9173031660662788 0.6973928829938046 0.49320168593424807 0.7167604108662934 0.4946788901804693 0.7491075700599888
0 0.46435228749999996 0.3722578046875 0.46287508306875624 0.3399106439372575 0.011040453124999999 0.36054466875 0.012517657556243702 0.39289182950024254
0 0.9199801796875002 0.6512460531250002 0.9185982788589838 0.6209858056309494 0.49454252500000007 0.6403512453124998 0.4959244258285163 0.6706114928065506
0 0.9193611140624999 0.8541856609374999 0.9178839096806766 0.8218385017470228 0.49563130468749994 0.8411215984375 0.4971085090693233 0.8734687576279772
0 0.9226634765625 0.6768209890624999 0.9212815756443344 0.6465607414992933 0.4935280687499999 0.6660950484375 0.4949099696681654 0.6963552960007066
0 0.9333164265624998 0.3547940140625001 0.9319821774373029 0.32557722624946484 0.4765183859375 0.3463769859375 0.47785263506269676 0.3755937737505353
0 0.481788028125 0.8153410953125 0.4805490824557629 0.78821121756598 0.0658062983695453 0.8071513610119585 0.0670452440387824 0.8342812387584786
0 0.4591074015625001 0.22579921093750013 0.4577255006509203 0.19553896337413704 -0.0013819009115797697 0.21650511493663696 0 0.24676536250000006
0 0.46178328750000014 0.2868507171875 0.46030608319499666 0.25450355799519964 0.0010759484374999989 0.27547531406250003 0.002553152742503384 0.3078224732548004
0 0.9281800328124998 0.46474474843750013 0.9268457837356104 0.43552795906238007 0.48247525149129356 0.4558211187532516 0.483809500568183 0.4850379081283716