0 1.0031838305315142 0.7711040928138443 0.9998582412995665 0.7409489467710166 0.5703654591405317 0.7883145463114343 0.5736910483724795 0.8184696923542619
0 0.535177534375 0.6345632453125001 0.5319666207942955 0.6054479345989583 0.1033026203125 0.6527221359375 0.10651353389320461 0.6818374466510417
0 0.972048996875 0.2854127328125001 0.9687234077347805 0.2552575873499827 0.506987468598529 0.30617904706402105 0.5103130577387484 0.33633419252653846
0 0.49276299531250006 0.33642992656250015 0.48955208182469284 0.3073146156704682 0.038865193390732695 0.3570175576798042 0.042076106878539875 0.38613286857183615
0 0.9873698281249998 0.48159762656250005 0.9838148880429939 0.4493628178141189 0.5311799421875001 0.4992805984374999 0.534734882269506 0.531515407185881
0 0.54130809375 0.6855175718750001 0.538097180367021 0.6564022627031545 0.11310365937500003 0.7032716734375 0.11631457275797911 0.7323869826093456
0 0.5131673796875 0.4752287343750001 0.5099564662999417 0.44611342503186036 0.06661053906249999 0.49500678750000005 0.06982145245005827 0.5241220968431397
0 1.0020045573137466 0.6965081180472165 0.9984496173630728 0.664273310590941 0.5593187046408855 0.712701830827317 0.5628736445915592 0.7449366382835926
0 0.9925986921874997 0.5080781093750002 0.9891584276443026 0.4768831338208302 0.5347258484374999 0.5269991625 0.538166112980697 0.55819413805417
0 0.5612298953125 0.8340482 0.5581336572250406 0.8059727223124009 0.140518703125 0.85202840625 0.14361494121245946 0.8801038839375991
0 0.5500998140625 0.73607738125 0.5468889006768638 0.7069620719067184 0.125565859375 0.7534266921875 0.1287767727606361 0.7825420015307815
0 0.9790170031249998 0.34221489375 0.9758060899133207 0.3130995859501694 0.5122725171875 0.36421929531249997 0.5154834303991791 0.3933346031123306
0 0.9752097484375 0.31375895 0.9718841591958209 0.28360380454497297 0.5101482217047539 0.3345252656437752 0.513473810946433 0.3646804110988023
0 0.5510490906250001 0.761737384375 0.5478381772791833 0.732622075200411 0.1338561015625 0.7782771140624999 0.1370670149083167 0.807392423237089
0 0.51925946875 0.52901636875 0.5160485552235834 0.4999010578608184 0.08004359199847876 0.5479848389110291 0.08325450552489527 0.5771001498002107
0 0.5462710875 0.709682453125 0.5432895246039313 0.6826468055446738 0.1183712140625 0.7295079234374999 0.12135277695856879 0.7565435710178262
0 0.9941502078125 0.562669603125 0.9907099432003669 0.5314746275759191 0.5454535671875 0.5805786812499999 0.5488938317996331 0.6117736567990808
0 0.559163221875 0.8100480453125 0.5559523084893639 0.7809327359692185 0.13462926701725392 0.8273973562687752 0.13784018040289003 0.8565126656120567
0 0.5240761796875 0.5808018078125002 0.5209799414800694 0.5527263285774647 0.09051830312499998 0.6001987781249999 0.09361454133243047 0.6282742573600354
0 0.520577359375 0.5540884312500001 0.5175957965378865 0.5270527836653217 0.085336525 0.5747234812500001 0.08831808783711356 0.6017591288346785
0 0.5066570421875001 0.446704628125 0.5036754793087145 0.41966898054339774 0.06040476406250002 0.46855404999999994 0.06338632694128558 0.4955896975816022
0 0.4972199312499999 0.36382489375000016 0.49400901777312345 0.3347095830287934 0.04148688580480431 0.3846149206717673 0.04469779928168073 0.4137302313929741
0 1.0040136418511687 0.8260025118156482 0.9999999998597344 0.7896083737281264 0.5783257578125001 0.8361117265625 0.5823393998039341 0.8725058646500218
0 0.48757278281249994 0.30780233125 0.4843618695386132 0.2786870232831297 0.0318397375 0.3285923625 0.03505065077388673 0.3577076704668703
0 0.9961383234375003 0.53506905 0.9926980590140954 0.5038740742653544 0.5401007171687249 0.5537877060797538 0.5435409815921297 0.5849826818143995
0 0.5313079984375 0.607890753125 0.5282117602935856 0.5798152737136435 0.09591488107975392 0.627490117206275 0.09901111922366831 0.6555655966176315
0 0.9804443468749998 0.3967990343750001 0.9773481087426712 0.3687235553060525 0.517522623286029 0.41943432675152115 0.5206188614183578 0.4475098058204686
0 1.0029681118277192 0.7497920218972809 0.999183820742976 0.7154775472093009 0.5676346372092103 0.7630699333007325 0.5714189282939535 0.7973844079887125
0 0.5366006203124999 0.6596658062499999 0.5333897068657173 0.6305504955265716 0.10839618576725392 0.6774199047062751 0.1116070992140366 0.7065352154297034
0 0.49953647187500005 0.3922642140625 0.4963255584249901 0.3631489033393099 0.047473909204753945 0.4126494500187752 0.05068482265476389 0.4417647607419653
0 0.47659798437499984 0.19132864375000008 0.4726990180741228 0.1559743386738547 0.010459883699122935 0.2069512933613546 0.014358850000000001 0.2423055984375
0 0.9919245515625003 0.6170924750000002 0.9883696116396369 0.5848576679677956 0.5540870734374999 0.6327514968749999 0.5576420133603631 0.6649863039072045
0 0.9724753500000001 0.2569571921875001 0.9686910590491081 0.22264271876321243 0.5012989765625001 0.2741879546874998 0.505083267513392 0.30850242811178746
0 0.48054398750000005 0.2503838046875 0.4767596962726802 0.21606932972732634 0.0167085796875 0.26680498593749996 0.020492870914819807 0.3011194608976736
0 0.47089296718750007 0.16229473281250004 0.4667646498759101 0.1248607632425505 0.008484134250910092 0.1754011523050505 0.012612451562500005 0.21283512187500003
0 0.9982702187499999 0.6703469546874999 0.9947152787319264 0.6381121459343992 0.558597499829754 0.6862083687687752 0.5621524398478275 0.7184431775218759
0 1.0035549398627956 0.7970720299385882 0.99999999992264 0.7648372227360282 0.5757327078125 0.8116265437500001 0.5792876477526557 0.8438613509525601
0 0.515818628125 0.5025197234375 0.5126077144912244 0.47340441255624394 0.07293226718750001 0.5218929859375 0.0761431808212755 0.551008296818756
0 0.48485434687500006 0.2793694453125001 0.481299406795502 0.24713463673556588 0.02499398125 0.29745720781250007 0.02854892132949809 0.32969201638943424
0 0.9906869374999999 0.5898266140625001 0.9872466730420841 0.5586316385020343 0.5493312578125 0.6069261093749999 0.5527715222704158 0.6381210849354657
0 1.0029089272348792 0.7208174801709525 0.9995833380360656 0.6906623360974218 0.5644946859374999 0.738645065625 0.5678202751363136 0.7688002096985308
0 0.9793336374999999 0.37006646562500006 0.9761227241438443 0.3409511562795422 0.5162596312500002 0.39166607500000006 0.5194705446061557 0.42078138434545787
0 0.5708710625 0.8643319890625001 0.5670867715041499 0.8300175154698992 0.1455757046875 0.8765028718749999 0.1493599956833502 0.9108173454676007
0 0.98414469375 0.45349847343749994 0.9809337803356655 0.42438316409633714 0.5284116484375 0.4742885031250001 0.5316225618518347 0.503403812466163
0 0.9941631093750001 0.6420840546875 0.9907228449240666 0.6108890789548866 0.5583131515437249 0.6585763638922539 0.5617534159946581 0.6897713396248671
0 0.9815552796874998 0.42612067656250013 0.9782296905331866 0.39596553265731627 0.5238347171874999 0.4460774140625 0.527160306341813 0.4762325579676839
0 0.5576785218750001 0.7876213687500001 0.5542382573940274 0.7564263931912364 0.13284000625 0.8028993078125 0.13628027073097276 0.8340942833712637
0 0.5026544953125001 0.41948267499999997 0.4995582570431922 0.39140719576953253 0.05624993593749998 0.44029641249999996 0.059346174206807836 0.4683718917304674
0 0.47668803906249996 0.22055658593750005 0.4731330990276377 0.18832177718563864 0.01252527559013773 0.2391188271856386 0.016080215624999998 0.2713536359375
0 0.963604115625 0.22503503437500005 0.9601638511093491 0.19384005864716441 0.489214103125 0.24577764374999997 0.49265436764065107 0.2769726194778356