0 0.8056072079911406 0.4665794895499964 0.25974515781250007 0.43139847656250013 0.25734369815857244 0.46865907763104026 0.803205748337213 0.5038400906185365
0 0.8130626749170229 0.7544142354880162 0.2824125031250001 0.7202136343750002 0.2803445795763666 0.7522991518987698 0.8109947513683894 0.7864997530117859
0 0.8124685472030476 0.6286187089982047 0.277957940625 0.5941693031249999 0.27575660279695247 0.6283248535017953 0.8102672093750002 0.6627742593750001
0 0.8109454983493729 0.8712133011048089 0.2895633078125001 0.8376100265625002 0.2874953844631273 0.8696955426451914 0.8088775750000001 0.9032988171875
0 0.8142238410035384 0.5655746855677302 0.2685916562500001 0.5304084890625 0.2663903182711746 0.5645640409883063 0.8120225030247129 0.5997302374935364
0 0.8119680361136276 0.40123815985465605 0.25313081406250004 0.36522089375000005 0.25072935451137257 0.40248149483284423 0.8095665765625 0.4384987609375002
0 0.8115220049227287 0.7236426449302804 0.2807185890625001 0.68943216875 0.2785172512334478 0.723587719025469 0.8093206670936766 0.7577981952057494
0 0.8219448598645291 0.07836705136811502 0.23291374843750004 0.040403778125000026 0.2300453385729711 0.08490949394438511 0.8190764500000002 0.1228727671875001
0 0.8077546986495369 0.9296708036096526 0.2952573796875001 0.8966401609375 0.29285592010046335 0.9339007620153476 0.8053532390625001 0.9669314046875002
0 0.8122234893831829 0.59747332305968 0.27400569218750004 0.5627849875 0.2718043543668174 0.5969405378778202 0.8100221515625001 0.6316288734375002
0 0.8104035313995492 0.43416263172595776 0.25712709843750003 0.3985037609375 0.2547256389129509 0.4357643620240423 0.8080020718750001 0.4714232328125001
0 0.8140263499097738 0.661187341830703 0.2796689859375 0.6267478124999999 0.27760106259022643 0.658833328481797 0.8119584265625003 0.6932728578125001
0 0.8116950843508652 0.9000963948637131 0.2921664921875001 0.8666125843750001 0.29009856867384787 0.8986981020048235 0.8096271608372131 0.9321819124935364
0 0.8162194856954382 0.19002799662653894 0.240470034375 0.15292073125000005 0.23786845336059828 0.19328638003624826 0.8136179046810363 0.23039364541278715
0 0.8178021022469008 0.1536915787438268 0.23826883749999994 0.11634044531250005 0.23560054930913585 0.15774111041896033 0.8151338140560366 0.1950922438502871
0 0.81787436477251 0.11658018332621292 0.2364875015625 0.07910958593750003 0.23381921335249034 0.1205102526112872 0.8152060765625002 0.1579808500000001
0 0.8160103633085327 0.25993553958992177 0.24389148125000007 0.22306226562500003 0.24122319294146757 0.2644629322850784 0.8133420750000002 0.3013362062500001
0 0.8126216431586922 0.841966887920592 0.28560204062500005 0.8080002796875 0.28346740996630787 0.841120813641908 0.8104870125 0.8750874218750002
0 0.8159257272259293 0.29574907082722235 0.2456604421875 0.2589952625 0.2429921540240707 0.3003959276102778 0.8132574390624999 0.3371497359375001
0 0.8148046820296454 0.33049806146090227 0.24824658906250008 0.2939831828125 0.2455783007828547 0.33538384947659783 0.81213639375 0.3718987281250001
0 0.813027939438143 0.5345675668248182 0.2673957546875001 0.49940136874999996 0.26519441661128307 0.5335569206622549 0.8108266013619261 0.5687231187370732
0 0.8139310681995594 0.7822864551062878 0.2813506796875001 0.7479614531250001 0.2792160489879407 0.7810819886437124 0.8117964375 0.8154069906250001
0 0.8156984305333198 0.22449554740760996 0.24172595000000002 0.1875028078125 0.23905766165418027 0.22890347446739018 0.8130301421875001 0.26589621406250014
0 0.8117198065853544 0.6919271558817123 0.2809163906250001 0.6577166781250001 0.2787150526019989 0.6918722298422868 0.8095184685623531 0.726082707598999
0 0.8081575086123725 0.5007876902356576 0.26237208125000006 0.4656116171875001 0.2600373288876277 0.5018372019518427 0.8058227562500001 0.5370132750000002
0 0.8145929354358948 0.8124609629330738 0.28386614218750006 0.7782554234375001 0.28173151143264163 0.8113759574797135 0.8124583046810365 0.8455814969752872
0 0.8115848140138981 0.366092895768377 0.24904039843750003 0.3298367015625 0.24663893911110185 0.3670973011066231 0.8091833546875 0.4033534953125001