0 0.6971493608939113 0.7563609011752842 0.23503764531250004 0.7068547249999999 0.2319716578560888 0.7354739566372158 0.6940833734375002 0.7849801328125001
0 0.71907875209636 0.623371596428068 0.2500361109375001 0.5731229078125 0.24686619165364024 0.602712283259432 0.7159088328125001 0.652960971875
0 0.7891601300181675 0.17530476881239015 0.2707576625 0.11976814531250005 0.26701611825384075 0.15469331085738078 0.7854185857720083 0.21022993435727094
0 0.7104468981619917 0.6770208182623236 0.24311928593750007 0.6269558609375 0.2398454346505084 0.6575153817376764 0.707173046875 0.7075803390625001
0 0.7677793704996005 0.30308338674119795 0.26494670156250005 0.24921476250000002 0.2612571232503994 0.2836548570088022 0.7640897921875001 0.33752348125000015
0 0.7051585136727564 0.7033836729383436 0.24128928437500013 0.6536892124999999 0.23801543301902287 0.6842487334594192 0.7018846623167792 0.7339431938977629
0 0.7577125163528657 0.3644816978143651 0.26355412500000003 0.31154234999999997 0.26007241020963434 0.3440421568731349 0.7542308015625 0.3969815046875001
0 0.6937844441026241 0.7815791863973841 0.23512402812500013 0.7324427484375 0.23200607464737627 0.7615470526651162 0.6906664906250002 0.8106834906250002
0 0.7005243836287971 0.7298609722637438 0.2383914250000001 0.68035251875 0.23516953964321127 0.710426966781027 0.6973024982720084 0.7599354202947708
0 0.7434561776944674 0.4548726588708706 0.2605658484375001 0.4031404625 0.2572919973055327 0.43369998175412955 0.7401823265624999 0.4854321781250002
0 0.7633183975319567 0.33433450874322 0.26397243281250005 0.28083941562500003 0.2604907180930434 0.31333922250678015 0.7598366828125002 0.36683431562500013
0 0.6902260534110065 0.8077254443694155 0.23502401875000012 0.7589595046875001 0.23190606530353533 0.7880638090865684 0.6871080999645417 0.8368297487684838
0 0.7890528388406433 0.13928784008190714 0.27408750781249996 0.08411943906250001 0.2701900658468567 0.12049982085559297 0.7851553968749999 0.17566822187500006
0 0.7308830523271654 0.540387222257449 0.2540519687500001 0.4893041546875 0.2508300836103347 0.5193786011800511 0.7276611671875001 0.57046166875
0 0.7350574604889422 0.5123534309113263 0.25649010625000007 0.4610843562500001 0.25321625513605805 0.49164387533867393 0.7317836093750001 0.5429129500000001
0 0.7739123532478104 0.2715859089461136 0.26589210781250006 0.2171615359375 0.26220252954696044 0.25160162871937825 0.7702227749822709 0.3060260017279919
0 0.7840653179606345 0.20727104483033515 0.26911414843750003 0.15210416093750004 0.2653206382893655 0.18751439891966498 0.7802718078125 0.2426812828125001
0 0.7543130482271756 0.3956012189063062 0.26017589843750005 0.34266414687500013 0.25685008131256193 0.37370873872297306 0.7509872311022374 0.4266458107542791
0 0.6809808629516481 0.880926664334601 0.2387052765625001 0.8335455390625001 0.23527552767335208 0.8655602747278994 0.6775511140625 0.9129414000000002
0 0.7268242058295271 0.5680432369970971 0.2525798312500001 0.517237284375 0.2493059800902439 0.5477968037933948 0.7235503546697709 0.5986027564154919
0 0.777517384364298 0.2397614782709941 0.26777503125 0.18515261718750003 0.2641374187607021 0.21910764047900605 0.773879771875 0.2737165015625001
0 0.6884817724137422 0.8341873341260717 0.23504433125000007 0.7856104359375 0.232186207273758 0.8122893814989283 0.6856236484375 0.8608662796875001
0 0.7383998029738688 0.48352712047602286 0.2580961781250001 0.43207203749999995 0.25477036094086886 0.46311662934075615 0.7350739857897375 0.5145717123167791
0 0.7481602159872807 0.42489772526365277 0.26265485937500005 0.3728853796875 0.2592251105574902 0.40490011396433906 0.7447304671697709 0.45691245954049187
0 0.6831429971091156 0.8580770737474847 0.23749399687500006 0.8103345531249999 0.23468783882838454 0.8365284262525152 0.6803368390625001 0.884270946875
0 0.715067946119847 0.6505303443053061 0.24601822187500014 0.6002808953125001 0.2427963364917031 0.6303553435079488 0.71184606073655 0.6806047925007546
0 0.7238653449668635 0.5960624135662739 0.25135015937500005 0.5454417109375002 0.24807630815813667 0.5760012317462264 0.7205914937500001 0.6266219343750001