0 0.7570313703125 0.726238459375 0.2518710541316617 0.7045644588271467 0.2504459218750001 0.7377803046875 0.7556062380558383 0.7594543052353534
0 0.7491483562500002 0.8370911937500001 0.2544022774547691 0.8158640188609259 0.25299810305808396 0.848591396872129 0.747744181853315 0.8698185717612033
0 0.8125586265625 0.037727882812500065 0.23357019205082472 0.012886272525754838 0.23164207187212896 0.05782535944191626 0.8106305063838042 0.08266696972866147
0 0.7507324640625 0.8095979812500002 0.25338371960500294 0.7882591391050825 0.25197954524845495 0.820986517117713 0.7493282897059521 0.8423253592626304
0 0.7718960390625 0.4235822921875 0.2398236199969515 0.400753621480565 0.23829369843750006 0.43641181093750003 0.7703661175030486 0.45924048164443504
0 0.7678538125000001 0.5510010656250001 0.24708468224372065 0.5286573663363452 0.24570146562500006 0.5608962765625002 0.7664705958812796 0.5832399758511551
0 0.8054367765625001 0.075639575 0.23686974669760752 0.051245096187284386 0.23500450000000006 0.09471877656250013 0.8035715298648926 0.11911325537521575
0 0.7779991187500002 0.3912718437500001 0.23898626354988434 0.36814539328055607 0.2374563421205839 0.403803581247129 0.7764691973206997 0.4269300317165731
0 0.7949469671875 0.1845529703125001 0.23680850453746666 0.1606059304193666 0.23504804687500003 0.20163727031250006 0.7931865095250334 0.22558431020563355
0 0.7971179578125002 0.14936780625000007 0.23637683250759775 0.12530910072635965 0.23461637500000004 0.1663404406250001 0.7953575003049025 0.1903991461486405
0 0.7777827390625002 0.35838959062500014 0.23790233086390752 0.3352259167230467 0.23637240937500006 0.3708841046875001 0.7762528175735928 0.3940477785894535
0 0.8020089875 0.11391020312500007 0.23605536827015036 0.08962785577700674 0.23425299517579662 0.1316361328736741 0.8002066144056462 0.15591848022166743
0 0.7626573406250001 0.6715344406250001 0.25057092124662195 0.6495632737758831 0.24922962024558387 0.6808252468721289 0.761316039623962 0.7027964137212459
0 0.7687065140625 0.52012489375 0.2453311384816698 0.4976693719891049 0.24392696406250006 0.5303967484375001 0.7673023396433304 0.5528522701983952
0 0.7541548093749999 0.75417733125 0.25333226516501706 0.7326894432060467 0.25190713281250005 0.765905290625 0.7527296770224831 0.7873931786689534
0 0.766115075 0.5808929828125 0.24881616192009673 0.5586981740814314 0.24743294531250007 0.5909370843749999 0.7647318583924033 0.6131318931060686
0 0.7430005921875001 0.8636338015625002 0.2560338386590678 0.8427403983422896 0.2544620015625001 0.879375521875 0.7414287550909324 0.9002689250952105
0 0.7629127437500001 0.6405441609375 0.2508155761115756 0.6185725329322073 0.24941140155962901 0.6512999125669162 0.7615085691980534 0.673271540572209
0 0.7590694984375002 0.6989976656250001 0.2521848226788888 0.6772496825499321 0.25082256399558395 0.7090001234346291 0.7577072397541953 0.7307481065096971
0 0.7653299281250001 0.6104249234375 0.25063368054080654 0.5883417835183605 0.24925046399558387 0.620580693747129 0.7639467115797774 0.6426638336662684
0 0.7844878796875 0.28886919375000003 0.23677081830271832 0.2653692885808107 0.23507323437212896 0.30493522194191625 0.7827902957569106 0.32843512711110556
0 0.7731380718750002 0.48914584218750007 0.24542492282515638 0.46650420792548425 0.24402074843750005 0.4992315843750001 0.7717338974873439 0.521873218637016
0 0.793169090625 0.2198877140625001 0.23764403878639095 0.1960528041453707 0.23594645468750003 0.23561873906250005 0.791471506526109 0.2594536489796294
0 0.7679961359375 0.4572549250000001 0.24115054308990275 0.4346505141737863 0.23974636868021287 0.4673778922515453 0.7665919615278102 0.4899823030777591
0 0.7824866140625 0.3240264046875 0.23565860577521985 0.30056464371927083 0.234086768747129 0.33719976725441625 0.7809147770344091 0.3606615282226454
0 0.7918656531249999 0.25511010000000006 0.23720815760061434 0.2313124118931361 0.23551057343749998 0.270878346875 0.7901680689618855 0.29467603498186395
0 0.752870990625 0.7830305578125001 0.2529195838012602 0.7615800469228303 0.25151540931095495 0.7943074264927128 0.7514668161346947 0.8157579373823826