0 0.7490917765625001 0.46867911406250007 0.7455902729684535 0.439616616514784 0.28647782322958415 0.49493133577429704 0.2899793268236308 0.5239938333220131
0 0.7369195093750001 0.297181940625 0.7334180058014333 0.2681194430754125 0.2523083076269407 0.3260844312723566 0.2558098112005073 0.35514692882194404
0 0.7889412171875 0.8029313328125001 0.7854397135025308 0.7738688337159925 0.35015761679402485 0.8263124264216539 0.35365912047899395 0.8553749255181616
0 0.7197729812500002 0.11687013750000011 0.715145994396531 0.07846612426542066 0.2136032953125 0.13889292031250003 0.21823028216596918 0.17729693354707948
0 0.7427455656250002 0.38574181562500004 0.7392440617221596 0.3566793167360046 0.27096609218749995 0.4130983171875 0.2744675960903404 0.44216081607649543
0 0.7687919875 0.6279894296874999 0.7650403764122932 0.5968510401203311 0.31503370156249993 0.6510686812500001 0.3187853126502069 0.682207070817169
0 0.785873659375 0.75484125625 0.781996994475093 0.7226649191219774 0.33929286075194065 0.7760027359598564 0.3431695256518477 0.8081790730878788
0 0.7537722078125 0.4965634062500001 0.7500205967791447 0.4654250166778643 0.2908484015625 0.5207469359375001 0.2946000125958554 0.5518853255096359
0 0.7760563609374999 0.7047718125000001 0.7721796961501561 0.672595475361691 0.32947556404014344 0.7259332904394405 0.33335222882748716 0.7581096275777497
0 0.7429556812500001 0.3559962593750001 0.7394541772790522 0.3269337603046264 0.26201068593750004 0.38445704062500013 0.265512189908448 0.4135195396953738
0 0.789921159375 0.8315268250000003 0.7857943868342647 0.7972745943088728 0.35586223749999996 0.8490736203125 0.3599890100407353 0.8833258510036274
0 0.7483801671875 0.441875109375 0.7448786636045897 0.4128126118262664 0.28026690135458415 0.4687898982742972 0.28376840493749445 0.49785239582303087
0 0.7623197437500001 0.57585741875 0.7588182401046369 0.5467949213945759 0.30703820452429714 0.6012262189579158 0.3105397081696603 0.6302887163133399
0 0.7873330953125 0.7797355562499999 0.783456430482967 0.7475592191155465 0.3444185046875 0.8004553234374999 0.34829516951703293 0.8326316605719534
0 0.7805403046874998 0.7286530578125001 0.7769137472457891 0.6985526128947739 0.3342693609374999 0.7518832296874999 0.33789591837921074 0.7819836746052261
0 0.7455579921875001 0.41411231718749997 0.742056488505852 0.38504981983539194 0.275611621875 0.44124796406250005 0.2791131255566479 0.47031046141460814
0 0.72369319375 0.14658139062499997 0.7193163138957168 0.11025326634085944 0.21966646541708412 0.17045200764929727 0.22404334527136727 0.20678013193343783
0 0.7574894109374999 0.5247448703125002 0.7536127460761965 0.49256853336855233 0.2944106779617971 0.547894051770416 0.29828734282310054 0.5800703887143637
0 0.7304242703124999 0.2071695015625002 0.7264225515457462 0.1739552166910157 0.228695421875 0.23392230625 0.23269714064175379 0.26713659112148447
0 0.7350307421875 0.23742566718750005 0.7311540774193237 0.20524933004743948 0.2352899261913813 0.26499196254471313 0.23916659095955764 0.2971682996847737
0 0.7652214562499999 0.601285575 0.7617199526818839 0.5722230774499144 0.3099399170019407 0.6266543734598565 0.31344142057005675 0.6557168710099421
0 0.7391851812500001 0.3274589828125001 0.7355586237195981 0.2973585379028788 0.25808526249999997 0.3548854156249999 0.26171182003040183 0.38498586053462114
0 0.775778084375 0.6776713000000001 0.7721515269497503 0.6475708548931672 0.3258409310644407 0.7013431828348565 0.3294674884896902 0.7314436279416894
0 0.7268747984374999 0.17674386718749996 0.7229981336438357 0.1445675300497687 0.22530087947958416 0.20453101858679731 0.22917754427324838 0.23670735572452858
0 0.7707037671875 0.653212528125 0.7670772097846068 0.6231120832037266 0.32076661562500003 0.6768844109375 0.32439317302789306 0.7069848558587734
0 0.7575470171874998 0.5500481515625001 0.7540455136417403 0.5209856541979738 0.3022654779617972 0.5754169502079158 0.3057669815075567 0.6044794475724421
0 0.7368244578125 0.26794068906249996 0.7329477930909758 0.23576435347527677 0.24808226875 0.29418185312499995 0.25195893347152415 0.3263581887122231