0 0.52236408125 0.725038453125 0.5220734550268418 0.6978791818138781 0.0938645718748211 0.7024613640457821 0.09415519809797934 0.7296206353569039
0 0.5050835640625 0.569791871875 0.504781759907651 0.5415880140763658 0.06909881250000001 0.5462501750000001 0.0694006166548491 0.5744540327986343
0 0.9658793343750002 0.7787250296875003 0.9655551744775872 0.748431997297404 0.5370232875000001 0.7530176343749998 0.537347447397413 0.7833106667650962
0 0.5276506265625001 0.775629275 0.5273600003701533 0.7484700037084228 0.1046759171875 0.7529930656250001 0.10496654337984668 0.7801523369165774
0 0.9555784921875002 0.38025448906250003 0.9552655101158501 0.3510060447276224 0.5029004968749999 0.35584671718750005 0.5032134789466499 0.3850951615223776
0 0.9620588953125001 0.6234138109375001 0.9617347351943215 0.5931207769495539 0.5239948484375 0.5978049500000001 0.5243190085556786 0.6280979839879464
0 0.49185557968749993 0.40900676718750006 0.49153141975984294 0.3787137347779117 0.0409003359373211 0.3835358515457818 0.0412244958649781 0.41382888395537015
0 0.9649531031250002 0.7539837437500001 0.9646177651767613 0.7226461232672172 0.5359782093750001 0.7272329140625 0.5363135473232388 0.7585705345452829
0 0.4845273437500001 0.2954545031250001 0.4842031838176652 0.26516146917090316 0.024364103108460797 0.2700821187668969 0.024688263040795726 0.3003751527209938
0 0.4885840843749999 0.3800574265625 0.48825992445480104 0.3497643925928214 0.035787240608102996 0.35460621560846073 0.03611140052830192 0.38489924957813937
0 0.9591516046875002 0.4076753328125001 0.9588498006814931 0.3794714750275993 0.5029092577957819 0.38435040625017874 0.503211061801789 0.4125542640350795
0 0.503734484375 0.5452556953125001 0.5034215023446102 0.5160072509814295 0.06394768906214221 0.5207099765290637 0.06426067109253199 0.5499584208601342
0 0.9561113890625001 0.46208694843750003 0.9557984069672585 0.43283850411714725 0.5052749953125001 0.4376594703124999 0.5055879774077415 0.4669079146328527
0 0.9561229812499998 0.4899679640625 0.9558099992901896 0.46071951973794195 0.510811384375 0.4654813640625 0.5111243663348104 0.49472980838705805
0 0.5111561250000001 0.6224595187500002 0.5108654988267396 0.5953002458827037 0.0771318171875 0.599941546875 0.07742244336076057 0.6271008197422965
0 0.9623229140625 0.6497877484375001 0.9619987541136652 0.6194947144818806 0.5279420671875 0.6241394718750001 0.5282662271363348 0.6544325058306194
0 0.9428648281249998 0.29265604999999995 0.9425406682505043 0.26236301605123996 0.48638478748328196 0.26724425156267895 0.48670894735777753 0.29753728551143893
0 0.528828790625 0.8019349234375 0.528515808564339 0.7726864791036365 0.10745798749999999 0.7771921390625001 0.10777096956066097 0.8064405833963635
0 0.47627174375000003 0.20678454375000008 0.4759475838814802 0.17649151136256994 0.0124253046875 0.1814515734374999 0.012749464556019796 0.21174460582493007
0 0.4811275140625 0.26602596875000006 0.4807921762749444 0.23468834984282205 0.0171622296875 0.23964956406249996 0.017497567475055566 0.27098718296967794
0 0.9596726874999998 0.5174099499999999 0.9593597054617243 0.4881615056682018 0.5125194921871421 0.4929430577790638 0.5128324742254176 0.5221915021108618
0 0.963843903125 0.5706411890625 0.9635197430237754 0.5403481550761182 0.5165718593750002 0.5451308609375001 0.5168960194762247 0.575423894923882
0 0.538956259375 0.8786125109374998 0.5386097435153056 0.8462303039523702 0.11722891718749999 0.8507394203124999 0.11757543304719449 0.8831216272976296
0 0.5140967515624999 0.6485039359375 0.5138061253832367 0.6213446646304283 0.08191404374999998 0.625966259375 0.08220466992926334 0.6531255306820718
0 0.9641649687499998 0.597515975 0.9638408088133911 0.5672229410288072 0.5205761250000001 0.57196623125 0.5209002849366088 0.6022592652211928
0 0.49878732031250006 0.5184304140625001 0.4984743383869216 0.4891819697411005 0.059000523420603 0.4938846937334607 0.05931350534618144 0.5231331380548603
0 0.4944471609375 0.43593665156250017 0.4941341788741885 0.40668820722839183 0.04913556560810299 0.4114500531084607 0.049448547671414544 0.44069849744256906
0 0.9656069187499998 0.7278005703124999 0.9652715808705391 0.6964629514135435 0.532948828125 0.7010891546875 0.5332841660044608 0.7324267735864565
0 0.9691047953124998 0.8798265015625001 0.9687582795320268 0.8474442945679785 0.5418526562332818 0.8520125296876788 0.5421991720137551 0.8843947366822004
0 0.5282371375 0.8251671796875002 0.5279465112378633 0.7980079084061849 0.110787228125 0.8024718515625 0.11107785438713673 0.8296311228438153
0 0.96447056875 0.7012144921875001 0.9641464087758278 0.6709214582295427 0.5319313218749999 0.6755465093749998 0.5322554818491722 0.7058395433329572
0 0.5303868546875 0.848411890625 0.5300962285098847 0.8212526177740035 0.11293694531250001 0.8257165593750001 0.11322757149011527 0.8528758322259966
0 0.9507769343750002 0.32213658906250014 0.9504639524275884 0.2928881447724891 0.49625734217096074 0.2977485218918968 0.4965703241183726 0.3269969661819079
0 0.9602168390625 0.675685584375 0.9598926789254415 0.6453925503853117 0.531360790625 0.649978190625 0.5316849507620584 0.6802712246146883
0 0.4873588359375002 0.3526908578125002 0.4870346759109115 0.32239782384970656 0.034561993750000006 0.3272396484375001 0.03488615377658865 0.3575326824002937
0 0.476316178125 0.23624898125000007 0.4760031960685106 0.20700053691652137 0.014430184374999998 0.2119397421875 0.014743166431489407 0.2411881865209787
0 0.500321509375 0.4912349015625 0.5000085273937137 0.4619864572359603 0.05685150937500001 0.4667285953125 0.05716449135628633 0.49597703963903966
0 0.9655648499999998 0.8529234796875 0.9652518680501174 0.8236750353805595 0.5441940452959608 0.828180693766897 0.5445070272458434 0.8574291380738375
0 0.5156389281250001 0.673861275 0.5153483019009523 0.6467020037054976 0.08713942031250001 0.6512841859375 0.08743004653654786 0.6784434572320025
0 0.951343078125 0.35161633906249995 0.9510300960856215 0.32236789473060007 0.5041898812500001 0.327149446875 0.5045028632893784 0.3563978912068999
0 0.9626783062499997 0.8275805265624999 0.9623653243011094 0.7983320822389494 0.541307501562321 0.8028377406082818 0.5416204835112115 0.8320861849318323
0 0.5069078671875 0.5971729234375001 0.5065948851083022 0.5679244791019259 0.07080426875 0.5725877921874998 0.07111725082919793 0.6018362365230739
0 0.5248492890625001 0.7508077625000003 0.5245474848693299 0.7226039046811282 0.09991413281232112 0.7271478265457818 0.10021593700549139 0.7553516843646537
0 0.9657731421874999 0.8053452984374999 0.9654266265201745 0.7729630930141972 0.5403625999998212 0.7775116202957818 0.5407091156671466 0.8098938257190845
0 0.4862643390625 0.3233964500000001 0.4859513570390705 0.2941480056862735 0.02990314375 0.299028090625 0.030216125773429452 0.32827653493872666
0 0.9608090390625001 0.5439960296875002 0.9604848790860677 0.5137029972901128 0.5135369953125001 0.5184857015625 0.5138611552889325 0.5487787339598873
0 0.49717255156249995 0.46358804375000007 0.49685956958010147 0.43433959942335765 0.053702553125 0.4390817374999999 0.0540155351073985 0.4683301818266424
0 0.9567218124999999 0.4351019046875 0.9564088304045795 0.4058534603504292 0.5058854171875 0.41067442656250003 0.5061983992829204 0.43992287089957083
0 0.5195676374999999 0.700939825 0.5192546554896903 0.6716913806707823 0.0945136343582819 0.6762364531251788 0.09482661636859155 0.7054848974543965
0 0.47328025 0.17657019843750005 0.47293373423493124 0.14418799300517843 0.006630124996553121 0.149177818427886 0.006976640761621832 0.18156002386020761