0 0.7460626286455998 0.4021950041671934 0.21168190468749998 0.33844016562500007 0.20773811822940016 0.37149622083280687 0.7421188421875 0.4352510593750001
0 0.7439762881043867 0.4355397166796825 0.20959556250000003 0.3717848765625 0.20565177579624225 0.4048409331145896 0.7400325014006289 0.46859577323177215
0 0.7320808358573563 0.4959560883876805 0.20874425781250006 0.4335188828125 0.20467722802134447 0.4676079397153911 0.7280138060662007 0.5300451452905717
0 0.7738249478996689 0.23427863356152293 0.2153894078125 0.16765391093749998 0.21119913491283104 0.20277596800097716 0.7696346749999999 0.2694006906250001
0 0.7792187540570162 0.19979887234724059 0.21706156718749997 0.1327301328125 0.21274805044668438 0.16888519481833109 0.7749052373162005 0.23595393435307166
0 0.7182778475131754 0.5872868745785914 0.20238456718750006 0.5257376984375 0.19856402417802532 0.5577607503994804 0.7144573045037006 0.6193099265405718
0 0.7584936740933886 0.3366920119943907 0.21673005156250005 0.27205634999999995 0.21278626496911146 0.30511240675560936 0.7545498875 0.3697480687500001
0 0.70199164373433 0.7008680161481547 0.2008037593750001 0.6410732828125 0.1967367295632276 0.675162339712318 0.6979246139225574 0.7349570730479728
0 0.680826830098648 0.895298963344279 0.19074349062500012 0.83682906875 0.18679970411448113 0.8698851239499932 0.676883043588129 0.9283550185442723
0 0.6900826313360999 0.8133034368444921 0.19627764375000015 0.7543895281250002 0.19221061397640052 0.7884785850305082 0.6860156015625003 0.8473924937500001
0 0.7080396906304092 0.6444603071504331 0.2013146328125001 0.5840049546875 0.1972476029138631 0.6180940117614382 0.7039726607317722 0.6785493642243713
0 0.7687827843499735 0.2684986087083963 0.21222316874999997 0.20209769375 0.2081561389037271 0.23618675064467531 0.7647157545037004 0.3025876656030716
0 0.6781813799648051 0.9213519940596833 0.18982296875000007 0.8630878937500001 0.1853862090976949 0.9002759543778168 0.6737446203124999 0.9585400546875
0 0.7043561319761006 0.6741360792737288 0.20138292187500006 0.6141283468750001 0.19756237896139953 0.6461513988512714 0.7005355890625 0.7061591312500001
0 0.7919264855983978 0.12662196900306288 0.22229580000000007 0.05866159843750002 0.2176125534641023 0.09791566537193724 0.7872432390625002 0.1658760359375001
0 0.6870893036257862 0.8415319071021716 0.1951602390625001 0.7828418078125 0.19121645262421402 0.8158978632103284 0.6831455171875002 0.8745879625
0 0.6988581132918591 0.7306094105335308 0.19773062500000008 0.6708218828125 0.19391008202064103 0.7028449347789694 0.6950375703125 0.7626324625000002
0 0.692114817800703 0.7850022024259599 0.19649430468750007 0.7258716921875001 0.19255051813679716 0.7589277491365404 0.6881710312500001 0.8180582593750001
0 0.7265691016237966 0.5264782165282947 0.2069239703125001 0.4644814234375 0.20285694056370357 0.4985704803467053 0.722502071875 0.5605672734375001
0 0.7514310531625229 0.3691203305872512 0.21332868281250006 0.304921478125 0.20926165308747707 0.3390105350377489 0.7473640234375 0.4032093875000001
0 0.6981422037111313 0.7587868997579019 0.1970147140625001 0.698999371875 0.1931941712888689 0.7310224221170983 0.6943216609375 0.7908099500000001
0 0.6842291827787775 0.8681250866395631 0.1922699187500001 0.8094313859375 0.1882028890962227 0.8435204430479372 0.6801621531250002 0.9022141437500004
0 0.7653665884663104 0.3023677646157559 0.21615967031250002 0.23684407343750005 0.21196939747118954 0.27196613069674425 0.761176315625 0.3374898218750001
0 0.7385360115031193 0.4652657324859721 0.20784673437499998 0.40195130468749996 0.20390294766615286 0.43500736142589913 0.7345922247942722 0.49832178922437126
0 0.785923476135788 0.16261737037090448 0.21998424062500002 0.09509741093749999 0.21530099401484087 0.13435147786086776 0.7812402295256289 0.20187143729427226
0 0.7210788974560527 0.5564203901137044 0.2051554171875 0.49486761093749987 0.20121163066894737 0.5279236661362956 0.7171351109375 0.5894764453125001
0 0.7128414177491813 0.6161877571112488 0.20060938593750005 0.555075390625 0.19666559943831877 0.5881314460137511 0.70889763125 0.6492438125