0 0.5928848868998216 0.43869375466327265 0.42133655000000003 0.43151581875000006 0.4199253506001786 0.4652426328367275 0.5914736875000001 0.47242056875000005
0 0.7812536218390898 0.6726185078094629 0.6101930500000001 0.665460978125 0.6087818500359108 0.6991877921905374 0.7798424218750003 0.7063453218750002
0 0.7696633480523601 0.3823852918039157 0.593628790625 0.3750196437500001 0.5921814066351399 0.4096112503835845 0.7682159640625 0.4169768984375001
0 0.7762244156441134 0.5455305512484717 0.604091975 0.5383281734375001 0.6026445905433537 0.5729197799335337 0.774777031187467 0.5801221577445054
0 0.7918027676271424 0.9416807300496458 0.6247467312500001 0.9346907609375001 0.6231907933103578 0.9718767371378545 0.7902468296875 0.9788667062500002
0 0.7824300398251209 0.7034395471248548 0.614392396875 0.6964085062499998 0.6130173820498793 0.7292705325626452 0.7810550250000002 0.7363015734375
0 0.3958607141160848 0.08913363490540911 0.2088123890625 0.08130714687500003 0.20707552806868437 0.12281707297235496 0.39412385312226916 0.13064356100276403
0 0.5856954786012981 0.3038628273154361 0.41093153906250013 0.2965503421875 0.4094117853959379 0.33287152893183314 0.5841757249347359 0.3401840140597693
0 0.6118501069697174 0.7523547826852369 0.4476182453125002 0.7454829843749999 0.44620704615528284 0.7792097985647631 0.6104389078125001 0.7860815968750001
0 0.5908277667047568 0.4062730499281685 0.4183039015625001 0.39905429531250003 0.41689270204251266 0.4327811095120956 0.5894165671847693 0.4399998641277641
0 0.4566800308189671 0.864556214303458 0.2935200375000001 0.8577292625000001 0.2921450223060331 0.8905912888215421 0.45530501562500014 0.897418240625
0 0.6190592268372939 0.8729153866854901 0.45901850000000016 0.866218953125 0.4577158544127065 0.8973513976895102 0.6177565812500002 0.9040478312500003
0 0.6014890232861138 0.5995293406625515 0.4348183359375001 0.5925554937500002 0.43340713608615555 0.6262823094027128 0.6000778234347692 0.6332561563152641
0 0.4328588838922567 0.5660269733656685 0.26033501875000004 0.5588082187500001 0.25892381923274344 0.5925350328843315 0.43144768437500003 0.5997537875
0 0.5842427566886599 0.2702698319898241 0.4075277562500001 0.26287571093750006 0.4060080026210763 0.29919689925744525 0.582723003059736 0.3065910203097693
0 0.40282657406699574 0.23320456602369263 0.225527471875 0.22578600468749999 0.22397153374550421 0.26297197928880744 0.40127063593749995 0.2703905406250001
0 0.7714866841658264 0.4151614477615448 0.5958435515625001 0.40781217812500004 0.5943599830216737 0.4432685756759554 0.770003115625 0.4506178453125001
0 0.5939845187698615 0.4716052665541242 0.42419456875000006 0.4645009046875 0.4227109999801386 0.4999573006333759 0.59250095 0.5070616625000002
0 0.7773142048682953 0.5769786368914016 0.6060609578125 0.569813046875 0.6045773888817048 0.6052694427960985 0.7758306359374999 0.6124350328125001
0 0.5753250173309309 0.08925772236087466 0.38973998750000005 0.08149246093750004 0.388003126356536 0.12300238694613072 0.5735881561874668 0.13076764836950533
0 0.6134665587380453 0.7834277912194013 0.44991513750000023 0.7765844609375 0.4485763068189602 0.8085816979056318 0.6121277280570053 0.8154250281875332
0 0.780257918234826 0.6414397936731755 0.6106606421875 0.6343434937500001 0.6092494427026743 0.6680703078893246 0.7788467187500003 0.6751666078125002
0 0.7882447613064245 0.8544419507290877 0.6203095312500001 0.8474151937500001 0.6187897777533449 0.8837363805861767 0.7867250078097693 0.8907631375652642
0 0.7674161908996086 0.3129633693988825 0.5892378953125001 0.30550802187500004 0.5877181419128916 0.3418292087261177 0.7658964375000001 0.3492845562500001
0 0.5783114033674085 0.1651337006439249 0.3976942828125 0.15757630781250007 0.39617452944509157 0.19389749466857523 0.57679165 0.20145488750000004
0 0.4128367132026976 0.33664915384710814 0.2361217140625 0.32925503125000005 0.23460196016953852 0.36557621802516116 0.41131695930973605 0.37297034062226925
0 0.39843014165654256 0.16409190450916644 0.21654847968749996 0.15648160000000003 0.21492017240595734 0.1953971564283336 0.39680183437499994 0.20300746093750005
0 0.4257974362524267 0.4689590947318697 0.25015430468750005 0.4616098218750001 0.24867073555730945 0.4970662177653997 0.4243138671222361 0.5044154906222693
0 0.43951691341929006 0.657954301763474 0.2705037390625001 0.6508824421875001 0.2691287240807102 0.6837444701115263 0.4381418984375002 0.6908163296875001
0 0.580165865099454 0.19770948231553698 0.400138925 0.19017678437500005 0.398474433338046 0.22995713174696314 0.5785013734375 0.2374898296875001
0 0.45756013138203855 0.8932372135381568 0.2971279765625001 0.8865244015625002 0.2958615154929617 0.9167920567743438 0.4562936703125001 0.9235048687500005
0 0.6260269380422245 0.929287302864014 0.4617048156250002 0.9224117281250003 0.46007650883277584 0.9613272861984864 0.6243986312500003 0.9682028609375001
0 0.7800680839426408 0.6097958077484257 0.607056453125 0.6025566437500001 0.6056452535573593 0.6362834578765745 0.778656884375 0.6435226218750001
0 0.39994748160368243 0.20031839479620364 0.22186552499999998 0.1928670765625 0.22038195582832287 0.22832347401632966 0.3984639124320053 0.23577479225003328
0 0.5947151617602061 0.5047369733917775 0.42706894531249995 0.4977223109375001 0.4256577460522939 0.5314491250457227 0.5933039625000001 0.5384637875000001
0 0.5781483342615626 0.12613556643452253 0.3941229359374999 0.11843556406250003 0.3924222594884373 0.15908070231547758 0.5764476578125 0.1667807046875001
0 0.6211490644111513 0.9017786838986408 0.46022914375000007 0.8950454609375 0.4589626824013157 0.9253131144708643 0.6198826030624669 0.932046337432005
0 0.6096797528057007 0.7217596690811622 0.4450564640625002 0.7148714890625001 0.44368144862354086 0.7477335169161405 0.6083047373667414 0.7546216969348025
0 0.6026256541025714 0.6307479096652658 0.4375146 0.623839321875 0.43613958489466464 0.6567013481445033 0.6012506389972361 0.6636099359347691
0 0.44400305200529866 0.7171906898290387 0.2776213796875001 0.7102289374999999 0.2763187339322015 0.7413613836084612 0.44270040625000007 0.7483231359375
0 0.4232986665312265 0.437885204647319 0.24736044375000005 0.4305235875 0.24594924440627364 0.46425040316518107 0.42188746718750003 0.47161202031250005
0 0.6058726772893357 0.6618212252443454 0.4407616234375 0.6549126390625001 0.4393866086481646 0.6877746653806548 0.6044976625000003 0.6946832515625001
0 0.616968143420196 0.8436188861867258 0.4562469750000001 0.8368939796875001 0.45487195970480415 0.8697560075632744 0.6155931281250001 0.8764809140625001
0 0.7749095125373364 0.5130071447474991 0.6021929703125002 0.5057803281250002 0.6007094015251637 0.5412367240025011 0.7734259437500001 0.548463540625
0 0.44663153985263004 0.7463398810678933 0.2819119156250001 0.7394476734375 0.2805007163973701 0.7731744876821067 0.44522034062500004 0.7800666953125
0 0.7891652940335628 0.9137647804295229 0.6242469171875002 0.9068642562500001 0.6229442715914377 0.9379967023829774 0.7878626484375004 0.9448972265625002
0 0.6084022910677985 0.6920342585790387 0.4420206187500001 0.6850725062499998 0.4407179729947016 0.7162049523584614 0.6070996453125 0.7231667046875001
0 0.45170635581896706 0.805666739303458 0.2885463625000001 0.7988397875000001 0.28717134724076915 0.8317018153813114 0.4503313405597361 0.8385287671847694
0 0.788498552457418 0.8836296940202233 0.6219242031250001 0.8766598796875 0.6205491881675822 0.9095219059797769 0.7871235375000001 0.9164917203125003
0 0.4149259643193302 0.3701689818304609 0.23967426093750005 0.3628360890625 0.23815450755566983 0.3991572759820391 0.41340621093749996 0.40649016875
0 0.7837944439016664 0.7327354431442341 0.6149800218750001 0.7256718984375 0.6134964529080698 0.7611282943530353 0.7823108749347361 0.7681918390597693
0 0.7691120689825016 0.348163308520584 0.5914215390625002 0.34072837031250003 0.5899017857022677 0.37704955716968 0.7675923156222693 0.384484495377764
0 0.5972754073127388 0.5367136971053765 0.4292377640625002 0.5296826546875001 0.42786274893726156 0.5625446810196235 0.5959003921875001 0.5695757234375001
0 0.453794559621113 0.8363602944935744 0.2913150078125001 0.8295618156250001 0.2900123622538872 0.8606942601939258 0.4524919140625001 0.8674927390625001
0 0.7663145377034888 0.2786864772004328 0.5861851843750001 0.2711494937500001 0.5846654310465114 0.30747068061206734 0.764794784375 0.3150076640625001
0 0.5993700538294205 0.5682377860397084 0.4323079421875001 0.5612475640625001 0.43093292742057965 0.5941095920852918 0.5979950390625001 0.6010998140625001
0 0.3982379663819663 0.12665952321689275 0.212941946875 0.11890635625000001 0.2113136398680337 0.15782191272060728 0.396609659375 0.16557507968750002
0 0.43565089482975666 0.5962828655531686 0.26312702968750007 0.5890641109375001 0.2617158301675127 0.6227909251370956 0.4342396953097693 0.630009679752764
0 0.40897970662474625 0.3031551553517996 0.23275247187500003 0.29578144375000004 0.23123271837525378 0.33210263058570055 0.40745995312499994 0.3394763421875001
0 0.7834185605530652 0.764557431490815 0.6148931515625 0.7575059796875 0.6135181363219349 0.7903680075716851 0.7820435453125001 0.7974194593750001
0 0.7867273108891547 0.8233751634186233 0.6174251250000002 0.8162912109375002 0.6159415562983457 0.8517476068938772 0.7852437421875001 0.8588315593750002
0 0.4679168599163008 0.9209771616347595 0.2980305703125001 0.9138687671874999 0.2965108165809353 0.9501899539875097 0.466397106184736 0.9572983484347694
0 0.4280230951932381 0.5015206090469847 0.253939596875 0.49423659531249997 0.252492212619262 0.5288281987655153 0.42657571093750013 0.5361122125000001
0 0.44174970870622216 0.6869892174648564 0.2746875953125001 0.6799989937500001 0.2733125802910142 0.7128610200324129 0.44037469368473614 0.7198512437472692
0 0.4305311779686143 0.5332615934089519 0.25742321093750004 0.5260183984375 0.25597582665362184 0.5606100050258175 0.42908379368473615 0.5678531999972694
0 0.5825047067024148 0.2349004109894667 0.40315820625 0.22739618437500003 0.4015660839225853 0.2654469499480334 0.5809125843750002 0.27295117656250006
0 0.7660194661699129 0.24257904850370773 0.5832586109375001 0.23493195781250006 0.5816664885175873 0.2729827233712925 0.7644273437500001 0.28062981406250015
0 0.4475063805089591 0.7758509252515962 0.28483415156250014 0.769044384375 0.28345913667854117 0.8019064122484038 0.44613136562500005 0.8087129531249999
0 0.5871547657128375 0.33835427717530997 0.41385412187500004 0.33110302187500007 0.41233436866216244 0.3674242103246902 0.5856350124999999 0.3746754656250001
0 0.5884157669124445 0.37217280556390164 0.41618699218750005 0.3649664 0.4147034237125557 0.4004227975610985 0.5869321984375001 0.40762920312500006
0 0.43701527318289957 0.6270438527688308 0.26732165937500013 0.619943521875 0.26587427525460067 0.6545351269186696 0.43556788906250005 0.6616354578125002
0 0.4062008817454834 0.2682411782492819 0.22929320625000002 0.260838996875 0.2277010838795166 0.2988897623757182 0.404608759375 0.30629194375000013
0 0.6159346975516382 0.8127379876636154 0.451799175 0.8058702203125 0.45042416026086196 0.8387322482738847 0.6145596828125001 0.8456000156250001
0 0.7849618305761682 0.794727115589433 0.6168278500000001 0.7876920437500001 0.6154166506683701 0.8214188579785949 0.7835506312445383 0.8284539298180279
0 0.7717317152529118 0.44847243438588935 0.5982323187499999 0.4412128609375 0.5968211191193574 0.47493967505437473 0.7703205156222693 0.482199248502764
0 0.4202850402797823 0.40326079624378386 0.24317861250000003 0.39585030000000004 0.24169504409521786 0.43130669750621636 0.41880147187500016 0.4387171937500002
0 0.7740789637923994 0.4811048749609069 0.5996040375 0.4738044828125 0.5981928377701006 0.5075312969140932 0.7726677640624999 0.5148316890625001