0 0.693663180003552 0.19485179062482483 0.6936412046874995 0.15521528593663375 0.187406559375 0.15549595312499997 0.18742853469105256 0.19513245781319105
0 0.6936450890624999 0.25587117499999995 0.6936248486443823 0.21936386562401902 0.19109888145688234 0.21964247656151903 0.191119121875 0.2561497859375
0 0.6900086906250001 0.34611093281250016 0.6899907634178974 0.3137758906244911 0.20044517435539727 0.314047304686991 0.20046310156249997 0.346382346875
0 0.6827778437500001 0.7025890765625 0.6827628078887438 0.6754693609383241 0.23030400476374369 0.6757202156258241 0.23031904062500003 0.70283993125
0 0.6860874937499999 0.8056463562499999 0.6860718797875573 0.7774835765615783 0.2373217562491332 0.7777323718741341 0.2373373702115758 0.8058951515625559
0 0.69417575 0.316652434375 0.6941555095945737 0.2801451265615119 0.19904690156249955 0.2804196249991337 0.19906714196792574 0.31692693281262174
0 0.6819278344417226 0.7548012703124629 0.6819116421875 0.7255954250000001 0.23501585624913418 0.7258431921883668 0.23503204850335685 0.7550490375008297
0 0.6854595816292925 0.46242785468728975 0.6854428109366337 0.4321789421875006 0.2107319355573413 0.43244213281271077 0.21074870625000003 0.46269104531249994
0 0.6836209969774095 0.4908461703124433 0.6836048046874998 0.46164032656250004 0.21260260771009043 0.46190145937505667 0.21261880000000005 0.491107303125
0 0.6809221984375 0.5998939781250001 0.6809060060647744 0.5706881343742365 0.22102984512727425 0.5709430999992364 0.2210460375 0.60014894375
0 0.6831876904699234 0.5722139187492198 0.6831726546875 0.5450942046875001 0.21773347515507657 0.5453522546882803 0.2177485109375 0.5724719687500001
0 0.6890727931699974 0.3771948249994554 0.6890537093749995 0.34277365156163386 0.20321679843750004 0.34304300937500004 0.20323588223249786 0.3774641828128216
0 0.6844946943769284 0.43453262656215247 0.6844767671866332 0.4021975843741342 0.20605721250000003 0.4024628296875 0.20607513969029534 0.43479787187551827
0 0.6955003312499999 0.16385084375000006 0.6954771993329687 0.1221282093745035 0.18553387745796884 0.12241093281200344 0.18555700937499997 0.1641335671875
0 0.6826982329096689 0.5456201734374462 0.682682040625 0.5164143296874999 0.21538852646533102 0.5166734062500538 0.21540471874999995 0.54587925
0 0.6841707281249999 0.7800130234375 0.6841551140644432 0.7518502437491326 0.23540499062500003 0.752099040625 0.23542060468555676 0.7802618203133674
0 0.6945626524644931 0.2853685781245 0.69454356875 0.25094740312499997 0.19201760156163422 0.2512260125008667 0.19203668527612733 0.28564718750036666
0 0.6836541717133379 0.6510193984367234 0.6836391359366332 0.6238996828116343 0.22376297499999995 0.6241546484374999 0.22377801077670462 0.6512743640625891
0 0.6847350012843701 0.8545919453117881 0.684719965625 0.8274722312500001 0.24153285809062974 0.827717942188212 0.24154789374999996 0.85483765625
0 0.6860750796875 0.8300791453125003 0.6860594656295038 0.8019163656241315 0.2391636796874995 0.8021641343741337 0.23917929374549574 0.8303269140625025
0 0.6822892766409344 0.6775974812499567 0.682273084375 0.6483916359375 0.22795994367156566 0.6486435156250434 0.22797613593750002 0.6778493609375
0 0.6822380781249999 0.6253857890625001 0.682223042441356 0.5982660749998592 0.22234688150385606 0.5985210390623592 0.22236191718750004 0.6256407531250001
0 0.685652134375 0.8833133062500002 0.6856347854276078 0.8520213296869164 0.24244767812500007 0.8522670421874998 0.24246502707239231 0.8835590187505836
0 0.6817818688471148 0.518284001562446 0.6817656765624995 0.48907815781163366 0.21447215937500003 0.48933723437499993 0.2144883516596153 0.5185430781258124
0 0.6941549656250001 0.2256511765625 0.6941341469080715 0.18810080468748164 0.18975384218750002 0.18838044374999996 0.18977466090442863 0.22593081562501832
0 0.6837673843750001 0.7281227906250001 0.6837523487038105 0.7010030749989861 0.23314788307881038 0.7012528984364861 0.23316291875 0.7283726140625001
0 0.6890885365757575 0.40559124999964624 0.6890706093750001 0.3732562093750001 0.20323369936174257 0.37352556718785385 0.2032516265625 0.4058606078125