0 0.7898370375 0.05624583281250005 0.21576296250000002 0.05624583281250002 0.21576296250000002 0.09895416718750005 0.7898370375 0.09895416718750008
0 0.7884111109374999 0.09404583281250005 0.21618888906249997 0.09404583281250002 0.21618888906249997 0.13675416718750005 0.7884111109374999 0.13675416718750008
0 0.7847333328125 0.13175000000000006 0.2180666671875 0.13175000000000003 0.2180666671875 0.16925000000000007 0.7847333328125 0.16925000000000007
0 0.7842814812500001 0.16637083281250006 0.22131851875000003 0.16637083281250004 0.22131851875000003 0.20282916718750005 0.7842814812500001 0.20282916718750008
0 0.7833333328125 0.20231250000000003 0.2166666671875 0.20231249999999998 0.2166666671875 0.23668750000000002 0.7833333328125 0.23668750000000008
0 0.7787259265625 0.23719166718750007 0.22687407343750002 0.2371916671875 0.22687407343750002 0.2726083328125001 0.7787259265625 0.2726083328125001
0 0.7800740734375 0.2726541671875001 0.2319259265625 0.2726541671875 0.2319259265625 0.30494583281250004 0.7800740734375 0.3049458328125001
0 0.7717962968750001 0.3036500000000001 0.229203703125 0.30365000000000003 0.229203703125 0.34115000000000006 0.7717962968750001 0.3411500000000001
0 0.7731481484375 0.33851250000000005 0.22685185156249998 0.3385125 0.22685185156250004 0.37288750000000004 0.7731481484375 0.3728875000000001
0 0.7689925921875 0.37313333281250005 0.2338074078125001 0.3731333328125 0.2338074078125001 0.4064666671875001 0.7689925921875 0.4064666671875002
0 0.7647925921875001 0.4034125000000001 0.2296074078125001 0.40341250000000006 0.2296074078125001 0.4377875000000001 0.7647925921875001 0.4377875000000002
0 0.7625148140625 0.4335916671875001 0.23288518593750007 0.43359166718750003 0.23288518593750007 0.46900833281250004 0.7625148140625 0.46900833281250015
0 0.7601888890625 0.46381250000000007 0.23241111093750008 0.46381249999999996 0.23241111093750008 0.49818750000000006 0.7601888890625 0.4981875000000001
0 0.7592888890625 0.49557083281250003 0.2315111109375001 0.4955708328125 0.2315111109375001 0.5320291671875002 0.7592888890625 0.5320291671875002
0 0.7597629625 0.5249708328125001 0.23383703750000007 0.5249708328125 0.23383703750000007 0.5614291671875 0.7597629625 0.5614291671875001
0 0.7551333328125 0.5544708328125001 0.23846666718750006 0.5544708328125 0.23846666718750006 0.5909291671875001 0.7551333328125 0.5909291671875001
0 0.7509296296875 0.5848708328125001 0.2416703703125001 0.5848708328125001 0.2416703703125001 0.6213291671875001 0.7509296296875 0.6213291671875002
0 0.7505037031249999 0.6140125000000001 0.24309629687500006 0.6140125000000001 0.24309629687500006 0.6483875000000001 0.7505037031249999 0.6483875000000002
0 0.749577778125 0.6411500000000001 0.24402222187500006 0.64115 0.24402222187500006 0.6786500000000001 0.749577778125 0.6786500000000002
0 0.7453259265625001 0.6705916671875001 0.2434740734375001 0.6705916671875001 0.2434740734375001 0.7060083328125001 0.7453259265625001 0.7060083328125002
0 0.7490777781250001 0.6976708328125001 0.24352222187500008 0.6976708328125001 0.24352222187500008 0.7341291671875001 0.7490777781250002 0.7341291671875002
0 0.7440000000000002 0.7255125 0.24400000000000008 0.7255125 0.24400000000000008 0.7598875 0.7440000000000002 0.7598875000000002
0 0.7440222218750001 0.7552125000000001 0.2495777781250001 0.7552125000000001 0.2495777781250001 0.7895875000000001 0.7440222218750001 0.7895875000000002
0 0.7440222218750001 0.7809916671875001 0.2495777781250001 0.7809916671875 0.2495777781250001 0.8164083328125 0.7440222218750001 0.8164083328125
0 0.7388444437500001 0.8068083328125001 0.24995555625000007 0.8068083328125001 0.24995555625000007 0.8463916671874999 0.7388444437500001 0.8463916671874999
0 0.7402444437500002 0.83565 0.2513555562500001 0.83565 0.2513555562500001 0.8731500000000001 0.7402444437500002 0.8731500000000001
0 0.7383925921875002 0.8614666671875 0.25320740781250006 0.8614666671875 0.25320740781250006 0.9031333328125 0.7383925921875002 0.9031333328125