0 0.7421736888666611 0.7306096595240799 0.7385916671875 0.6978330578125 0.2311905751958388 0.7532848623509201 0.23477259687499993 0.7860614640625
0 0.7445698527686303 0.8406870247082521 0.7410405078124999 0.80839243125 0.24408853473136957 0.8627022940417479 0.24761787968750001 0.8949968875
0 0.7347716990542875 0.05449346657554453 0.7299254341693734 0.010148651243453499 0.14797284449008588 0.07374788779290897 0.15281910937500004 0.118092703125
0 0.743592738898838 0.8133228467325804 0.7400633937500001 0.7810282515625 0.240507073601162 0.8356227329549195 0.24403641875 0.867917328125
0 0.7291154072683327 0.4321743988601362 0.725270001393756 0.39698775158094135 0.19079865506292332 0.4553979558458051 0.19464406093749997 0.490584603125
0 0.7365635321872921 0.5551206263536954 0.7330868640625001 0.5233080421875 0.2101231834377081 0.5804606189588046 0.21359985156250003 0.6122732031249999
0 0.7310401124193708 0.09153013974928938 0.7263518781249999 0.048631351562500015 0.15491188445562903 0.11108170712571068 0.15960011874999996 0.15398049531250005
0 0.732194319908521 0.3993722333937292 0.7283489140624999 0.36418558593750006 0.1869326504039789 0.42335477129377086 0.19077805625000002 0.45854141875
0 0.7304471958399723 0.19816159394541136 0.7260223451437561 0.15767284845594126 0.16515842430378377 0.21896739044803004 0.169583275 0.25945613593750017
0 0.7293399144224839 0.16311977209995673 0.7249150640625 0.122631028125 0.161446801202516 0.18421018571254327 0.1658716515625 0.22469892968750008
0 0.7289217432084515 0.36696451135967434 0.7250763373128147 0.33177786391219743 0.18279195816686322 0.3910419228650232 0.18663736406249998 0.4262285703125001
0 0.7310236055457299 0.12836059432069127 0.7264934015625 0.0869078328125 0.15775297101677022 0.14906316505430878 0.162283175 0.19051592656250005
0 0.7424845473556977 0.6738590728756133 0.7391132328125001 0.6430105062499999 0.2248941807693024 0.6992074177493868 0.2282654953125 0.7300559843750001
0 0.7345956356341938 0.5250118825113914 0.7310662906250001 0.4927172890625 0.2054665268658062 0.5501579534261086 0.20899587187500007 0.5824525468750001
0 0.7419041015118794 0.7586095577752916 0.7383220796875001 0.7258329546875 0.2352615625506207 0.7808103953497085 0.238843584375 0.8135869984375003
0 0.7376095292710476 0.5848747436876927 0.7341328609375 0.5530621578125 0.2146416410414525 0.6098352438123074 0.218118309375 0.6416478296875001
0 0.7413316061942232 0.871661678906435 0.737380846875 0.8355110140625 0.2479879938057768 0.888994771093565 0.251938753125 0.9251454359375
0 0.7400160933262605 0.6446923748808077 0.7364867484190587 0.6123977826437562 0.22217248009279822 0.6686051015129485 0.22570182499999997 0.70089969375
0 0.7415145133145888 0.7019796137501887 0.738090521875 0.6706490374999999 0.22904841949791113 0.7262801815623113 0.23247241093749998 0.7576107578125001
0 0.7395724650162474 0.6141290732257925 0.7360957968749999 0.5823164890625 0.2192089240462526 0.6388049564617073 0.2226855921875 0.6706175406249999
0 0.729562871803587 0.301216990367278 0.7252960515440587 0.2621742717062562 0.17494472505297173 0.3223199344639783 0.1792115453125 0.36136265312500004
0 0.7361323886983986 0.4937767748816128 0.73260304375 0.4614821812499999 0.2026627066141013 0.5193972079308871 0.20619205156249998 0.5516918015625001
0 0.7318021511631791 0.23184533432446752 0.727535331081256 0.19280261720594136 0.1693709721055769 0.25380213444397376 0.1736377921875 0.29284485156249995
0 0.7280428794666027 0.46309420905935444 0.7245135341878148 0.4307996139121976 0.19544131253371208 0.48861977047784333 0.19897065781250003 0.5209143656250002
0 0.7305206483066613 0.33331343845534744 0.7265698890625 0.297162775 0.17727711575583868 0.35719275216965257 0.18122787499999998 0.393343415625
0 0.7337775467039256 0.26679228412353295 0.7295107265440587 0.22774956701875615 0.1722144829651331 0.2886542125827233 0.17648130312500002 0.3276969296875
0 0.743254257521217 0.7867879231342707 0.7397249124631173 0.7544933293500122 0.23756425025440037 0.8093724296532416 0.24109359531250002 0.8416670234375001