0 0.760140740625 0.14032916718750005 0.228659259375 0.14032916718750005 0.228659259375 0.17887083281250007 0.760140740625 0.1788708328125001
0 0.7490888890625002 0.7161166671875001 0.2713111109375001 0.7161166671875 0.2713111109375001 0.7452833328125001 0.7490888890625003 0.7452833328125001
0 0.7532296296875 0.3695125 0.2439703703125001 0.3695125 0.2439703703125001 0.40388750000000007 0.7532296296875 0.4038875000000002
0 0.7430555562500002 0.8218583328125 0.2819444437500001 0.8218583328125 0.2819444437500001 0.8489416671875001 0.7430555562500002 0.8489416671875001
0 0.7407777781250002 0.8468541671875001 0.2852222218750001 0.8468541671875001 0.2852222218750001 0.8791458328124999 0.7407777781250002 0.8791458328124999
0 0.764796296875 0.06976666718750005 0.222203703125 0.06976666718750002 0.222203703125 0.11143333281250008 0.764796296875 0.11143333281250009
0 0.745796296875 0.4604541671875001 0.25320370312500007 0.46045416718750004 0.25320370312500007 0.49274583281250006 0.745796296875 0.4927458328125002
0 0.7564370375 0.20625000000000004 0.23236296250000002 0.20625 0.23236296250000002 0.24375000000000005 0.7564370375 0.24375000000000008
0 0.7481888890625 0.6338958328125001 0.2704111109375001 0.6338958328125 0.2704111109375001 0.6641041671875001 0.7481888890625 0.6641041671875001
0 0.7481888890625 0.6619958328125001 0.2704111109375001 0.6619958328125 0.2704111109375001 0.6922041671875001 0.7481888890625 0.6922041671875002
0 0.750440740625 0.6052166671875001 0.2689592593750001 0.6052166671875 0.2689592593750001 0.6343833328125001 0.750440740625 0.6343833328125001
0 0.7494888890625 0.6896166671875001 0.2717111109375001 0.6896166671875 0.2717111109375001 0.7187833328125002 0.7494888890625 0.7187833328125002
0 0.7486259265624999 0.40001250000000005 0.24677407343750007 0.4000125 0.24677407343750007 0.43438750000000004 0.7486259265624999 0.43438750000000015
0 0.7430814812500002 0.7958166671875001 0.28011851875000005 0.7958166671875 0.28011851875000005 0.8249833328125 0.7430814812500002 0.8249833328125
0 0.74954444375 0.5190541671875001 0.2606555562500001 0.5190541671875 0.2606555562500001 0.5513458328125 0.74954444375 0.5513458328125002
0 0.7597666671875001 0.10620833281250006 0.22643333281250003 0.10620833281250004 0.22643333281250003 0.14579166718750008 0.7597666671875001 0.14579166718750008
0 0.7481370375000002 0.7427166671875001 0.27406296250000006 0.7427166671875 0.27406296250000006 0.7718833328125001 0.7481370375000002 0.7718833328125002
0 0.7467111109375002 0.7695166671875 0.2744888890625001 0.7695166671875 0.2744888890625001 0.7986833328125 0.7467111109375002 0.7986833328125001
0 0.7508962968749999 0.49037500000000006 0.25830370312500006 0.49037499999999995 0.25830370312500006 0.521625 0.7508962968749999 0.5216250000000001
0 0.7545851859375 0.23985000000000004 0.2342148140625 0.23984999999999998 0.2342148140625 0.27735000000000004 0.7545851859375 0.2773500000000001
0 0.75188148125 0.30387083281250005 0.23891851874999998 0.3038708328125 0.23891851874999998 0.34032916718750006 0.75188148125 0.34032916718750006
0 0.7564370375 0.17395000000000008 0.23236296250000002 0.17395000000000005 0.23236296250000002 0.21145000000000005 0.7564370375 0.21145000000000008
0 0.75278148125 0.33831250000000007 0.23981851875000001 0.3383125 0.23981851875000007 0.37268750000000006 0.75278148125 0.3726875000000001
0 0.7494925921875 0.5770958328125001 0.2643074078125001 0.5770958328125 0.2643074078125001 0.6073041671875001 0.7494925921875 0.6073041671875001
0 0.7546333328125 0.27265000000000006 0.23796666718749998 0.27265 0.23796666718749998 0.31015000000000004 0.7546333328125 0.3101500000000001
0 0.7453481484375 0.4302125000000001 0.24905185156250007 0.4302125 0.24905185156250007 0.4645875000000001 0.7453481484375 0.4645875000000002
0 0.7485925921875001 0.5479541671875001 0.26340740781250005 0.5479541671875 0.26340740781250005 0.5802458328125001 0.7485925921875001 0.5802458328125002