0 0.7652296296875002 0.8622291671875001 0.2559703703125001 0.8622291671875001 0.2559703703125001 0.9007708328125 0.7652296296875002 0.9007708328125
0 0.7690111109375 0.6856541671875 0.24678888906250007 0.6856541671875 0.24678888906250007 0.7179458328125001 0.7690111109375 0.7179458328125002
0 0.788377778125 0.20707083281250002 0.232822221875 0.2070708328125 0.232822221875 0.24352916718750003 0.788377778125 0.2435291671875001
0 0.7740925921875 0.44111250000000013 0.2389074078125001 0.4411125 0.2389074078125001 0.4754875000000001 0.7740925921875 0.4754875000000002
0 0.7666370375 0.5651125000000001 0.2425629625000001 0.5651125 0.2425629625000001 0.5994875000000002 0.7666370375 0.5994875000000002
0 0.7661592593750002 0.7448125000000001 0.24764074062500008 0.7448125 0.24764074062500008 0.7791875000000001 0.7661592593750002 0.7791875000000001
0 0.7699148140625 0.5034333328125001 0.2402851859375001 0.5034333328125 0.2402851859375001 0.5367666671875001 0.7699148140625 0.5367666671875002
0 0.7676333328125001 0.7757333328125001 0.25096666718750005 0.7757333328125 0.25096666718750005 0.8090666671875001 0.7676333328125001 0.8090666671875001
0 0.7689370375 0.6247125 0.24486296250000011 0.6247125 0.24486296250000011 0.6590875 0.7689370375 0.6590875000000002
0 0.78978148125 0.13957083281250007 0.22681851874999998 0.13957083281250005 0.22681851874999998 0.17602916718750006 0.78978148125 0.17602916718750009
0 0.7661814812500002 0.8348541671874999 0.2532185187500001 0.8348541671874999 0.2532185187500001 0.8671458328125 0.7661814812500002 0.8671458328125
0 0.7671592593750001 0.7148333328125 0.2486407406250001 0.7148333328125 0.2486407406250001 0.7481666671875 0.7671592593750002 0.7481666671875001
0 0.7810481484375 0.27661250000000004 0.2347518515625 0.27661250000000004 0.2347518515625 0.3109875000000001 0.7810481484375 0.3109875000000001
0 0.7810481484375 0.31011250000000007 0.2347518515625 0.3101125 0.2347518515625 0.34448750000000006 0.7810481484375 0.3444875000000001
0 0.7948851859375 0.031208332812500062 0.2245148140625 0.031208332812500024 0.2245148140625 0.07079166718750005 0.7948851859375 0.07079166718750009
0 0.7685333328125001 0.8054333328125001 0.2518666671875001 0.8054333328125001 0.2518666671875001 0.8387666671874999 0.7685333328125001 0.8387666671874999
0 0.7768444437500001 0.4098541671875001 0.23795555625000012 0.4098541671875 0.23795555625000012 0.44214583281250014 0.7768444437500001 0.4421458328125002
0 0.7666851859375 0.6562541671875001 0.24631481406250008 0.6562541671875 0.24631481406250008 0.6885458328125 0.7666851859375 0.6885458328125001
0 0.7824259265625 0.24301250000000002 0.2305740734375 0.2430125 0.2305740734375 0.2773875 0.7824259265625 0.27738750000000006
0 0.777796296875 0.34535416718750006 0.235203703125 0.3453541671875 0.23520370312500005 0.3776458328125 0.777796296875 0.3776458328125001
0 0.7662111109375 0.5958541671875002 0.24398888906250008 0.5958541671875001 0.24398888906250008 0.6281458328125 0.7662111109375 0.6281458328125001
0 0.770340740625 0.47191250000000007 0.23885925937500008 0.4719125 0.23885925937500008 0.5062875000000001 0.770340740625 0.5062875000000002
0 0.7680888890625 0.5341125000000001 0.2403111109375001 0.5341125 0.2403111109375001 0.5684875 0.7680888890625 0.5684875000000001
0 0.7763703703125 0.3765125 0.2356296296875001 0.37651249999999997 0.2356296296875001 0.4108875000000001 0.7763703703125 0.4108875000000002
0 0.7893296296875 0.10497083281250005 0.2300703703125 0.10497083281250004 0.2300703703125 0.14142916718750007 0.7893296296875 0.1414291671875001
0 0.7930074078125 0.06800833281250006 0.22819259218750002 0.06800833281250003 0.22819259218750002 0.10759166718750006 0.7930074078125 0.10759166718750009
0 0.79078148125 0.17451250000000007 0.22781851875 0.17451250000000004 0.22781851875 0.20888750000000003 0.79078148125 0.20888750000000006