0 0.9023333328125 0.49671640625000013 0.48566666718749996 0.49671640625 0.48566666718749996 0.5230835937500001 0.9023333328125 0.5230835937500002
0 0.49631875000000003 0.52051640625 0.09788125000000006 0.52051640625 0.09788125000000006 0.54688359375 0.49631875000000003 0.54688359375
0 0.9188756937500001 0.2198839843750001 0.49092430625 0.2198839843750001 0.49092430625 0.2477160156250001 0.9188756937500001 0.2477160156250001
0 0.496490971875 0.35021640625000006 0.09110902812500005 0.35021640625 0.09110902812500005 0.37658359375000006 0.496490971875 0.37658359375000006
0 0.9036270828124999 0.4726605468750001 0.49477291718750005 0.472660546875 0.49477291718750005 0.4985394531250001 0.9036270828124999 0.49853945312500014
0 0.4976611109375 0.29922812500000007 0.08793888906250005 0.299228125 0.08793888906250005 0.32657187500000007 0.4976611109375 0.32657187500000007
0 0.9088673609375 0.39926054687500007 0.4913326390625 0.39926054687500007 0.4913326390625 0.42513945312500007 0.9088673609375 0.4251394531250002
0 0.905565278125 0.42421640625000007 0.49063472187499996 0.42421640624999996 0.49063472187499996 0.45058359375000007 0.905565278125 0.4505835937500001
0 0.49327430625 0.6844488281250001 0.1087256937500001 0.6844488281250001 0.1087256937500001 0.7093511718750001 0.49327430625 0.7093511718750001
0 0.8851763890625 0.753160546875 0.4980236109375002 0.753160546875 0.4980236109375002 0.779039453125 0.8851763890625 0.7790394531250001
0 0.4958826390625 0.568248828125 0.10091736093750008 0.568248828125 0.10091736093750008 0.593151171875 0.4958826390625 0.593151171875
0 0.9153395828124999 0.2714839843750001 0.4908604171875 0.2714839843750001 0.4908604171875 0.2993160156250001 0.9153395828124999 0.2993160156250001
0 0.907797221875 0.3749605468750001 0.494602778125 0.3749605468750001 0.494602778125 0.400839453125 0.907797221875 0.40083945312500013
0 0.90543125 0.4485164062500001 0.49136875 0.44851640625 0.49136875 0.4748835937500001 0.90543125 0.47488359375000017
0 0.92120555625 0.1931398437500001 0.49759444375 0.19313984375000004 0.49759444375 0.2214601562500001 0.92120555625 0.2214601562500001
0 0.8982229171875 0.5445164062500001 0.4945770828125 0.54451640625 0.4945770828125 0.5708835937500001 0.8982229171875 0.5708835937500002
0 0.494578471875 0.614848828125 0.10482152812500009 0.614848828125 0.10482152812500009 0.639751171875 0.494578471875 0.639751171875
0 0.89929305625 0.5207164062500002 0.49130694375 0.52071640625 0.49130694375 0.5470835937500002 0.89929305625 0.5470835937500003
0 0.8871763890625 0.7089605468750001 0.5000236109375 0.708960546875 0.5000236109375 0.7348394531250001 0.8871763890625 0.7348394531250002
0 0.49715486093749994 0.47261640624999995 0.09524513906250007 0.47261640624999995 0.09524513906250007 0.49898359374999995 0.49715486093749994 0.49898359374999995
0 0.498459028125 0.37487226562500003 0.09134097187500004 0.374872265625 0.09134097187500004 0.401727734375 0.498459028125 0.401727734375
0 0.49979305625 0.39957226562500003 0.09180694375000005 0.399572265625 0.09180694375000005 0.426427734375 0.49979305625 0.426427734375
0 0.88784444375 0.6857164062500001 0.49895555625 0.68571640625 0.49895555625 0.7120835937500001 0.88784444375 0.7120835937500002
0 0.9221076390625 0.1647515625000001 0.4958923609375 0.16475156250000006 0.4958923609375 0.1940484375000001 0.9221076390625 0.19404843750000014
0 0.4947722218750002 0.751348828125 0.11282777812500008 0.751348828125 0.11282777812500008 0.776251171875 0.4947722218750002 0.776251171875
0 0.4954083328125001 0.7061046875 0.10999166718750009 0.7061046875 0.10999166718750009 0.7314953125 0.4954083328125002 0.7314953125
0 0.50109930625 0.273772265625 0.08530069375000005 0.273772265625 0.08530069375000005 0.300627734375 0.50109930625 0.30062773437500007
0 0.89538680625 0.5684722656250001 0.49521319375 0.568472265625 0.49521319375 0.5953277343750001 0.89538680625 0.5953277343750002
0 0.49648680624999997 0.325060546875 0.09631319375000005 0.32506054687499997 0.09631319375000005 0.350939453125 0.49648680624999997 0.3509394531250001
0 0.4958701390625002 0.7955281249999999 0.11652986093750009 0.7955281249999999 0.11652986093750009 0.822871875 0.4958701390625002 0.822871875
0 0.4937423609375 0.637860546875 0.1074576390625001 0.637860546875 0.1074576390625001 0.663739453125 0.4937423609375 0.663739453125
0 0.4932423609375 0.661048828125 0.10695763906250008 0.661048828125 0.10695763906250008 0.685951171875 0.4932423609375 0.685951171875
0 0.9140395828125 0.2978839843750001 0.4895604171875 0.2978839843750001 0.4895604171875 0.3257160156250001 0.9140395828125 0.3257160156250001
0 0.49743333281249996 0.16848398437500003 0.08076666718750002 0.168483984375 0.08076666718750002 0.19631601562500003 0.49743333281249996 0.19631601562500006
0 0.5080395828125 0.24748398437500002 0.08356041718750003 0.247483984375 0.08356041718750004 0.275316015625 0.5080395828125 0.2753160156250001
0 0.4946125 0.5911605468750001 0.1039875000000001 0.5911605468750001 0.1039875000000001 0.6170394531250001 0.4946125 0.6170394531250001
0 0.8923486109375001 0.592072265625 0.49825138906250005 0.5920722656249999 0.49825138906250005 0.618927734375 0.8923486109375001 0.6189277343750001
0 0.50827569375 0.19528398437500002 0.08032430625000002 0.195283984375 0.08032430625000002 0.22311601562500005 0.50827569375 0.2231160156250001
0 0.49367222187500015 0.728648828125 0.1117277781250001 0.728648828125 0.1117277781250001 0.753551171875 0.49367222187500015 0.753551171875
0 0.51084375 0.22208398437500004 0.08115625000000001 0.222083984375 0.08115625000000001 0.24991601562500004 0.51084375 0.24991601562500007
0 0.8940826390625001 0.6155722656250001 0.49911736093750003 0.615572265625 0.49911736093750003 0.6424277343750001 0.8940826390625001 0.6424277343750002
0 0.9112013890625 0.32352812500000006 0.49279861093750005 0.32352812500000006 0.49279861093750005 0.35087187500000006 0.9112013890625 0.35087187500000006
0 0.5008270828125 0.42391640625000004 0.09197291718750004 0.42391640625000004 0.09197291718750004 0.45028359375000004 0.5008270828125 0.45028359375000004
0 0.4958722218750002 0.7735371093750001 0.11392777812500007 0.7735371093750001 0.11392777812500007 0.7974628906250001 0.4958722218750002 0.7974628906250001
0 0.8839083328124999 0.797107421875 0.4984916671875002 0.797107421875 0.4984916671875002 0.8268925781249999 0.8839083328124999 0.8268925781249999
0 0.4943826390625 0.54479296875 0.09941736093750006 0.54479296875 0.09941736093750006 0.56920703125 0.4943826390625 0.56920703125
0 0.8921486109375 0.639372265625 0.49805138906249996 0.6393722656249999 0.49805138906249996 0.666227734375 0.8921486109375 0.6662277343750002
0 0.49765694375 0.448272265625 0.09314305625000005 0.448272265625 0.09314305625000005 0.475127734375 0.49765694375 0.475127734375
0 0.88694444375 0.73061640625 0.4980555562500002 0.73061640625 0.4980555562500002 0.75698359375 0.88694444375 0.7569835937500001
0 0.889578471875 0.6623722656250001 0.499821528125 0.662372265625 0.499821528125 0.6892277343750001 0.889578471875 0.6892277343750002
0 0.500690971875 0.496660546875 0.09530902812500006 0.496660546875 0.09530902812500006 0.522539453125 0.500690971875 0.522539453125
0 0.91647569375 0.2460839843750001 0.48852430625 0.2460839843750001 0.48852430625 0.2739160156250001 0.91647569375 0.2739160156250001
0 0.8853743062499999 0.7758046875000001 0.5008256937500002 0.7758046875 0.5008256937500002 0.8011953125 0.8853743062499999 0.8011953125
0 0.909065278125 0.3495281250000001 0.49413472187499996 0.3495281250000001 0.49413472187499996 0.3768718750000001 0.909065278125 0.3768718750000001