0 0.8978501031249999 0.6673088734375 0.48684953197161784 0.6651353348070399 0.48668935312500006 0.69542400625 0.8976899242783822 0.69759754488046
0 0.8909945453125001 0.7395668546875 0.4851946012432421 0.7374208215873238 0.48503183906249997 0.7681980187499999 0.890831783131758 0.7703440518501762
0 0.894701675 0.7161181421875 0.48543705522291825 0.7139537863794503 0.4852768765624564 0.7442424562582629 0.8945414963395381 0.7464068120663127
0 0.4866970609375 0.25205938125 0.06008015768313799 0.2498032589755274 0.05992256250000004 0.279603403125 0.4865394657543621 0.28185952539947257
0 0.48248194375000014 0.33205613281250007 0.06630965645846479 0.32985524468132665 0.06616239531245635 0.357701279695763 0.48233468260399165 0.3599021678269364
0 0.4718422453125001 0.7996184203125 0.07467868682003492 0.7975180594292333 0.0745004234374564 0.831226418758263 0.4716639819299216 0.8333267796415296
0 0.9003935343749999 0.6185405671875001 0.4928720920679542 0.6163854292796715 0.49271449687500013 0.6461855734374999 0.9002359391820459 0.6483407113453284
0 0.47457628125000006 0.5622248156250002 0.07838188615013551 0.5601295805004111 0.0782397921791935 0.5869985625082192 0.47443418727905806 0.5890937976328083
0 0.4856382390625 0.3061590671875001 0.0659940501114916 0.30393981969051087 0.06584678906245635 0.33178585469576294 0.4854909780134647 0.3340051021927521
0 0.47404684687500004 0.537308790625 0.07351257513649968 0.5351906055010125 0.0733704812334743 0.5620595874999126 0.47390475297197465 0.5641777726239001
0 0.474574228125 0.68192350625 0.07573254197140117 0.6798142714678449 0.07557494686678089 0.7096144140541936 0.47441663302037973 0.7117236488363485
0 0.9030666296875001 0.5933972078124998 0.49380200991041806 0.5912328520044502 0.4936418312499563 0.621521521883263 0.9029064510270383 0.6236858776913127
0 0.4811836328125 0.4613178921875001 0.06761527367561483 0.4591307743686671 0.06746801250000005 0.4869768109375 0.4810363716368852 0.489163928756333
0 0.478423134375 0.38456255312500004 0.06745870182997564 0.3823892056185102 0.06731144062500004 0.41023524375 0.4782758731700244 0.4124085912564898
0 0.9357446281250003 0.28368207656250016 0.4969977493598153 0.28136180488914286 0.4968479046875001 0.30969636718750004 0.935594783452685 0.31201663886085734
0 0.89946126875 0.6418597375000001 0.4884534699474174 0.6396861637835218 0.4882907078124564 0.670463360945763 0.8992985066150391 0.6726369346622412
0 0.48903123906249996 0.16910697812500003 0.06064224714264549 0.16684148504798516 0.06047173437495633 0.19908426407076293 0.4888607262948108 0.2013497571477778
0 0.8904121359375002 0.7868888984375001 0.48287623868805574 0.7847336856503484 0.4827134765625001 0.8155108828125002 0.8902493738119445 0.8176660955996518
0 0.9173567140625 0.4417688062500001 0.4942333960364188 0.43953116114916896 0.4940835515542371 0.4678657234374562 0.9172068695803184 0.47010336853828727
0 0.8975676015625002 0.6913318500000002 0.4865525737877364 0.6891582380538243 0.4863872281166934 0.7204239640707193 0.8974022558914572 0.7225975760168952
0 0.9229471187500004 0.3908713359375002 0.49808785078087 0.3886245095861277 0.4979380062417372 0.41695907187495634 0.9227972742108674 0.4192058982263288
0 0.4762199250000001 0.6348396296875001 0.07739992422403402 0.6327305095863183 0.07725007968750007 0.6610650734375001 0.4760700804634662 0.6631741935386819
0 0.923702909375 0.36489396250000017 0.4979973487753194 0.36264265862434336 0.4978552546875001 0.3895116406250001 0.9235608152871807 0.3917629445006569
0 0.9303885609375001 0.3111566312500001 0.49686399318500474 0.30886397821593686 0.49671931562500005 0.3362214875000001 0.9302438833774955 0.3385141405340633
0 0.9122500812500002 0.5432632734375 0.4908410326069115 0.5410346933593922 0.49068343749169346 0.5708348375082194 0.9120924861347822 0.5730634175863271
0 0.4786181281250001 0.4361909921875 0.0693896470782661 0.4340268259232358 0.06924238593750005 0.46187286250000004 0.4784708669842341 0.4640370287642642
0 0.8902161828125001 0.8099911437499999 0.48089374075450025 0.807826480581781 0.4807128937500001 0.8420233656250001 0.890035335808 0.8441880287932191
0 0.8870116593749999 0.7635026515625001 0.4838228694246964 0.7613704254407485 0.483662690625 0.7916590968749999 0.8868514805753037 0.7937913229967515
0 0.4852254718750001 0.19746676250000003 0.06035174764134092 0.19521985813400142 0.06019673593745632 0.22453147500826293 0.4850704601711155 0.22677837937426154
0 0.9111648609375003 0.49253060625000006 0.49496366244824097 0.49032956522466753 0.4948060671875001 0.5201297078125002 0.9110072656767594 0.5223307488378327
0 0.492859890625 0.13971161093749998 0.05839506755738936 0.13741398504701322 0.05822455468745632 0.16965676407076297 0.492689377755067 0.17195438996124973
0 0.4699493328125001 0.7062561187500002 0.07458677731669741 0.7041652815633545 0.0744317656250001 0.7334768984375001 0.4697943211208028 0.7355677356241458
0 0.9289409015625001 0.33831925781250005 0.4980130297488191 0.3360403384327254 0.4978657687334306 0.3638863765706755 0.9287936405471114 0.36616529595045016
0 0.4782885828125001 0.35810365625000007 0.066448946195485 0.3559256814518945 0.06629910156250005 0.3842602421875001 0.47813873817951513 0.38643821698560565
0 0.477840684375 0.4101730703125 0.06861220477602639 0.4080089056199667 0.06846494375000006 0.4358549406250001 0.47769342334897374 0.43801910531753335
0 0.4865549921875 0.280638646875 0.06171740811537722 0.27839193363281567 0.061575314062456345 0.30526091407076295 0.4864128981345791 0.3075076273129473
0 0.9207421109375 0.4161172234375001 0.49328614224030637 0.4138566650035688 0.49313888124169336 0.4417027015707192 0.920594849938887 0.4439632600046505
0 0.9378360421874999 0.25444518750000006 0.49385962959014884 0.2520972605376009 0.49370203437499993 0.28189740312500006 0.9376784469723513 0.2842453300873992
0 0.46954398437500017 0.7297222937500001 0.07504217799395194 0.7276360089754212 0.0748845828125001 0.7574361515625001 0.4693863891935483 0.7595224363370789
0 0.9092126750000004 0.5681162718750001 0.49387222552231413 0.565919784817075 0.49371204686669357 0.5962084562582193 0.9090524963443796 0.5984049433161445
0 0.47337096093750014 0.6587814234374999 0.07629413917566526 0.6566815212447323 0.07614687812495638 0.6845275562582629 0.47322369988679125 0.6866274584510303
0 0.4683838937500001 0.77582891875 0.07476451728577331 0.7737472994718473 0.0746120890625001 0.8025703906249998 0.4682314655267269 0.8046520099031526
0 0.4751760546875 0.5111684609375 0.06941224766261007 0.5090226189528011 0.06926240311678086 0.5373571812416934 0.4750262101416708 0.5395030232263923
0 0.4743698171875 0.58733705625 0.08077935180423232 0.5852555914460191 0.08063725781245637 0.612124573445763 0.47422772319572404 0.6142060382497438
0 0.48510051718750014 0.2236034140625 0.0601978817544752 0.2213563567940954 0.06003253593750004 0.2526220812500001 0.4849351713705249 0.2548691385184047
0 0.4788972484375 0.48701945 0.06966876727546352 0.4848552853074722 0.06952150624173715 0.5127013218749564 0.4787499874037736 0.5148654865674842
0 0.4674971921875001 0.7535565500000001 0.07475301808999414 0.7514795595850937 0.07460317343750009 0.7798141218750001 0.467347347535006 0.7818911122899064
0 0.9105836078125 0.5181852921875 0.49352166310342066 0.5159797018771654 0.49336665155428083 0.5452913187416935 0.91042859626336 0.5474969090520281
0 0.9170023171875 0.4677807421875001 0.4921430492272282 0.4655339158279033 0.4919932046874999 0.4938684781250001 0.9168524726477718 0.4961153044845969
0 0.4747115187500001 0.6103628046875 0.075898745491939 0.6082537212524872 0.0757514843749564 0.636099757820763 0.47456425763301757 0.6382088412557757