0 0.6935799407818342 0.5970324493377615 0.6903981031249999 0.570457921875 0.2763276748431657 0.6200356569122387 0.27950951249999995 0.6466101843750002
0 0.7036156391363467 0.7342887910953152 0.7003759500000001 0.7072310906250001 0.29580260617615334 0.7556717135921851 0.2990422953125 0.7827294140625003
0 0.6951124484890592 0.642931684607693 0.6920463138780619 0.6173235031470832 0.28492105445150273 0.6660696763518902 0.2879871890625 0.6916778578125
0 0.6836277860344446 0.34719250247169925 0.6804459484375001 0.32061797500000006 0.23957154209055545 0.37340501940330073 0.24275337968750002 0.399979546875
0 0.7027579113493838 0.712598899540646 0.69940251875 0.6845748515625001 0.29307187146311614 0.7332258832718541 0.2964272640625 0.7612499312500001
0 0.6891081438134193 0.4773216522889688 0.6859263062279167 0.45074712481556195 0.2588862124144974 0.5018777506515932 0.26206805 0.5284522781250001
0 0.6912358454588569 0.5260604250362538 0.6881697109154167 0.5004522435655618 0.2646162076440598 0.5511654122793082 0.2676823421875 0.5767735937500001
0 0.688989353386706 0.502818718562214 0.685691812315562 0.4752778437720833 0.262082283928856 0.5259977220848694 0.265379825 0.5535385968750001
0 0.6825431673819149 0.32032217120715295 0.6793613296875 0.29374764375000006 0.2350283451180851 0.3469487944178471 0.2382101828125 0.373523321875
0 0.6797086847837022 0.21056197083382813 0.6761218857309788 0.1806052295251452 0.21785654469727658 0.23547453837881713 0.22144334375000002 0.26543127968749997
0 0.6818549127175613 0.29324794419886724 0.6786152234375 0.26619024375000006 0.23340358728243862 0.31949659798863284 0.23664327656249995 0.3465542984375
0 0.702246032908851 0.7564018049189505 0.6991798984375001 0.7307936234375001 0.29983643896614903 0.7786080591435496 0.3029025734375 0.804216240625
0 0.7004901674620386 0.6883469977631373 0.6973083296874999 0.6617724687500001 0.2892904153504612 0.7106255194243628 0.29247225312499997 0.7372000484375001
0 0.6770969690445953 0.1547311806968693 0.6731630607972284 0.12187540195345963 0.21135509956513307 0.1771688759440903 0.2152890078125 0.21002465468749998
0 0.68634412358993 0.37411251277085356 0.6831044341905621 0.34705481095958335 0.24308066528813202 0.3997400075637298 0.2463203546875 0.426797709375
0 0.6858276501193157 0.4265244757181268 0.6826458125 0.3999499484375 0.25041785144318435 0.4517017320943733 0.25359968906249997 0.4782762593750001
0 0.703545900325729 0.7816376585339447 0.6999591015625001 0.7516809187500001 0.30308351998677113 0.7991998695910553 0.30667031875 0.8291566093749999
0 0.6789506707067029 0.18269311570616048 0.6753060201280617 0.15225320158458316 0.21356809160885878 0.20753829212842273 0.2172127421875 0.23797820625000005
0 0.6746431879537906 0.12461212130355319 0.6707092796875 0.0917563421875 0.2071720323587094 0.1472568677589468 0.211105940625 0.180112646875
0 0.6964445734720901 0.6652999230426604 0.6933205873155619 0.6392085687720833 0.2861813200934718 0.687956419166923 0.28930530625 0.7140477734374999
0 0.6866771596678063 0.45270858575051476 0.6833796187499999 0.4251677109374999 0.2545822215821937 0.47650874393698517 0.2578797625 0.5040496187500001
0 0.6817885707218461 0.23832862190612839 0.678317474837645 0.20933822676902136 0.22008014630329908 0.2642041814253931 0.22355124218750003 0.2931945765625001
0 0.68186519403442 0.26656841660720715 0.6783362468749999 0.23709485 0.22959599815307982 0.29082369276779296 0.2331249453125 0.3202972593750001
0 0.694175118751027 0.5730843018027345 0.691108984190562 0.5474761203345835 0.27274334668953487 0.5975681325943489 0.27580948125 0.6231763140625
0 0.6934337546569127 0.5502320775521535 0.6903097685213953 0.524140723090707 0.26933619198948267 0.5745449908510536 0.272460178125 0.6006363453125001
0 0.695116115548729 0.6197009006941017 0.6921078326280619 0.5945758922095834 0.27980871395433293 0.6439415430779818 0.282816996875 0.6690665515625001
0 0.6880782377560088 0.40110582213583756 0.6848385484375 0.37404812031249995 0.2474087122439912 0.4264227372391624 0.25064840156249996 0.4534804390625