0 0.7146615484375 0.7246913046875 0.7122770619791245 0.6959216562510557 0.306762409375 0.7295315281249999 0.3091468958333753 0.7583011765614442
0 0.7115947625000001 0.6775534468750001 0.7093315210642852 0.6502466605112501 0.29953224062500006 0.6842116500000001 0.3017954820607148 0.71151843636375
0 0.7077539046875 0.6326003453125 0.7053290033412679 0.6033430757010534 0.2911707233088804 0.6376693468856602 0.2935956246551124 0.6669266164971068
0 0.7182437953124999 0.7489614046875002 0.7157380639394642 0.7187288927413613 0.3093282375 0.7524129562499999 0.3118339688730358 0.7826454681961387
0 0.69037388125 0.21523485468749995 0.6878681498441651 0.18500234274336158 0.2305236108088804 0.2229079781356603 0.23302934221471533 0.25314049007979866
0 0.703692734375 0.5606526812500001 0.7013486630341264 0.5323706539745533 0.2803052296768397 0.5672675811213802 0.2826493010177133 0.595549608396827
0 0.7031485 0.5110700625000002 0.7007640135659624 0.48230041419134134 0.271076953125 0.51791374375 0.2734614395590377 0.5466833920586588
0 0.701072990625 0.4852112046875 0.6987693343558548 0.4574167987051122 0.268240225 0.4930999171875 0.2705438812691453 0.5208943231698878
0 0.6954063625 0.3258168328125 0.6931835362537864 0.29899766916504034 0.24713627031250002 0.33596696406249993 0.24935909655871374 0.3627861277099596
0 0.7015682765625002 0.4072550453125 0.699345450258231 0.38043588166858083 0.25761468593750003 0.4170474171875 0.2598375122417692 0.44386658083141917
0 0.69240724375 0.2429306890625001 0.6899823423114003 0.21367341802627257 0.2343856513159211 0.25143418764994 0.23681055275452073 0.2806914586861675
0 0.6952300593750002 0.2989164234375001 0.6928859882065714 0.2706343977112205 0.24335364842683976 0.30789254205888045 0.24569771959526845 0.3361745677851601
0 0.7024579765625 0.43426207812500006 0.7001139050140239 0.4059800493025305 0.26180446874999996 0.4423080187500001 0.2641485402984761 0.4705900475724697
0 0.6985354265625001 0.38024535625000006 0.6962317699826572 0.3524509487268762 0.2544797578125 0.38906424687499996 0.25678341439234276 0.4168586543981238
0 0.7202091718750002 0.7926178531250001 0.717905515516599 0.7648234470187858 0.31672861248933976 0.7980737967463805 0.3190322688477409 0.8258682028525948
0 0.7205063421875 0.8184320359375002 0.7178389505981684 0.786249039202629 0.3191563296875001 0.8192926578125002 0.3218237212768317 0.8514756545473714
0 0.69586350625 0.3525254640625 0.693640679982553 0.3257063004163353 0.2510466140625 0.3623893875 0.25326944032994714 0.3892085511461647
0 0.7084050312500001 0.6550933312500001 0.7061417899977809 0.6277865464347434 0.2946159109375 0.6618946390624999 0.29687915218971916 0.6892014238777567
0 0.7114621265625 0.7011820999999999 0.7091180549503683 0.6729000711814122 0.30188742812499997 0.7066521671874999 0.3042314997371316 0.7349341960060877
0 0.6886616656250001 0.15707810312499998 0.6859538590592573 0.12440748522052689 0.22164979517322023 0.16288994050704067 0.22435760173896302 0.1955605584115138
0 0.6948288109375 0.2704820125 0.6924039095558051 0.24122474289071608 0.23594391718750002 0.279057065625 0.238368818569195 0.3083143352342839
0 0.7193554812500003 0.7716943046875001 0.7168497497743387 0.7414617911879364 0.31216652643388043 0.7750027500106602 0.31467225790954184 0.805235263510224
0 0.6902071062499999 0.18651195781250007 0.687499299650135 0.15384133991010782 0.22664843593750006 0.19203758749999994 0.22935624253736497 0.2247082054023922
0 0.7040188171874999 0.53597891875 0.7015939158907567 0.506721649264805 0.2753494358088804 0.5420496484481603 0.27777433710562355 0.5713069179333552
0 0.7049415921875 0.5850391921875 0.702637935741166 0.5572447845269647 0.2867849295482201 0.5917115186320407 0.2890885859945541 0.619505926292576
0 0.7065580984375001 0.6084341062500002 0.7042544420654936 0.5806396987142016 0.2892647373713805 0.6150348796981603 0.29156839374338694 0.6428292872339588
0 0.701494325 0.4601835109375001 0.6991502535088058 0.4319014822408068 0.26515731875 0.467871690625 0.2675013902411941 0.4961537193216933