0 0.7846777781250001 0.15311250000000007 0.22912222187500003 0.15311250000000004 0.22912222187500003 0.18748750000000008 0.7846777781250001 0.18748750000000008
0 0.79118148125 0.04635000000000007 0.22821851875000002 0.04635000000000004 0.22821851875000002 0.08385000000000006 0.79118148125 0.08385000000000009
0 0.7542074078125002 0.7521125000000001 0.23939259218750011 0.7521125 0.23939259218750011 0.7864875 0.7542074078125002 0.7864875000000001
0 0.7573851859375 0.5720916671875 0.23701481406250008 0.5720916671875 0.23701481406250008 0.6075083328125002 0.7573851859375 0.6075083328125002
0 0.7601370375000001 0.5104125 0.23606296250000008 0.5104124999999999 0.23606296250000008 0.5447875000000001 0.7601370375000001 0.5447875000000002
0 0.7569592593750001 0.6627125000000001 0.23844074062500006 0.6627125 0.23844074062500006 0.6970875000000001 0.7569592593750001 0.6970875000000002
0 0.7573851859375 0.6323125 0.23701481406250008 0.6323125 0.23701481406250008 0.6666875000000001 0.7573851859375 0.6666875000000002
0 0.7518296296875001 0.8409125 0.2425703703125001 0.8409125 0.2425703703125001 0.8752875 0.7518296296875001 0.8752875
0 0.7564851859374999 0.6021125 0.2361148140625001 0.6021124999999999 0.2361148140625001 0.6364875000000001 0.7564851859374999 0.6364875000000001
0 0.7564333328125001 0.7812708328125001 0.23976666718750012 0.7812708328125 0.23976666718750012 0.8177291671875 0.7564333328125001 0.8177291671875
0 0.785177778125 0.18591250000000006 0.229622221875 0.18591250000000004 0.229622221875 0.22028750000000005 0.785177778125 0.2202875000000001
0 0.7824 0.22031250000000005 0.2324 0.2203125 0.2324 0.25468750000000007 0.7824 0.25468750000000007
0 0.766640740625 0.4486916671875001 0.2351592593750001 0.4486916671875 0.2351592593750001 0.4841083328125001 0.766640740625 0.4841083328125002
0 0.7735703703125 0.32081250000000006 0.2328296296875 0.3208125 0.2328296296875 0.35518750000000004 0.7735703703125 0.3551875000000001
0 0.7671666671875 0.3857125 0.2338333328125001 0.3857125 0.2338333328125001 0.42008750000000006 0.7671666671875 0.42008750000000017
0 0.786077778125 0.11849166718750007 0.230522221875 0.11849166718750004 0.230522221875 0.15390833281250008 0.786077778125 0.1539083328125001
0 0.7573851859375 0.6924125000000001 0.23701481406250008 0.6924125 0.23701481406250008 0.7267875000000001 0.7573851859375001 0.7267875000000001
0 0.7536814812500002 0.8106708328125001 0.2407185187500001 0.8106708328125001 0.2407185187500001 0.8471291671875001 0.7536814812500002 0.8471291671875001
0 0.7698925921875001 0.4177125000000001 0.23470740781250007 0.41771250000000004 0.23470740781250007 0.4520875000000001 0.7698925921875001 0.4520875000000002
0 0.7555333328125001 0.7210916671875001 0.23886666718750008 0.7210916671875001 0.23886666718750008 0.7565083328125001 0.7555333328125002 0.7565083328125002
0 0.7772740734375 0.25391250000000004 0.2291259265625 0.2539125 0.2291259265625 0.28828750000000003 0.7772740734375 0.2882875000000001
0 0.7588111109375 0.5413916671875001 0.23658888906250009 0.5413916671875 0.23658888906250009 0.5768083328125001 0.7588111109375 0.5768083328125002
0 0.77081851875 0.3534125 0.23378148125 0.3534125 0.23378148125000003 0.38778750000000006 0.77081851875 0.38778750000000006
0 0.7745703703125 0.28671250000000004 0.23382962968749998 0.28671250000000004 0.23382962968749998 0.3210875000000001 0.7745703703125 0.3210875000000001
0 0.7879777781249999 0.08285000000000006 0.232422221875 0.08285000000000002 0.232422221875 0.12035000000000007 0.7879777781249999 0.1203500000000001
0 0.7638888890625 0.4807125000000001 0.2361111109375001 0.4807125 0.2361111109375001 0.5150875000000001 0.7638888890625 0.5150875000000001
0 0.7518296296875001 0.8693083328125001 0.2425703703125001 0.8693083328125001 0.2425703703125001 0.9088916671874999 0.7518296296875001 0.9088916671874999