0 0.8047950120083973 0.5133404051718673 0.8028512764743834 0.47898368750498516 0.2589043363409861 0.509757552645618 0.26084807187500003 0.5441142703125
0 0.8046796416611579 0.8816892478894724 0.802559203125 0.84420919375 0.28816798958884193 0.873310938048028 0.290288428125 0.9107909921875003
0 0.8009382031555704 0.3500653696177909 0.7988766656249998 0.31362642656250006 0.24189709996942943 0.34513761163220924 0.24395863750000002 0.3815765546875001
0 0.8047316264276075 0.5438041847273434 0.8028467921825149 0.5104885811618833 0.2626366579424072 0.54105103393454 0.2645214921875 0.5743666375
0 0.8046753546920498 0.17545252170964357 0.8024371140625 0.135890240625 0.22868811874545023 0.16835015641535647 0.2309263593749999 0.20791243750000005
0 0.8054561625817394 0.0667192280441482 0.8032179218750001 0.027156945312500007 0.22205690304326064 0.060036196955851814 0.22429514374999998 0.0995984796875
0 0.8067375672139308 0.4805226676170876 0.8048527328124997 0.4472070625 0.2572305718485689 0.4781888526954122 0.25911540624999996 0.5115044578124999
0 0.802353875593264 0.13976775115393333 0.8001745359375001 0.10124658437499998 0.22830933690673616 0.1335999269710667 0.23048867656250005 0.17212109375000006
0 0.8102379144805996 0.0302148137906453 0.8078229705306887 -0.012470805215700043 0.21767337792508906 0.02091697786865466 0.22008832187499996 0.063602596875
0 0.8000796542043211 0.31514174632062886 0.7979592154487669 0.27766169063497054 0.23724284718194583 0.3093842880643417 0.23936328593750003 0.34686434374999997
0 0.8050038749638038 0.6070570801198734 0.8031190405368834 0.5737414750049853 0.2721739390105798 0.603779758947612 0.27405877343750007 0.6370953640625001
0 0.8055517489466804 0.21007433258566413 0.8033724092918686 0.17155316571810167 0.23150721190768836 0.20390650813243766 0.2336865515625 0.24242767500000012
0 0.8067896893561242 0.7591400331125511 0.8049637561618832 0.7268655421924853 0.27960846211825896 0.7565875809549343 0.2814343953125 0.7888620718749999
0 0.8060776338127769 0.5759345396415083 0.8041338983493835 0.541577821879985 0.26759898641160673 0.5719323494259769 0.269542721875 0.6062890671875001
0 0.8061742698990211 0.24768091090684008 0.8038771281200147 0.20707751866188345 0.23565636290849365 0.23922467650504337 0.2379535046875 0.27982806875
0 0.7988669899677772 0.4486026865247063 0.7969232546875001 0.4142459703125 0.25112331159472295 0.4451246666002938 0.25306704687500003 0.4794813828125002
0 0.8057801283870096 0.670461106555398 0.8039541953125001 0.638186615625 0.2730398856754904 0.668223154382102 0.27486581875000005 0.7004976453125
0 0.7971969469931974 0.4168541322899415 0.795135409375 0.38041518750000003 0.2474208764443026 0.41140220208505845 0.24948241406250005 0.447841146875
0 0.8070927124326047 0.7003874832475654 0.8052078780418686 0.6670718782181018 0.2761157796717638 0.6970053277830364 0.2780006140625 0.7303209328125001
0 0.807694336888305 0.7904138474608963 0.8057506015625 0.7560571296874999 0.28033372404919493 0.7857826509766037 0.28227745937500004 0.8201393687499999
0 0.8050116884379073 0.6396642099593904 0.803067953125 0.60530749375 0.2720920599995929 0.6353475181656094 0.2740357953125 0.6697042343749999
0 0.8069303010179825 0.7303973083899804 0.8049865656250003 0.6960405921875 0.2758636786695178 0.7259757837975196 0.2778074140625 0.7603325000000001
0 0.8069523067058132 0.8181879298902457 0.8051263734325149 0.7859134374118835 0.2816240870392016 0.8155306418966376 0.2834500203125 0.8478051343749998
0 0.8046016126451248 0.10386625911158483 0.8023633718750001 0.06430397656249999 0.22490836547987522 0.09697356120091517 0.22714660625 0.13653584375
0 0.8004706265444028 0.3829793071219907 0.7984090890625 0.34654036406249994 0.24513553439309727 0.37784188037800925 0.247197071875 0.4142808234375
0 0.8046325542315904 0.2803924166360133 0.802512115625 0.24291236093749996 0.23623672701840953 0.2749494583639867 0.238357165625 0.3124295140625
0 0.8077938518895088 0.8476187331122889 0.8059679187500002 0.8153442421875001 0.28617164498549136 0.8447517778252113 0.287997578125 0.8770262687500001