0 0.410787109375 0.6232729171875 0.2472128906250001 0.6232729171875 0.2472128906250001 0.6571270828125 0.410787109375 0.6571270828125
0 0.5760457031250001 0.8600409718750001 0.41735429687500014 0.8600409718750001 0.41735429687500014 0.8921590281249999 0.5760457031250001 0.8921590281249999
0 0.580528515625 0.3335048609375001 0.412071484375 0.3335048609375001 0.412071484375 0.3690951390625001 0.580528515625 0.3690951390625001
0 0.75574921875 0.5648729171875001 0.58485078125 0.5648729171875 0.58485078125 0.5987270828125001 0.75574921875 0.5987270828125002
0 0.40954921874999994 0.40470694375000005 0.2386507812500001 0.40470694375000005 0.2386507812500001 0.43769305625 0.40954921874999994 0.43769305625
0 0.58497890625 0.15926875000000007 0.40822109375000004 0.15926875000000004 0.40822109375000004 0.19833125000000007 0.58497890625 0.1983312500000001
0 0.754916796875 0.5319048609375001 0.585483203125 0.5319048609375 0.585483203125 0.5674951390625 0.754916796875 0.5674951390625002
0 0.41249882812500005 0.682975 0.24990117187500008 0.682975 0.24990117187500008 0.714225 0.41249882812500005 0.714225
0 0.41072851562499996 0.46827291718749997 0.2422714843750001 0.46827291718749997 0.2422714843750001 0.5021270828125 0.41072851562499996 0.5021270828125
0 0.7701734375 0.19747083281250008 0.5846265625 0.19747083281250008 0.5846265625 0.23392916718750006 0.7701734375 0.23392916718750006
0 0.5766781250000002 0.7721729171875 0.4165218750000002 0.7721729171875 0.4165218750000002 0.8060270828125 0.5766781250000002 0.8060270828125
0 0.41292500000000015 0.857409028125 0.2566750000000001 0.857409028125 0.2566750000000001 0.8877909718750001 0.41292500000000015 0.8877909718750001
0 0.581016796875 0.29950486093750006 0.411583203125 0.29950486093750006 0.411583203125 0.3350951390625001 0.581016796875 0.3350951390625001
0 0.76272578125 0.3704388890625001 0.58987421875 0.3704388890625001 0.58987421875 0.40516111093750007 0.76272578125 0.4051611109375002
0 0.7430429687500002 0.89496875 0.5799570312500002 0.89496875 0.5799570312500002 0.93403125 0.7430429687500002 0.93403125
0 0.40501679687500003 0.30517083281250007 0.23558320312499997 0.3051708328125 0.23558320312499997 0.3416291671875 0.40501679687500003 0.3416291671875001
0 0.40932851562500006 0.4368388890625 0.24087148437500008 0.4368388890625 0.24087148437500008 0.47156111093749997 0.40932851562500006 0.47156111093749997
0 0.7434105468750002 0.8385729171875 0.5817894531250002 0.8385729171875 0.5817894531250002 0.8724270828125 0.7434105468750002 0.8724270828125
0 0.40488789062499997 0.05643263906250003 0.22471210937500002 0.056432639062500026 0.22471210937500002 0.09896736093750004 0.40488789062499997 0.09896736093750005
0 0.7615140625000001 0.4029729171875001 0.5876859375000001 0.4029729171875 0.5876859375000001 0.43682708281250004 0.7615140625000001 0.43682708281250016
0 0.5758898437500002 0.8024729171875 0.4167101562500002 0.8024729171875 0.4167101562500002 0.8363270828125 0.5758898437500002 0.8363270828125
0 0.7641582031249999 0.3023048609375001 0.5898417968749999 0.3023048609375001 0.5898417968749999 0.3378951390625001 0.7641582031249999 0.3378951390625001
0 0.404758203125 0.16757083281250004 0.23044179687500002 0.16757083281250004 0.23044179687500002 0.20402916718750003 0.404758203125 0.20402916718750008
0 0.577887109375 0.5280388890625 0.41431289062500004 0.5280388890625 0.41431289062500004 0.5627611109374999 0.577887109375 0.5627611109374999
0 0.578075390625 0.49827291718750005 0.413524609375 0.49827291718750005 0.413524609375 0.5321270828125 0.578075390625 0.5321270828125
0 0.587387890625 0.08636666718750005 0.40721210937499996 0.08636666718750005 0.40721210937499996 0.12803333281250007 0.587387890625 0.1280333328125001
0 0.583958203125 0.19600277812500005 0.409641796875 0.19600277812500005 0.409641796875 0.23419722187500008 0.583958203125 0.23419722187500008
0 0.4123574218750002 0.7985729171875 0.2546425781250001 0.7985729171875 0.2546425781250001 0.8324270828125 0.4123574218750002 0.8324270828125
0 0.5749574218750002 0.7412729171875 0.4172425781250002 0.7412729171875 0.4172425781250002 0.7751270828125 0.5749574218750002 0.7751270828125
0 0.5775222656250002 0.8873347218750001 0.4168777343750002 0.8873347218750001 0.4168777343750002 0.927265278125 0.5775222656250002 0.927265278125
0 0.575478125 0.5911729171875 0.41532187499999995 0.5911729171875 0.41532187499999995 0.6250270828125 0.575478125 0.6250270828125
0 0.4122222656250001 0.712040971875 0.2515777343750001 0.712040971875 0.2515777343750001 0.744159028125 0.4122222656250002 0.744159028125
0 0.409081640625 0.37170486093750005 0.2367183593750001 0.3717048609375 0.2367183593750001 0.4072951390625 0.409081640625 0.4072951390625
0 0.5768781250000001 0.7133729171875001 0.416721875 0.7133729171875001 0.4167218750000001 0.7472270828124999 0.5768781250000001 0.7472270828124999
0 0.5872437500000001 0.04970069375000006 0.40755625 0.049700693750000045 0.40755625 0.09049930625000005 0.5872437500000001 0.09049930625000006
0 0.5809726562499999 0.3663048609375001 0.41202734375 0.3663048609375001 0.41202734375 0.4018951390625 0.5809726562499999 0.4018951390625
0 0.4178105468750002 0.883202778125 0.2561894531250001 0.883202778125 0.2561894531250001 0.921397221875 0.4178105468750002 0.921397221875
0 0.58617890625 0.12457083281250007 0.40942109374999996 0.12457083281250006 0.40942109374999996 0.16102916718750007 0.58617890625 0.1610291671875001
0 0.4114898437500002 0.7397729171874999 0.2523101562500001 0.7397729171874999 0.2523101562500001 0.7736270828125 0.4114898437500002 0.7736270828125
0 0.7460753906250002 0.8084048609375 0.5815246093750002 0.8084048609375 0.5815246093750002 0.8439951390625 0.7460753906250002 0.8439951390625
0 0.763069921875 0.3364048609375001 0.589730078125 0.3364048609375001 0.589730078125 0.3719951390625001 0.763069921875 0.3719951390625001
0 0.761158203125 0.43593888906250006 0.586841796875 0.43593888906249995 0.586841796875 0.4706611109375001 0.761158203125 0.4706611109375002
0 0.5819492187499999 0.2656708328125001 0.41105078125 0.2656708328125001 0.41105078125 0.30212916718750005 0.5819492187499999 0.30212916718750005
0 0.7670671875 0.23260486093750007 0.5893328125 0.23260486093750007 0.5893328125 0.2681951390625001 0.7670671875 0.2681951390625001
0 0.40514921875 0.27107083281250005 0.23425078125 0.2710708328125 0.23425078125 0.30752916718750006 0.40514921875 0.3075291671875001
0 0.411340234375 0.5323729171875 0.24385976562500006 0.5323729171875 0.24385976562500006 0.5662270828125 0.411340234375 0.5662270828125
0 0.404793359375 0.23657083281250008 0.233406640625 0.23657083281250002 0.233406640625 0.27302916718750003 0.404793359375 0.2730291671875001
0 0.752040234375 0.6583729171875001 0.584559765625 0.6583729171875 0.584559765625 0.6922270828125001 0.752040234375 0.6922270828125001
0 0.7474636718750002 0.7781708328125001 0.5819363281250002 0.7781708328125 0.5819363281250002 0.8146291671875 0.7474636718750002 0.8146291671875
0 0.40584375 0.09460069375000003 0.22615625 0.09460069375000002 0.22615625 0.13539930625000005 0.40584375 0.13539930625000005
0 0.41164023437499997 0.56360694375 0.24415976562500008 0.56360694375 0.24415976562500008 0.5965930562499999 0.41164023437499997 0.5965930562499999
0 0.4123691406250002 0.828809028125 0.2556308593750001 0.828809028125 0.2556308593750001 0.8591909718749999 0.4123691406250002 0.8591909718749999
0 0.7524402343750001 0.6275729171875001 0.5849597656250001 0.6275729171875 0.5849597656250001 0.6614270828125001 0.7524402343750001 0.6614270828125002
0 0.7655996093749999 0.26737083281250007 0.5864003906249999 0.26737083281250007 0.5864003906249999 0.3038291671875001 0.7655996093749999 0.3038291671875001
0 0.75059609375 0.6877388890625001 0.58360390625 0.6877388890625 0.58360390625 0.7224611109375001 0.75059609375 0.7224611109375002
0 0.403646484375 0.13260277812500004 0.228353515625 0.13260277812500004 0.228353515625 0.17079722187500004 0.403646484375 0.17079722187500004
0 0.4114574218750001 0.770875 0.2537425781250001 0.770875 0.2537425781250001 0.802125 0.4114574218750001 0.802125
0 0.57784296875 0.65210694375 0.41475703125 0.65210694375 0.41475703125 0.68509305625 0.57784296875 0.68509305625
0 0.41243125 0.6523729171875 0.24836875000000008 0.6523729171875 0.24836875000000008 0.6862270828125 0.41243125 0.6862270828125
0 0.40567265625 0.33833888906250004 0.23672734375 0.3383388890625 0.23672734375000007 0.37306111093750005 0.40567265625 0.37306111093750005
0 0.5770546875 0.5600729171875 0.4149453125 0.5600729171875 0.4149453125 0.5939270828125001 0.5770546875 0.5939270828125001
0 0.7488519531250001 0.7179048609375001 0.582348046875 0.7179048609375001 0.5823480468750001 0.7534951390625001 0.7488519531250002 0.7534951390625002
0 0.5790078125 0.43333888906249995 0.4129921875 0.43333888906249995 0.4129921875 0.46806111093749997 0.5790078125 0.46806111093749997
0 0.7543726562499999 0.5958729171875001 0.5854273437499999 0.5958729171875 0.5854273437499999 0.6297270828125001 0.7543726562499999 0.6297270828125001
0 0.403681640625 0.20227083281250002 0.23131835937499998 0.20227083281249997 0.23131835937499998 0.23872916718750004 0.403681640625 0.2387291671875001
0 0.580828515625 0.3989048609375001 0.41237148437500004 0.3989048609375001 0.41237148437500004 0.4344951390625 0.580828515625 0.4344951390625
0 0.7480636718750001 0.7489048609375001 0.5825363281250001 0.7489048609375 0.5825363281250001 0.7844951390625001 0.7480636718750001 0.7844951390625001
0 0.576178125 0.6215729171875 0.41602187500000004 0.6215729171875 0.41602187500000004 0.6554270828125001 0.576178125 0.6554270828125001
0 0.411040234375 0.5008729171875 0.2435597656250001 0.5008729171875 0.2435597656250001 0.5347270828124999 0.411040234375 0.5347270828124999
0 0.577898828125 0.6816729171875 0.41530117187500004 0.6816729171875 0.41530117187500004 0.7155270828125 0.577898828125 0.7155270828125
0 0.41087539062499995 0.59370694375 0.2463246093750001 0.59370694375 0.2463246093750001 0.6266930562499999 0.41087539062499995 0.6266930562499999
0 0.5753574218750002 0.831340971875 0.41764257812500016 0.831340971875 0.41764257812500016 0.8634590281250001 0.5753574218750002 0.8634590281250001
0 0.57761953125 0.4652729171875 0.41258046875 0.4652729171875 0.41258046875 0.49912708281249996 0.57761953125 0.49912708281249996
0 0.759281640625 0.4687729171875 0.586918359375 0.46877291718749997 0.586918359375 0.5026270828125001 0.759281640625 0.5026270828125001
0 0.5840699218750001 0.23150486093750006 0.410730078125 0.23150486093750006 0.410730078125 0.2670951390625001 0.5840699218750001 0.2670951390625001
0 0.7439429687500001 0.8669729171875 0.5808570312500001 0.8669729171875 0.5808570312500001 0.9008270828124999 0.7439429687500001 0.9008270828124999
0 0.7573609375 0.5010388890625002 0.5874390625 0.5010388890625 0.5874390625 0.5357611109375001 0.7573609375 0.5357611109375002