0 0.7433215281250002 0.809689453125 0.2580784718750001 0.809689453125 0.2580784718750001 0.846310546875 0.7433215281250002 0.846310546875
0 0.783377778125 0.17727773437500008 0.22782222187499998 0.17727773437500005 0.22782222187499998 0.21292226562500005 0.783377778125 0.2129222656250001
0 0.7586784718749999 0.5008218750000001 0.2439215281250001 0.500821875 0.2439215281250001 0.5359781250000001 0.7586784718749999 0.5359781250000002
0 0.7860458328125 0.1412011718750001 0.22875416718750002 0.14120117187500006 0.22875416718750002 0.1787988281250001 0.7860458328125 0.1787988281250001
0 0.7677888890625 0.37785429687500005 0.2400111109375001 0.377854296875 0.2400111109375001 0.4115457031250001 0.7677888890625 0.41154570312500016
0 0.7719291671875 0.313730859375 0.2354708328125 0.313730859375 0.2354708328125 0.345469140625 0.7719291671875 0.34546914062500006
0 0.7868798609375001 0.10305976562500008 0.2287201390625 0.10305976562500005 0.2287201390625 0.14554023437500008 0.7868798609375001 0.1455402343750001
0 0.7454916671875002 0.7557218750000001 0.2559083328125001 0.755721875 0.2559083328125001 0.7908781250000001 0.7454916671875002 0.7908781250000001
0 0.750434028125 0.645866015625 0.24956597187500007 0.645866015625 0.24956597187500007 0.680533984375 0.750434028125 0.6805339843750001
0 0.7408854171875002 0.836377734375 0.2591145828125001 0.836377734375 0.2591145828125001 0.872022265625 0.7408854171875002 0.872022265625
0 0.762784721875 0.4409660156250001 0.24021527812500007 0.44096601562500004 0.24021527812500007 0.4756339843750001 0.762784721875 0.4756339843750002
0 0.7482979171874999 0.675042578125 0.2509020828125001 0.675042578125 0.2509020828125001 0.707757421875 0.7482979171874999 0.7077574218750001
0 0.77599930625 0.28011015625 0.23520069375000002 0.28011015625 0.23520069375000002 0.31428984375 0.77599930625 0.3142898437500001
0 0.7712270828125 0.34561015625 0.2373729171875 0.34561015624999997 0.23737291718750003 0.37978984375 0.7712270828125 0.3797898437500001
0 0.754340278125 0.5614101562500001 0.24565972187500007 0.56141015625 0.24565972187500007 0.5955898437500001 0.754340278125 0.5955898437500002
0 0.7471958328125001 0.7280660156250001 0.2524041671875001 0.728066015625 0.2524041671875001 0.7627339843750001 0.7471958328125001 0.7627339843750002
0 0.77756944375 0.24552187500000003 0.23243055625000003 0.24552187499999997 0.23243055625000003 0.280678125 0.77756944375 0.28067812500000006
0 0.7454895828125002 0.7837218750000001 0.25851041718750006 0.783721875 0.25851041718750006 0.818878125 0.7454895828125002 0.818878125
0 0.78234375 0.21142187500000004 0.22765624999999998 0.211421875 0.22765624999999998 0.24657812500000004 0.78234375 0.2465781250000001
0 0.795822221875 0.06640390625000006 0.22637777812499998 0.06640390625000002 0.22637777812499998 0.10839609375000007 0.795822221875 0.1083960937500001
0 0.7474298609375001 0.701654296875 0.2517701390625001 0.7016542968749999 0.2517701390625001 0.735345703125 0.7474298609375002 0.7353457031250001
0 0.7514701390625 0.5900542968750001 0.24712986093750006 0.590054296875 0.24712986093750006 0.6237457031250001 0.7514701390625 0.6237457031250002
0 0.7521361109375 0.6179218750000002 0.2486638890625001 0.6179218750000001 0.2486638890625001 0.6530781250000002 0.7521361109375 0.6530781250000002
0 0.764284721875 0.41015429687500005 0.2417152781250001 0.41015429687499994 0.2417152781250001 0.44384570312500005 0.764284721875 0.44384570312500016
0 0.7603826390624999 0.47146601562500007 0.24041736093750007 0.471466015625 0.24041736093750007 0.5061339843750001 0.7603826390624999 0.5061339843750001
0 0.7396173609375002 0.861736328125 0.2595826390625001 0.861736328125 0.2595826390625001 0.902263671875 0.7396173609375002 0.902263671875
0 0.7556423609375 0.5309777343750002 0.2443576390625001 0.5309777343750001 0.2443576390625001 0.5666222656250002 0.7556423609375 0.5666222656250002