0 0.9673800240178941 0.7883664305588345 0.5428798796875001 0.7589836265625001 0.540880661919606 0.7878667866286657 0.9653808062500001 0.8172495906250002
0 0.9661591778164447 0.5927016015753559 0.53079599375 0.562566884375 0.5289395768710556 0.5893869656121444 0.9643027609375003 0.6195216828125003
0 0.5255131023310443 0.22504551506627904 0.07876539218750003 0.19412279062499999 0.07676617422400552 0.2230059522288576 0.5235138843675498 0.25392867667013663
0 0.9633888164009947 0.36052821339614255 0.5166411078125001 0.3296054890625001 0.5146418898490055 0.3584886506663577 0.9613895984375003 0.3894113750000002
0 0.560003240643001 0.8316903779652167 0.1502044375000001 0.8033251625 0.1481338187319992 0.8332398689097833 0.5579326218750001 0.8616050843749999
0 0.9669497414230006 0.6914212775720916 0.5368877078125002 0.6616534921875001 0.5348884898195495 0.6905366537855453 0.9649505234300501 0.7203044391701368
0 0.5214201647491186 0.25142886337850623 0.08208831250000002 0.22101944687500005 0.08008909462588137 0.24990260849649393 0.5194209468750001 0.2803120250000001
0 0.9632267699034676 0.5167772751021356 0.5297175484375001 0.4867708859375 0.5278611316590323 0.5135909670853646 0.961370353125 0.54359735625
0 0.5476443791821712 0.6855240641594229 0.13082083125000005 0.6566726140624999 0.12896441456782892 0.6834926936530771 0.5457879625000001 0.71234414375
0 0.538574440452541 0.5885198695250866 0.11644974062500009 0.5593014859375001 0.11473612507227297 0.5840584834848268 0.5368608248998139 0.6132768670724134
0 0.554490934076974 0.7826148282490403 0.14137531250000007 0.7540200296875 0.13951889561052622 0.7808401108134599 0.5526345171875001 0.8094349093750001
0 0.9687654475622323 0.7406016555799165 0.5368494500000001 0.71070554375 0.5348502320176313 0.7395887053501333 0.9667662295798636 0.7694848171800499
0 0.5158571898444102 0.1699493260064164 0.072817409375 0.1392832546875 0.07081819139813944 0.16816641628872012 0.5138579718675497 0.19883248760763653
0 0.9665732734424303 0.6658023623376375 0.5400887968750001 0.6362822078125 0.53801817812007 0.6661969142248626 0.9645026546875002 0.6957170687500001
0 0.5410934730133836 0.4888518298004484 0.10943821406250007 0.458973765625 0.10758179719147998 0.48579384675460136 0.5392370561423635 0.5156719109300497
0 0.965933568078877 0.6167241166530172 0.5340175687500001 0.5868280031250002 0.5320183506636729 0.6157111647046195 0.9639343499925497 0.6456072782326365
0 0.5508447089696671 0.7103226844916549 0.13402116093750008 0.6814712328125001 0.1321647441478827 0.7082913124909817 0.5489882921800497 0.7371427641701365
0 0.9667646728805069 0.8608984240465366 0.5511432390625001 0.8321301812499999 0.5489298193069935 0.8641079665784638 0.9645512531250002 0.8928762093750002
0 0.5577053753897031 0.6628581183398116 0.12618048750000008 0.6329890796875 0.12439547148529713 0.6587776175976885 0.5559203593750002 0.6886466562500002
0 0.9646240148681743 0.43922063360539243 0.5345619828125 0.4094528484375 0.532562764819326 0.4383360101446079 0.9626247968750002 0.4681037953125002
0 0.5430088917830813 0.6362480109452286 0.12247741718750008 0.60713990625 0.12062100030423258 0.6339599873771846 0.5411524748998139 0.6630680920724131
0 0.9680812152285203 0.8379091313546126 0.5475497406250001 0.8088010281250002 0.5456933238339797 0.8356211092703877 0.9662247984375 0.8647292125000001
0 0.962921771767666 0.33331099190766733 0.5197516234374999 0.30263589843750005 0.5176810047948341 0.3325506034048329 0.9608511531250002 0.36322569687500017
0 0.5321253418630647 0.43748483919511827 0.09861612031250004 0.407478446875 0.0967597033417987 0.43429852798493157 0.5302689248923633 0.4643049203050499
0 0.52700716474596 0.35888019942448957 0.09509116562500004 0.3289840890625 0.09309194775404012 0.3578672505755106 0.5250079468750001 0.3877633609375002
0 0.5325815949898696 0.411645786056685 0.09721840781250005 0.38151106874999996 0.0953619909476304 0.408331149880815 0.5307251781249999 0.4384658671875001
0 0.5409266326416164 0.5640060787912906 0.11509400625000006 0.5345310421874999 0.11338039079588373 0.5592880383962092 0.5392130171875001 0.5887630749999999
0 0.9622283617065396 0.30661707433227015 0.5154806515625001 0.2756943500000001 0.5134814336059604 0.30457751160523 0.9602291437499998 0.33550023593750006
0 0.9628875813741076 0.4913599490478191 0.5311019515625002 0.46147286093750006 0.5291741342434422 0.48932448074731755 0.9609597640550497 0.5192115688576365
0 0.9647279059317843 0.5423538031359495 0.5275107562500001 0.5120907593750001 0.5256543393807158 0.5389108406140506 0.9628714890625 0.569173884375
0 0.961817824880056 0.2244784200439683 0.5130857843750001 0.19341834531250007 0.5110151656447578 0.223333050153445 0.9597472061498138 0.2543931248849133
0 0.5180807725763276 0.33079966650640863 0.09728855781250002 0.301673515625 0.09528933992367247 0.3305566772435915 0.5160815546874999 0.3596828281250001
0 0.5423935762464941 0.46336969387049215 0.10703039062500005 0.4332349765625 0.10517397375350601 0.4600550576920079 0.540537159375 0.49018977500000005
0 0.9605097616196607 0.2525677992198091 0.5174699828125001 0.22190172812500011 0.5154707648501035 0.25078488961996764 0.9585105436572642 0.28145096071477665
0 0.9624792898313368 0.27937077747101935 0.5157315812500001 0.24844805156250005 0.5137323631860269 0.2773312131465305 0.9604800717673635 0.3082539390550497
0 0.5536309104305314 0.7343961203953102 0.13495339687500013 0.7054163453125001 0.13309698019446878 0.7322364264796899 0.5517744937500001 0.7612162015625
0 0.5530460332055503 0.7589534684495788 0.13820681718750008 0.7302393687500001 0.13642180116944977 0.7560279065504215 0.5512610171875001 0.7847420062500002
0 0.9664364788119777 0.641435530688973 0.53452048125 0.6115394187500001 0.5325212632529852 0.6404225804563499 0.964437260814963 0.6703186923953228
0 0.5571050066418958 0.8063985747131402 0.1441197562500001 0.7778128000000001 0.14233474011056724 0.8036013379946828 0.5553199905024628 0.8321871127078229
0 0.9612236470255328 0.4140308863210307 0.5275840578125 0.3840154734375 0.5256562404744674 0.4118670949289694 0.9592958296874998 0.44188250781250005
0 0.5264119777248524 0.38554711249478213 0.09846464843750005 0.355925703125 0.09660823165014773 0.3827457843802179 0.5245555609375001 0.41236719375
0 0.9684805202007294 0.7156855951546878 0.5364341515625 0.685780459375 0.5343635328166343 0.715695164212862 0.9664099014548636 0.7456002999925497
0 0.96310958358154 0.38727504151977016 0.5163618734375001 0.3563523171875001 0.5143626554809604 0.38523547879273 0.9611103656250002 0.41615820312500007
0 0.537300664436451 0.5386597558504926 0.11319162968750004 0.509304021875 0.11140661368854912 0.5350925582120075 0.5355156484375 0.5644482921875
0 0.5169347835060899 0.2783820634889885 0.08687275000000003 0.24861427968749994 0.08487353211145979 0.2774974413061481 0.5149355656175497 0.30726522510763665
0 0.5225818033567441 0.30595783030526935 0.09079617343750004 0.2760707421875 0.08886835601825596 0.3039223634447307 0.5206539859375 0.3338094515625001
0 0.5437770498515492 0.6134570803444281 0.1216523515625001 0.5842386984375001 0.119938736085951 0.608995696218072 0.5420634343750002 0.6382140781250002
0 0.5474800941257179 0.5144887402120519 0.11039331250000006 0.48423472187500005 0.10860829649928241 0.5100232597879483 0.5456950781250002 0.5402772781250003
0 0.5278537301127519 0.19750439083945207 0.07713735468750002 0.1663069671875 0.07499533551224806 0.19725321228554799 0.5257117109375 0.22845063593750004
0 0.9691933898600718 0.8128700431970068 0.5428392828125002 0.7833589109375001 0.5408400648199783 0.81224207253563 0.96719417186755 0.8417532047951367
0 0.9652595183343167 0.5679627251008232 0.5224804781250001 0.5373147031250001 0.5206240613531837 0.5641347842741771 0.9634031015625002 0.5947828062500002
0 0.9697113586066577 0.7652442306963332 0.5415032875000001 0.7356047718750001 0.5395040695183424 0.7644879333661668 0.967712140625 0.7941273921875001
0 0.9685152529890649 0.19608629347831283 0.5105133921875001 0.16438458593750008 0.5084427734732493 0.19429929078160055 0.9664446342748141 0.2260009983224133
0 0.964385598270329 0.46744623669984087 0.5292831515624999 0.43732956874999995 0.5275695361046709 0.4620865664251593 0.9626719828124999 0.4922032343750001