0 0.5954516260902198 0.6530778099678248 0.5952234796874999 0.6196884625 0.43538774734728003 0.6207806056571752 0.43561589375 0.654169953125
0 0.5924795919045212 0.8061620224651331 0.5922514453125001 0.7727726749999999 0.43658797528297877 0.773836310347367 0.4368161218749999 0.8072256578125001
0 0.42513476346828016 0.20629516632505127 0.42489394217675114 0.171050856239397 0.252527716208471 0.17222861960184574 0.2527685375 0.20747292968750003
0 0.6000666103851378 0.27041248038687715 0.599825789051751 0.23516817186439706 0.4358040911666133 0.23628891804001992 0.4360449125 0.2715332265625
0 0.5948796102725699 0.6818053161041588 0.5946641390625 0.650270934375 0.43692824285243015 0.6513487276458414 0.43714371406249997 0.6828831093750002
0 0.5955763632007844 0.9011825056239303 0.5953101921874999 0.8622282703124998 0.43439028523671547 0.8633278225010693 0.43465645624999993 0.9022820578124998
0 0.5960381276548805 0.4982067880821173 0.5958099812500001 0.46481744062499997 0.43597424890761943 0.46590958379288266 0.43620239531249994 0.49929893124999997
0 0.4269208118363568 0.3412156069510385 0.426679990625 0.30597129843749993 0.25639989597614327 0.30713480711146146 0.2566407171875 0.342379115625
0 0.5944290152728018 0.5914526067140344 0.59421354375 0.5599182249999999 0.43647764566469827 0.5609960198484656 0.4366931171875 0.5925304015625
0 0.7722793818788248 0.5957988116530557 0.7720385609375 0.5605545031250001 0.6048876665586753 0.5616966289719445 0.6051284875000001 0.5969409375000001
0 0.7672377261495298 0.6889938835206508 0.7669969046875 0.6537495750000001 0.6040182707254704 0.6548631946043495 0.6042590921875001 0.6901075031250002
0 0.4339431524002199 0.9017860665700812 0.433676981239397 0.862831831260749 0.26858480852667715 0.8639598928156678 0.26885097968750005 0.902914128125
0 0.7847421586684814 0.20383800070164826 0.784501337499927 0.1685936921768241 0.6058767163314456 0.16981421803767588 0.6061175375000001 0.2050585265625
0 0.5927840167738154 0.7741788770274877 0.5925685453125 0.7426444937500001 0.43691877697618464 0.7437080339100124 0.4371342484375 0.7752424171875
0 0.7725967743961919 0.5651437928876877 0.772355953125 0.529899484375 0.6052050568538082 0.5310416117998124 0.6054458781250001 0.5662859203124999
0 0.7731019667867605 0.5322577209042286 0.7728738203125 0.498868375 0.6057366285257395 0.5000104087832712 0.605964775 0.5333997546874999
0 0.5974297599783203 0.4360159944659183 0.5971889390625 0.4007716859375 0.4352533712716797 0.4018781758465817 0.43549419218749996 0.437122484375
0 0.42999902750865776 0.8096021803878658 0.429758206249927 0.7743578718643238 0.26782263811626916 0.7754643633514582 0.268063459375 0.8107086718750001
0 0.5938569807099676 0.7449470833956113 0.593628834375 0.7115577359375 0.43587923491503233 0.7126356244168887 0.4361073812499999 0.7460249718749999
0 0.765919269901769 0.7191548788224419 0.7656784484375 0.6839105703125 0.6026998144732311 0.6850241899275581 0.6029406359375 0.7202684984375
0 0.4264446771234548 0.240997915011517 0.4261785062393971 0.2020436796982489 0.2537848744284424 0.20322163031173188 0.2540510453125 0.242175865625
0 0.5962549585633946 0.5306872350782215 0.5960141375 0.49544292499999987 0.4351216367491054 0.4965422883592783 0.43536245781250005 0.5317865984375
0 0.4292471369036669 0.3745572241482583 0.42900631562499997 0.339312915625 0.25664008965883306 0.34049067897674173 0.2568809109375 0.3757349875
0 0.42761347421907014 0.10232492426721043 0.42735997812500004 0.06522565156249999 0.24976471796842986 0.06643914448278959 0.2500182140625 0.10353841718750001
0 0.4317343665528989 0.6273501880951333 0.43150622031249997 0.5939608406250001 0.2622828959471012 0.5951171275298668 0.2625110421875 0.628506475
0 0.43101330252866693 0.4399579382107584 0.43077248125 0.4047136296875 0.25840625528383304 0.4058913930392416 0.25864707656249997 0.4411357015625
0 0.4297479965920389 0.8388283568400536 0.42951984999999987 0.8054390109374998 0.26864105340796096 0.8065382822224458 0.2688692 0.8399276281249998
0 0.43111738547514483 0.6866566505926838 0.43088923906249993 0.6532673031249999 0.265838175462355 0.6543950822198161 0.266066321875 0.6877844296875
0 0.6021715074034318 0.23653972102059528 0.6019306859268242 0.20129541093757294 0.43373672227339233 0.20244466647947768 0.43397754375 0.23768897656250002
0 0.4257363243476274 0.1371718835240552 0.42549550312499995 0.10192757499999998 0.2500000803398724 0.1031267196009448 0.2502409015625 0.13837102812500002
0 0.42770000409116704 0.2752966382107583 0.4274591828018971 0.2400523281357489 0.2550929568357301 0.2412300914874906 0.255333778125 0.27647440156249997
0 0.6056240130716305 0.16935218219894407 0.6053578421875 0.130397946875 0.4329642103658694 0.13157589748855594 0.4332303812499999 0.1705301328125
0 0.780773633778667 0.2728841163357583 0.7805328125000001 0.23763980781250002 0.608166586533833 0.23881757116424174 0.6084074078125 0.2740618796875
0 0.5990256414383688 0.3042779710147542 0.5987848203124999 0.2690336625 0.43580618668663124 0.2701472805477458 0.4360470078125001 0.30539158906249997
0 0.7648798552907474 0.7502155225802424 0.7646390343750001 0.7149712140625 0.6027034650217528 0.7160777039822577 0.6029442859375 0.7513220125000001
0 0.43023544152385673 0.5034727538260385 0.42999462031249996 0.46822844531249996 0.25971452566364317 0.46939195398646144 0.25995534687499994 0.5046362624999999
0 0.769099077447167 0.6579276241387402 0.7688582562499999 0.6226833156249999 0.6037934897403326 0.6238111883612596 0.6040343109374998 0.659055496875
0 0.5943611733981794 0.713864125470262 0.5941457015625 0.6823297437500001 0.43640980472682067 0.6834075401547381 0.4366252765625001 0.7149419218750002
0 0.4264386821488567 0.3077612147635385 0.4261978609375 0.27251690624999997 0.25591776628864327 0.27368041492396145 0.2561585875 0.3089247234375
0 0.7693956056954131 0.6272727475850858 0.769154784364397 0.592028439073249 0.6051330864814839 0.5931491852381632 0.6053739078125 0.62839349375
0 0.43053878886239066 0.40567614277645425 0.43031064218750015 0.37228679531250003 0.25691505332510944 0.37347159316104567 0.25714319999999996 0.40686094062499994
0 0.7614379754002004 0.9046571321907051 0.7611718046874999 0.865702896875 0.5981657636622993 0.866816702184295 0.598431934375 0.9057709375
0 0.7834584746511803 0.23900739289465953 0.7832176531143241 0.20376308437507293 0.6077222300256437 0.20496223054291338 0.6079630515625 0.24020653906249997
0 0.5968910167080865 0.4670732147715957 0.5966501953125001 0.4318289062499999 0.4357576957919134 0.4329282711659042 0.43599851718749993 0.4681725796875
0 0.5951338857621833 0.6220004676489401 0.5949184140624271 0.590466087489324 0.43613944861274384 0.5915510104653839 0.4363549203125 0.6230853906250001
0 0.6085991556685725 0.061219524264373326 0.6083456593643242 0.024120250000072972 0.42970733494575164 0.025340871048199633 0.42996083125 0.062440145312499994
0 0.43054081198623617 0.8666449848414108 0.43032534062499994 0.8351106015624999 0.26841717863876374 0.8362169042210891 0.2686326499999999 0.8677512875
0 0.4335546790239298 0.6574155335242144 0.43331385781250004 0.622171225 0.26303376472607026 0.6233347336632855 0.26327458593749997 0.6585790421875
0 0.7783917933995483 0.3397155897590059 0.778150971864324 0.30447128125007306 0.6078708769022757 0.3056347914910672 0.6081116984375 0.34087910000000005
0 0.599213393069957 0.4021454288369487 0.598972571875 0.3669011203125 0.4339078053675428 0.36802899303805137 0.4341486265624999 0.4032733015625
0 0.7802541975212249 0.30674604290280805 0.7800133765624999 0.27150173437499997 0.6076471509162749 0.2726794961596919 0.6078879718749999 0.30792380468749997
0 0.43046109347597883 0.4705885912042496 0.43023294686425106 0.43719924373939706 0.25892348776327234 0.4383697869101474 0.259151634375 0.47175913437499994
0 0.6082702627383834 0.09971406500550613 0.6080040921874998 0.0607598296875 0.4303951294491165 0.061973414681993876 0.43066129999999997 0.10092765000000001
0 0.5921498448903056 0.8343870098400299 0.5919343734375 0.8028526281249999 0.4362846066721945 0.8039161682849703 0.4365000781250001 0.8354505500000002
0 0.7733197230473635 0.5007018287059798 0.7730915765624999 0.46731248125000013 0.6059543832026364 0.46845451504402025 0.6061825296875 0.5018438624999999
0 0.43089962953309036 0.7182125412025487 0.4306714828017511 0.684823193739397 0.2656204188936607 0.6859509744118484 0.26584856562500003 0.7193403218750001
0 0.4300368758027659 0.778949071025503 0.4297960546875001 0.7437047640625 0.26681742263473407 0.7448183820994968 0.2670582437499999 0.7800626890624999
0 0.43148880141392015 0.5660461646399657 0.4312606546768241 0.532656817187573 0.26099426420040395 0.5338202337976072 0.2612224109375 0.56720958125
0 0.7770411042193988 0.40330852246760773 0.7768129578125 0.36991917812499997 0.6065465676556013 0.3710825931573922 0.6067747140625 0.4044719375
0 0.7619093946855549 0.8703429022736147 0.761668573426824 0.8350985937500728 0.5997330068662692 0.8362050852264581 0.599973828125 0.8714493937500001
0 0.7768509291492818 0.3721820788349318 0.7766101078125 0.33693777031250005 0.6073730786632182 0.3380941524150682 0.6076139 0.3733384609375
0 0.4317566052724546 0.06666109781299875 0.4314904343642511 0.02770686248939706 0.24866614471679654 0.0289560849888983 0.24893231562499998 0.06791032031250001
0 0.43071812588818076 0.5359254132011115 0.4304773046874999 0.50068110625 0.26019721004931917 0.5018446149238885 0.26043803125 0.537088921875
0 0.42977426598177565 0.7483981897820031 0.42953344531250004 0.7131538796875 0.26551174808072436 0.7142746227179968 0.26575256875000003 0.7495189328125
0 0.6061598494713809 0.13173181163661837 0.605919028125 0.096487503125 0.4314666692786192 0.0976795211758816 0.431707490625 0.1329238296875
0 0.7625263571915764 0.8411884272736078 0.7622855359375 0.8059441187499997 0.6003499662459235 0.807050610226392 0.6005907875 0.8422949187500001
0 0.7635402588871799 0.7808775256984594 0.7632994374785752 0.7456332156144698 0.6024069379663952 0.7467325805410105 0.6026477593749999 0.781976890625
0 0.42542189753215576 0.1742898774996297 0.4251557265625 0.13533564062499998 0.25067596184284424 0.13652784593787026 0.2509421328125 0.1754820828125
0 0.5954895681679279 0.5598909567173822 0.595274096875 0.5283565734375 0.43545206776957207 0.5294486214076178 0.4356675390625 0.5609830046875
0 0.7757000106009387 0.43667519902831603 0.7754718640624999 0.403285853125 0.6062485393990611 0.40444214159668396 0.6064766859374999 0.4378314875
0 0.5934763249627438 0.8650307957720557 0.5932608531249269 0.833496414051824 0.43552495628718313 0.8345742104672684 0.435740428125 0.8661085921875001
0 0.4322857993492457 0.5981219585134341 0.4320449781250001 0.5628776484375 0.2617648850257544 0.564041157111566 0.26200570624999997 0.5992854671875001
0 0.5981878148758689 0.37059803195225416 0.59794699375 0.3353537234375 0.4349683601241311 0.33646734148524576 0.43520918124999997 0.37171164999999995
0 0.7635441881055745 0.8114301772677092 0.7633033671875 0.7761858687500001 0.6013677993944255 0.7772923586697907 0.6016086203125 0.8125366671875
0 0.7739514837818677 0.4695697678876146 0.7737106624999999 0.4343254578125001 0.6065597662181321 0.43546758523738544 0.6068005875 0.47071189531249996
0 0.598506205839269 0.33813989757244195 0.598265384364251 0.30289558748939693 0.4352867503999821 0.3040092071044551 0.43552757187499996 0.3392535171875001
0 0.6045762512754329 0.2036666397687814 0.604335429676824 0.16842233125007297 0.43196920340139106 0.16960009616879154 0.43221002499999994 0.20484440468749998