0 0.8737774328125003 0.8093771109375003 0.4557521531048464 0.8071624164783724 0.4555809390625001 0.8394791984375003 0.873606218770154 0.8416938928966282
0 0.4680279734375 0.5818501375 0.046652967704657045 0.5796176951654175 0.04650936875000008 0.6067220953125 0.46788437448284304 0.6089545376470825
0 0.4931981421875 0.15473528593750008 0.052992901559938556 0.15240308210284564 0.05282168749995616 0.18471986563327789 0.4930269281275176 0.18705206946793232
0 0.4926775 0.23976349843750003 0.05268042308131066 0.23743239744419103 0.05252577812500005 0.26662175 0.4925228550436894 0.26895285099330896
0 0.9143844015625 0.4557114546875002 0.48191941614520795 0.4534202576569556 0.48177581718750007 0.4805246578125001 0.9142408026047921 0.4828158548430446
0 0.45922705312500006 0.7306233453125002 0.04524537068387576 0.7284300748612945 0.0451017718750001 0.7555344734375 0.4590834543161244 0.7577277438887057
0 0.9456017499999998 0.18271521875000007 0.4908180294031193 0.18030577711901835 0.490663384375 0.20949512968750011 0.9454471049718807 0.2119045713184818
0 0.4548873078125002 0.8034965515625 0.040697463339538685 0.8013021767009857 0.0405372953125001 0.8315340078125002 0.45472713978546164 0.8337283826740146
0 0.4562238921875001 0.7793466796875 0.042242209754653634 0.7771534092363382 0.04209861093750009 0.8042578093750002 0.45608029337034656 0.8064510798261619
0 0.892242384375 0.6351762515625001 0.47065921638236763 0.632942707955467 0.4704990484292222 0.663174539062456 0.8920822164218546 0.6654080826694891
0 0.46176853593750017 0.6820977234375002 0.04409019263736987 0.679884867036263 0.04394659375000009 0.7069892671875 0.4616249370501304 0.7092021235887371
0 0.46044385937500004 0.707110853125 0.04461384734047198 0.7049077889268579 0.04447024843750008 0.7320121890625 0.4603002604720281 0.7342152532606421
0 0.8864007875000004 0.7362475484375002 0.4630386809409754 0.7340045786995779 0.46288403593745625 0.7631939312582778 0.8862461424964811 0.7654369009962001
0 0.9219903984375 0.4020668562500001 0.4782966590881574 0.39971616931494436 0.4781420140625 0.4289055218750001 0.9218357534118427 0.4312562088100559
0 0.935332446875 0.29290791875000016 0.4841066129047027 0.29051732783584694 0.4839409218750001 0.321791634375 0.9351667558452974 0.3241822252891532
0 0.8904216031250003 0.6862285578125001 0.4652111637273286 0.6839757958798531 0.4650565187500001 0.7131651468750002 0.8902669581476716 0.7154179088076471
0 0.8978409828125 0.6094059734375001 0.47263054341482863 0.6071532115048532 0.47247589843750004 0.6363425625000002 0.8976863378351716 0.6385953244326471
0 0.46306733593750005 0.6570844578124999 0.04538899263736986 0.654871601411263 0.045245393750000085 0.6819760015624999 0.46292373705013035 0.684188857963737
0 0.9248527484375002 0.37516034218750005 0.47191735587971806 0.37276069432005415 0.4717627109375 0.40195004687500013 0.9246981034952821 0.404349694742446
0 0.4915884000000001 0.12640395156250003 0.055079820214678 0.12409133367007788 0.054908606241722155 0.1564081156249562 0.4914171860270443 0.15872073351737837
0 0.4867503765625001 0.32149793750000005 0.05044995748975049 0.319186420871368 0.05029531250000004 0.34837577343750004 0.48659573157274966 0.3506872900661321
0 0.9019926546875 0.5582867875 0.4712372277392719 0.5560046490079493 0.47108258281250015 0.5851940000000002 0.9018380097607283 0.5874761384920509
0 0.4772078921875 0.454195940625 0.04843956753303072 0.4519243311128772 0.04829596874172217 0.47902873124995604 0.47706429339619144 0.4813003407620789
0 0.48207432187500004 0.3747160359375 0.04947056210528221 0.3724241052507754 0.049315917187500044 0.4016134578125 0.48191967695721794 0.40390538849922464
0 0.9430726921874999 0.23770444218750014 0.4863018659689663 0.23528447471401576 0.4861361750000001 0.2665587796875001 0.9429070012185337 0.26897874716098447
0 0.485251609375 0.34893292812500004 0.05086890634398328 0.3466315713078398 0.05071978437495619 0.37477844688327794 0.48510248740597295 0.3770798037004382
0 0.4957972921875001 0.18319279375000005 0.051964777037632436 0.18084137158153374 0.051799085937500024 0.21211567812500004 0.4956316010873677 0.2144671002934663
0 0.9281420281249998 0.349156815625 0.4807516276937759 0.34678654588573543 0.48059698281249996 0.3759758968750001 0.927987383243724 0.3783461666142647
0 0.4795881968750001 0.4283877609375001 0.04897154272420674 0.4261063560934451 0.04882794375000006 0.45321075625 0.4794445979007934 0.455492161094055
0 0.46986874375000004 0.5312399624999999 0.04856312580396294 0.5290078893504692 0.04842505000000007 0.5550698093750001 0.4697306679460372 0.5573018825245308
0 0.46807239375 0.5562297406250001 0.04669738791618634 0.5539972998591011 0.046553789062500066 0.5811017 0.4679287948963138 0.5833341407658991
0 0.8900067078125 0.7114466671875002 0.4647962699778997 0.7091939052548183 0.46464162500000006 0.73838325625 0.8898520628346003 0.7406360181826819
0 0.4881661515625 0.295526184375 0.055701166046837315 0.29323498891297983 0.055557567187500045 0.32033938906250004 0.48802255270316275 0.3226305845245202
0 0.9070822093750002 0.5322927984375001 0.4744784511594605 0.5300008677590095 0.47432380625000004 0.5591902187500001 0.9069275644655397 0.5614821494284907
0 0.4721651203125001 0.505210325 0.04894178789259758 0.50296809205577 0.048798189062500066 0.5300724906250001 0.47202152148240256 0.53231472356923
0 0.8954425156250002 0.5840728781250002 0.4720804076123974 0.5818299068013572 0.47192576250000007 0.6110192593750001 0.8952878705126027 0.6132622306986432
0 0.4924257296875 0.21131842656250002 0.05235926486607153 0.20898695795263747 0.05219909686672214 0.23921878906245614 0.49226556168815067 0.2415502576723187
0 0.46206028906250013 0.6068386671874999 0.046230275355500935 0.6046356045414913 0.04608667655430991 0.6317400046709004 0.4619166902613091 0.633943067316909
0 0.954974821875 0.1228541343750001 0.494437948452043 0.12041421335124743 0.49426673437495633 0.15273099532077794 0.9548036077979134 0.15517091634453062
0 0.47494896875 0.47970452343750003 0.04802897546938127 0.4774427045433434 0.047885376562500054 0.5045471046875 0.4748053698431187 0.5068089235816566
0 0.9491005578125001 0.15276795781250013 0.4978747238333042 0.15037736690661632 0.49770903281250006 0.1816516718750001 0.9489348667916959 0.18404226278088393
0 0.48099197968750007 0.4022741640625 0.04852699427020792 0.3999829670319555 0.048383395312500056 0.42708736718750007 0.4808483807297922 0.42937856421804466
0 0.45698918437500013 0.7548101421875001 0.042938114134873286 0.752616502550888 0.042788992187500104 0.780763378125 0.4568400624276269 0.7829570177616121
0 0.9106894359375 0.5078338640625001 0.47452779267556056 0.5055230826754746 0.4743841937499562 0.532627482820778 0.9105458370118955 0.5349382642078033
0 0.9177622828124999 0.4288869015625001 0.48153125310246836 0.4265757541274753 0.4813821312417222 0.4547226312499563 0.9176131609517537 0.45703377868498113
0 0.460373828125 0.6313286265625 0.04632275777813828 0.6291349884949244 0.04617363593750008 0.6572818640625 0.46022470628436185 0.6594755021300756
0 0.8819138515624998 0.7604432796875 0.46224840273428863 0.7582198958749793 0.4620937578125 0.787409246875 0.8817592066407112 0.7896326306875208
0 0.9305045187499997 0.3218473312500001 0.4831141183104979 0.3194770615106916 0.4829594734209442 0.3486664140624124 0.9303498738604461 0.3510366838017208
0 0.48935347656249994 0.2668677265625 0.05490138551734095 0.2645660036892826 0.05474674062500003 0.2937553546875 0.4891988316701591 0.2960570775607175
0 0.8800770484375002 0.7859957984375001 0.4605503755346179 0.7837731482893482 0.4604067765625001 0.8108775484375002 0.8799334494653823 0.813100198585652
0 0.9423044937500002 0.2094984953125001 0.48560305388164665 0.2070788954472361 0.4854428859292221 0.23731072656245628 0.9421443257975757 0.23973032642772027
0 0.9396646515624998 0.2653086281250001 0.48474215661150033 0.2628984528379419 0.48457646561676604 0.29417275936667825 0.9394989605677655 0.2965829346537365
0 0.9134646781250002 0.48172753437500015 0.4773030348636212 0.4794167529796651 0.4771594359375001 0.5065211531250001 0.9133210791988791 0.5088319345203351
0 0.8932391250000002 0.6609230953125003 0.4680286856023287 0.6586703333798533 0.46787404062495624 0.6878596843832779 0.8930844800226276 0.6901124463159249