0 0.7703541792055884 0.1546909077574306 0.7681496062500001 0.12050283125000001 0.21033520204441167 0.15647275630506946 0.212539775 0.19066083281250007
0 0.7764965120234665 0.05079229034517778 0.7740915234374999 0.013496206250000004 0.20868267235153343 0.04995584715482228 0.2110876609375 0.08725193125000005
0 0.7430383260368412 0.7546722888105776 0.7408337531120596 0.7204842122993229 0.22377739895021848 0.7538259078637454 0.22598197187500002 0.788013984375
0 0.7453323233748893 0.5757782707081925 0.7430609453124999 0.54055419375 0.22038537818761067 0.5742582371043075 0.22265675625 0.6094823140625001
0 0.7476923838619024 0.51298693109766 0.7454878109374998 0.47879885468750016 0.21916826301309747 0.5127378751523402 0.2213728359375 0.5469259515625
0 0.7453186058150024 0.6652416685879657 0.7431140328124999 0.6310535921875 0.22235240199749756 0.6646342189120341 0.224556975 0.6988222953124998
0 0.7455839603405543 0.6348641467330675 0.7433793874999999 0.6006760703125 0.22076511778444563 0.6343761595169324 0.222969690625 0.6685642359374999
0 0.7411291042343497 0.8434797623402192 0.7389245311496615 0.8092916843814703 0.22742609254031168 0.8422749861037513 0.229630665625 0.8764630640625002
0 0.7445238838732873 0.6047718310962468 0.7423193109375 0.5705837546875 0.21970503956421278 0.6042838454662532 0.22190961250000002 0.638471921875
0 0.7455529928923624 0.785711116345049 0.7432148093620596 0.7494510341743229 0.22418322584469727 0.7829201006417741 0.22652140937500004 0.8191801828125002
0 0.7710278353549282 0.18740475453779917 0.7688232622928528 0.15321667647510195 0.21100885818792464 0.1891866016248028 0.21321343124999997 0.22337467968750002
0 0.7684307821951352 0.22192742485461775 0.7662262092746616 0.18773934844397028 0.21396971926702646 0.22335087827685246 0.21617429218750006 0.25753895468749993
0 0.7539392811462206 0.451983959674661 0.751667903125 0.4167598828125 0.2178765047912794 0.45118071532533904 0.2201478828125 0.48640479218750005
0 0.7601288369771071 0.3228318889113757 0.7579242640625 0.2886438125 0.2149309692728929 0.3236580173386242 0.2171355421875 0.35784609375
0 0.754065597843769 0.3880383529826684 0.7518610250000001 0.35385027656249995 0.21627828496873117 0.3883866204548316 0.2184828578125 0.4225746968750001
0 0.7716385062033587 0.12107265206333624 0.769367128125 0.0858485734375 0.21149142660914122 0.12182244949916377 0.21376280468749997 0.15704652812499997
0 0.7459017651218287 0.6948653889149122 0.7436971921875001 0.6606773109375 0.22108292081567132 0.6943774001475879 0.22328749375 0.728565478125
0 0.7429554381009014 0.8152403304204532 0.7406172546810299 0.7789802483371614 0.2252909462676286 0.8122103835417084 0.22762912968750001 0.8484704656250001
0 0.7569618948651733 0.41980991702699627 0.7547573217746615 0.3856218390689702 0.21732194409698832 0.42027765016697394 0.2195265171875 0.454465728125
0 0.7442675827701153 0.7246528957116661 0.7419962046874999 0.6894288171875 0.22302591722988466 0.7228939292883338 0.2252972953125 0.7581180078124999
0 0.7634803510146624 0.25580289057212935 0.7612757780311317 0.22161481416930875 0.21087193014146913 0.25710687984717945 0.21307650312499998 0.29129495625000007
0 0.746596515501148 0.5450367299896524 0.7443251375 0.509812653125 0.21979693137385187 0.5436361606353477 0.222068309375 0.5788602375
0 0.7575482025127324 0.355555843603985 0.7553436295871614 0.3213677671939701 0.21605561144942906 0.35614304233998506 0.21826018437499997 0.39033111875
0 0.760948943224731 0.28872341078068653 0.7587443702121616 0.25453533438147036 0.21575107542493063 0.2895495407882838 0.21795564843750004 0.32373761718750005
0 0.773484455802032 0.08743898721663215 0.7710794671875 0.050142903125000006 0.21308117076046806 0.08612468465836792 0.21548615937499999 0.12342076875000008
0 0.7512887792635162 0.4830936998425831 0.74908420625 0.448905621875 0.2190593816739838 0.483083572032417 0.22126395468750001 0.5172716500000001
0 0.7416132851253991 0.8770089475675951 0.7390746859375001 0.8376408578125 0.22726976331210108 0.8706439211824051 0.22980836250000003 0.9100120109375002