0 0.78078680625 0.6321984375000002 0.2556131937500001 0.6321984375 0.2556131937500001 0.6654015625000002 0.78078680625 0.6654015625000003
0 0.7740423609375002 0.8078867187500001 0.26275763906250005 0.8078867187500001 0.26275763906250005 0.8401132812500001 0.7740423609375002 0.8401132812500001
0 0.78579930625 0.5397542968750001 0.24500069375000008 0.539754296875 0.24500069375000008 0.5734457031250001 0.78579930625 0.5734457031250002
0 0.7990923609375 0.19772460937500008 0.2253076390625 0.19772460937500005 0.2253076390625 0.23727539062500003 0.7990923609375 0.23727539062500008
0 0.7886354171875001 0.508542578125 0.24436458281250012 0.5085425781249999 0.24436458281250012 0.541257421875 0.7886354171875001 0.5412574218750001
0 0.809475 0.04617148437500006 0.215725 0.04617148437500002 0.215725 0.08962851562500006 0.809475 0.0896285156250001
0 0.78777569375 0.40917773437500005 0.2348243062500001 0.40917773437499994 0.2348243062500001 0.44482226562500005 0.78777569375 0.44482226562500016
0 0.805734721875 0.08580390625000005 0.22066527812499998 0.08580390625000002 0.22066527812499998 0.12779609375000006 0.805734721875 0.1277960937500001
0 0.7804187500000002 0.6939308593750001 0.25698125000000005 0.693930859375 0.25698125000000005 0.7256691406250001 0.7804187500000002 0.7256691406250002
0 0.77885069375 0.6630542968750002 0.2571493062500001 0.6630542968750001 0.2571493062500001 0.6967457031250002 0.77885069375 0.6967457031250002
0 0.78275694375 0.6020867187500001 0.2532430562500001 0.6020867187500001 0.2532430562500001 0.6343132812500001 0.78275694375 0.6343132812500002
0 0.782803471875 0.4424218750000001 0.2367965281250001 0.44242187499999996 0.2367965281250001 0.4775781250000001 0.782803471875 0.47757812500000013
0 0.7721381937500003 0.863330859375 0.2660618062500001 0.863330859375 0.2660618062500001 0.895069140625 0.7721381937500003 0.895069140625
0 0.8023305562499999 0.12528046875000007 0.22246944375000002 0.12528046875000004 0.22246944375000002 0.16531953125000007 0.8023305562499999 0.1653195312500001
0 0.7727402781250002 0.8352867187499999 0.2640597218750001 0.8352867187499999 0.2640597218750001 0.8675132812499999 0.7727402781250002 0.8675132812499999
0 0.796922221875 0.23342460937500004 0.227477778125 0.233424609375 0.227477778125 0.27297539062500004 0.796922221875 0.2729753906250001
0 0.7740763890625002 0.7784425781250002 0.2619236109375001 0.7784425781250001 0.2619236109375001 0.8111574218750001 0.7740763890625002 0.8111574218750001
0 0.7957520828125 0.30471289062500007 0.2306479171875 0.304712890625 0.2306479171875 0.34328710937500007 0.7957520828125 0.3432871093750001
0 0.7958201390624999 0.27026875000000006 0.2289798609375 0.27026875 0.2289798609375 0.30933125000000006 0.7958201390624999 0.3093312500000001
0 0.7747784718750002 0.7500425781250001 0.2600215281250001 0.750042578125 0.2600215281250001 0.7827574218750001 0.7747784718750002 0.7827574218750002
0 0.7899499999999999 0.34122187500000006 0.22745 0.341221875 0.22745000000000007 0.37637812500000006 0.7899499999999999 0.3763781250000001
0 0.7775145828125001 0.7222425781250001 0.2592854171875001 0.722242578125 0.2592854171875001 0.7549574218750001 0.7775145828125002 0.7549574218750001
0 0.7843270828125 0.5710542968750001 0.2504729171875001 0.571054296875 0.2504729171875001 0.6047457031250001 0.7843270828125 0.6047457031250001
0 0.7990263890625 0.16226875000000007 0.2243736109375 0.16226875000000004 0.2243736109375 0.20133125000000004 0.7990263890625 0.2013312500000001
0 0.7869375 0.4752660156250001 0.24006250000000007 0.47526601562500004 0.24006250000000007 0.5099339843750001 0.7869375 0.5099339843750001
0 0.7873458328125 0.3753335937500001 0.2300541671875001 0.37533359375 0.2300541671875001 0.4114664062500001 0.7873458328125 0.4114664062500002
0 0.7684659718750002 0.890577734375 0.26933402812500007 0.890577734375 0.26933402812500007 0.926222265625 0.7684659718750002 0.926222265625