0 0.6905367687500001 0.8312499906250002 0.20665927642499646 0.7937325357512421 0.2038218093750001 0.8303284734375002 0.6876993017000039 0.8678459283112581
0 0.7978723656249999 0.20379574531250003 0.2440638463308996 0.16085618744019992 0.24130204530316296 0.19647623137042464 0.7951105645972631 0.23941578924272475
0 0.7387738140625 0.52447911875 0.2255733852984579 0.48468811094968445 0.22284941705773836 0.5198202110485874 0.7360498458217803 0.5596112188489031
0 0.8043765171875001 0.16803153281250008 0.24878352650096516 0.12495361516840964 0.24587039375000003 0.16252544375000005 0.8014633844365349 0.2056033613940905
0 0.7609595453125 0.40257745468750006 0.2348464461101627 0.3617852609280175 0.23223597656250003 0.395453521875 0.7583490757648372 0.4362457156344826
0 0.7719212234375001 0.33896275625000005 0.23722821445641684 0.2975053205862657 0.23476907656249998 0.32922179843750005 0.7694620855435832 0.37067923410123443
0 0.8092761718750001 0.1300670890625001 0.2526768007583937 0.08691114137805167 0.24938533906250004 0.12936242812500004 0.8059847101791064 0.17251837580944848
0 0.6984545328125 0.7776091781249999 0.21030135263128788 0.739760207589938 0.20757738437500003 0.7748923062499999 0.6957305645562123 0.8127412767850618
0 0.715094065625 0.6684589687499999 0.21572707908659758 0.6297405360280812 0.21304094374066299 0.6643846891829245 0.7124079302790655 0.7031031219048431
0 0.6852651578125001 0.8576715359374999 0.2048709948937622 0.8204241606419915 0.20210919375000014 0.8560442046875 0.6825033566687381 0.8932915799830085
0 0.7492462687500001 0.4651167734375001 0.22828682419752128 0.4247241702689596 0.22560068882165102 0.45936832498132574 0.74656013337413 0.4997609281498662
0 0.7098554437500002 0.6973845906250002 0.214000321001941 0.6589384501384214 0.2114655171875001 0.6916308203125001 0.7073206399355592 0.7300769607990787
0 0.7795583734375 0.30575531874999995 0.2404755289453196 0.2639575156609243 0.23782722655316285 0.2981137219954246 0.7769100710453433 0.3399115250845003
0 0.7678210374999999 0.3706937625 0.23564778203869136 0.3294316952260259 0.23299947968749998 0.3635879015625 0.7651727351488086 0.40484996883647406
0 0.7279924281250001 0.5845538296875 0.22086642277477025 0.5452338016057872 0.21821812031250007 0.579390009375 0.7253441256627298 0.6187100374567128
0 0.7031011156250002 0.7501664453125001 0.20978001667576235 0.7119167812275379 0.207093881240663 0.7465609360579247 0.7004149801899008 0.784810600142887
0 0.7848113124999999 0.27139029375 0.2413814431414408 0.2292554452052788 0.23865747487957548 0.264387545303163 0.7820873442381346 0.30652239384788416
0 0.6954647671875002 0.8055263421875001 0.20990268357258263 0.7678782748799032 0.20717871537481397 0.8030103751017503 0.6927407989897314 0.8406584424093471
0 0.7932002359375 0.23775929687500003 0.2402696837827679 0.19488781239356553 0.237545715625 0.23001991093750007 0.7904762677797321 0.2728913954189346
0 0.822084946875 0.09420932656250007 0.2542717662925893 0.0501839164502356 0.2510181375 0.09214725781250002 0.8188313180824107 0.1361726679247645
0 0.7061521859375002 0.7238507671875001 0.21199592418640742 0.6855363484256682 0.20938545468750003 0.719204609375 0.7035417164385928 0.7575190281368318
0 0.7220802703125002 0.6128919750000001 0.21928702575293785 0.5739078874883625 0.2166765562500001 0.6075761484375002 0.7194698008095626 0.6465602359491378
0 0.7197693375 0.640728646875 0.21779698536487335 0.6018082075861357 0.21507301718750002 0.6369403062500001 0.7170453693226267 0.6758607455388643
0 0.7540264515625001 0.43451175 0.2330955428670436 0.39412135935982595 0.23048507332641263 0.4277896217452385 0.7514159820218692 0.4681800123854125
0 0.7436017937500001 0.49534140781250013 0.22523344332708684 0.45514970310681785 0.22254730781250007 0.4897938578125001 0.7409156582354133 0.5299855625181824
0 0.6812976203125001 0.8828574281249999 0.20248817388327672 0.8457329244781908 0.19934804375000006 0.886232428125 0.6781574901792234 0.9233569317718093
0 0.7325352140625 0.554311715625 0.2227753090427786 0.5147874670205692 0.22001350781250006 0.5504075125000001 0.7297734128322214 0.5899317611044308