0 0.39026195952767656 0.3266690689929993 0.3876689733219358 0.29180312500859457 0.21546745910675918 0.30460978101559527 0.21806044531249996 0.339475725
0 0.39193331698562967 0.1231041848569779 0.3892038576969358 0.08640319063359458 0.21162013289880616 0.09961012296411668 0.2143495921875 0.1363111171875
0 0.3902456795846808 0.1568824362120697 0.3876526936344358 0.12201649375859455 0.21231955936225497 0.1350560481715249 0.21491254531249998 0.16992199062500002
0 0.39034942970092035 0.392126537755484 0.3877564436344358 0.3572605953210945 0.21451105768351547 0.37014488412811064 0.21710404374999998 0.4050108265625001
0 0.5513064916719448 0.6542161824405428 0.5489864515624999 0.6230203390625001 0.38859323176555527 0.6349488097469574 0.390913271875 0.6661446531250002
0 0.5533781099798701 0.5345190451938927 0.5509215967594359 0.5014881500085945 0.3903655336545658 0.5134287313772018 0.39282204687500005 0.5464596265624999
0 0.390014155703461 0.6099144933831299 0.38769411562499995 0.5787186499999999 0.21999378023403895 0.5911905519293699 0.2223138203125 0.6223863953124998
0 0.5645087277379895 0.27724179419858785 0.5619157421875 0.24237585156249994 0.39180197694951047 0.25502723861391213 0.3943949625 0.28989318125
0 0.5500415589190923 0.6838039182512735 0.5477215186258413 0.6526080733305304 0.3894160425192487 0.6643812785167568 0.39173608281249994 0.6955771234374999
0 0.5746167925051175 0.06938859480756845 0.5717508609374999 0.030852553125000008 0.3908726746823825 0.04430449269243157 0.39373860625 0.08284053437500001
0 0.7478620123661652 0.1976436001626869 0.7452690265624999 0.16277765937499997 0.5688920188838347 0.17589484671231306 0.5714850046875 0.2107607875
0 0.5535454678213667 0.5032194031289875 0.5510889546875001 0.4701885078125 0.38948901655363344 0.48220672187101254 0.3919455296875 0.5152376171875
0 0.7425066468486461 0.3004725752827753 0.7399136609374999 0.26560663125 0.5677121484638539 0.2784132856547247 0.5703051343750001 0.3132792296875
0 0.5725578190734837 0.10551203229622488 0.5696918874999999 0.06697599218750001 0.3909014496765162 0.08027266614127512 0.39376738125 0.11880870624999999
0 0.3890296363206075 0.9094118665548401 0.38616370468750005 0.870875825 0.22094361992939243 0.8831632693826601 0.22380955156249996 0.9216993109375
0 0.38749697082370665 0.758193690532152 0.38504045781250007 0.7251627953125002 0.22030889948879345 0.7374139079053481 0.22276541249999998 0.7704448031250001
0 0.7240962467649583 0.6796794941427308 0.7215032609375 0.644813553125 0.5534772407350415 0.6573096761697691 0.5560702265624999 0.6921756171874999
0 0.7305069210544103 0.5251322951713915 0.7280504076883412 0.4921013998930303 0.557055608508931 0.5048183125341388 0.559512121875 0.5378492078124999
0 0.5617799152748391 0.3448018846901816 0.5591869296875001 0.30993594375 0.3922047847251609 0.3223544324973184 0.39479777031249996 0.3572203734375
0 0.38672764614640437 0.8749043932856668 0.3844076061258413 0.8437085498930301 0.2219266381044369 0.8557922862948635 0.22424667812500004 0.8869881296875002
0 0.548464894036477 0.8988499698126816 0.5455989625 0.860313928125 0.384554376276023 0.8722908395623186 0.3874203078125 0.9108268812500002
0 0.5709138293672291 0.13886264250815422 0.5683208437499999 0.10399669999999998 0.39194383782027076 0.11711388561684573 0.39453682343749996 0.15197982812499997
0 0.39014695755335793 0.424425200300237 0.38755397187499996 0.3895592593750001 0.21639632994664204 0.4022882809497631 0.21898931562500001 0.4371542218750001
0 0.7173893624240901 0.8000461126635564 0.7147963765539055 0.7651801701969358 0.5509458516298155 0.7773657606583796 0.5535388375000001 0.812231703125
0 0.567343449812673 0.2092752627988257 0.5647504640624998 0.17440932031249998 0.39150507831232684 0.1872936075136743 0.3940980640625 0.22215954999999998
0 0.3906920588722674 0.5793740088943422 0.38837201874999994 0.5481781640625 0.21858393644023258 0.5608053317306577 0.2209039765625 0.5920011765625
0 0.3902998618663954 0.25973349754484126 0.38757040312499996 0.22303250468749997 0.21416217563360457 0.23592890245515868 0.21689163437499995 0.27262989531250004
0 0.3863975814501052 0.8182591860023278 0.38394106874999995 0.7852282921875 0.22129726073739472 0.7973241374351723 0.2237537734375 0.8303550312500001
0 0.5593967333021836 0.40772696553568605 0.5569402203124999 0.3746960703125 0.39116479013531635 0.387024815714314 0.39362130312500004 0.42005571093750005
0 0.39154398418767317 0.45570814092382567 0.38895099843750003 0.4208421984375 0.21570561268732685 0.43372648563867433 0.21829859843750002 0.468592428125
0 0.7174527036595028 0.7687283733304469 0.7149961906164055 0.7356974795719358 0.5523523822694028 0.7477933265539892 0.5548088953125 0.7808242203125003
0 0.5483038892773935 0.7453376875727802 0.5458473765625 0.7123067921875 0.3884229357226066 0.7240144718022197 0.3908794484375 0.7570453671874999
0 0.39020780963791724 0.6989051186875391 0.387751296875 0.6658742249999999 0.21988811848708276 0.6783582359999608 0.22234463125 0.7113891296875
0 0.38686937122698795 0.8454001902747914 0.38454933124999996 0.8142043468749998 0.22102449127301202 0.8263657159752084 0.22334453124999998 0.8575615593749999
0 0.5517279759455067 0.6246911729548424 0.5494079358219358 0.5934953296960945 0.3890147161264291 0.6054238004912522 0.39133475624999997 0.63661964375
0 0.7427538201927385 0.26767238466273185 0.740160834375 0.23280644218750002 0.5690031938697615 0.24553546377476812 0.5715961796875 0.28040140625
0 0.7195702032017854 0.7399001893075798 0.7169772170719358 0.7050342468835946 0.5520828185576504 0.717297471638515 0.5546758046875 0.7521634140625001
0 0.39068868740592094 0.1933438380812546 0.38795922812500006 0.1566428453125 0.21246325165657912 0.16969451191874538 0.21519271093749998 0.20639550468750004
0 0.7253844333845637 0.6481710217617794 0.7229279203039055 0.6151401280094358 0.5550647416068417 0.6276241406226565 0.5575212546875 0.6606550343750002
0 0.3912514943040886 0.5179795327126111 0.3887949812414055 0.4849486373844358 0.21780018224981687 0.4976655484218247 0.22025669531249997 0.53069644375
0 0.738621227267718 0.3649043468568916 0.7361647139555302 0.3318734516866587 0.5641260429378123 0.34466799701726714 0.56658255625 0.3776988921875
0 0.3902707734586967 0.6708275752645876 0.38767778749140547 0.635961632696936 0.21965176715770873 0.6484577558698484 0.22224475312499997 0.6833236984375001
0 0.5469906917173886 0.8048950449227007 0.5446706514469359 0.7736992015710947 0.3874090534795475 0.785394773835894 0.3897290937500001 0.8165906171874999
0 0.3869758452439256 0.7891469112168272 0.38438285937499994 0.7542809687500001 0.22157620631857436 0.7663889262831728 0.22416919218749998 0.8012548687500001
0 0.38943337485808194 0.2935503206038699 0.38684038906249996 0.258684378125 0.214638876704418 0.27149103252113016 0.21723186249999998 0.30635697500000003
0 0.7442780404830819 0.2324854831038698 0.7416850546789053 0.19761954050943578 0.5694835423208235 0.2104261949055659 0.572076528125 0.24529213749999995
0 0.7132882348045468 0.8912751462243345 0.7104223030008411 0.8527391045805303 0.5472899681962942 0.8648712833561959 0.5501558999999998 0.9034073249999999
0 0.5472172275392102 0.8620719902541945 0.544897187277466 0.8308761454452535 0.3855478409882559 0.8427269833160592 0.38786788125 0.8739228281250002
0 0.39148479770438727 0.4861509481012643 0.38916475781250004 0.4549551046875 0.21624505698311275 0.4678151706487358 0.218565096875 0.4990110140625001
0 0.5479469288380409 0.774433499672487 0.5456268890625 0.7432376578125 0.3873214164744591 0.7550108612650128 0.38964145624999996 0.7862067031249999
0 0.39733108161452146 0.08626006809963098 0.39446514987584125 0.04772402801803036 0.21149921826131973 0.061331234918399355 0.21436514999999995 0.09986727499999999
0 0.7280791461552873 0.5870901155843038 0.7256226327141249 0.5540592205522231 0.5567155818713375 0.5666208674679194 0.5591720953125 0.5996517625000001
0 0.7146606392404083 0.828447379915976 0.7120676530094358 0.7935814375085946 0.5492610012690273 0.8056893966551186 0.5518539875 0.8405553390625
0 0.5635976531461967 0.31009135807708743 0.5610046670719357 0.2752254140710945 0.39297864673823907 0.28772153724400706 0.39557163281249996 0.32258748125
0 0.5663274088911486 0.24392616753501306 0.5637344234375 0.209060225 0.3915329098588513 0.2218668777774869 0.39412589531250003 0.2567328203125
0 0.7342623755051849 0.4288989561477604 0.7318058625 0.39586806249999984 0.561854938557315 0.4085073407272395 0.5643114515625001 0.441538234375
0 0.7335084473135245 0.4621353967837056 0.7310519343750002 0.4291045031249999 0.5600571354989755 0.4418214141537944 0.5625136484375 0.47485230781250004
0 0.5547321199791273 0.4735636800103055 0.5521391343750001 0.4386977375000001 0.3903763565833727 0.45072806061469456 0.39296934218750007 0.485594003125
0 0.5485828352712532 0.7144024746527854 0.5462627953125001 0.6832066312500001 0.3890011975412469 0.6949022019097149 0.39132123750000003 0.7260980453125001
0 0.3903446186932559 0.22562719714200452 0.3877516328125 0.19076125625 0.21346237193174417 0.20372317785799554 0.21605535781250002 0.23858911875000005
0 0.3894790916319336 0.3590108956614079 0.3868861062414054 0.3241449545719359 0.2157284661719719 0.3368739745355279 0.2183214515625 0.371739915625
0 0.39019262188052267 0.6412400831966363 0.38759963593749996 0.606374140625 0.21957361561947727 0.6188702636783635 0.22216660156249998 0.6537362062499998
0 0.7291921592186328 0.5570413066503374 0.7265991734374999 0.522175365625 0.5564854095313672 0.5348267542871626 0.5590783953125 0.5696926953125001
0 0.725976830681747 0.6163157324491951 0.723656790625 0.5851198890624999 0.5559564536932531 0.5975917909883046 0.55827649375 0.6287876343749998
0 0.7358920088519981 0.39597011836888496 0.7335719685274661 0.3647742735702534 0.5627400112379679 0.37747907551386833 0.5650600515624999 0.40867492031249997
0 0.547096841754618 0.833982251059993 0.5447768014383412 0.8027864061430302 0.3864713268712232 0.8145596113330373 0.38879136718749996 0.8457554562500003
0 0.5687903325118547 0.1754152756151715 0.5660608733219357 0.13871428125859459 0.392652645497581 0.1516106806434231 0.39538210468749996 0.18831167499999998
0 0.3890416628741195 0.7285851483567807 0.38658515000000004 0.6955542546875001 0.22080971993838056 0.7078830000807195 0.22326623281250005 0.74091389375
0 0.5567104108689256 0.4416311534043274 0.5541174249999999 0.40676521093749984 0.3913107719435744 0.4188731684706727 0.39390375781250003 0.4537391109375001
0 0.7319058670071676 0.4931690457167722 0.72931288125 0.4583031046875 0.5591991158053322 0.4709544933457277 0.5617921015624999 0.5058204343749999
0 0.7139327199871526 0.8566481839718119 0.7116126795805303 0.8254523391866592 0.5491317111558777 0.8375360770898472 0.5514517515625 0.868731921875
0 0.5525994241930641 0.5636462229964101 0.5502793843664054 0.5324503795719358 0.3898861648608413 0.5443788487630257 0.39220620468749995 0.5755746921875
0 0.5603591475622294 0.3753717858053699 0.5579026342508413 0.34234089051803035 0.3921272038761119 0.35466963752516045 0.3945837171875 0.3877005328125
0 0.5519927862429493 0.5964989796180558 0.5495362734374999 0.5634680859375 0.3889802121945506 0.5754086656944442 0.391436725 0.6084395593749999
0 0.39092461401310247 0.5508114815261785 0.38833162812499994 0.5159455390625 0.21821786254939748 0.5285969278488214 0.22081084843749998 0.5634628703125
0 0.7218372544529033 0.710237925306587 0.71924426875 0.6753719828124999 0.5522621236720967 0.6877904715684128 0.554855109375 0.7226564140624999
0 0.7397067277919674 0.3338611767786547 0.7371137421875 0.29899523281249996 0.5659561003330326 0.31172425290884526 0.5685490859375 0.3465901968749999