0 0.7644 0.16560833281250006 0.2144 0.16560833281250004 0.2144 0.20519166718750004 0.7644 0.2051916671875001
0 0.7490259265625002 0.7353958328125001 0.24717407343750009 0.7353958328125 0.24717407343750009 0.7656041671875001 0.7490259265625002 0.7656041671875002
0 0.7472259265625001 0.7062958328125001 0.24537407343750012 0.7062958328125 0.24537407343750012 0.7365041671875001 0.7472259265625002 0.7365041671875001
0 0.7601925921875 0.30285000000000006 0.2250074078125 0.30285 0.2250074078125 0.34035000000000004 0.7601925921875 0.3403500000000001
0 0.7569888890625001 0.37009166718750003 0.22921111093750007 0.3700916671875 0.22921111093750007 0.4055083328125001 0.7569888890625001 0.40550833281250015
0 0.7648481484375 0.23440833281250004 0.2185518515625 0.2344083328125 0.2185518515625 0.27399166718750007 0.7648481484375 0.2739916671875001
0 0.7523296296875001 0.5869541671875 0.24307037031250006 0.5869541671875 0.24307037031250006 0.6192458328125001 0.7523296296875001 0.6192458328125002
0 0.7634703703125 0.26975000000000005 0.2227296296875 0.26975 0.2227296296875 0.30725 0.7634703703125 0.3072500000000001
0 0.749077778125 0.6166541671875001 0.24352222187500008 0.6166541671875 0.24352222187500008 0.6489458328125001 0.749077778125 0.6489458328125002
0 0.7444407406250002 0.8724125 0.2629592593750001 0.8724125 0.2629592593750001 0.9067875000000001 0.7444407406250002 0.9067875000000001
0 0.75368148125 0.5255125 0.2407185187500001 0.5255124999999999 0.2407185187500001 0.5598875000000001 0.75368148125 0.5598875000000001
0 0.7560111109375 0.40161250000000004 0.2337888890625001 0.4016125 0.2337888890625001 0.4359875000000001 0.7560111109375 0.43598750000000014
0 0.7606925921875 0.33615000000000006 0.22550740781249998 0.33615 0.22550740781250003 0.37365000000000004 0.7606925921875 0.3736500000000001
0 0.7453481484375002 0.7637958328125001 0.24905185156250007 0.7637958328125001 0.24905185156250007 0.7940041671875001 0.7453481484375002 0.7940041671875002
0 0.7546333328125 0.49553333281250006 0.2379666671875001 0.49553333281249995 0.2379666671875001 0.5288666671875001 0.7546333328125 0.5288666671875002
0 0.766677778125 0.13070833281250008 0.21112222187500002 0.13070833281250005 0.21112222187500002 0.17029166718750005 0.766677778125 0.17029166718750008
0 0.75325555625 0.5567541671875001 0.24214444375000008 0.5567541671875 0.24214444375000008 0.5890458328125001 0.75325555625 0.5890458328125001
0 0.7550851859375001 0.4343541671875001 0.23471481406250008 0.43435416718750003 0.23471481406250008 0.46664583281250005 0.7550851859375001 0.46664583281250016
0 0.7551333328125 0.46461250000000004 0.23846666718750006 0.4646125 0.23846666718750006 0.49898750000000003 0.7551333328125 0.49898750000000014
0 0.7472259265625001 0.6775958328125001 0.24537407343750012 0.6775958328125 0.24537407343750012 0.7078041671875 0.7472259265625001 0.7078041671875002
0 0.764303703125 0.05756666718750005 0.20689629687500002 0.05756666718750002 0.20689629687500002 0.09923333281250005 0.764303703125 0.09923333281250009
0 0.7467481484375001 0.7906541671875 0.2504518515625001 0.7906541671875 0.2504518515625001 0.8229458328125 0.7467481484375001 0.8229458328125
0 0.7652740734375 0.20080833281250005 0.2171259265625 0.20080833281250002 0.2171259265625 0.24039166718750002 0.7652740734375 0.24039166718750007
0 0.7676296296875 0.09396666718750005 0.2083703703125 0.09396666718750002 0.2083703703125 0.13563333281250006 0.7676296296875 0.1356333328125001
0 0.7504296296875 0.6463541671875002 0.2411703703125001 0.6463541671875 0.2411703703125001 0.6786458328125 0.7504296296875 0.6786458328125001
0 0.7467962968750002 0.8203166671875 0.25420370312500007 0.8203166671875 0.25420370312500007 0.8494833328125001 0.7467962968750002 0.8494833328125001
0 0.7439925921875001 0.8458166671875 0.2588074078125001 0.8458166671875 0.2588074078125001 0.8749833328125 0.7439925921875001 0.8749833328125