0 0.9499802412915977 0.5194537633364843 0.948201453125 0.4907244859375 0.5169735149584022 0.5174241882260157 0.5187523031249999 0.546153465625
0 0.5141570970168423 0.840272672623119 0.5122275640625 0.8091087109374999 0.10001702798315779 0.8346309414393808 0.10194656093749999 0.8657949031249998
0 0.499768479269902 0.5944585179199007 0.49814043584112644 0.5681639250059671 0.08086765500872442 0.5939995867735663 0.0824956984375 0.6202941796874999
0 0.5013963589924568 0.5689630128857025 0.4996778687499999 0.541207609375 0.07715570819504317 0.5673682886767976 0.07887419843750001 0.5951236921875
0 0.5079350922960463 0.7663812751308023 0.5062769000000001 0.7395997453125001 0.09419591551645383 0.7651139529941977 0.0958541078125 0.7918954828125
0 0.9368458214378487 0.7197919176722622 0.9351273311536265 0.692036514068467 0.5178113675282777 0.7178748495212048 0.5195298578124998 0.7456302531250001
0 0.5030023209071858 0.3003974003998036 0.5011330859375 0.2702073125 0.048169491592814216 0.29825278866269644 0.050038726562500004 0.32844287656250004
0 0.5028993223963415 0.35626346915366014 0.5010300873976595 0.3260733811595936 0.053272685313818034 0.35379651356843345 0.0551419203125 0.3839866015625
0 0.5076967699406854 0.8123009428187846 0.5060687264601593 0.7860063499095938 0.099208329956974 0.8111973242783093 0.1008363734375 0.8374919171874999
0 0.5053574922561284 0.2436117583178985 0.5033375125 0.21098698593749993 0.0372864624313717 0.23984277918210145 0.0393064421875 0.2724675515625
0 0.5073217282828782 0.7891110769353464 0.5057539827101595 0.7637903577220935 0.09631928098978122 0.789140721411747 0.0978870265625 0.8144614406249999
0 0.9623030579043677 0.2469210820967543 0.9603735249095934 0.2157571204148406 0.5056457435677257 0.2439118289430863 0.5075752765625001 0.275075790625
0 0.5054712798222349 0.21323984293627046 0.503541746875 0.1820758812499999 0.034063082677764984 0.21114389768872943 0.035992615625 0.24230785937500005
0 0.940595970529307 0.6207658735583809 0.9389377781249999 0.5939843437500001 0.522518298220693 0.6197671733166192 0.524176490625 0.646548703125
0 0.503667602619683 0.18440887298924266 0.5016777718750001 0.15227103749999996 0.03217031925531693 0.1813408348232573 0.03416015 0.21347867031250006
0 0.9450360231484582 0.5700253191271336 0.9433175327101591 0.5422699139720935 0.518192276749201 0.5685917667199598 0.5199107671875 0.596347171875
0 0.966081228701591 0.3321577851199475 0.9643024405226595 0.3034285077220935 0.5148528258835683 0.331256414789646 0.5166316140625 0.3599856921875
0 0.5039900250967175 0.6440945985665212 0.5023318328065329 0.6173130702161262 0.0850446577098154 0.6431496232121051 0.08670285 0.6699311515625
0 0.9424816391684516 0.6449751157531749 0.9408234468750003 0.6181935874999999 0.5218008702065485 0.6441375889343249 0.5234590625 0.6709191171875
0 0.5032540719114528 0.32836757756684276 0.5014149859315331 0.2986644280286265 0.051936581207580226 0.32649411764928377 0.0537756671875 0.3561972671875
0 0.9547504422914974 0.4131009418754482 0.953001803113066 0.384858601369753 0.5139789670715686 0.4120409282443049 0.51572760625 0.4402832687500001
0 0.9488296110678801 0.5453084170668709 0.9470809718749997 0.5170660765625 0.5176028264321195 0.5436574391831291 0.519351465625 0.5718997796875
0 0.5067107293128873 0.7413861492628817 0.5050826858470935 0.7150915563523406 0.09561919559670613 0.7404437024019589 0.0972472390625 0.7667382953125
0 0.5049956074135306 0.6204954692341282 0.5032771171875001 0.5927400656249999 0.08249035664896945 0.6187932963908718 0.084208846875 0.6465487000000001
0 0.962171630368406 0.3600293742726731 0.9603928421875001 0.33130009687500006 0.513546322756594 0.358966831977327 0.5153251109375001 0.38769610937500004
0 0.9639090407931997 0.3044508074389748 0.9620699546875 0.27474765625 0.5177977451443003 0.30225500193602517 0.51963683125 0.331958153125
0 0.9328085338989309 0.8158767188948435 0.9309995968749998 0.7866605046874999 0.5205820395385687 0.8120717201676564 0.5223909765624999 0.8412879343749999
0 0.5013231683763438 0.4657897110729577 0.49951423124403294 0.43657349677862645 0.06393340349268908 0.4635427107056687 0.06574234062499999 0.49275892499999996
0 0.5009775817725768 0.5429169417241134 0.499289240625 0.5156484749999999 0.07331068072742326 0.5420231567133864 0.074999021875 0.5692916234374998
0 0.9386979766038032 0.6959960763531141 0.9369493374940332 0.6677537358411264 0.51701587964023 0.6937541329255124 0.5187645187500001 0.7219964734375
0 0.5025246057368263 0.15387936326574697 0.5004443280226595 0.12028071709709351 0.030893692598333217 0.14935318976884654 0.0329739703125 0.1829518359375
0 0.9325468839908311 0.7898001929197022 0.9309188406250002 0.7635056 0.5214553488216692 0.7888577445802978 0.5230833921875001 0.8151523375
0 0.5092224225615828 0.6691418854590834 0.50753408125 0.64187341875 0.08762941337591723 0.6678720348534168 0.0893177546875 0.6951405015625001
0 0.49932409277161127 0.5182252444971234 0.4975453046874999 0.48949596718749994 0.0689204650408886 0.5160344961278766 0.07069925312499999 0.5447637734375
0 0.9511265823580983 0.4407428937930721 0.9493176452101595 0.41152667959709344 0.5163399144145611 0.4383347217415213 0.5181488515624999 0.46755093593749997
0 0.9304604662961481 0.7659596201818484 0.9288625718750001 0.7401519640625 0.519413475891352 0.7655032173181516 0.5210113703125001 0.7913108734375001
0 0.9339450979803117 0.7437969769521783 0.9322266078065333 0.7160415749036264 0.5192491363887217 0.7416112901389481 0.5209676265625001 0.7693666921875
0 0.5004926058717475 0.49186894847359336 0.49868366855128593 0.46265273272806057 0.06744133455453846 0.48935332800446707 0.06925027187499999 0.51856954375
0 0.9526363923493459 0.49324976212705707 0.9507973062499998 0.4635466109374999 0.5178051826506539 0.4903555441229428 0.5196442687500001 0.5200586953124999
0 0.9568162063609247 0.38677746818788283 0.9549771203124999 0.35707431718749993 0.5141757045765751 0.3843667661871171 0.5160147906250001 0.4140699171875
0 0.5032779500602642 0.41022114822637634 0.5015293109375 0.38197880781250004 0.0590356811897358 0.4093760298986238 0.06078432031250001 0.4376183703125001
0 0.9426623824506771 0.595899775477859 0.9409438921875001 0.5681443734375 0.5210248284868231 0.594143882334641 0.5227433187500001 0.6218992843750001
0 0.5033231162377039 0.3839668613327872 0.5014538811536264 0.353776773443467 0.05803497272842258 0.38123128711067983 0.0599042078125 0.41142137500000003
0 0.5024306885839858 0.43799150639220236 0.5006217515625 0.40877529374999994 0.06243782860351417 0.43590567954529763 0.06424676562500001 0.46512189218750005
0 0.5102728032155319 0.7176846516920881 0.5086146109375 0.6909031234375 0.09132743428446811 0.7167396764329118 0.0929856265625 0.7435212046874999
0 0.938308464127174 0.6715940904106071 0.936559825 0.6433517515625 0.5192294639978259 0.6691909783393928 0.520978103125 0.6974333171875
0 0.5034969084165475 0.2728698173370153 0.5015372265625 0.24121891875 0.042456555645952535 0.26964313735048473 0.0444162375 0.30129403593750004
0 0.9521806703608758 0.46701749509960094 0.9504320312500003 0.4387751562499999 0.5166153921391244 0.4656351392753991 0.51836403125 0.4938774781250001
0 0.5098845241238752 0.6930941092429529 0.5082866296875 0.667286453125 0.09016054306362487 0.6931749470070471 0.09175843749999998 0.718982603125
0 0.9644974109888074 0.27608410412798146 0.9626583248916925 0.24638095293821988 0.515783017027885 0.27404947068523855 0.517622103125 0.3037526218750001