0 0.9477282734421045 0.7848423086572085 0.5092191593750001 0.7774159546874999 0.5086898218703956 0.8086721163427913 0.9471989359374999 0.8160984703124999
0 0.48340246867938896 0.4541642310059298 0.03391530468750005 0.4465519578124999 0.0334212562946051 0.47572437521716815 0.48290842028649406 0.483336648410598
0 0.48778422802551963 0.5360780310302169 0.04384779687500005 0.5285597624999999 0.043353748536532524 0.5577321783712372 0.487290179687052 0.5652504469014541
0 0.4926114030187777 0.6930356763157148 0.0634769328125001 0.6857680859375 0.0629828844812226 0.7149405018092854 0.4921173546875002 0.7222080921875002
0 0.4857597655255196 0.5094308716552169 0.04182333437500005 0.501912603125 0.04132928603698053 0.5310850189697831 0.4852657171875001 0.5386032875000001
0 0.4872074685942803 0.589235650197702 0.05079544062500008 0.5818448109375 0.05033668140571991 0.6089334857397981 0.48674870937500014 0.6163243250000001
0 0.9576674281339894 0.5200241044494988 0.49892904062500004 0.5122551562500001 0.4984349921516086 0.5414275737015075 0.9571733796605979 0.5491965219010061
0 0.49827060069856577 0.793659316715241 0.0727749109375001 0.7864533515625001 0.07226321805143453 0.8166676410972589 0.49775890781250015 0.82387360625
0 0.49703064517967144 0.8183711169386865 0.07344691250000009 0.8111975312500002 0.07295286419532865 0.840369947123814 0.49653659687500007 0.8475435328125002
0 0.49226008111177044 0.7195842392631043 0.06694952187500008 0.7123814078125 0.06649076263778167 0.7394700810758499 0.49180132187455206 0.7466729125264542
0 0.9637233993148241 0.408351755789801 0.49567207656249995 0.40042508906250013 0.495160383497676 0.4306393801476992 0.9632117062500003 0.4385660468750002
0 0.9509483610571744 0.6536333399175506 0.5068885125000001 0.6461129796875001 0.5063591748538718 0.6773691413320015 0.950419023411046 0.6848895015620521
0 0.4755607495694359 0.15884278562712123 0.003438678125000019 0.1508471796875 0.0028211176176162166 0.18731270189933288 0.4749431890620521 0.1953083078389541
0 0.4763644508264354 0.2818992569001603 0.015590687500000033 0.274095840625 0.015043705422668596 0.3063938728402479 0.475817468749104 0.31419728911540823
0 0.9571873022001351 0.46461000153699433 0.49666037812499997 0.45681076562499995 0.49618397436236494 0.48494131096300575 0.9567108984375002 0.4927405468750001
0 0.9629269781696863 0.3792033399102645 0.4966641890625 0.3713069640625001 0.4961348515178138 0.4025631257147356 0.9623976406250001 0.41045950156250005
0 0.4787211608941663 0.34153049822199766 0.023683260937500037 0.33382422031250003 0.023189212516431773 0.3629966377415084 0.478227112473098 0.3707029156510061
0 0.9495259259592478 0.7585391818588787 0.5072546125 0.7510491109375 0.5067076302382921 0.7833471446762714 0.94897894369754 0.79083721559765
0 0.9442066010121015 0.8832678142224406 0.5110630953125 0.875932328125 0.5104808239609964 0.9103141061160656 0.943624329660598 0.9176495922135063
0 0.9437888226048112 0.8343203948410544 0.510892153125 0.8269890906249999 0.5103804602076887 0.8572033817214455 0.9432771296875 0.8645346859374999
0 0.47432170417495156 0.22109359544883822 0.006023542187500027 0.21316274843750005 0.005441270825048622 0.2475445248636619 0.4737394328125001 0.2554753718750001
0 0.4966412719038247 0.744128609138511 0.06935704843750008 0.7368923515625 0.0688629999451694 0.766064768959587 0.496147223411494 0.773301026535598
0 0.4812600155304006 0.37028738728215804 0.024371870312500044 0.362549775 0.023877821942249473 0.39172219089530225 0.48076596716014997 0.39945980317746027
0 0.9598145180090907 0.3507577260996208 0.49731392812499997 0.34292506406250006 0.4968022350885592 0.37313935520283953 0.95930282497265 0.38097201723996027
0 0.4864683654808961 0.48182951224875764 0.036981203125000056 0.474217240625 0.036487154831604036 0.5033896580637423 0.4859743171875001 0.5110019296874999
0 0.49443658897939463 0.7694035169144201 0.07270310000000009 0.7622612656250001 0.07220905164560558 0.7914336830855799 0.4939425406250001 0.7985759343750001
0 0.4820231546181601 0.39841391225759554 0.02698525625000005 0.390707634375 0.026491207855385855 0.4198800502419564 0.48152910622354594 0.42758632812455205
0 0.48273924052983314 0.42603939816506936 0.03140183281250006 0.418395790625 0.030907784470167017 0.44756820652243057 0.4822451921875001 0.4552118140625
0 0.9570349937915825 0.5452839523851084 0.50002343125 0.5375442500000001 0.4994940937084175 0.5688004101148917 0.9565056562500001 0.5765401125000001
0 0.9430627992765912 0.8579778849731488 0.5137432031250002 0.8507071593750002 0.5131962210359092 0.8830051915893513 0.9425158171875001 0.8902759171874999
0 0.961602237462025 0.436450277855361 0.497313115625 0.4285873265625 0.496819067225475 0.45775974401963904 0.9611081890624998 0.46562269531250006
0 0.5044207088213598 0.8672156751596936 0.07867818281250008 0.8600055281250001 0.07809591149069241 0.8943873045542603 0.5038384374995521 0.9015974515889538
0 0.952651342171411 0.6265490633431308 0.5048910046875001 0.6189660359375 0.5043616672035891 0.6502221975943693 0.9521220046875 0.657805225
0 0.47870121669753385 0.18941073249759227 0.0028786546875000213 0.18135245781249998 0.0022610942399662074 0.21781798000240776 0.47808365624999993 0.22587625468750003
0 0.4727947790272178 0.24998172356100584 0.00819710781250003 0.24211354843749996 0.007614836597782229 0.2764953264389941 0.4722125078125 0.2843635015625
0 0.49155436403988473 0.6674053841345892 0.06056965156250009 0.6601064578125 0.06007560314761542 0.689278873677911 0.49106031562500013 0.6965778000000001
0 0.9446725085937224 0.809781816245225 0.5116524203125 0.8024484218750001 0.5111054382812776 0.8347464540672751 0.9441255265625002 0.8420798484375002
0 0.4905015561733073 0.6418752122305467 0.057666598437500084 0.6345449515624999 0.0571725500506867 0.6637173674300512 0.4900075077864939 0.6710476280980979
0 0.48880165385294544 0.6160547780814604 0.05232791718750006 0.6086628921874999 0.051851513308100575 0.6367934375430917 0.488325249973546 0.644185323437052
0 0.9507890274056241 0.6791221412234563 0.5066674687500001 0.6716007375000002 0.5061204866568759 0.703898769714044 0.9502420453125 0.7114201734375001
0 0.4756341109673312 0.31336461848866837 0.020596212500000037 0.30565833906250006 0.02010216400666276 0.33483075492192965 0.47514006247399393 0.3425370343480979
0 0.9551666483693545 0.4921682966576061 0.49827850312500005 0.4844306843750001 0.49778445475474953 0.5136031002703023 0.9546725999991038 0.5213407125529083
0 0.950801944539106 0.7059770167205752 0.5068038046875001 0.6984577031250001 0.5062921117099981 0.7286719942698332 0.9502902515616041 0.7361913078654083
0 0.4860605834407908 0.5623824124737818 0.04773660000000006 0.55495919375 0.04726019624670927 0.5830897390887182 0.48558417968749995 0.5905129578125001
0 0.4971080905149926 0.8420838997529263 0.07537460000000011 0.8349416484375002 0.07488055167250768 0.8641140643095742 0.49661404218750016 0.8712563156250003
0 0.9565386430593457 0.6000228651378953 0.5032892796875001 0.5923468765625002 0.5027775866277066 0.6225611677010592 0.9560269499995521 0.6302371562764543
0 0.9497862539116199 0.7322308599691483 0.5093651875 0.7247721265625 0.5088182054633805 0.7570701587808518 0.9492392718750002 0.7645288921875001
0 0.9568952391360943 0.2889575789749686 0.4850817156250001 0.28096719843750007 0.4845523780509577 0.3122233601139857 0.9563659015620519 0.32021374065145414
0 0.962817476717065 0.31873056287668605 0.494581025 0.3108007625 0.494016398282935 0.34414066993581405 0.9622528499999999 0.3520704703125001
0 0.9576759883184996 0.573729396383828 0.5007261328125001 0.5659907390625001 0.5002144398065005 0.5962050301786722 0.9571642953125001 0.6039436875000002