0 0.7762078609374999 0.16832588593750003 0.2260636001819159 0.14761216836615082 0.22457163587654097 0.18723787036903525 0.774715896632125 0.20795158794038446
0 0.71419886875 0.7371971296875001 0.21247679192459187 0.7183065756150807 0.21133818750000008 0.7485472437500001 0.7130602643254083 0.7674377978224195
0 0.7147881421875002 0.7080468734375002 0.21306606686940105 0.6891563193628457 0.2119274625000001 0.7193969859375 0.7136495378180993 0.7382875400121545
0 0.7607692218750001 0.30532792656250013 0.2254886538662854 0.28517384739754165 0.22407521400375296 0.3227139843727881 0.7593557820124677 0.3428680635377466
0 0.75206610625 0.37240930468750005 0.22426345761982658 0.35253677961740415 0.22292854218749997 0.38799135312500005 0.7507311908176735 0.40786387819509595
0 0.7710182609375001 0.23710176562500013 0.22456688301667943 0.21652709012354032 0.22307491875000007 0.25615279062499996 0.7695262966708208 0.27672746612645976
0 0.7296540000000001 0.5889678312500001 0.22045400529893588 0.5697957231392448 0.21923687656250007 0.6021219515625 0.7284368712635644 0.6212940596732555
0 0.7667491421874999 0.2723706765624999 0.22592924614906407 0.2520080332782825 0.22451580619346484 0.2895481718140411 0.7653357022319007 0.3099108150982585
0 0.723978478125 0.6185280765625001 0.2184713646786506 0.5994950106392138 0.21725423593528811 0.631821239121247 0.7227613493816376 0.6508543050445332
0 0.6984019875000002 0.8739601218749999 0.21680647516651833 0.8558273612946072 0.2155108218750001 0.8902391546875001 0.697106334208482 0.908371915267893
0 0.7360355109375001 0.527613478125 0.22305047800104968 0.5082988597288118 0.22175482488250592 0.5427106531205762 0.7347398578189562 0.5620252715167645
0 0.7485088406250001 0.403874671875 0.22629159537501153 0.3842124456089579 0.22499594218750002 0.4186242375 0.7472131874374887 0.4382864637660421
0 0.7585396609375001 0.33862687968750016 0.22325909142724437 0.31847280046600646 0.22184565156250008 0.35601293750000007 0.7571262210727558 0.3761670167214938
0 0.7082051640625001 0.765442159375 0.21202241527689264 0.7467601693630413 0.21088381087875302 0.7770008374977881 0.7070665596643605 0.7956828275097468
0 0.7394406250000001 0.4976878859375001 0.22280878317787484 0.47823595859526113 0.221552392128753 0.5116049718727881 0.7381842339508782 0.5310568992150271
0 0.7813381671874999 0.13353216562500003 0.2256545784037763 0.11260988393438146 0.22416261406250002 0.15223558593750008 0.7798462028462236 0.17315786762811866
0 0.7330513578125 0.5588205640624999 0.22200491627468666 0.5395789340177624 0.22078778750000003 0.5719051624999999 0.7318342290378134 0.5911467925447375
0 0.7449032593750001 0.43656209218750003 0.22462460682057622 0.41697285745577845 0.22340747812500003 0.4492990859375 0.7436861306794238 0.4688883206692216
0 0.7424723531249999 0.466804225 0.2257944360235442 0.4473505628576321 0.22449878281028815 0.4817623563087469 0.741176699911744 0.5012160184511149
0 0.717139390625 0.679363953125 0.21541731364639238 0.6604734006134849 0.21427870931625304 0.6907140687477881 0.7160007862948606 0.7096046212593031
0 0.7849631578125 0.06034490312500009 0.22734097465730985 0.03934962989561032 0.2257704859352881 0.08106089224624712 0.7833926690904782 0.1020561654756369
0 0.70740070625 0.79233706875 0.2111258052877616 0.7736516090768175 0.20990867656250006 0.8059778375000001 0.7061835775247385 0.8246632971731825
0 0.7741956218750001 0.20353775156250004 0.22589780338328502 0.18289355418568737 0.22440583900596484 0.22251925618904114 0.77270365749768 0.24316345356585384
0 0.7852972984375001 0.09684810156250005 0.22582867314599636 0.0757833064577764 0.22425818437500006 0.11749456875000006 0.7837268096665037 0.13855936385472373
0 0.7228932078125001 0.648261153125 0.21369321148048442 0.6290890450708286 0.2124760827493292 0.6614152735527823 0.7216760790813448 0.6805873816069536
0 0.7050186140625001 0.8219837234374999 0.2125748264435226 0.8034425104696352 0.2114754843750001 0.83264039375 0.7039192719939775 0.8511816067178648
0 0.7001340125000002 0.8473632921875 0.21507599522017334 0.8291001635944614 0.21397665306404107 0.8582980484940353 0.6990346703438679 0.8765611770870739