0 0.7447719720380965 0.2165531357413521 0.7430853937500002 0.18402626718749998 0.2212309920244036 0.21108538300864796 0.2229175703125 0.24361225156250005
0 0.6745157261857849 0.8283450690587968 0.6729298390624999 0.7977601031249998 0.22247242225171499 0.8211171543787028 0.224058309375 0.8517021203124997
0 0.7629449646305873 0.08412507782751406 0.7610821765625 0.0481998796875 0.22409207286941274 0.07604381123498592 0.22595486093749995 0.11196900937499998
0 0.7078794190629061 0.4875161199999118 0.7063187046874999 0.4574166296875 0.22119317468709393 0.48257128781258823 0.22275388906249996 0.5126707781250001
0 0.7114951245943393 0.46055530031355146 0.7099092375 0.429970334375 0.22038932071816064 0.45535284812394855 0.2219752078125 0.48593781406250003
0 0.7589895252389376 0.11873584996471757 0.7571770828124998 0.08378160312500002 0.2228993638235622 0.11148489222278239 0.22471180624999998 0.14643913906249997
0 0.6891229061953235 0.6476890123640948 0.6877384015625001 0.6209878515625 0.2212207969296766 0.645177653260905 0.22260530156249997 0.6718788140624998
0 0.6930538508836381 0.6233244975230547 0.6915183093749999 0.5937104828125002 0.2203357788038618 0.6181421696644455 0.2218713203125 0.6477561843750002
0 0.6966270930459425 0.5709002271332037 0.6950915515625 0.5412862125 0.2221729069540574 0.5658079197417962 0.22370844843749996 0.5954219343749999
0 0.7226294968030124 0.37273514067560504 0.7209932640625 0.34117922343750007 0.2226845781969875 0.36701745151189513 0.22432081093749998 0.39857336875000005
0 0.7400771215163873 0.24894163485414636 0.7383653703124999 0.21592929062500002 0.22253324879611275 0.2426761417083536 0.22424499999999997 0.27568848593749995
0 0.7174323306485194 0.43156826010217797 0.715770925 0.3995268671875 0.2217484099764806 0.42514285083532216 0.22340981562499995 0.4571842437500001
0 0.6941271630686459 0.5966625680139434 0.6926419671875002 0.5680195046875001 0.22156765099385428 0.5924455804235567 0.22305284687500007 0.6210886437500001
0 0.6995942902378722 0.5440170393730073 0.6980084031249999 0.5134320734374999 0.22064126444962767 0.5381844434394926 0.2222271515625 0.568769409375
0 0.6796545502866684 0.7760740542058987 0.6782197 0.7484019421875001 0.2211424872133315 0.7721022426691013 0.22257733750000003 0.7997743546875
0 0.7057639549243544 0.5153403903249035 0.7042032406250001 0.48524089999999986 0.22081382320064566 0.5103055362375963 0.2223745375 0.5404050265625
0 0.6744278037411574 0.8003386960393059 0.673068471875 0.7741230109374999 0.22222997438384265 0.7974998227106939 0.22358930625 0.8237155078124999
0 0.7482218448642327 0.18451658478738325 0.74651009375 0.151504240625 0.22199741451076727 0.1787011933376168 0.223709165625 0.21171353750000005
0 0.6858610067577862 0.6995753102114398 0.6843758109375 0.670932246875 0.22285010417971382 0.6948632085385602 0.22433529999999996 0.723506271875
0 0.6846288199445801 0.725614998653019 0.683168796875 0.6974574109375 0.2225652550554198 0.7213405575969809 0.22402527812499998 0.7494981453124999
0 0.6896729871753512 0.6742110783334115 0.6882129640625 0.646053490625 0.22240108782464882 0.6702066997915884 0.2238611109375 0.6983642875
0 0.7235431426846366 0.3418387088240119 0.7219320828125 0.31076826718749995 0.22280944950286335 0.3366486989884881 0.22442050937500002 0.367719140625
0 0.6833721424433686 0.7509581073359576 0.6819372921875 0.7232859953124998 0.2213878575566314 0.7471663364140423 0.22282270781250002 0.7748384484375002
0 0.7282437664549712 0.31147608504221364 0.7265823609375001 0.27943469218749994 0.2247473444825288 0.30545576652028633 0.22640874999999996 0.337497159375
0 0.7214997527262407 0.40121783164390734 0.719913865625 0.370632865625 0.2199772847737594 0.39655550273109264 0.22156317187500002 0.42714046875000006
0 0.7524190524697246 0.15292806332784717 0.7506317828125 0.11845929218749998 0.22161650221777535 0.1458897147971528 0.223403771875 0.18035848593749998
0 0.7366799568195487 0.2807643854664513 0.7349430328125001 0.247266565625 0.22339708068045142 0.2737911707835487 0.22513400468749997 0.30728899062500004