0 0.47657777812499996 0.17844257812500003 0.046022221875000026 0.178442578125 0.046022221875000026 0.21115742187500003 0.47657777812499996 0.21115742187500008
0 0.4759076390625 0.262219140625 0.049692360937500034 0.26221914062499996 0.049692360937500034 0.292980859375 0.4759076390625 0.29298085937500007
0 0.472184721875 0.5976281250000001 0.07461527812500006 0.5976281250000001 0.07461527812500006 0.6249718750000001 0.472184721875 0.6249718750000001
0 0.4703166671875 0.69233984375 0.0744833328125001 0.69233984375 0.0744833328125001 0.72066015625 0.4703166671875 0.72066015625
0 0.9162395828125 0.3991398437500001 0.4917604171875 0.3991398437500001 0.4917604171875 0.4274601562500001 0.9162395828125 0.42746015625000017
0 0.8962951390624999 0.6989750000000001 0.4857048609375 0.698975 0.4857048609375001 0.7302250000000001 0.8962951390624999 0.7302250000000001
0 0.4742208328125 0.644883984375 0.07317916718750009 0.644883984375 0.07317916718750009 0.672716015625 0.4742208328125 0.672716015625
0 0.47092916718750005 0.39588398437500005 0.05947083281250004 0.395883984375 0.05947083281250004 0.423716015625 0.47092916718750005 0.423716015625
0 0.9292861109375 0.29148398437500006 0.4883138890625 0.29148398437500006 0.4883138890625 0.31931601562500006 0.9292861109375 0.31931601562500006
0 0.8970930562499999 0.6501074218750001 0.48910694374999997 0.650107421875 0.48910694374999997 0.6798925781250001 0.8970930562499999 0.6798925781250003
0 0.9071333328125 0.5010957031250001 0.4904666671875 0.5010957031250001 0.4904666671875 0.5299042968750001 0.9071333328125 0.5299042968750002
0 0.47269513906249994 0.44713984375000004 0.06210486093750004 0.44713984375000004 0.06210486093750005 0.47546015625000004 0.47269513906249994 0.47546015625000004
0 0.47181875 0.668583984375 0.07338125000000009 0.668583984375 0.07338125000000009 0.696416015625 0.47181875 0.696416015625
0 0.91924375 0.3735722656250001 0.48955624999999997 0.3735722656250001 0.48955624999999997 0.4004277343750001 0.91924375 0.4004277343750002
0 0.474997221875 0.49792812499999994 0.06180277812500007 0.49792812499999994 0.06180277812500007 0.5252718749999999 0.474997221875 0.5252718749999999
0 0.9251138890625 0.3466839843750001 0.49108611093750004 0.3466839843750001 0.49108611093750004 0.3745160156250001 0.9251138890625 0.3745160156250001
0 0.4705208328125 0.547728125 0.06947916718750007 0.547728125 0.06947916718750007 0.575071875 0.4705208328125 0.575071875
0 0.8910270828125 0.77066328125 0.48217291718750016 0.7706632812499999 0.48217291718750016 0.80093671875 0.8910270828125 0.80093671875
0 0.9077354171875 0.5517515625 0.48846458281249994 0.5517515625 0.48846458281249994 0.5810484375 0.9077354171875 0.5810484375000001
0 0.47334861093750014 0.808742578125 0.0792513890625001 0.808742578125 0.0792513890625001 0.841457421875 0.47334861093750014 0.841457421875
0 0.8999270828125001 0.6265515625000001 0.4910729171875 0.6265515625 0.4910729171875 0.6558484375000001 0.8999270828125001 0.6558484375000002
0 0.9121395828125 0.45067226562500007 0.4876604171875 0.450672265625 0.4876604171875 0.47752773437500007 0.9121395828125 0.4775277343750002
0 0.47487569374999994 0.20785156250000006 0.04692430625000002 0.2078515625 0.04692430625000003 0.23714843750000006 0.47487569374999994 0.2371484375000001
0 0.889325 0.816754296875 0.4830750000000002 0.816754296875 0.4830750000000002 0.850445703125 0.889325 0.850445703125
0 0.46901250000000017 0.78523984375 0.07838750000000008 0.78523984375 0.07838750000000008 0.81356015625 0.46901250000000017 0.81356015625
0 0.4694465281250002 0.763628125 0.0779534718750001 0.763628125 0.0779534718750001 0.790971875 0.4694465281250002 0.790971875
0 0.9130076390624999 0.42502812500000003 0.48679236093749995 0.425028125 0.48679236093749995 0.45237187500000003 0.9130076390624999 0.45237187500000015
0 0.9114375000000001 0.47599570312500006 0.4895625 0.475995703125 0.4895625 0.5048042968750001 0.9114375000000001 0.5048042968750002
0 0.47218680625 0.572972265625 0.07201319375000007 0.572972265625 0.07201319375000007 0.599827734375 0.47218680625 0.599827734375
0 0.8949291671875 0.7469191406250001 0.4834708328125002 0.746919140625 0.4834708328125002 0.7776808593750001 0.8949291671875 0.7776808593750002
0 0.47524166718750005 0.23457500000000003 0.04815833281250003 0.23457499999999998 0.04815833281250003 0.26582500000000003 0.47524166718750005 0.2658250000000001
0 0.93008819375 0.2623632812500001 0.48651180624999996 0.2623632812500001 0.48651180624999996 0.2926367187500001 0.93008819375 0.2926367187500001
0 0.9034631937500001 0.6018957031250001 0.49113680625 0.6018957031250001 0.49113680625 0.6307042968750001 0.9034631937500001 0.6307042968750002
0 0.90539930625 0.5261632812500001 0.48960069375000004 0.52616328125 0.48960069375000004 0.5564367187500001 0.90539930625 0.5564367187500002
0 0.47248680624999995 0.620495703125 0.07231319375000007 0.620495703125 0.07231319375000009 0.649304296875 0.47248680624999995 0.649304296875
0 0.4776798609375 0.14875429687500002 0.044520139062500026 0.148754296875 0.044520139062500026 0.18244570312500002 0.4776798609375 0.18244570312500002
0 0.8954291671875 0.7227750000000002 0.4839708328125 0.7227750000000001 0.4839708328125001 0.7540250000000002 0.8954291671875 0.7540250000000002
0 0.889725 0.793819140625 0.48347500000000015 0.7938191406249999 0.48347500000000015 0.824580859375 0.889725 0.824580859375
0 0.47566944375000003 0.31678398437500005 0.05553055625000004 0.316783984375 0.05553055625000004 0.34461601562500005 0.47566944375000003 0.3446160156250001
0 0.4752354171875 0.3429398437500001 0.05596458281250004 0.34293984375000003 0.05596458281250004 0.3712601562500001 0.4752354171875 0.3712601562500001
0 0.4776076390625 0.2907839843750001 0.05139236093750005 0.290783984375 0.05139236093750005 0.3186160156250001 0.4776076390625 0.3186160156250001
0 0.4702611109375 0.42187226562499996 0.060538889062500045 0.42187226562499996 0.060538889062500045 0.44872773437499996 0.4702611109375 0.44872773437499996
0 0.8978291671875 0.6744191406250001 0.4863708328125 0.674419140625 0.4863708328125 0.7051808593750001 0.8978291671875 0.7051808593750002
0 0.4687805562500002 0.7396515625 0.0764194437500001 0.7396515625 0.0764194437500001 0.7689484375 0.4687805562500002 0.7689484375
0 0.47182500000000005 0.522928125 0.06557500000000008 0.522928125 0.06557500000000008 0.550271875 0.47182500000000005 0.550271875
0 0.9255479171875001 0.3189839843750001 0.4906520828125 0.3189839843750001 0.4906520828125 0.3468160156250001 0.9255479171875001 0.3468160156250001
0 0.9056312500000001 0.5766515625000002 0.49156875 0.5766515625 0.49156875 0.6059484375000002 0.9056312500000001 0.6059484375000002
0 0.47026319375 0.36988398437500003 0.05793680625000004 0.36988398437500003 0.05793680625000004 0.39771601562500003 0.47026319375 0.3977160156250001
0 0.4689805562500001 0.716883984375 0.0766194437500001 0.716883984375 0.0766194437500001 0.744716015625 0.4689805562500002 0.744716015625
0 0.47483125 0.47282812500000004 0.06076875000000007 0.47282812500000004 0.06076875000000007 0.500171875 0.47483125 0.500171875