0 0.4823098734375001 0.6099897750000001 0.4818933187513149 0.5828787593195279 0.08148589999963121 0.5890309296634981 0.08190245468581636 0.6161419453439703
0 0.9025029078125 0.45256469843750013 0.9020703318113732 0.42441095189321276 0.4738816452888669 0.4309899750243706 0.4743142212899937 0.45914372156865796
0 0.46695624531249996 0.25618488906250003 0.4664595839580025 0.2238602189416435 0.041847801562499995 0.23038428437499997 0.04234446291699745 0.26270895449585646
0 0.9025156453125 0.62778471875 0.9020830693025186 0.5996309721815908 0.492394699976367 0.6059257422118707 0.49282727598634846 0.6340794887802799
0 0.4650468015625001 0.3078165812500001 0.4645982042117084 0.2786201053552041 0.0493289484375 0.2850006249999999 0.0497775457882917 0.31419710089479586
0 0.906088975 0.841556884375 0.9056884416872629 0.8154886027307475 0.5053118140625 0.8216403 0.5057123473752372 0.8477085816442524
0 0.49092723125 0.7284856281249998 0.4905266979327171 0.702417344894895 0.09755019528812943 0.708455340601367 0.09795072860541232 0.7345236238314719
0 0.471329903125 0.4372411578125 0.4709133483996547 0.41013014215547006 0.0649558359131294 0.4163675890388669 0.06537239063847464 0.44347860469589684
0 0.9062208843749999 0.7726891421875 0.9058043296046158 0.745578126505836 0.503546878125 0.7517587234375 0.503963432895384 0.778869739119164
0 0.9059318359375 0.725033684375 0.9055152813179699 0.6979226686954716 0.4995577656006295 0.7041601140388669 0.4999743202201595 0.7312711297183954
0 0.899819171875 0.6518354906250001 0.8994026171246322 0.6247244749436194 0.4952951359375001 0.6309334968750001 0.49571169068786797 0.6580445125563807
0 0.48153739062499995 0.5598970046875 0.48115287857998146 0.5348714523685995 0.07525694375 0.5411079531249999 0.07564145579501849 0.5661335054439005
0 0.8999415609374999 0.4278521109375002 0.8995250062458766 0.4007410968187425 0.47506717187499997 0.407262796875 0.4754837265666233 0.4343738109937577
0 0.902696503125 0.32324086093750015 0.9022318844517457 0.2930016525929944 0.46658149218749995 0.2996953234374999 0.4670461108607543 0.32993453178200566
0 0.49392404531250006 0.7751774906250002 0.4935395333184333 0.7501519383068208 0.10059382185136698 0.7561894609618707 0.10097833384543362 0.7812150132800499
0 0.902186190625 0.27008188281250006 0.9017215719722431 0.23984267134470166 0.4605210827644964 0.24662161718823755 0.4609857014172534 0.2768608286560359
0 0.46440085781250007 0.33415960000000006 0.4639522603435717 0.30496312410353166 0.057933165624631223 0.3112015187259981 0.05838176309355958 0.34039799462246656
0 0.9020991984375002 0.3505843921875 0.9016345797201843 0.32034518230457576 0.4678342187259982 0.32701042812536885 0.46829883744331396 0.35724963800829307
0 0.9049464734375 0.8678908468750001 0.9044818547437113 0.8376516385302034 0.5058320999999999 0.8437768031249997 0.5062967186937886 0.8740160114697962
0 0.4892197234375 0.7517201984375002 0.48883521142649 0.7266946476568757 0.09958956406213124 0.7326753202884981 0.09997407607314122 0.7577008710691225
0 0.9064838906249999 0.7484546484375 0.9060673358996547 0.7213436327804701 0.5001098218509983 0.7275810796878688 0.5005263765763435 0.7546920953448986
0 0.9041323687500002 0.8191796203125001 0.9037158140188881 0.7920686046313918 0.5070084578125 0.7981639250000001 0.507425012543612 0.8252749406811082
0 0.4610911265625 0.22914090312500002 0.4605944652793365 0.19681623300515336 0.039682745312500003 0.203283446875 0.04017940659566351 0.23560811699484666
0 0.50326405625 0.8696153515624999 0.5028314801429827 0.8414616049927168 0.1097933984375 0.8475005484375 0.11022597454451724 0.8756542950072831
0 0.901111359375 0.5769799156250002 0.9007268473351105 0.5519543633301686 0.485580753101367 0.5583329906493704 0.4859652651412564 0.583358542944202
0 0.8993848437499998 0.527986503125 0.898968289006943 0.5008754874437227 0.485610646875 0.5072266359375 0.486027201618057 0.5343376516187772
0 0.8993059937500002 0.40257175937499995 0.8988573965121862 0.37337528348180354 0.47433798278812944 0.3798979281013671 0.4747865800259433 0.4090944039945635
0 0.8999690656249999 0.24248121562500002 0.8995044469534157 0.21224200728051795 0.46385405468713115 0.21893567810099818 0.4643186733587153 0.24917488644548022
0 0.49591028125000003 0.7982968984375001 0.4955097479100174 0.7722286167928617 0.10623331249999998 0.7782097624999998 0.10663384583998259 0.8042780441446382
0 0.9024196578125 0.29588990000000004 0.9019710605354806 0.2666934241062485 0.4626513921634984 0.27344347187536877 0.46309998944051783 0.3026399477691203
0 0.4857032796875001 0.632123853125 0.48531876777570826 0.6070983008319821 0.08497292966386699 0.6132495234618707 0.08535744157565878 0.6382750757548885
0 0.4811654953124999 0.5839329203125 0.48078098322774443 0.5589073679930368 0.0785851109375 0.56508701875 0.07896962302225552 0.5901125710694631
0 0.4845787937499999 0.6806228937500001 0.4841782603528436 0.6545546120805558 0.09120175937426242 0.6605926093269963 0.09160229277141871 0.6866608909964407
0 0.9018222187499999 0.478628734375 0.9013736214028277 0.44943225848025536 0.4768542078124999 0.45595490468749994 0.47730280515967227 0.4851513805822446
0 0.9010391843749999 0.21503029375 0.9005745656867313 0.18479108542927833 0.45752404531249996 0.1915984578125 0.45798866400076854 0.22183766613322162
0 0.90094280625 0.5531942765625001 0.900526251529443 0.5260832608815413 0.4853185765625 0.5324628343749999 0.485735131283057 0.5595738500559586
0 0.46977537187499996 0.4115327015625 0.4693588171736566 0.38442168746760136 0.063401303125 0.390659134375 0.06381785782634344 0.4177701484698986
0 0.9014321171875002 0.3775284921875 0.9009674985116259 0.3472892823051624 0.4727172328125001 0.35386925156250004 0.47318185148837444 0.3841084614448377
0 0.47345238906249987 0.4622400046875 0.4730358343607876 0.4351289905685995 0.0670783203121312 0.44136643747599813 0.06749487501384344 0.46847745159489856
0 0.48588669218750014 0.6573944640625001 0.4854701373237214 0.6302834468177225 0.0887627828125 0.63637876875 0.08917933767627874 0.6634897859947777
0 0.496976265625 0.8220312046875001 0.4965597109088504 0.7949201890066038 0.10725248437499998 0.8009018078125001 0.1076690390911496 0.8280128234933963
0 0.4988441843750001 0.843587965625 0.4984596723628122 0.8185624148683555 0.10921402656250004 0.8245430875 0.10959853857468801 0.8495686382566445
0 0.9048567359374999 0.7005193734375 0.9044401812074152 0.673408356194615 0.4966326374756294 0.6796742281013669 0.497049192205714 0.7067852453442519
0 0.9037061624999998 0.6030144859375002 0.9032896077986148 0.575903470256813 0.48623190312500003 0.5823114687500001 0.486648457826385 0.6094224844306873
0 0.4875878484374999 0.705328603125 0.48717129366061335 0.6782175874432438 0.09416400156250002 0.6842560578125 0.09458055633938658 0.7113670734942562
0 0.46987513437499995 0.281108921875 0.4694265371359 0.25191244600578183 0.044907124975998206 0.25843509062536874 0.04535572221509813 0.2876315664945869
0 0.9054294062500002 0.7957093859375002 0.905028873015213 0.7696411027325597 0.5046522452884983 0.775792798437869 0.5050527785232857 0.8018610816428093
0 0.8996343687499999 0.5034518390625002 0.8992178140505478 0.47634082340583694 0.4821601093749999 0.482748821875 0.4825766640744522 0.5098598375316633
0 0.47947426249999997 0.5362197406249999 0.4790737291508208 0.5101514589802315 0.07314700468749999 0.5163884328124999 0.07354753803667916 0.5424567144572683
0 0.4777986109375 0.48720468593750005 0.477382056231786 0.46009367028074816 0.06957451091386697 0.4663595422118706 0.06999106561958099 0.49347055786862254
0 0.47748856718749993 0.5120406578125001 0.47707201246215475 0.48492964215547013 0.07111449841349819 0.4911670890628687 0.07153105313884343 0.5182781047198987
0 0.46944699375 0.38468316250000006 0.46904646036383946 0.3586148808547081 0.057569640624999995 0.36493713125000005 0.05797017401116043 0.391005412895292
0 0.9041762562500001 0.6770419734375002 0.9037276587793412 0.6478454975410071 0.4977085656246311 0.654083892163498 0.49815716309528985 0.683280368059991
0 0.46511069531250004 0.35993944218750007 0.46469414062905534 0.33282842650706684 0.0550365625 0.3391227234375 0.055453117183444714 0.3662337391179332