0 0.7391853101565793 0.08050278318218891 0.73732369375 0.043072514062499984 0.19821019765592066 0.06988564025531105 0.20007181406250002 0.10731590937499999
0 0.7395254156215486 0.11508611416409908 0.7377155109375001 0.0786955734375 0.20231881875345148 0.10532383896090095 0.20412872343750005 0.14171437968750003
0 0.7430254132802492 0.14955397380727473 0.7411637967974799 0.11212370312885542 0.2001995757047308 0.13902887619658075 0.20206119218750002 0.17645914687500006
0 0.7409189773114397 0.18307909881044462 0.7390573609375 0.145648828125 0.19624241487606017 0.17264604650205542 0.19810403125 0.21007631718750003
0 0.7388450069054022 0.2170028519403342 0.7369833906250001 0.1795725828125 0.20527278840709778 0.2060175199346658 0.20713440468750002 0.24344778906250003
0 0.7376777767586525 0.24855925797898265 0.7358678718749999 0.21216871718750002 0.20787407480384731 0.23842879827101732 0.20968397968749994 0.2748193390625
0 0.7383583288830549 0.28266704255870756 0.7364967124224798 0.2452367718788556 0.21033828197692506 0.27140556994514803 0.21219989843749998 0.30883584062499997
0 0.7258510070408496 0.8787518409940909 0.7239893905474798 0.8413215703163559 0.24039760381913008 0.8653732918222653 0.24225922031249994 0.9028035625000003
0 0.7246161275486 0.8457472816221676 0.7231164921875 0.8155951203124998 0.23778148963890006 0.8397335402528323 0.23928112499999998 0.8698857015625002
0 0.723232109517142 0.8200212380690785 0.7216807625000001 0.7888293453125 0.23633040298285812 0.8129685291184219 0.23788174999999998 0.8441604218750001
0 0.7227665903795624 0.7928695041025258 0.7211118203125001 0.7595981515625001 0.23202929712043785 0.7839229552724744 0.23368406718750007 0.8171943078125
0 0.7260031426477171 0.7646122481245908 0.7242966607824599 0.7303011656327109 0.2277958837597427 0.7549949237581199 0.229502365625 0.7893060062499999
0 0.7254894847296214 0.7362204840689076 0.7237830030474799 0.7019094031288556 0.2217300526928586 0.7268793003099481 0.22343653437500005 0.76119038125
0 0.7254794430704617 0.7083248233394477 0.72372125 0.6729740140625 0.22535439130453824 0.6977605797855523 0.227112584375 0.7331113890625
0 0.7262446769181843 0.678347693443839 0.7245381952388354 0.6440366125813756 0.22433596988315124 0.6689144628875365 0.2260424515625 0.70322554375
0 0.729387414310572 0.6500742590757858 0.7276809328125001 0.6157631796874999 0.22562798256442815 0.6407330752992142 0.22733446406250005 0.6750441546875001
0 0.729239881498072 0.6200633106382859 0.7275334000000001 0.58575223125 0.2254804497519281 0.6107221268617142 0.22718693124999997 0.6450332062500002
0 0.7319634019255401 0.5905099340683642 0.73025692023498 0.5561988531288555 0.22450252299693982 0.5813528440604914 0.2262090046875 0.615663925
0 0.7304907504416461 0.5605648903144386 0.72878426875 0.526253809375 0.22488059643335387 0.5513157534355614 0.22658707812499998 0.585626834375
0 0.729403251337845 0.5298794197261839 0.7277484812499999 0.4966080671875 0.2238601658496549 0.5216692458988161 0.2255149359375 0.5549405984375
0 0.72970793942554 0.5001670075058641 0.7280014577349798 0.46585592656635527 0.22224706049693976 0.4910099174979912 0.2239535421875 0.5253209984375
0 0.7309630440861963 0.4701863589934767 0.7292565625 0.43587527812500004 0.2235021652888037 0.4610292675690233 0.22520864687499995 0.49534034843749997
0 0.7313600456563568 0.43994820594575135 0.7296535640624999 0.405637125 0.22019771996864318 0.43097520811674866 0.2219042015625 0.4652862890625
0 0.7297595348249648 0.40920903406390163 0.7280530531250001 0.37489795312500007 0.22044793392503523 0.4001439909360984 0.22215441562500002 0.434455071875
0 0.7337692566115978 0.3769901028196059 0.7320627749999999 0.34267902187499993 0.21520403713840214 0.36838529249289403 0.21691051875 0.4026963734374999
0 0.7340690690340778 0.34545599032346147 0.7323625875 0.3111449109374999 0.2155038497159222 0.33685118155153854 0.21721033125 0.37116226093750004
0 0.7366711832056998 0.3138073715664172 0.7349647014849799 0.27949629062885545 0.21070306671678027 0.30557075031243836 0.2124095484375 0.3398818312500001