0 0.7284708328125001 0.7144957031250001 0.2649291671875001 0.714495703125 0.2649291671875001 0.7433042968750001 0.7284708328125002 0.7433042968750001
0 0.73804305625 0.5798074218750001 0.2675569437500001 0.579807421875 0.2675569437500001 0.6095925781250001 0.73804305625 0.6095925781250002
0 0.7664826390624999 0.12642187500000007 0.24651736093749999 0.12642187500000004 0.24651736093749999 0.16157812500000007 0.7664826390624999 0.16157812500000007
0 0.734375 0.6341191406250001 0.2656250000000001 0.634119140625 0.2656250000000001 0.6648808593750001 0.734375 0.6648808593750002
0 0.7569701390625 0.25586601562500005 0.2526298609375 0.255866015625 0.2526298609375 0.29053398437500005 0.7569701390625 0.2905339843750001
0 0.7315388890625 0.6609191406250001 0.26626111093750005 0.660919140625 0.26626111093750005 0.6916808593750001 0.7315388890625 0.6916808593750001
0 0.7526298609375 0.31804257812500003 0.2569701390625 0.318042578125 0.2569701390625 0.35075742187500003 0.7526298609375 0.3507574218750001
0 0.7274347218750001 0.7399515625000002 0.2673652781250001 0.7399515625 0.2673652781250001 0.7692484375000002 0.7274347218750001 0.7692484375000002
0 0.7293708328124999 0.6877632812500001 0.26582916718750005 0.68776328125 0.26582916718750005 0.7180367187500001 0.7293708328124999 0.7180367187500002
0 0.7467875 0.40951914062500006 0.26241250000000005 0.40951914062499994 0.26241250000000005 0.44028085937500006 0.7467875 0.44028085937500017
0 0.755434028125 0.287442578125 0.254565971875 0.28744257812499996 0.254565971875 0.320157421875 0.755434028125 0.32015742187500007
0 0.7262986109375003 0.7663515625 0.2697013890625001 0.7663515624999999 0.2697013890625001 0.7956484375 0.7262986109375003 0.7956484375000001
0 0.7630465281250001 0.09058945312500005 0.24655347187499999 0.09058945312500002 0.24655347187499999 0.12721054687500005 0.7630465281250001 0.12721054687500008
0 0.74214930625 0.49596328125000005 0.2638506937500001 0.49596328125 0.2638506937500001 0.5262367187500001 0.74214930625 0.5262367187500001
0 0.7437173609375 0.4676191406250001 0.2636826390625001 0.467619140625 0.2636826390625001 0.4983808593750001 0.7437173609375 0.4983808593750002
0 0.7601743062499999 0.22386601562500003 0.25062569375 0.223866015625 0.25062569375 0.258533984375 0.7601743062499999 0.2585339843750001
0 0.764346528125 0.15877773437500006 0.247853471875 0.15877773437500003 0.247853471875 0.19442226562500006 0.764346528125 0.1944222656250001
0 0.7521298609375 0.34937500000000005 0.2564701390625 0.349375 0.25647013906250005 0.38062500000000005 0.7521298609375 0.3806250000000001
0 0.7237881937500001 0.8401867187500001 0.2802118062500001 0.8401867187500001 0.2802118062500001 0.8724132812500001 0.7237881937500001 0.8724132812500001
0 0.740647221875 0.5239191406250001 0.2649527781250001 0.523919140625 0.2649527781250001 0.5546808593750001 0.740647221875 0.5546808593750001
0 0.7608423609375 0.19181015625000006 0.2495576390625 0.19181015625000003 0.2495576390625 0.22598984375000003 0.7608423609375 0.22598984375000009
0 0.7270305562500001 0.792872265625 0.2721694437500001 0.792872265625 0.2721694437500001 0.819727734375 0.7270305562500001 0.819727734375
0 0.7443854171875001 0.43857500000000005 0.26261458281250005 0.438575 0.26261458281250005 0.46982500000000005 0.7443854171875001 0.46982500000000016
0 0.7486895828125 0.37918671875000004 0.2617104171875001 0.37918671875 0.2617104171875001 0.4114132812500001 0.7486895828125 0.4114132812500002
0 0.7239243062500001 0.81721640625 0.2768756937500001 0.81721640625 0.2768756937500001 0.84358359375 0.7239243062500001 0.84358359375
0 0.73654305625 0.6072632812500001 0.2660569437500001 0.6072632812500001 0.2660569437500001 0.6375367187500001 0.73654305625 0.6375367187500002
0 0.7402791671875 0.5521191406250001 0.2663208328125001 0.552119140625 0.2663208328125001 0.5828808593750001 0.7402791671875 0.5828808593750001