0 0.7809962968749999 0.43335000000000007 0.2384037031250001 0.43335 0.2384037031250001 0.4708500000000001 0.7809962968749999 0.47085000000000016
0 0.7860888890625001 0.7213541671875001 0.2583111109375001 0.7213541671875 0.2583111109375001 0.7536458328125001 0.7860888890625002 0.7536458328125002
0 0.786540740625 0.5953125000000001 0.25505925937500007 0.5953125 0.25505925937500007 0.6296875000000001 0.786540740625 0.6296875000000002
0 0.7828592593750001 0.8385541671875 0.2643407406250001 0.8385541671875 0.2643407406250001 0.8708458328124999 0.7828592593750001 0.8708458328124999
0 0.788896296875 0.5320125000000001 0.24630370312500008 0.5320125 0.24630370312500008 0.5663875 0.788896296875 0.5663875000000002
0 0.7879777781249999 0.36745000000000005 0.2324222218750001 0.36745 0.2324222218750001 0.4049500000000001 0.7879777781249999 0.4049500000000002
0 0.7846888890625 0.6906125000000001 0.2569111109375001 0.6906125000000001 0.2569111109375001 0.7249875000000001 0.7846888890625 0.7249875000000002
0 0.8004925921874999 0.04320416718750006 0.2153074078125 0.04320416718750002 0.2153074078125 0.08799583281250005 0.8004925921874999 0.08799583281250009
0 0.7787296296875001 0.89735 0.2694703703125001 0.89735 0.2694703703125001 0.93485 0.7787296296875001 0.93485
0 0.7865925921875 0.5641125 0.2514074078125001 0.5641125 0.2514074078125001 0.5984875000000001 0.7865925921875 0.5984875000000002
0 0.7861 0.4005500000000001 0.23610000000000012 0.40054999999999996 0.23610000000000012 0.43805000000000005 0.7861 0.43805000000000016
0 0.7879407406250001 0.6278541671875001 0.2564592593750001 0.6278541671875 0.2564592593750001 0.6601458328125 0.7879407406250001 0.6601458328125002
0 0.7833333328125002 0.8674541671875 0.2666666671875001 0.8674541671875 0.2666666671875001 0.8997458328124999 0.7833333328125002 0.8997458328124999
0 0.7940111109375 0.15548750000000006 0.2217888890625 0.15548750000000006 0.2217888890625 0.19611250000000008 0.7940111109375 0.19611250000000008
0 0.7958629625 0.11896666718750007 0.2199370375 0.11896666718750004 0.2199370375 0.16063333281250008 0.7958629625 0.16063333281250008
0 0.7962888890625 0.08176666718750006 0.21851111093750003 0.08176666718750002 0.21851111093750003 0.12343333281250006 0.7962888890625 0.12343333281250009
0 0.793059259375 0.22556666718750001 0.224540740625 0.2255666671875 0.224540740625 0.26723333281250006 0.793059259375 0.2672333328125001
0 0.7847370375000001 0.8091333328125 0.2606629625000001 0.8091333328125 0.2606629625000001 0.8424666671875001 0.7847370375000001 0.8424666671875001
0 0.7926333328124999 0.2614666671875 0.22596666718749997 0.2614666671875 0.22596666718749997 0.30313333281250004 0.7926333328124999 0.3031333328125001
0 0.79118148125 0.29636666718750004 0.22821851875000002 0.2963666671875 0.22821851875000002 0.33803333281250003 0.79118148125 0.3380333328125001
0 0.7879962968750001 0.5010125000000001 0.2454037031250001 0.5010125000000001 0.2454037031250001 0.5353875000000001 0.7879962968750001 0.5353875000000002
0 0.7866148140625001 0.7492333328125002 0.2569851859375001 0.7492333328125 0.2569851859375001 0.7825666671875001 0.7866148140625001 0.7825666671875002
0 0.7930851859375 0.19006666718750007 0.22271481406250002 0.19006666718750004 0.22271481406250002 0.23173333281250005 0.7930851859375 0.2317333328125001
0 0.7851888890625001 0.6588125 0.2574111109375001 0.6588125 0.2574111109375001 0.6931875000000001 0.7851888890625001 0.6931875000000002
0 0.783296296875 0.46747083281250007 0.24070370312500006 0.4674708328125 0.24070370312500006 0.5039291671875 0.783296296875 0.5039291671875001
0 0.7869888890625002 0.7794333328125 0.2592111109375001 0.7794333328125 0.2592111109375001 0.8127666671875 0.7869888890625002 0.8127666671875
0 0.7879296296875 0.33225000000000005 0.2286703703125 0.33225 0.22867037031250007 0.36975 0.7879296296875 0.3697500000000001