0 0.8681273358162003 0.455570984441285 0.8659410281250001 0.42954757187500003 0.4451202048088 0.46490203587121515 0.4473065125000001 0.49092544843750013
0 0.4603023811891129 0.5134891155446568 0.4581160734155977 0.4874657028642992 0.05554520472648479 0.5212869326321423 0.05773151249999999 0.5473103453125
0 0.900481614586397 0.17915720391926374 0.8981738453124999 0.15168804531250005 0.46585104322610293 0.18800882576823635 0.4681588125 0.21547798437500004
0 0.47011554678694933 0.34339871112904935 0.4679292390625001 0.31737529843750006 0.05840600790055077 0.35178061699595076 0.060592315625000004 0.37780402968750004
0 0.8707438860740577 0.43095604571216944 0.8685980656250001 0.4054145484375001 0.45566678111344255 0.4401061871003306 0.4578126015625001 0.46564768437500004
0 0.474254461684501 0.2933429308042944 0.47198717956810066 0.26635568764130163 0.05798246007109964 0.30113750996200717 0.06024974218749999 0.32812475312499995
0 0.880145342472473 0.3572118722595979 0.8779995218750001 0.3316703734375 0.456377780965027 0.36709212461540225 0.4585236015625 0.39263362343750013
0 0.8754672217663421 0.38289454368055303 0.8732809140515487 0.35687113111964963 0.4541981782227067 0.3920795733765966 0.4563844859374999 0.4181029859375
0 0.44785272577553137 0.6760161540116948 0.44578787941584797 0.651438485829052 0.05732612551531657 0.6840743661923573 0.05939097187499999 0.7086520343750001
0 0.8363929376316314 0.7126388314991636 0.8342471170571495 0.687097334385951 0.44304196848801797 0.7199636950742873 0.4451877890625 0.7455051921875
0 0.45704216039361534 0.5597496664938106 0.45497731406249986 0.5351719984375001 0.0560870130438846 0.5686840131936894 0.058151859375 0.59326168125
0 0.8940203756202368 0.23098672735357023 0.8917126062499999 0.20351756718750003 0.46286598531726303 0.2395463023339298 0.4651737546875 0.26701546249999997
0 0.8804496158543953 0.3330338533706455 0.8783037953124999 0.30749235625000004 0.46102728102060475 0.34254905287935455 0.4631731015625 0.36809055000000007
0 0.8739574060829127 0.40717384395957695 0.8717710984375 0.3811504312499999 0.45355741110458714 0.41628586072792295 0.45574371874999997 0.44230927343749993
0 0.9043686173642348 0.15273420514996808 0.9020203608071494 0.12478313126095111 0.4739746559429145 0.1607445807984831 0.4763229125 0.18869565468750008
0 0.8613062562152628 0.5036538125653216 0.8591199484375002 0.4776303984375 0.45133480628473743 0.5118896936846784 0.45352111406250006 0.5379131078125001
0 0.45309846186823927 0.6063980430763546 0.451033615625 0.5818203750000001 0.057357588131760784 0.6148943209861455 0.05942243437500002 0.6394719890625
0 0.863724943716492 0.479795120377541 0.8615386359375 0.45377170624999996 0.44940826409600804 0.4883960577474588 0.451594571875 0.5144194718749999
0 0.840897397168767 0.6683287738200919 0.8387515765625 0.642787275 0.44754642783123294 0.675653633992408 0.44969224843749994 0.7011951328124999
0 0.46385108268824143 0.4655818188169598 0.46166477498904895 0.43955840611964964 0.055617725113307516 0.47367167949018985 0.0578040328125 0.4996950921875
0 0.470730557473037 0.36833851222384634 0.4685037623806007 0.3418331829538016 0.057174308032563695 0.3763902488549552 0.059401103125 0.402895578125
0 0.4706678307552571 0.3928938075529838 0.46844103581810065 0.3663884798288016 0.05624253475034359 0.4010185566508178 0.0584693296875 0.42752388437499994
0 0.8429225608764355 0.6455409421071973 0.8407362531249998 0.6195175296875 0.4477248859985642 0.6525356360178027 0.44991119374999994 0.6785590484374999
0 0.906959776055667 0.12527123262770432 0.9045305451821495 0.09635632969845123 0.4737414441264824 0.13254826113324691 0.476170675 0.1614631640625
0 0.44556511327771353 0.7427021401003262 0.44350026706810064 0.7181244720163017 0.057645652227887145 0.7505413162909754 0.0597104984375 0.7751189843749999
0 0.44880372706396326 0.6979459443257887 0.44669839375000003 0.6728863625 0.057299466686036804 0.7056009759867112 0.059404800000000015 0.7306605578125
0 0.4790971573916546 0.2671494684924091 0.4768703625 0.240644140625 0.056850451983345304 0.2759313174450909 0.05907724687500001 0.30243664531250003
0 0.8571512479085056 0.5282986059982965 0.854924453125 0.5017932796875001 0.45054736302899423 0.5357662549392038 0.4527741578125 0.5622715812500002
0 0.47149497217176883 0.3177943863006263 0.46934915143214956 0.29225288751095124 0.06510831988538071 0.3262144168353248 0.06725414062499999 0.3517559156249999
0 0.4443657132891117 0.789140536930622 0.44209843125 0.76215329375 0.05851030546088835 0.794379722444378 0.06077758750000001 0.821366965625
0 0.45103966890704206 0.6304136361808679 0.44889384829619844 0.6048721389431009 0.058557746576656376 0.637665488699733 0.060703567187499995 0.6632069859375
0 0.4491454274685456 0.6526496321444872 0.44708058125 0.6280719640625001 0.05688073659395446 0.6608538647305129 0.05894558281250001 0.6854315328125
0 0.8912243801638097 0.2574613317894214 0.8889166109374997 0.22999217343750003 0.4600699885861901 0.26602090883557866 0.4623777578125 0.29349006718750004
0 0.48146838790466734 0.16327189598233 0.47916061875000004 0.13580273906249998 0.05813540584533272 0.17117437433017005 0.060443175 0.19864353125000006
0 0.48761451295863534 0.24127586797786868 0.48530674375 0.2138067109375 0.05646012297886462 0.24983544764713134 0.058767892187500004 0.2773046046875
0 0.45455450643670653 0.5837018986928825 0.4524086859375 0.5581604015624999 0.05772735450079351 0.5913188059946174 0.05987317499999999 0.616860303125
0 0.8527735823256443 0.5521230934886848 0.8505467872283481 0.5256177639540519 0.4522530189652037 0.5590796610903672 0.4544798140625 0.585584990625
0 0.4908059550727885 0.18912469455709857 0.48849818593750005 0.1616555375 0.056175382427211464 0.19797631794290138 0.05848315156249999 0.22544547499999998
0 0.44574891635995406 0.7201245274584501 0.4436840701821495 0.6955468609484511 0.057829453822195453 0.727963706927501 0.05989430000000001 0.7525413734375
0 0.4918597817010701 0.21567343360459423 0.4895520125000001 0.18820427656250002 0.055491118298929956 0.22467108045790582 0.05779888749999999 0.25214023750000003
0 0.8531792447912967 0.5754463247465192 0.8509524498696497 0.5489409968859512 0.45178963320335297 0.582475904951932 0.454016428125 0.6089812328125002
0 0.8868907350491746 0.28282853082090564 0.8846234531249999 0.25584128906250003 0.4619282790133254 0.2913532223040944 0.46419556093750014 0.31834046406250005
0 0.4702844185865433 0.4166370313259006 0.4680981109375 0.39061361874999995 0.05509869703845667 0.4253109811740994 0.057285004687499995 0.45133439375
0 0.44532930774253154 0.7638048764122655 0.44334543592654885 0.7401910389321497 0.057627078184017355 0.7725964359573843 0.059610949999999996 0.7962102734375001
0 0.8329594818572221 0.7604898589190726 0.8304897640625001 0.731093040625 0.44047767751777805 0.7638591645184276 0.4429473953125001 0.7932559828125002
0 0.4568278073464122 0.5359689182791367 0.45480344842654896 0.5118731670571497 0.055981278580136774 0.545379456590513 0.058005637500000005 0.5694752078125
0 0.8498956824496403 0.5993776779870313 0.8476688875 0.57287235 0.4493751175503598 0.6063342470129687 0.4516019125 0.632839575
0 0.4657723557878051 0.4417093951971892 0.4635455609375 0.41520406718749997 0.05482324733719481 0.44954209699031084 0.05705004218750002 0.4760474250000001
0 0.8394797280639358 0.6904575608571972 0.8372934203125 0.6644341484375 0.4442820531860642 0.6974522547678028 0.4464683609374999 0.7234756671874999
0 0.8460205731005562 0.622563587374901 0.843793778125 0.5960582578125 0.44984523783694386 0.629155097000099 0.45207203281249997 0.6556604265625
0 0.46598959082481867 0.48881498788524 0.46384377031249996 0.46327349062500006 0.05438866698768128 0.4976730855522601 0.056534487499999994 0.5232145828125001
0 0.8965956864504456 0.20552459128891334 0.8942879171874998 0.1780554328125 0.46196511354955405 0.21437621339858676 0.46427288281249995 0.24184537187500008
0 0.8352686989496754 0.7347546163311935 0.833163365505601 0.7096950329538018 0.44463348218092563 0.742336635372608 0.446738815625 0.7673962187499999
0 0.8832803195175989 0.3089739869355288 0.8810130375000002 0.28198674375000005 0.46179404454490125 0.3172066318144713 0.4640613265625001 0.34419387500000004