0 0.9017919004510633 0.7563860300829524 0.4600996031250001 0.7201084875 0.45762723847349396 0.7502104278465509 0.8993195357995573 0.7864879704295034
0 0.908525541692857 0.703648262133538 0.46867278593750006 0.6675218093749999 0.4661151676716734 0.6986617458064351 0.9059679234270304 0.7347881985649731
0 0.9604566306874469 0.3498129119318722 0.5058418328125 0.31247400625000005 0.5034547224375532 0.3415379458806279 0.9580695203125001 0.3788768515625001
0 0.9529421290280592 0.4073813242947876 0.49832733125000006 0.3700424203125 0.49594022097194135 0.3991063600802126 0.9505550187500005 0.4364452640625001
0 0.4577870884692622 0.554110490054125 0.014255253125000061 0.5176818625 0.011868142780738078 0.5467458021333751 0.45539997812500016 0.5831744296875001
0 0.43514424195472906 0.8701815719834469 9.992007221626409e-17 0.8344418437500002 -0.0027281263297288527 0.8676577780165534 0.43241611562500015 0.9033975062500001
0 0.8938169580722674 0.7826753052632972 0.45949806249999997 0.7470033640625 0.4568551903652326 0.779181296299203 0.8911740859374999 0.8148532375000002
0 0.45063740489178716 0.6623913689287158 0.010807510937500075 0.626266790625 0.008505654207327495 0.6542927344302909 0.4483355481616146 0.6904173127340066
0 0.5056433995249774 0.1878184652612373 0.034388920312500015 0.149112890625 0.03183130191004972 0.180252826915793 0.503085781122527 0.21895840155203034
0 0.9128337457765877 0.6771372472706756 0.47114144687500004 0.64085970625 0.4686690823484123 0.6709616464793244 0.9103613812500001 0.7072391875000001
0 0.45505293842963657 0.6353457681755773 0.009673940625000071 0.598765428125 0.007286830320363669 0.6278293677619228 0.4526658281250001 0.6644097078125001
0 0.9268104221921639 0.5954793927674933 0.47586708125 0.5584420359375001 0.47322420905783613 0.5906199697325067 0.92416755 0.6276573265625001
0 0.4716307042939311 0.4436498652675871 0.02438930781250003 0.4069165593750001 0.021831689456069104 0.4380564956699131 0.4690730859375002 0.4747898015625001
0 0.43718122285372346 0.7934870352390617 0.0010380281250001121 0.7576652593750001 -0.001349082228723264 0.7867291991359384 0.4347941125000001 0.8225509750000001
0 0.4555201870226246 0.6097440225511163 0.012003593750000069 0.5733166468750001 0.009786991102375447 0.600304593073884 0.45330358437500007 0.63673196875
0 0.9466882439984214 0.4604761757031919 0.49205058437500016 0.42313539218749996 0.48940771224110896 0.4553133244242812 0.9440453718645303 0.49265410793997305
0 0.8899525182108274 0.8087629669464043 0.45564124218750013 0.7730916515624999 0.45308362384919987 0.804231587730626 0.8873948998725272 0.8399029031145302
0 0.9284052768963187 0.5684236632108375 0.47930909687500006 0.5315380171875002 0.4766662245387086 0.563715950841193 0.9257624045600272 0.6006015968645304
0 0.43431139088788917 0.8183522266161664 9.992007221626409e-17 0.782680903125 -0.0023018565128888335 0.810706846821334 0.4320095343750002 0.8463781703125003
0 0.5002809705284255 0.21634961307187212 0.030866026562500027 0.17779512656250002 0.028223154471574786 0.20997305880312797 0.4976380984375002 0.24852754531250007
0 0.938062772190753 0.48769849869242793 0.4871346750000001 0.45066239375000006 0.48466231062174714 0.4807643325575722 0.9355904078125 0.5178004375000002
0 0.9503864306955953 0.4348597384951017 0.49577163437500005 0.39752083281250006 0.4933845239919048 0.42658477244239856 0.9479993203125 0.4639236781250001
0 0.9546452743830919 0.37852872911450586 0.5037247953125001 0.3414932500000001 0.5013376849919083 0.3705571896354944 0.9522581640625001 0.40759266875000016
0 0.8866016580891865 0.8345500521398119 0.4541299203125 0.7990298234375 0.45148704804381046 0.8312077570972454 0.8839587858204968 0.8667279857995572
0 0.9060834159720843 0.7298527440077329 0.46439111874999994 0.6935752031250001 0.46191875434041557 0.7236771419297672 0.9036110515625 0.7599546828125001
0 0.9604948589542157 0.3186750497685608 0.4984761796875 0.280728040625 0.4959185613373447 0.3118679770488853 0.9579372406040605 0.3498149861924461
0 0.506640367537903 0.15678024758637937 0.03722542500000001 0.1182257609375 0.03458255276412722 0.15040369472859366 0.5039974953020303 0.18895818137747306
0 0.47502061341588686 0.4175859292411994 0.024100134375000044 0.3805504484375 0.021713023946170456 0.4096143880633039 0.47263350298705725 0.44664986886700336
0 0.44475538387082586 0.7408392024336884 0.006765029687500079 0.7048657125 0.004377919254174312 0.7339296522538117 0.4423682734375001 0.7699031421875
0 0.48878698306288015 0.33247902088745696 0.02676068437500003 0.2945313859375 0.02411781224961994 0.3267093181750432 0.4861441109375001 0.36465695312500007
0 0.48308741893965496 0.3596992178854305 0.02475543906250004 0.322055009375 0.02211256698737533 0.3542329416170425 0.48044454686453025 0.39187715012747304
0 0.49763756064049575 0.24510408135363887 0.02821499687500002 0.20654896874999995 0.025486870588564713 0.23976490171380704 0.49490943435406043 0.27832001431744596
0 0.44101126972674737 0.7664142478672951 0.004868075000000083 0.730592471875 0.0024809646482528147 0.7596564115077051 0.4386241593750001 0.7954781875000002
0 0.47948539399986984 0.3883958536999111 0.024847734375000048 0.35105507031249994 0.022204862122657276 0.38323300410211913 0.47684252174752706 0.4205737874895303
0 0.4496322431662234 0.6886720727390616 0.013489048437500085 0.652850296875 0.011101938083776708 0.6819142366359385 0.44724513281250006 0.7177360125000002
0 0.8824092706764652 0.8854107190092444 0.4481056156250002 0.8497400296875002 0.4456332511985349 0.8798419684907559 0.87993690625 0.9155126578125001
0 0.9238522361750643 0.6226237883296875 0.4747560562500001 0.5857381453125001 0.47211318413743564 0.6179160788578127 0.9212093640625 0.6548017218750001
0 0.4297033174615145 0.8430537516171626 8.881784197001253e-17 0.8077609031250003 -0.0023018565240143117 0.8357868468203378 0.42740146093750014 0.8710796953125002
0 0.49499745682180973 0.2744607431142876 0.029261595312500034 0.2362084296875 0.026448215053190376 0.2704623600107125 0.4921840765625 0.3087146734375001
0 0.4908943964646856 0.30418212620358775 0.028875718750000036 0.26623511718750004 0.02631810041031447 0.2973750534839123 0.488336778125 0.3353220625000001
0 0.4612141979225391 0.527405888498633 0.015835203125000065 0.490825546875 0.013448092702461056 0.5198894865013671 0.4588270875000001 0.5564698281250002
0 0.8828558837323712 0.8601876603622032 0.4504070078125001 0.8246693109375001 0.44801989751762905 0.8537332505752969 0.8804687734375 0.8892516
0 0.4685699612027845 0.47241185662881985 0.021336184375000046 0.435679178125 0.018863820047215603 0.4657811168086803 0.4660975968750001 0.5025137953125001
0 0.9338560377317562 0.5142972694516998 0.4847598593749999 0.47741162499999995 0.4821169872577739 0.5095895572382731 0.93121316561453 0.546475201689973
0 0.4479817776036016 0.7162666349197073 0.010006665625000088 0.6802943968749999 0.00779006302139853 0.7072823416427927 0.445765175 0.7432545796875
0 0.9200594518118711 0.6491980365114238 0.4709632734374999 0.6123123937500001 0.4683204013131288 0.6444903275510764 0.9174165796875 0.6813759703125001
0 0.4563143400004539 0.5808752900513219 0.010935343750000066 0.5442949499999999 0.00854823343704621 0.5733588896361781 0.45392722968750004 0.6099392296875001
0 0.46514240356639797 0.4998186628945871 0.01606146562500006 0.4629342687500001 0.013589100993629161 0.4930362089699433 0.46267003893502706 0.5299206031145303
0 0.8777824127742084 0.9101274227770292 0.44344827500000006 0.8744542296875 0.440634894910819 0.9087081584625013 0.8749690326850275 0.9443813515520304
0 0.9321310456177831 0.5428889097574008 0.48120294687499987 0.5058528046874999 0.47873058249674705 0.5359547434950722 0.9296586812395302 0.5729908485649731