0 0.572207125 0.4974611218750001 0.41316599736498033 0.4818869303062135 0.4100889359375001 0.5133093843750001 0.5691300635725198 0.5288835759437867
0 0.5319622906250002 0.8014460140625002 0.3759682897531896 0.7861702152118315 0.37271022500000006 0.8194410484375002 0.5287042258718107 0.8347168472881688
0 0.7260311296875002 0.6721174031250001 0.5597017225359935 0.6558295041197123 0.5564436578125 0.6891003375000001 0.7227730649640068 0.7053882365052879
0 0.36854060625 0.8171106484375 0.207432397103895 0.8013340381007537 0.2043553359375001 0.8327564921875001 0.3654635450836051 0.8485331025242466
0 0.7922766015625001 0.25443899218750016 0.6186589151123862 0.23743738450335164 0.615219846875 0.27255659687500006 0.7888375333251139 0.2895582045591486
0 0.4476863171875 0.12133593593750006 0.2782027959762125 0.10473916899553168 0.2747637279734446 0.13985837967265893 0.44424724918473213 0.15645514661462728
0 0.441861715625 0.18938968281250004 0.27134464902275185 0.17269170649455018 0.26790558123515884 0.20781091733905535 0.4384226478374071 0.22450889365700516
0 0.39891364531250006 0.578413225 0.23258423919941432 0.5621253278218981 0.22932617484844475 0.5953961609226588 0.3956555809615305 0.6116840581007608
0 0.5688316609375 0.5279399609375001 0.4097370396494727 0.5123605325447731 0.406478975 0.545631365625 0.5655735962880273 0.561210794017727
0 0.4637854671875 0.04602148593750006 0.2847860997061048 0.028492874350117554 0.2806230170359446 0.0710056062351589 0.4596223845173399 0.08853421782254141
0 0.4381410703124999 0.22258162656250002 0.26762400577736883 0.2058836487211782 0.2641849375 0.24100286093750004 0.43470200203513115 0.25770083877882183
0 0.4047982718750001 0.5155792515625001 0.2384153708530723 0.49928611586647664 0.2349763029586036 0.534405328261714 0.4013592039805315 0.5506984639577375
0 0.7597177281250002 0.45284217656250003 0.5903411955958648 0.43625588497508483 0.587264134375 0.4676783375000001 0.7566406669041352 0.48426462908741535
0 0.5229955812500002 0.8905776265624998 0.36374047508149354 0.8749824827535791 0.3599394000000001 0.9137984515625002 0.5191945061685066 0.929393595371421
0 0.6115178578125 0.2354280875000001 0.4451349567905722 0.21913495180397677 0.44169588906249996 0.25425416250000005 0.6080787900844278 0.2705472981960234
0 0.6922155937500001 0.8824376328125002 0.532087433294244 0.8667569950375345 0.5288293687500001 0.9000278281250003 0.6889575292057563 0.9157084658999659
0 0.5644912562500001 0.5596865640625002 0.4054501261023529 0.5441123755445233 0.4023730653218894 0.5755348296578175 0.5614141954695365 0.5911090181757944
0 0.45390451250000013 0.08463396250000006 0.28230041352057444 0.06782953844829905 0.2786803420211036 0.10479713138671423 0.4502844410005292 0.12160155543841525
0 0.7009054625000001 0.8221960656250001 0.5396902615354875 0.8064089796277738 0.536251193628127 0.8415281918695483 0.6974663945926396 0.8573152778667744
0 0.5570518875000001 0.620528309375 0.39801075894505394 0.6049541208591009 0.3949336982859447 0.636376573422659 0.5539748268408908 0.651950761938558
0 0.5364857484375002 0.7715834406250001 0.37951170154394104 0.7562116708918156 0.3764346406250001 0.7876341234375002 0.5334086875185593 0.8030058931706845
0 0.7826757171875001 0.32121601718750004 0.6090580305400654 0.30421440963793855 0.6056189623484447 0.339333621860159 0.7792366489958795 0.3563352294097205
0 0.5272823953125002 0.8317485984375 0.3723754278739938 0.8165792489964101 0.36929836703594476 0.8480017015476591 0.5242053344744512 0.8631710509887492
0 0.7742935281250002 0.3548584031250001 0.6048100054710847 0.33826163619569344 0.6013709374851589 0.37338084702655544 0.7708544601390745 0.3899776139558621
0 0.6289472796875 0.13162906250000006 0.4573966742864838 0.11482987511011591 0.4539576062499999 0.14994908593750003 0.6255082116510161 0.1667482733273842
0 0.40907751718750013 0.4838527859375 0.24062753322413247 0.4673572299156913 0.2371884654734447 0.5024764406101588 0.40563844943681227 0.5189719966319675
0 0.39148045781250007 0.6365086703125 0.22716463623795696 0.6204179549080435 0.22372556858360362 0.6555371657617142 0.3880413901581467 0.6716278811661707
0 0.7856098296875001 0.28835013125000003 0.6140592242403434 0.2715509440095182 0.61062015625 0.3066701546875001 0.7821707616971567 0.323469341927982
0 0.4165797109375 0.42110256874999996 0.2470961895542235 0.40450580336311637 0.24365712172344467 0.4396250156101589 0.4131406431067212 0.4562217809970425
0 0.7458093671875001 0.5471590968750001 0.5763258431374813 0.5305623298089792 0.5728867750000002 0.5656815421875001 0.742370299050019 0.582278309253521
0 0.7363860875 0.6092173421875 0.5679361037816277 0.5927217858818076 0.5644970359375 0.6278409968750001 0.7329470196558723 0.6443365531806924
0 0.740757034375 0.578809859375 0.5723070505631878 0.5623143033680323 0.5688679828125001 0.5974335140625001 0.7373179666243123 0.6139290700694677
0 0.6955728578125001 0.8538455078125 0.5344111521828553 0.8380636589569933 0.5311530875000001 0.8713344921875003 0.692314793129645 0.8871163410430072
0 0.7498861078125 0.5157412328125 0.5814896195649003 0.49925091366229146 0.5782315546875001 0.5325217484375 0.7466280429350998 0.5490120675877085
0 0.433846753125 0.25853894218750006 0.26436322999598494 0.2419421767835958 0.26092416234844473 0.27706138748515896 0.4304076854774599 0.29365815288906316
0 0.3623360937500001 0.87393803125 0.19998036735815583 0.8580392577641283 0.19617929218750013 0.896855228125 0.35853501857934444 0.9127540016108717
0 0.5813148671875 0.4339350765625 0.42118670566006944 0.4182544371106374 0.4179286406250001 0.451525271875 0.5780568021524306 0.4672059113268626
0 0.7549417234375001 0.48406466718749996 0.5854582004600404 0.467467901798437 0.5820191328125002 0.5025871125000002 0.7515026557899599 0.5191838778890632
0 0.5775451671875 0.46530836249999996 0.4163834631519201 0.4495265136466644 0.4131253984375001 0.482797346875 0.57428710247308 0.49857919572833553
0 0.3875637796875001 0.6655498625 0.22428150100782634 0.6495603548085425 0.2208424328125001 0.684679565625 0.38412471149217386 0.7006690733164576
0 0.6238466937499999 0.16523824062500003 0.45322264052938044 0.1485297872763194 0.44942156562499996 0.18734575625000005 0.6200456188456195 0.20405420959868067
0 0.7169442109374999 0.7332755343749999 0.550561309764017 0.7169823986641355 0.5471222420359447 0.7521016093601589 0.7135051432094278 0.7683947450710233
0 0.5444730687500001 0.7111723062500002 0.3874455287077816 0.6957952980169086 0.38418746406250015 0.7290661312500001 0.5412150041047188 0.7444431394830917
0 0.6024203 0.30265747968750006 0.4381044785770121 0.28656676429788475 0.4346654109374999 0.32168597500000007 0.5989812323604877 0.3377766903896154
0 0.641013384375 0.05909578437500009 0.4631545452079058 0.04167886071320208 0.45935347016094463 0.0804948312351589 0.6372123093280389 0.0979117548969569
0 0.42892954687499996 0.2907067859375 0.26047956338872946 0.2742112283904262 0.25704049531250006 0.3093304390625 0.4254904787987706 0.32582599660957384
0 0.42590552343750004 0.3231607875 0.2574555398239631 0.30666523135851115 0.254016471875 0.34178444375000006 0.42246645548853695 0.3582799998914889
0 0.7694781812499999 0.38796927343750004 0.6000481524474056 0.37137774319761513 0.5967900875 0.40464857656250003 0.7662201163025942 0.42124010680238505
0 0.4186921671875001 0.3877531437500001 0.25024218374794943 0.3712575860535638 0.24680311562500004 0.40637679687499995 0.41525309906455066 0.4228723545714363
0 0.6884906703125001 0.9114192265624999 0.5251014029879577 0.8954192436760462 0.5213003281101589 0.9342352126515554 0.6846895954347013 0.9502351955380091
0 0.7114826609375002 0.7616615953125001 0.5471668398482955 0.7455708783833456 0.5437277718750002 0.7806900890625001 0.7080435929642048 0.7967808059916547
0 0.7306458015625 0.6421629921875 0.564369888659042 0.625880333360923 0.5612928279734446 0.657302785922659 0.7275687408769026 0.673585444749236
0 0.3648430421875002 0.8461732968750002 0.2037348309930999 0.8303966880629204 0.20065777016094474 0.8618191421726589 0.361765981355345 0.8775957509847387
0 0.37407476718750005 0.7551231578125 0.21492665105580944 0.739538490753759 0.2114875828125001 0.774657703125 0.3706356989441907 0.790242370183741
0 0.560800103125 0.5910675421875001 0.40175897457005394 0.5754933536716009 0.39868191391094476 0.606915806235159 0.5577230424658908 0.6224899947510582
0 0.44548593281249993 0.1547513953125 0.27388183421730694 0.13794696957215385 0.27026176249999995 0.17491456093750002 0.441865861095193 0.1917189866778462
0 0.40360779999999996 0.5457943359375 0.2351578161881879 0.5292987799305323 0.2317187484226589 0.5644179907765554 0.400168732234471 0.580913546783523
0 0.6347858078125 0.09587148281250008 0.45899405337642785 0.07865697792519258 0.45519297812500004 0.11747294687500007 0.6309847325610722 0.13468745176230756
0 0.3773982078125001 0.725217715625 0.21721655071104912 0.7095318393157037 0.21377748281250009 0.7446510500000001 0.373959139913951 0.7603369263092964
0 0.7219885359375 0.70152321875 0.5556056352923016 0.6852300813648154 0.5521665671875 0.7203492921875 0.7185494678326985 0.7366424295726846
0 0.41333072343750016 0.4529560499999999 0.2439006958760488 0.43636452145308535 0.24064263125000007 0.46963535468750006 0.41007265881145144 0.4862268832344146
0 0.5521135203125 0.6512833046875002 0.3941059310702708 0.6358103255682288 0.39102887016094473 0.6672327796726589 0.549036459403174 0.6827057587919303
0 0.524916028125 0.8609416062500002 0.3679419842206456 0.8455698366556348 0.3648649234375001 0.8769922875000002 0.5218389673418546 0.8923640570943656
0 0.5489120531250001 0.6803945359375001 0.3909044656345519 0.6649215552643336 0.38782740468750004 0.69634400625 0.5458349921779483 0.7118169869231664
0 0.7966334203125001 0.2198985718750001 0.619915108566806 0.20259333447860312 0.6164760406249999 0.2377125453125001 0.7931943523706939 0.2550177827088971
0 0.42270164843750013 0.3564033375000001 0.25321812737776794 0.3398065705728729 0.24977905937500008 0.3749257812500001 0.41926258043473225 0.3915225481771273
0 0.6053750828125001 0.2697936187500001 0.442092804085091 0.2538041112078352 0.43865373593749996 0.2889233218750001 0.601936014664909 0.30491282941716497
0 0.5868421421875002 0.4009200484375001 0.4256804381519201 0.3851381995841645 0.4224223734375 0.41840903281250014 0.5835840774730802 0.4341908816658357
0 0.38318482812500004 0.6958557921874999 0.22093608872196677 0.679967494042765 0.2174970203125001 0.71508670625 0.37974575971553337 0.730975004394735
0 0.5911433609375001 0.3686918843750001 0.4299816553078551 0.35291003551949324 0.426723590625 0.3861808687500001 0.587885296254645 0.401962717605507
0 0.7059135578125002 0.7932617531250001 0.5436648184094668 0.7773734549802651 0.5402257500000001 0.8124926671875002 0.7024744894030335 0.828380965332235
0 0.3958294281250001 0.6066028843750001 0.2294465274326832 0.5903097471391505 0.22600745937500016 0.6254289578125002 0.39239036006731703 0.6417220950483498
0 0.5407121890625001 0.7407326031250002 0.38368464902028154 0.7253555948919087 0.38042658437500015 0.7586264281250001 0.5374541244172186 0.7740034363580917
0 0.7643705406250001 0.4202192375000001 0.5949405133252077 0.40362770756116106 0.5916824484226589 0.43689854077655543 0.7611124757224513 0.4534900707153945
0 0.3721623484375001 0.7862752406250001 0.2109471472251129 0.7704881549114595 0.2075080795359448 0.8056073656101587 0.368723280748332 0.8213944513236994
0 0.5961778171875001 0.33560247187500014 0.433929077342795 0.3197141751053909 0.43049000937500004 0.3548333859375001 0.5927387492197052 0.3707216827071093
0 0.6180280203125001 0.20291238750000007 0.44854449770510907 0.18631562042131752 0.4451054296875001 0.22143483125000002 0.6145889522948911 0.23803159832868256