0 0.8098137015624998 0.09904627968750003 0.29366596339838347 0.07911370563412683 0.29224362187499997 0.11594479218750013 0.8083913600391162 0.13587736624087332
0 0.704416515625 0.6355322296875 0.23794457282617382 0.6175180308345988 0.2367687703125001 0.6479650625 0.7032407131113263 0.6659792613529012
0 0.6718872687500002 0.816463809375 0.22748799392250244 0.7993020139110887 0.22621736875000006 0.8322044515625002 0.6706166435774976 0.8493662470264116
0 0.790414246875 0.19744160312500011 0.2847386914835982 0.17791344385632338 0.28337324369207606 0.21327128587492256 0.7890487990834779 0.23279944514359935
0 0.7103915953125 0.6082772875 0.24037527045676513 0.5901262147592121 0.23916153900224937 0.6215554093726733 0.7091778638579842 0.6397064821134612
0 0.7427585265625002 0.4411058890625002 0.26339756955207305 0.42259394496767505 0.26222176718517337 0.4530409766227509 0.7415827241956005 0.47155292071757604
0 0.7795439671875 0.26055467968750007 0.27923864596918613 0.24123390589267202 0.2779490562476733 0.27462742349775077 0.7782543774659871 0.2939481972925788
0 0.7548647796875 0.382863465625 0.26852236896460385 0.36408191162926395 0.26730863749767325 0.39551110474775075 0.7536510482205694 0.41429265874348686
0 0.6840466406250001 0.7418027656249999 0.22799322167104147 0.7241909111142013 0.22685534843284655 0.7536557798080017 0.6829087673868052 0.7712676343188003
0 0.8115508578125002 0.06387197656250007 0.2978736099277231 0.04403480503768327 0.2964133390625 0.08184805468750005 0.810090586947277 0.10168522621231686
0 0.7264897875 0.5260362578125 0.25405662684765284 0.5077918513592422 0.25289978906250005 0.5377478015625001 0.7253329497148473 0.5559922080157579
0 0.694485984375 0.6889794921875 0.23064550030615347 0.6710669170428518 0.22948866250000005 0.7010228671874998 0.6933291465688466 0.7189354423321481
0 0.7967685125000001 0.16495188437500002 0.28765588854413293 0.14529099072483656 0.2862904406250001 0.18064883281250005 0.7954030645808673 0.2003097264626635
0 0.6748781218750001 0.7934428281249999 0.22682639599130056 0.7761399810483456 0.22578334531250008 0.8031494468749999 0.6738350711961996 0.8204522939516542
0 0.7152487390625 0.5816043656250001 0.24539338306355174 0.5634595092342283 0.24423654524992258 0.5934154609954241 0.7140919012488707 0.6115603173861959
0 0.7703684812499999 0.29191641093750004 0.2761853481056392 0.2728320641719467 0.27493368749999997 0.3052434203125 0.7691168206443607 0.32432776707805333
0 0.7377626421875001 0.47026793125 0.26017387863336083 0.4518244232851923 0.25901704062500003 0.48178037500000015 0.7366058041791393 0.5002238829648078
0 0.6890621484375 0.715204028125 0.22871239035136326 0.6974262579274507 0.2275745171875001 0.726891125 0.6879242752736368 0.7446688951975492
0 0.8028875031250001 0.13226343593750003 0.28937122686460137 0.11243248401988593 0.2879678499374225 0.14877248912042407 0.8014841261978214 0.16860344103803818
0 0.6812034718750002 0.7687639593750001 0.22622395108443655 0.7511935745913894 0.2251619359375001 0.7786941187500002 0.6801414567280637 0.7962645035336109
0 0.7584741468750001 0.35253992187500005 0.26950027731930115 0.3336567457407444 0.26826758125000005 0.36557702031250006 0.757241450805699 0.38446019644675566
0 0.6988337687499999 0.6626126796875 0.23408035864114524 0.6446648480241532 0.23290455625000012 0.6751118781250001 0.6976579663588549 0.6930597097883469
0 0.7318648109375 0.498343446875 0.2577131159005061 0.48003267328844246 0.2565562781250001 0.509988621875 0.730707973161994 0.5282993954615576
0 0.7655055249999999 0.32265070000000007 0.2713223918493156 0.30356635329497866 0.27007073125000003 0.335977709375 0.7642538644006844 0.3550620560800214
0 0.7845192265625 0.22953436093750007 0.27981025479227667 0.21004352718573785 0.27848273593750006 0.24441920781250004 0.7831917077077233 0.2639100415642623
0 0.7474514390625 0.41287131562500007 0.2656199953003927 0.3942639641721832 0.2644821218750001 0.42372883437500003 0.7463135656371074 0.4423361858278169
0 0.72192766875 0.5540744359375 0.24938719498309392 0.535825885270324 0.24819242806707612 0.5667639983749225 0.7207329018339823 0.5850125490420985