0 0.7562153328125001 0.4406440921875 0.23454162181736268 0.4030472451668823 0.2322573936379731 0.4347419718669262 0.7539311046331105 0.472338818887544
0 0.7630688546875 0.4087826468750001 0.23358876033906326 0.3706231962658189 0.23119910625000006 0.40378075625000004 0.7606792005984367 0.44194020685918123
0 0.7881970765624999 0.24099601718750008 0.23443523679762118 0.20108658913425362 0.23176444687500006 0.23814503906250004 0.7855262866398788 0.2780544671157465
0 0.7150831218750001 0.7550090265625 0.2263099164740336 0.7197833065697002 0.22388512030442637 0.753428478237027 0.7126583257053929 0.7886541982298267
0 0.7775123218750002 0.30922057812500015 0.23762012635154947 0.2703107316695745 0.23505476250000004 0.30590634687500007 0.7749469580234507 0.34481619333042574
0 0.7838182281250001 0.2737176984375001 0.23697865660906298 0.23430715637356206 0.2342375828125 0.27234082812500005 0.7810771543284372 0.31175137018893806
0 0.7035379296875001 0.8622995640625 0.2251517159658635 0.8278224316210487 0.2226566359375001 0.8624428249999999 0.7010428496591368 0.8969199574414514
0 0.7225450671875 0.7024332515625001 0.22684959199465754 0.6667086453565589 0.22449507968750013 0.6993785953125001 0.7201905548803427 0.7351032015184412
0 0.7202631140625002 0.7290263328125002 0.2262964150827965 0.6934263197069562 0.22390676093750012 0.7265838796875002 0.7178734599172037 0.7621838927930442
0 0.7133670203125001 0.7828917750000001 0.22719235863457082 0.7478533315679564 0.22476756250000013 0.781498503125 0.7109422241779294 0.8165369465570436
0 0.7295752171874998 0.6472842749999999 0.22781289322756174 0.6111224336581852 0.22542323906250009 0.6442799937499999 0.7271855630224382 0.6804418350918147
0 0.7440262265625 0.5312366625 0.22926761021188194 0.4941381830188651 0.2268428140544263 0.5277833547995271 0.7416014304050444 0.564881834280662
0 0.7472298765625001 0.5010519671875 0.22987272098348113 0.4637662126948069 0.22744792500000005 0.49741138281249997 0.7448050805790191 0.5346971373051931
0 0.7257016437500001 0.6736740296875001 0.22825946278175246 0.6378235409922256 0.22576438281250005 0.6724439343750002 0.7232065637807477 0.7082944230702747
0 0.7076320781250001 0.8356598515625 0.2249041997739604 0.8008698155299692 0.22230369374192632 0.836953042299527 0.705031572092966 0.8717430783320579
0 0.7403203484375 0.560593875 0.22728691906628068 0.5236197299444096 0.22479183906250005 0.5582401234375 0.7378252684337194 0.5952142684930903
0 0.7699465499999999 0.3420905796875 0.23352625336521435 0.3034309503637109 0.23103117332547302 0.33805134374192625 0.7674514699602586 0.3767109730657153
0 0.7362536500000001 0.5902470109375002 0.22842806215247496 0.5536481913702773 0.2260384078125001 0.586805753125 0.7338639956600252 0.6234045726922229
0 0.802582246875 0.13120534687500007 0.24010121301470214 0.09066752943635006 0.23686815156250005 0.1355277578125001 0.799349185422798 0.1760655752511501
0 0.7511635484375001 0.4713539531250002 0.2320847919194408 0.4339441241020448 0.22976542177104683 0.4661264623798993 0.748844178289106 0.5035362914028547
0 0.699610353125 0.8868695421875001 0.22292062622225223 0.8525146760988692 0.22007412656250008 0.8920111812500002 0.6967638534652478 0.9263660473386311
0 0.7962681109374999 0.16896033437500008 0.23640714231719046 0.12861134454555603 0.2333849327085468 0.17054590612989928 0.7932459013288562 0.21089489595934335
0 0.7683270828125002 0.3755012718750001 0.23363914568513783 0.33696649267315315 0.23114406561692627 0.371586886049527 0.7658320027442886 0.410121665251374
0 0.7114479000000001 0.809567078125 0.2252660612833876 0.7745281175588739 0.22277098124192635 0.8091485110495272 0.7089528199585389 0.8441874716156533
0 0.8111792140625003 0.09384818906250002 0.23829325448589272 0.05256049291055772 0.23495476707547303 0.09888355624192638 0.8078407266520804 0.14017125239386868
0 0.7329004187500001 0.6185254421875002 0.22766619891209344 0.582113383818377 0.22520626093750012 0.616246165625 0.7304404807754068 0.6526582239941232
0 0.7916764999999999 0.20524512500000008 0.23442841831559527 0.16508444432914976 0.2315467765544263 0.205068561049527 0.7887948582388309 0.24522924172037733