0 0.787459259375 0.059908332812500055 0.218940740625 0.05990833281250002 0.218940740625 0.09949166718750005 0.787459259375 0.09949166718750009
0 0.7856074078125 0.09635000000000006 0.22079259218749997 0.09635000000000002 0.22079259218749997 0.13385000000000008 0.7856074078125 0.13385000000000008
0 0.78338148125 0.13437083281250006 0.22041851875 0.13437083281250004 0.22041851875 0.17082916718750008 0.78338148125 0.1708291671875001
0 0.7791296296875 0.17031250000000006 0.2198703703125 0.17031250000000003 0.2198703703125 0.20468750000000005 0.7791296296875 0.20468750000000008
0 0.7796296296875 0.20551250000000004 0.2203703703125 0.2055125 0.2203703703125 0.23988750000000003 0.7796296296875 0.2398875000000001
0 0.7778259265624999 0.23901250000000002 0.22597407343749998 0.2390125 0.22597407343749998 0.2733875 0.7778259265624999 0.27338750000000006
0 0.7722481484375 0.27341250000000006 0.2259518515625 0.2734125 0.2259518515625 0.30778750000000005 0.7722481484375 0.3077875000000001
0 0.7675444437500001 0.30621250000000005 0.22865555624999997 0.3062125 0.22865555624999997 0.34058750000000004 0.7675444437500001 0.3405875000000001
0 0.76664444375 0.34011250000000004 0.22775555625 0.3401125 0.22775555625000005 0.37448750000000003 0.76664444375 0.3744875000000001
0 0.7638925921874999 0.37341250000000004 0.22870740781250007 0.37341250000000004 0.22870740781250007 0.4077875000000001 0.7638925921874999 0.40778750000000014
0 0.7606148140625 0.4044125000000001 0.23098518593750011 0.4044125 0.23098518593750011 0.4387875000000001 0.7606148140625 0.4387875000000002
0 0.7588148140625 0.43591250000000004 0.2291851859375001 0.4359125 0.2291851859375001 0.4702875000000001 0.7588148140625 0.47028750000000014
0 0.7574370375 0.4653708328125001 0.23336296250000008 0.4653708328125 0.23336296250000008 0.5018291671875 0.7574370375 0.5018291671875001
0 0.7532851859374999 0.49559166718750014 0.2329148140625001 0.49559166718750003 0.2329148140625001 0.5310083328125 0.7532851859374999 0.5310083328125002
0 0.751359259375 0.5262708328125001 0.2328407406250001 0.5262708328125 0.2328407406250001 0.5627291671875001 0.751359259375 0.5627291671875001
0 0.74675555625 0.5549708328125 0.2356444437500001 0.5549708328125 0.2356444437500001 0.5914291671875 0.74675555625 0.5914291671875002
0 0.746777778125 0.58435 0.24122222187500011 0.5843499999999999 0.24122222187500011 0.62185 0.746777778125 0.6218500000000001
0 0.7421518515625001 0.6132916671875001 0.23844814843750012 0.6132916671875 0.23844814843750012 0.6487083328125001 0.7421518515625001 0.6487083328125002
0 0.7430259265625 0.6398083328125 0.24117407343750008 0.6398083328124999 0.24117407343750008 0.6793916671875001 0.7430259265625 0.6793916671875002
0 0.7398 0.6705500000000001 0.2398000000000001 0.67055 0.2398000000000001 0.7080500000000001 0.7398 0.7080500000000002
0 0.7398481484375001 0.6989125 0.2435518515625001 0.6989124999999999 0.2435518515625001 0.7332875000000001 0.7398481484375001 0.7332875000000001
0 0.7388481484375002 0.7257708328125001 0.2425518515625001 0.7257708328125 0.2425518515625001 0.7622291671875001 0.7388481484375002 0.7622291671875001
0 0.7351962968750001 0.7538916671875 0.24260370312500007 0.7538916671875 0.24260370312500007 0.7893083328125001 0.7351962968750001 0.7893083328125001
0 0.7310444437500002 0.8614666671875 0.2421555562500001 0.8614666671875 0.2421555562500001 0.9031333328125 0.7310444437500002 0.9031333328125
0 0.7342962968750002 0.83385 0.24170370312500009 0.83385 0.24170370312500009 0.87135 0.7342962968750002 0.87135
0 0.7375481484375002 0.8075291671875 0.2412518515625001 0.8075291671875 0.2412518515625001 0.8460708328125 0.7375481484375002 0.8460708328125
0 0.7384481484375002 0.7804291671875001 0.24215185156250008 0.7804291671875 0.24215185156250008 0.8189708328125 0.7384481484375002 0.8189708328125