0 0.6715429682987358 0.8071040178236796 0.27160815817246825 0.8017382345837811 0.2706225414362326 0.8430607431272892 0.6705573515625001 0.8484265263671876
0 0.6729146659274678 0.7696834547213832 0.2762667742259851 0.7668288300693176 0.2757707665016423 0.8055962684143407 0.672418658203125 0.8084508930664064
0 0.6661437267325517 0.7319862375404402 0.27580328190104175 0.7305221635742186 0.2755530968351568 0.7680423029869033 0.6658935416666667 0.769506376953125
0 0.6677959822992832 0.6982191683412821 0.279291584933396 0.6968750815509307 0.27907595354557124 0.731934372682305 0.6675803509114585 0.7332784594726564
0 0.665986365358996 0.6619030828940653 0.28239187109375014 0.6606520541992189 0.2821668657607959 0.6994599800942162 0.6657613600260418 0.7007110087890626
0 0.6629695345052083 0.629344458984375 0.2805147141927084 0.6293338422851561 0.2805130658968048 0.6627339856927876 0.6629678862093048 0.6627446023920065
0 0.6618201048177085 0.6301481127929688 0.6616742205222065 0.5959431027985758 0.2819847024984834 0.5968540012325676 0.28213058679398534 0.6310590112269606
0 0.6599623287760417 0.5984136542968751 0.6597153737984759 0.5624758860980419 0.2862415374431266 0.56391949446521 0.28648849242069235 0.5998572626640432
0 0.6582596692708335 0.5633477270507813 0.657656835219849 0.5292235795860905 0.28837245370943226 0.5328931855431217 0.28897528776041664 0.5670173330078125
0 0.6585453255208334 0.533336921875 0.65808291968583 0.499926219893579 0.28994763518062167 0.5027921637412353 0.290410041015625 0.5362028657226563
0 0.6562542527016123 0.5023723285415959 0.6560455195312499 0.4690655883789062 0.2894926398765125 0.4703577549544979 0.289701373046875 0.5036644951171875
0 0.6570228754775332 0.4706797742335117 0.656408734375 0.43738904882812507 0.28940074105892516 0.4411974523289884 0.2900148821614583 0.474488177734375
0 0.6564527242435206 0.43900383209195837 0.6554258865484208 0.40647111037217437 0.2936765542319835 0.4128937221278722 0.29470339192708334 0.4454264438476562
0 0.6568570997173043 0.40815849370733853 0.6558693912760417 0.3773383500976563 0.2941808826446677 0.3838584063846751 0.2951685910859303 0.4146785499943573
0 0.6557918326822916 0.3790040849609375 0.6548084970277487 0.34808603167641067 0.2954013596579571 0.3545158524771919 0.2963846953125 0.38543390576171876
0 0.6575581736735876 0.3513996229344114 0.6562738954300588 0.3203737852188745 0.2968008919270833 0.32874376513671877 0.29808517017061215 0.3597696028522557
0 0.6504338577766834 0.32120839838393184 0.6492353802083334 0.29387661474609367 0.2962189273795666 0.3025838325730994 0.29741740494791663 0.32991561621093757
0 0.64561896885153 0.29367832606811894 0.6440850803051471 0.2643673129217919 0.29709517981299216 0.274581465369298 0.298629068359375 0.30389247851562506
0 0.6492478233776183 0.26637471204073737 0.648070029296875 0.24036526464843752 0.3015294819609233 0.2491922991897314 0.30270727604166664 0.2752017465820312
0 0.6489831393229167 0.24038917968749998 0.6480056298919117 0.21291491316798036 0.3066895185637866 0.21974575398829285 0.3076670279947917 0.24722002050781247
0 0.6492253589555266 0.21219240335918763 0.64788189453125 0.18550817285156246 0.3053997831000049 0.19520728332607076 0.30674324752428156 0.22189151383369593
0 0.6495888123625845 0.18672010303476855 0.6481485618489583 0.16014595263671877 0.305815116022832 0.17058234764882524 0.3072553665364583 0.19715649804687502
0 0.6472035651041667 0.1608068706054688 0.6456287122576134 0.135509135210794 0.30956773439303004 0.14727703462485645 0.3111425872395833 0.17257477001953125
0 0.6464933496093749 0.1367904008789063 0.6451833375165759 0.10922509092868156 0.3083367958499093 0.11822974522555657 0.3096468079427083 0.14579505517578129
0 0.6414726751302083 0.10717569580078125 0.6394688442486275 0.08390327557658485 0.30869520818091917 0.09992365985392859 0.3106990390625 0.12319608007812499