0 0.9113884262152775 0.1708356772460938 0.06866527777777781 0.15950234374999997 0.06627372109333665 0.21576924361327396 0.9089968695308364 0.2271025771093678
0 0.8957107640491019 0.2294076421131968 0.07337824045138894 0.2182947915039062 0.07127256928423148 0.26759600339461576 0.8936050928819443 0.2787088540039063
0 0.8326337960069446 0.8422880209960939 0.11288239193968436 0.8413705826643975 0.1127182119671316 0.8821246418212294 0.8324696160343918 0.8830420801529258
0 0.8351740737847224 0.8036958334960937 0.11028703732638906 0.8036958334960937 0.11028703732638906 0.8415734375 0.8351740737847224 0.8415734375
0 0.8394835558178565 0.8015138563977002 0.8389619959105405 0.7604173463901582 0.110815477419073 0.7633412502463642 0.11133703732638889 0.8044377602539062
0 0.8504171293402779 0.719406770996094 0.11065958450660447 0.7181757995949735 0.11043703732638906 0.7604921875000001 0.8501945821600625 0.7617231589011206
0 0.8504171293402778 0.6772411459960939 0.10608472222222236 0.6744299477539064 0.10559064356517221 0.7158219659966997 0.8499230506832277 0.7186331642388871
0 0.8542277777777778 0.6308299477539063 0.1009324071180557 0.6287734375 0.10054481149136077 0.6736953606959069 0.8538401821510829 0.6757518709498131
0 0.8618490737847223 0.5851333334960938 0.09885509288194458 0.5814408852539062 0.09818697293605344 0.6251232545704176 0.8611809538388312 0.6288157028126051
0 0.8682004626736113 0.5365356772460937 0.09164907378472235 0.5329130209960937 0.09097568744900257 0.5785852731367255 0.8675270763378916 0.5822079293867255
0 0.8720111111111111 0.4893669272460939 0.08908472222222233 0.48317708349609373 0.08787109826412083 0.5317473447997793 0.8707974871530095 0.5379371885497793
0 0.8796324071180557 0.43799583349609383 0.08441898177083344 0.4346369790039063 0.08375475812598836 0.4843937167134694 0.8789681834732106 0.48775257120565696
0 0.8834430555555557 0.3872966147460937 0.08273333333333344 0.3846796875 0.08220900732267264 0.43544065709993673 0.8829187295448949 0.4380575843460305
0 0.8897944444444446 0.33655494775390626 0.0806083333333334 0.3296945312499999 0.07929353411033589 0.3787629913888985 0.888479645221447 0.38562340789280486
0 0.8974157404513888 0.2815677084960937 0.07591851822916672 0.27231874999999994 0.07396354652074175 0.32726003327161257 0.8954607687429638 0.3365089917677063
0 0.9240907404513887 0.11294713525390626 0.053980555555555566 0.09650963525390625 0.05037198156018077 0.15694889758574945 0.920482166456014 0.17338639758574945
0 0.8212018515625003 0.8830244790039062 0.11590879600694465 0.8830244790039062 0.11590879600694465 0.9266197915039063 0.8212018515625003 0.9266197915039063