0 0.7593908498263888 0.11665857861328129 0.11789281076388892 0.11364068603515623 0.11726841726742816 0.15563543414259487 0.758766456329928 0.1586533267207199
0 0.7569873637152776 0.16038382373046875 0.12164095833333335 0.15722843115234375 0.12103100917041044 0.19608781146473528 0.7563774145523547 0.19924320404286028
0 0.7521803923611112 0.20090000000000005 0.1319886710069445 0.19833602929687502 0.13149093996709135 0.2364296878916176 0.7516826613212582 0.23899365859474264
0 0.7521803923611112 0.24011764697265628 0.1396775598958334 0.239422548828125 0.1395368078953034 0.27866549475867863 0.7520396403605811 0.2793605929032099
0 0.7449694991319447 0.2811115195312501 0.14159956423611117 0.27906715673828125 0.1412223921579472 0.31428885449844146 0.7445923270537808 0.3163332172914103
0 0.7385599131944445 0.31621813720703124 0.14672549045138894 0.316188970703125 0.14672000960447149 0.3513781041598911 0.738554432347527 0.35140727066379734
0 0.7409633984375 0.3536328432617187 0.15441394357638896 0.3533107841796874 0.1543552543196763 0.38713071754924794 0.7409047091807873 0.3874527766312792
0 0.7353551197916667 0.38834264697265625 0.16082135069444456 0.3882703432617187 0.16080787575448116 0.4221490532220221 0.7353416448517033 0.42222135693295965
0 0.730718212330881 0.4531891034727002 0.7305481484374998 0.4216732841796875 0.16081042196865636 0.4226460393494498 0.1609804858620375 0.45416185864246245
0 0.7235008571692789 0.4838224461885477 0.7233372552083334 0.45410220605468754 0.16466452564695938 0.4550752640310474 0.1648281276079049 0.4847955041649076
0 0.721735076388889 0.4874328432617187 0.172354248263889 0.4859404414062499 0.17208645424503916 0.5171317536156673 0.7214672823700391 0.518624155471136
0 0.7153254904513892 0.5162825981445313 0.172115904513889 0.5162825981445313 0.172115904513889 0.5455830883789062 0.7153254904513892 0.5455830883789062
0 0.712922004340278 0.5496132353515626 0.17748017447916684 0.5490115195312502 0.17738205787584618 0.576636909964937 0.7128238877369574 0.5772386257852494
0 0.7116201170993615 0.6049723153698285 0.7113193897569444 0.5788867646484375 0.18196202823532087 0.5808176963683974 0.1822627555777379 0.6069032470897885
0 0.7096002079854071 0.6324235481523038 0.708876015775392 0.604866201375386 0.1877315902777778 0.609199509765625 0.18845578248779293 0.6367568565425428
0 0.6888858385416667 0.7915188725585938 0.20951634027777793 0.790123529296875 0.20926344533352584 0.8176135165366806 0.6886329435974147 0.8190088597983993
0 0.6889545908300144 0.7883547296178802 0.6888858385416666 0.766275490234375 0.20438946584947304 0.7667528421097891 0.20445821813782084 0.7888320814932943
0 0.6937610204886311 0.7649320293067714 0.6936932465277779 0.742862009765625 0.20374788511133315 0.7433380600771127 0.20381565907218652 0.7654080796182591
0 0.6928919392361113 0.7176453432617188 0.20246840972222235 0.7176453432617188 0.20246840972222235 0.7410857841796875 0.6928919392361113 0.7410857841796875
0 0.6977738059990296 0.7162810275420705 0.6976989105902778 0.6910495097656248 0.1979774585476079 0.6915188468448327 0.19805235395635978 0.7167503646212783
0 0.6980624919954377 0.6869797854383458 0.6976989105902777 0.66174901953125 0.19989560179769017 0.6640187488211546 0.20025918320285013 0.6892495147282505
0 0.7020553925818597 0.6599456254899556 0.7017039058734873 0.6355541722073089 0.19054335503472222 0.6378848037109374 0.19089484174309457 0.6622762569935841