0 0.8265345214651734 0.05280783859216549 0.8184147483555575 0.0029627360551321355 0.12677956684027777 0.03861142236328125 0.13489933994989367 0.08845652490031461
0 0.8214304823978336 0.10227458032459175 0.8143785338541666 0.054321089355468755 0.127640026877872 0.08627509880773168 0.13469197542153888 0.13422858977685467
0 0.825471453847097 0.14869065417604463 0.8184066495611834 0.10161441461922285 0.13911289062499999 0.13386971191406252 0.1461776949109136 0.1809459514708843
0 0.8263651911038468 0.19628954364659446 0.820683185763889 0.15162298681640624 0.1475765168691111 0.17871542610375063 0.1532585222090689 0.22338198293393885
0 0.8212405987245479 0.23621921109619273 0.8156451764011181 0.19548708096617498 0.1596069036458333 0.22400185791015623 0.165202325969263 0.264733988040174
0 0.8183698219139574 0.2810908649057875 0.8128192291666666 0.23773448144531248 0.16846190710076234 0.2638355409446124 0.1740124998480531 0.30719192440508747
0 0.8218331090096651 0.32270392778123114 0.8170423871527777 0.28304840625 0.17688194501178517 0.3075182490120761 0.1816726668686725 0.3471737705433072
0 0.8173412439385856 0.3646761235311373 0.812747157853754 0.3259150948618722 0.18770310763888887 0.3493551977539062 0.1922971937237206 0.38811622642317134
0 0.8209098482046036 0.40388721377997455 0.8163935789930555 0.3650388544921874 0.19557661575061105 0.3878746302161893 0.20009288496215907 0.4267229895039764
0 0.8229861507045662 0.44116477731931913 0.8178734962906336 0.40239723166541036 0.20625518142361107 0.42791858300781255 0.21136783583754373 0.4666861286617213
0 0.819961706203058 0.4816814964269513 0.8160726380208332 0.4431338291015625 0.217209115591404 0.46225085677774497 0.22109818377362878 0.5007985241031337
0 0.8191108920610388 0.5151925894666657 0.8146153569162071 0.4783729376422064 0.22345223090277777 0.5012107294921874 0.2279477660476095 0.5380303813166467
0 0.8340232578476051 0.9450085147674142 0.8312994364110797 0.9178918701739838 0.3233974600694444 0.9340342529296873 0.3261212815059698 0.9611508975231178
0 0.8396554621690003 0.9166485402164065 0.8370767854203772 0.8909839229078911 0.3191917421875 0.907448119140625 0.32177041893612307 0.9331127364491404
0 0.8354944181233971 0.890091403465155 0.8331243637152776 0.8632989985351562 0.3086805048383282 0.877977802668557 0.3110505592464475 0.9047702075985558
0 0.8345310037023235 0.861422440660673 0.831794845486111 0.834206534667969 0.30355049433654613 0.851009979539021 0.30628665255275844 0.878225885531725
0 0.8390665961026009 0.8335517097699587 0.8359419298815237 0.8049744718109059 0.29152776302083333 0.823809134765625 0.2946524292419106 0.8523863727246779
0 0.8396391067283243 0.8049028351398367 0.8367475677083333 0.7761608295898437 0.2783722373978645 0.7939347513596086 0.2812637764178555 0.8226767569096016
0 0.8404351588266133 0.7762106766365573 0.8372680015824963 0.7447392893568403 0.27459826388888886 0.7626557553710938 0.27776542113300606 0.7941271426508107
0 0.8369198528315708 0.7432706481731154 0.8336910486111112 0.7137156616210939 0.26322123029525407 0.7334348334783455 0.2664500345157137 0.762989820030367
0 0.8385907687498401 0.7120563029594558 0.8346370195904171 0.6799831761187931 0.25517791927083333 0.7025845922851562 0.2591316684302562 0.7346577191258189
0 0.8379907559857084 0.6810292465244594 0.8340229770319253 0.6480366091915869 0.25043625607638886 0.6702431489257813 0.25440403503017195 0.7032357862586538
0 0.8372550205106796 0.6470468646117705 0.8335517491435621 0.6154980729082807 0.23961488194444444 0.6375571909179686 0.24331815331156184 0.6691059826214584
0 0.8340358203453621 0.6181191037864882 0.8306628289930555 0.5837009853515625 0.2337151488654475 0.6022111134976211 0.23708814021775393 0.6366292319325468
0 0.8276620942052795 0.5828699078295332 0.8239727569444445 0.5489940468750001 0.22636245172696745 0.5695871193477114 0.2300517889878024 0.6034629803022445
0 0.8271469524882699 0.5473782883176583 0.8231765983311017 0.5134155300936941 0.21803734461805557 0.5357989619140626 0.22200769877522378 0.5697617201380268