0 0.6319895425347223 0.030385048828125084 0.6265578892015007 -0.018135329512446265 -0.005431653333221552 0.004249964921147398 0 0.05277034326171875
0 0.6633050295550352 0.07874864598073143 0.6564570694559638 0.0288772691024456 -0.0014993758976825427 0.05746318171546418 0.005348584201388887 0.10733455859375002
0 0.6767420522570402 0.12849201739763336 0.6688990413438425 0.07824897917078685 -0.007467847718753248 0.11165573618721603 0.00037516319444444755 0.16189877441406256
0 0.6714474553171838 0.17400036159667828 0.6643163402777778 0.1297198530273438 -0.004269241775517031 0.16378787375488432 0.0028618732638888947 0.20806838232421881
0 0.6744920042077136 0.222759102122926 0.6660030124267698 0.1741018367806372 -0.0056271185170548915 0.21117704862255493 0.0028618732638888886 0.25983431396484374
0 0.6852334579356528 0.2630686950711923 0.676198550962331 0.21930712194801988 -0.00119961270248851 0.2635577896697963 0.00783529427083333 0.30731936279296873
0 0.6908500880471647 0.30931128728839163 0.6813483558074193 0.26458720608646713 -0.006360991788356585 0.31081586996995053 0.0031407404513889015 0.35553995117187503
0 0.7603350527279258 0.9613823736891645 0.7517272335069445 0.9335267158203124 0.371008738938741 0.9707512049241167 0.37961655815972223 0.9986068627929687
0 0.7545201287389842 0.9335226908532752 0.7462714600694443 0.91142401953125 0.3615465379276823 0.9568613775060999 0.3697952065972222 0.9789600488281252
0 0.7529554145276103 0.9064996593046051 0.7439510068980165 0.8828190023590233 0.2059503263888889 0.9475465688476562 0.21495473401848275 0.971227225793238
0 0.7526655028388203 0.8825737653454322 0.7429973854166666 0.8555534311523438 0.18488558976340463 0.9187389353280127 0.19455370718555837 0.945759269521101
0 0.745188128092119 0.8522858666033742 0.7348697563614256 0.8247787317188077 0.17555555555555558 0.8911632353515625 0.185873927286249 0.9186703702361291
0 0.7448186163298653 0.8237003633555803 0.7353590416666665 0.7966129902343752 0.1698792127224436 0.8590967121409394 0.17933878738564235 0.8861840852621445
0 0.7358698048553585 0.7971891764067959 0.7262696802463154 0.7692390863111334 0.16057124218750002 0.8307176469726564 0.17017136679654293 0.8586677370683189
0 0.7387383721270862 0.7648894004175044 0.7283415170045884 0.7358821635535006 0.14681393893403746 0.8018315864980837 0.15721079405653524 0.8308388233620876
0 0.737830247945005 0.7359288381398836 0.7277202612847223 0.7058931372070312 0.1272205396695521 0.7698475734727558 0.13733052632983472 0.7998832744056082
0 0.7328830888428831 0.7036824251997891 0.7223042577003373 0.6727345787391726 0.12443856163194449 0.7373975922851563 0.1350173927744903 0.7683454387457728
0 0.7319061694379049 0.6724782218523061 0.7216526912113141 0.6407639467623812 0.10899041406249993 0.7034372548828125 0.11924389228909067 0.7351515299727374
0 0.7267821340311031 0.6420704570311987 0.7168078428819444 0.6095007353515625 0.09483829449959182 0.6697680955960593 0.1048125856487506 0.7023378172756956
0 0.7217433536475485 0.6072406028960248 0.7110501519953122 0.5724254770643831 0.08377647048611112 0.633385048828125 0.09446967213834742 0.6682001746597667
0 0.7162445584864222 0.5749516061500679 0.7065237443737703 0.5409975781294831 0.071888453125 0.598486029296875 0.08160926723765188 0.6324400573174598
0 0.7163155117696156 0.541826505642898 0.7067205120943765 0.50608656202981 0.056342046988989786 0.5613327488522175 0.065937046664229 0.5970726924653056
0 0.7083002533506902 0.5046835792754163 0.6993481484374999 0.46962720605468755 0.04232748163067417 0.5227134824085506 0.05127958654386443 0.5577698556292794
0 0.7045293662889406 0.4705216590920567 0.6949834418402778 0.430947548828125 0.031781678788999145 0.48156468372398087 0.04132760323766191 0.5211387939879125
0 0.7027579851701833 0.4297635732630713 0.6928035767498429 0.3891260223021467 0.011344662326388878 0.4419428920898438 0.021299070746729234 0.48258044305076836
0 0.6970668903690025 0.3912563045139922 0.6876837641219864 0.34971871692939327 0.00174553385416666 0.39874583349609377 0.011128660101182679 0.4402834210806927
0 0.6961765745077368 0.3517427634783065 0.6873446623263888 0.3094561274414063 -0.0013264651327368575 0.3549663053693498 0.0075054470486111136 0.39725294140625