0 0.865625 0.5291666666666668 0.6234375 0.5291666666666668 0.6234375 0.5625000000000001 0.865625 0.5625000000000002
0 0.86015625 0.7447916666666667 0.62109375 0.7447916666666666 0.62109375 0.7781250000000001 0.86015625 0.7781250000000003
0 0.33281250000000007 0.5614583333333333 0.09296875000000004 0.5614583333333333 0.09296875000000004 0.5958333333333333 0.33281250000000007 0.5958333333333333
0 0.596875 0.18125000000000008 0.359375 0.18125000000000005 0.359375 0.21770833333333342 0.596875 0.21770833333333345
0 0.33281250000000007 0.6697916666666667 0.09375000000000007 0.6697916666666667 0.09375000000000007 0.70625 0.33281250000000007 0.70625
0 0.8734375 0.1500000000000001 0.6296875 0.1500000000000001 0.6296875 0.1875000000000001 0.8734375 0.1875000000000001
0 0.59609375 0.7802083333333333 0.36015625000000007 0.7802083333333333 0.36015625000000007 0.8135416666666667 0.59609375 0.8135416666666667
0 0.3304687500000001 0.78125 0.09453125000000007 0.78125 0.09453125000000007 0.815625 0.3304687500000001 0.815625
0 0.5984375 0.6697916666666667 0.3648437500000001 0.6697916666666667 0.3648437500000001 0.703125 0.5984375 0.703125
0 0.6015625 0.4833333333333334 0.3625 0.48333333333333334 0.36250000000000004 0.51875 0.6015625 0.5187500000000002
0 0.59921875 0.5583333333333333 0.3625000000000001 0.5583333333333333 0.3625000000000001 0.59375 0.59921875 0.59375
0 0.8625 0.6364583333333335 0.61875 0.6364583333333333 0.61875 0.6718750000000001 0.8625 0.6718750000000002
0 0.86640625 0.4531250000000001 0.62109375 0.4531250000000001 0.62109375 0.48854166666666676 0.86640625 0.48854166666666676
0 0.32890625000000007 0.740625 0.09062500000000007 0.740625 0.09062500000000007 0.7760416666666666 0.32890625000000007 0.7760416666666666
0 0.865625 0.5645833333333334 0.62265625 0.5645833333333333 0.62265625 0.5979166666666668 0.865625 0.5979166666666669
0 0.8609375 0.7093750000000001 0.61953125 0.709375 0.61953125 0.7427083333333334 0.8609375 0.7427083333333335
0 0.85859375 0.7843750000000002 0.621875 0.784375 0.621875 0.8166666666666668 0.85859375 0.8166666666666669
0 0.33359375 0.4125 0.09218750000000005 0.4125 0.09218750000000005 0.4479166666666667 0.33359375 0.4479166666666667
0 0.6 0.37291666666666673 0.35859375 0.3729166666666667 0.35859375 0.4083333333333334 0.6 0.40833333333333344
0 0.596875 0.7427083333333333 0.36015625000000007 0.7427083333333333 0.36015625000000007 0.7770833333333333 0.596875 0.7770833333333333
0 0.59921875 0.5218750000000001 0.3625000000000001 0.521875 0.3625000000000001 0.55625 0.59921875 0.55625
0 0.8625 0.6729166666666668 0.62109375 0.6729166666666667 0.62109375 0.7083333333333335 0.8625 0.7083333333333336
0 0.86875 0.41770833333333346 0.62421875 0.41770833333333346 0.62421875 0.45208333333333345 0.86875 0.45208333333333345
0 0.86953125 0.34270833333333345 0.63046875 0.34270833333333345 0.63046875 0.37916666666666676 0.86953125 0.37916666666666676
0 0.32890625000000007 0.709375 0.09375000000000007 0.709375 0.09375000000000007 0.7416666666666667 0.32890625000000007 0.7416666666666667
0 0.3296875 0.3375 0.09296875000000002 0.3375 0.09296875000000003 0.375 0.3296875 0.375
0 0.86484375 0.49062500000000014 0.625 0.49062500000000014 0.625 0.5239583333333334 0.86484375 0.5239583333333334
0 0.59921875 0.33541666666666675 0.3609375 0.33541666666666664 0.3609375 0.3708333333333334 0.59921875 0.37083333333333346
0 0.33437500000000003 0.44895833333333335 0.09218750000000005 0.44895833333333335 0.09218750000000005 0.48541666666666666 0.3343750000000001 0.48541666666666666
0 0.60234375 0.29479166666666673 0.359375 0.2947916666666667 0.359375 0.33125000000000004 0.60234375 0.3312500000000001
0 0.3351562500000001 0.525 0.09218750000000005 0.525 0.09218750000000005 0.5583333333333333 0.3351562500000001 0.5583333333333333
0 0.33046875 0.375 0.08906250000000004 0.375 0.08906250000000004 0.4114583333333333 0.33046875 0.4114583333333333
0 0.58125 0.2562500000000001 0.3546875 0.25625000000000003 0.3546875 0.2927083333333334 0.58125 0.29270833333333346
0 0.59765625 0.6333333333333333 0.3617187500000001 0.6333333333333333 0.3617187500000001 0.665625 0.59765625 0.665625
0 0.6 0.7083333333333334 0.3617187500000001 0.7083333333333334 0.3617187500000001 0.740625 0.6 0.740625
0 0.3351562500000001 0.6333333333333333 0.09218750000000006 0.6333333333333333 0.09218750000000006 0.6666666666666666 0.3351562500000001 0.6666666666666666
0 0.871875 0.22708333333333344 0.6296875 0.22708333333333344 0.6296875 0.2625000000000001 0.871875 0.2625000000000001
0 0.6 0.44583333333333347 0.36328125 0.44583333333333347 0.36328125 0.4812500000000001 0.6 0.4812500000000001
0 0.59765625 0.21875000000000008 0.3578125 0.21875000000000006 0.3578125 0.2552083333333334 0.59765625 0.2552083333333334
0 0.5984375 0.5947916666666667 0.3609375000000001 0.5947916666666667 0.3609375000000001 0.63125 0.5984375 0.63125
0 0.8703125 0.3822916666666668 0.6265625 0.3822916666666668 0.6265625 0.41770833333333346 0.8703125 0.41770833333333346
0 0.86484375 0.6020833333333334 0.621875 0.6020833333333333 0.621875 0.6354166666666667 0.86484375 0.6354166666666669
0 0.87109375 0.30312500000000014 0.62578125 0.30312500000000014 0.62578125 0.3385416666666668 0.87109375 0.3385416666666668
0 0.8734375 0.10937500000000012 0.6265625 0.10937500000000008 0.6265625 0.14687500000000012 0.8734375 0.14687500000000012
0 0.3335937500000001 0.5989583333333334 0.09296875000000004 0.5989583333333334 0.09296875000000006 0.6322916666666667 0.3335937500000001 0.6322916666666667
0 0.3335937500000001 0.4875 0.09062500000000004 0.4875 0.09062500000000004 0.5229166666666667 0.3335937500000001 0.5229166666666667
0 0.328125 0.3 0.08984375000000003 0.3 0.08984375000000003 0.33541666666666664 0.328125 0.33541666666666664
0 0.33046875 0.26145833333333335 0.09062500000000002 0.26145833333333335 0.09062500000000002 0.3 0.33046875 0.3
0 0.86953125 0.2635416666666668 0.62890625 0.2635416666666668 0.62890625 0.3000000000000001 0.86953125 0.3000000000000001
0 0.32890625 0.2229166666666667 0.08593750000000003 0.22291666666666668 0.08593750000000003 0.25833333333333336 0.32890625 0.2583333333333334
0 0.6 0.4093750000000001 0.36328125 0.4093750000000001 0.36328125 0.4427083333333334 0.6 0.4427083333333334
0 0.87265625 0.18854166666666677 0.628125 0.18854166666666677 0.628125 0.22500000000000012 0.87265625 0.22500000000000012
0 0.33281250000000007 0.8197916666666667 0.09453125000000007 0.8197916666666667 0.09453125000000008 0.85 0.33281250000000007 0.85
0 0.8578125 0.8197916666666668 0.61953125 0.8197916666666667 0.61953125 0.8510416666666668 0.8578125 0.8510416666666669
0 0.6 0.13854166666666676 0.3546875 0.13854166666666673 0.3546875 0.1750000000000001 0.6 0.17500000000000013
0 0.59453125 0.8177083333333334 0.3617187500000001 0.8177083333333334 0.3617187500000001 0.846875 0.59453125 0.846875