0 0.9153645833333334 0.53857421875 0.5286458333333335 0.53857421875 0.5286458333333335 0.57080078125 0.9153645833333334 0.57080078125
0 0.9134114583333334 0.43750000000000006 0.5266927083333334 0.4375 0.5266927083333334 0.47167968750000006 0.9134114583333334 0.4716796875000001
0 0.47851562500000017 0.8408203125 0.09114583333333348 0.8408203125 0.09114583333333348 0.873046875 0.47851562500000017 0.873046875
0 0.9173177083333334 0.36767578125000006 0.5266927083333334 0.36767578125 0.5266927083333334 0.40136718750000006 0.9173177083333334 0.4013671875000001
0 0.919921875 0.47021484375000006 0.5279947916666669 0.47021484375 0.5279947916666669 0.50439453125 0.919921875 0.50439453125
0 0.923828125 0.39794921875000006 0.5201822916666666 0.39794921875 0.5201822916666666 0.43701171875000006 0.923828125 0.4370117187500001
0 0.91015625 0.50537109375 0.5227864583333335 0.50537109375 0.5227864583333335 0.537109375 0.91015625 0.537109375
0 0.490234375 0.40380859375 0.08463541666666674 0.40380859375 0.08463541666666674 0.4375 0.490234375 0.4375
0 0.9108072916666666 0.81298828125 0.5149739583333335 0.81298828125 0.5149739583333335 0.84423828125 0.9108072916666666 0.84423828125
0 0.4869791666666668 0.810546875 0.09375000000000015 0.810546875 0.09375000000000015 0.841796875 0.4869791666666668 0.841796875
0 0.9095052083333334 0.7783203125 0.5169270833333335 0.7783203125 0.5169270833333335 0.8115234375 0.9095052083333334 0.8115234375
0 0.4876302083333333 0.2998046875 0.08203125000000006 0.2998046875 0.08203125000000006 0.33251953125 0.4876302083333333 0.33251953125
0 0.9134114583333334 0.7109375 0.5214843750000001 0.7109375 0.5214843750000001 0.7421875 0.9134114583333334 0.7421875
0 0.4895833333333333 0.33251953125 0.08593750000000004 0.33251953125 0.08593750000000006 0.36669921875 0.4895833333333333 0.36669921875
0 0.9095052083333334 0.7451171875 0.5201822916666669 0.7451171875 0.5201822916666669 0.7763671875 0.9095052083333334 0.7763671875
0 0.9147135416666666 0.607421875 0.5279947916666669 0.607421875 0.5279947916666669 0.63916015625 0.9147135416666666 0.63916015625
0 0.48632812500000017 0.5068359375 0.08919270833333341 0.5068359375 0.08919270833333341 0.5390625 0.48632812500000017 0.5390625
0 0.4869791666666667 0.3701171875 0.08333333333333341 0.3701171875 0.08333333333333341 0.40234375 0.4869791666666667 0.40234375
0 0.93359375 0.22802734375000008 0.5247395833333334 0.22802734375000006 0.5247395833333334 0.26367187500000006 0.93359375 0.2636718750000001
0 0.92578125 0.29833984375000006 0.525390625 0.29833984375 0.525390625 0.33300781250000006 0.92578125 0.3330078125000001
0 0.4876302083333334 0.4375 0.08333333333333341 0.4375 0.08333333333333341 0.47216796875 0.4876302083333335 0.47216796875
0 0.4928385416666667 0.22949218750000003 0.0807291666666667 0.2294921875 0.0807291666666667 0.2646484375 0.4928385416666667 0.2646484375
0 0.48828125 0.08349609375000003 0.07552083333333336 0.08349609375 0.07552083333333336 0.12402343750000003 0.48828125 0.12402343750000006
0 0.9140625 0.5732421875 0.5227864583333335 0.5732421875 0.5227864583333335 0.6044921875 0.9140625 0.6044921875
0 0.9101562500000001 0.8798828125 0.5188802083333335 0.8798828125 0.5188802083333335 0.91015625 0.9101562500000003 0.91015625
0 0.9270833333333334 0.26318359375000006 0.5240885416666666 0.26318359375 0.5240885416666666 0.29980468750000006 0.9270833333333334 0.2998046875000001
0 0.4837239583333335 0.74365234375 0.08919270833333344 0.74365234375 0.08919270833333344 0.7744140625 0.4837239583333335 0.7744140625
0 0.4915364583333333 0.18994140625000003 0.07747395833333337 0.18994140625 0.07747395833333337 0.22900390625000003 0.4915364583333333 0.22900390625000006
0 0.4850260416666668 0.876953125 0.09114583333333348 0.876953125 0.09114583333333348 0.90771484375 0.4850260416666668 0.90771484375
0 0.4876302083333335 0.70849609375 0.08854166666666678 0.70849609375 0.08854166666666678 0.7421875 0.4876302083333335 0.7421875
0 0.9108072916666666 0.84423828125 0.5143229166666669 0.84423828125 0.5143229166666669 0.8779296875 0.9108072916666666 0.8779296875
0 0.9114583333333334 0.64208984375 0.5188802083333335 0.64208984375 0.5188802083333335 0.67529296875 0.9114583333333334 0.67529296875
0 0.4837239583333335 0.7763671875 0.09049479166666678 0.7763671875 0.0904947916666668 0.80908203125 0.4837239583333335 0.80908203125
0 0.4869791666666668 0.541015625 0.09179687500000007 0.541015625 0.0917968750000001 0.572265625 0.4869791666666668 0.572265625
0 0.4869791666666667 0.11718750000000003 0.07356770833333336 0.1171875 0.07356770833333336 0.15771484375000003 0.4869791666666667 0.15771484375000006
0 0.4895833333333333 0.15527343750000003 0.07877604166666669 0.1552734375 0.0787760416666667 0.19042968750000003 0.4895833333333333 0.19042968750000006
0 0.48828125 0.2646484375 0.0807291666666667 0.2646484375 0.08072916666666671 0.298828125 0.48828125 0.298828125
0 0.4869791666666668 0.47265625 0.08919270833333341 0.47265625 0.08919270833333341 0.5048828125 0.4869791666666668 0.5048828125
0 0.9134114583333334 0.67529296875 0.5208333333333335 0.67529296875 0.5208333333333335 0.70947265625 0.9134114583333334 0.70947265625
0 0.4869791666666668 0.6748046875 0.08854166666666678 0.6748046875 0.08854166666666678 0.70703125 0.4869791666666668 0.70703125
0 0.4876302083333335 0.609375 0.09114583333333344 0.609375 0.09114583333333344 0.63916015625 0.4876302083333335 0.63916015625
0 0.48828125000000017 0.57421875 0.09114583333333344 0.57421875 0.09114583333333344 0.6064453125 0.48828125000000017 0.6064453125
0 0.4830729166666668 0.90869140625 0.09114583333333348 0.90869140625 0.09114583333333348 0.93896484375 0.4830729166666668 0.93896484375
0 0.49218750000000017 0.640625 0.09049479166666678 0.640625 0.09049479166666678 0.669921875 0.49218750000000017 0.669921875
0 0.4915426432291667 0.048995117187500006 0.0712197265625 0.040887451171875 0.06992398457448784 0.07867322126428046 0.4902469012411545 0.08678088727990546
0 0.9139667968750002 0.911623291015625 0.5140507812500001 0.91138916015625 0.5140174927600911 0.9433727169626694 0.9139335083850911 0.9436068478220444
0 0.942524518297776 0.0210257840045388 0.535205078125 0.008626953125000045 0.5332529555381383 0.04470009876363249 0.9405723957109143 0.057098929643171245
0 0.9414762369791667 0.05734765625000009 0.5380257161458334 0.04511816406250005 0.5360270843601912 0.0822064850787049 0.9394776051935244 0.09443597726620494
0 0.9390065104166667 0.09332714843750008 0.5366155598958333 0.08108056640625003 0.5345374039554397 0.11948965209269342 0.9369283544762731 0.13173623412394347
0 0.9363610026041668 0.13036914062500007 0.536927734375 0.11383251953125005 0.5340128783930608 0.15343634035619397 0.9334461466222276 0.16997296144994398
0 0.9354753921074046 0.16415546408713058 0.5380257161458334 0.15247656250000005 0.5361768647707765 0.18786852749943472 0.9336265407323477 0.19954742908656525
0 0.9320421979421463 0.1958823835069196 0.5323847656250001 0.18420825195312504 0.5303749254438604 0.22291149543501843 0.9300323577610067 0.23458562698881302
0 0.92578125 0.32958984375000006 0.5266927083333334 0.32958984375 0.5266927083333334 0.36865234375000006 0.92578125 0.3686523437500001