0 0.9013671875 0.6067708333333335 0.73779296875 0.6067708333333335 0.73779296875 0.6328125000000001 0.9013671875 0.6328125000000001
0 0.68896484375 0.6002604166666669 0.52978515625 0.6002604166666669 0.52978515625 0.6256510416666669 0.68896484375 0.6256510416666669
0 0.4794921875000001 0.6321614583333334 0.3105468750000001 0.6321614583333334 0.3105468750000001 0.6569010416666667 0.4794921875000001 0.6569010416666669
0 0.89404296875 0.6640625000000001 0.73486328125 0.6640625000000001 0.73486328125 0.6881510416666666 0.89404296875 0.6881510416666666
0 0.9140625 0.4583333333333335 0.74609375 0.4583333333333335 0.74609375 0.4856770833333335 0.9140625 0.4856770833333335
0 0.91015625 0.4895833333333335 0.744140625 0.4895833333333335 0.744140625 0.5169270833333335 0.91015625 0.5169270833333335
0 0.6865234375 0.6562500000000001 0.52880859375 0.6562500000000001 0.52880859375 0.6809895833333334 0.6865234375 0.6809895833333334
0 0.69189453125 0.5143229166666669 0.52783203125 0.5143229166666669 0.52783203125 0.5410156250000001 0.69189453125 0.5410156250000001
0 0.6943359375 0.48437500000000017 0.52734375 0.48437500000000017 0.52734375 0.5097656250000001 0.6943359375 0.5097656250000001
0 0.90380859375 0.5774739583333335 0.73828125 0.5774739583333335 0.73828125 0.6035156250000001 0.90380859375 0.6035156250000001
0 0.69873046875 0.45507812500000017 0.5322265625 0.45507812500000017 0.5322265625 0.4817708333333335 0.69873046875 0.4817708333333335
0 0.70263671875 0.36328125000000017 0.53271484375 0.36328125000000017 0.53271484375 0.3919270833333335 0.70263671875 0.3919270833333335
0 0.68994140625 0.5709635416666669 0.529296875 0.5709635416666669 0.529296875 0.5963541666666669 0.68994140625 0.5963541666666669
0 0.48291015625 0.44986979166666674 0.30859375 0.4498697916666667 0.30859375 0.4778645833333334 0.48291015625 0.4778645833333335
0 0.70556640625 0.2981770833333334 0.53515625 0.2981770833333334 0.53515625 0.3294270833333334 0.70556640625 0.3294270833333335
0 0.48095703125000006 0.6015625000000001 0.31005859375 0.6015625 0.31005859375000006 0.6276041666666667 0.4809570312500001 0.6276041666666669
0 0.71240234375 0.23307291666666677 0.5361328125 0.23307291666666674 0.5361328125 0.2643229166666668 0.71240234375 0.2643229166666668
0 0.25244140625 0.41796875 0.06738281250000003 0.41796875 0.06738281250000003 0.447265625 0.25244140625 0.447265625
0 0.484375 0.35351562500000006 0.30517578125 0.353515625 0.30517578125 0.38346354166666674 0.484375 0.3834635416666668
0 0.708984375 0.2662760416666668 0.5361328125 0.26627604166666674 0.5361328125 0.2962239583333334 0.708984375 0.2962239583333335
0 0.4833984375 0.38671875000000006 0.3056640625 0.38671875 0.3056640625 0.41601562500000006 0.4833984375 0.41601562500000017
0 0.70458984375 0.3313802083333334 0.53369140625 0.3313802083333334 0.53369140625 0.36132812500000017 0.70458984375 0.36132812500000017
0 0.24804687500000006 0.3209635416666667 0.06201171875000003 0.3209635416666667 0.06201171875000003 0.3515625 0.24804687500000006 0.3515625
0 0.9072265625 0.5188802083333335 0.7412109375 0.5188802083333335 0.7412109375 0.5462239583333335 0.9072265625 0.5462239583333335
0 0.701171875 0.39453125000000017 0.5322265625 0.39453125000000017 0.5322265625 0.4231770833333335 0.701171875 0.4231770833333335
0 0.25439453125 0.48046875 0.07226562500000006 0.48046875 0.07226562500000006 0.5091145833333334 0.25439453125 0.5091145833333334
0 0.25341796875 0.44921875 0.06933593750000003 0.44921875 0.06933593750000004 0.478515625 0.25341796875 0.478515625
0 0.4833984375 0.32096354166666674 0.3037109375 0.32096354166666674 0.3037109375 0.35156250000000006 0.4833984375 0.35156250000000017
0 0.48388671875 0.21875000000000008 0.3017578125 0.21875000000000008 0.3017578125 0.2513020833333334 0.48388671875 0.2513020833333334
0 0.48193359375 0.5416666666666667 0.31201171875 0.5416666666666666 0.31201171875 0.5690104166666667 0.48193359375 0.5690104166666669
0 0.4833984375 0.41796875000000006 0.3076171875 0.41796875 0.3076171875 0.44726562500000006 0.4833984375 0.44726562500000017
0 0.48193359375 0.5716145833333334 0.31396484375 0.5716145833333334 0.31396484375 0.5989583333333334 0.48193359375 0.5989583333333335
0 0.2509765625 0.384765625 0.06542968750000003 0.384765625 0.06542968750000003 0.4147135416666667 0.2509765625 0.4147135416666667
0 0.69091796875 0.5429687500000001 0.5322265625 0.5429687500000001 0.5322265625 0.5696614583333335 0.69091796875 0.5696614583333335
0 0.24951171875000006 0.3528645833333333 0.06396484375000003 0.3528645833333333 0.06396484375000003 0.3828125 0.24951171875000006 0.3828125
0 0.68798828125 0.6282552083333335 0.529296875 0.6282552083333335 0.529296875 0.6529947916666669 0.68798828125 0.6529947916666669
0 0.2548828125 0.51171875 0.07666015625000006 0.51171875 0.07666015625000006 0.5403645833333334 0.2548828125 0.5403645833333334
0 0.69970703125 0.4251302083333335 0.53076171875 0.4251302083333335 0.53076171875 0.45312500000000017 0.69970703125 0.45312500000000017
0 0.48193359375 0.48046875000000006 0.30908203125 0.48046875 0.30908203125 0.5084635416666667 0.48193359375 0.5084635416666669
0 0.48193359375 0.5117187500000001 0.31103515625 0.51171875 0.31103515625 0.5390625000000001 0.48193359375 0.5390625000000001
0 0.48291015625 0.28906250000000006 0.30322265625 0.28906250000000006 0.30322265625 0.31835937500000006 0.48291015625 0.31835937500000006
0 0.90673828125 0.5494791666666669 0.7431640625 0.5494791666666669 0.7431640625 0.5755208333333335 0.90673828125 0.5755208333333335
0 0.939453125 0.20377604166666682 0.76171875 0.20377604166666682 0.76171875 0.23437500000000014 0.939453125 0.23437500000000014
0 0.2548828125 0.572265625 0.08007812500000006 0.572265625 0.08007812500000006 0.6009114583333334 0.2548828125 0.6009114583333334
0 0.25537109375 0.5423177083333334 0.07910156250000006 0.5423177083333334 0.07910156250000006 0.5709635416666666 0.25537109375 0.5709635416666666
0 0.92724609375 0.3352864583333335 0.75830078125 0.3352864583333335 0.75830078125 0.3658854166666668 0.92724609375 0.3658854166666668
0 0.24560546875 0.21875000000000003 0.053222656250000014 0.21875 0.05322265625000002 0.2506510416666667 0.24560546875 0.25065104166666674
0 0.91943359375 0.4283854166666668 0.74609375 0.4283854166666668 0.74609375 0.4563802083333335 0.91943359375 0.4563802083333335
0 0.25537109375000006 0.603515625 0.08154296875000006 0.603515625 0.08154296875000006 0.6315104166666666 0.2553710937500001 0.6315104166666666
0 0.92431640625 0.3665364583333335 0.75537109375 0.3665364583333335 0.75537109375 0.39648437500000017 0.92431640625 0.39648437500000017
0 0.92138671875 0.39843750000000017 0.75244140625 0.39843750000000017 0.75244140625 0.42773437500000017 0.92138671875 0.42773437500000017
0 0.89794921875 0.6360677083333335 0.73486328125 0.6360677083333335 0.73486328125 0.6601562500000001 0.89794921875 0.6601562500000001
0 0.2578125000000001 0.6341145833333334 0.08349609375000006 0.6341145833333334 0.08349609375000006 0.6608072916666666 0.2578125000000001 0.6608072916666666
0 0.9306640625 0.3020833333333335 0.76220703125 0.3020833333333335 0.76220703125 0.3333333333333335 0.9306640625 0.3333333333333335
0 0.2578125000000001 0.6640625 0.08056640625000006 0.6640625 0.08056640625000006 0.689453125 0.2578125000000001 0.689453125
0 0.24658203125000003 0.28710937500000006 0.06005859375000003 0.287109375 0.06005859375000003 0.31835937500000006 0.24658203125000006 0.31835937500000006
0 0.48291015625 0.25455729166666674 0.302734375 0.25455729166666674 0.302734375 0.28710937500000006 0.48291015625 0.28710937500000006
0 0.24560546875 0.2526041666666667 0.05712890625000003 0.2526041666666667 0.05712890625000003 0.28515625000000006 0.24560546875 0.28515625000000006
0 0.93359375 0.2701822916666668 0.763671875 0.2701822916666668 0.763671875 0.30273437500000017 0.93359375 0.30273437500000017
0 0.93603515625 0.23893229166666682 0.76611328125 0.23893229166666682 0.76611328125 0.2708333333333335 0.93603515625 0.2708333333333335
0 0.685546875 0.6861979166666666 0.52392578125 0.6861979166666666 0.52392578125 0.70703125 0.685546875 0.70703125
0 0.4819335937500001 0.6614583333333334 0.3134765625000001 0.6614583333333334 0.3134765625000001 0.6861979166666666 0.4819335937500001 0.6861979166666666
0 0.2597656250000001 0.6940104166666666 0.08251953125000006 0.6940104166666666 0.08251953125000006 0.7174479166666666 0.2597656250000001 0.7174479166666666
0 0.89208984375 0.6927083333333334 0.73291015625 0.6927083333333334 0.73291015625 0.71484375 0.89208984375 0.71484375
0 0.48583984375 0.18554687500000008 0.2978515625 0.18554687500000008 0.2978515625 0.21484375000000008 0.48583984375 0.21484375000000008
0 0.71337890625 0.2011718750000001 0.533203125 0.20117187500000008 0.533203125 0.2285156250000001 0.71337890625 0.22851562500000014
0 0.24462890625 0.1842447916666667 0.047363281250000014 0.18424479166666666 0.047363281250000014 0.21419270833333337 0.24462890625 0.2141927083333334
0 0.4809570312500001 0.69140625 0.3105468750000001 0.69140625 0.3105468750000001 0.712890625 0.4809570312500001 0.712890625