0 0.7579740807291666 0.8778426054687499 0.755030076249307 0.8368809596287422 0.19597718128402922 0.8495942809178046 0.19892118576388887 0.8905559267578124
0 0.7573837465277777 0.8399473515625001 0.75505400446252 0.800400141503086 0.2023757501222422 0.8107018539054298 0.20470549218750003 0.8502490639648439
0 0.7487477090319212 0.8027672629886087 0.7465288525318962 0.7652450421252281 0.20242789870830832 0.7754254510116196 0.20464675520833334 0.8129476718750002
0 0.7479262821180555 0.7656491879882812 0.7453709275020673 0.7269027939180331 0.2007746792381785 0.7382670126680331 0.20333003385416665 0.7770134067382811
0 0.7431657786458334 0.7300464160156251 0.7412795145555353 0.6931891659955244 0.20223477844442408 0.7019178632611494 0.2041210425347222 0.7387751132812501
0 0.7381016258680556 0.6956722290039062 0.7372006988609163 0.6619043494277218 0.20537967629147189 0.6663938328261593 0.20628060329861114 0.7001617124023437
0 0.7365819019097222 0.6637809223632811 0.7354435533758883 0.6275954238450858 0.20627724261199948 0.6328626010911795 0.20741559114583333 0.6690480996093748
0 0.7318448428819444 0.62941595703125 0.7305973675194926 0.5938826610535547 0.20964583019310376 0.5996694662293359 0.21089330555555555 0.6352027622070312
0 0.7300490370999186 0.5944439716330336 0.7288759095187478 0.5608057669576401 0.20499579950216243 0.5665865863402313 0.20616892708333331 0.6002247910156249
0 0.7282505078125001 0.5625562094726563 0.7271719752152578 0.5302247702447018 0.2093692790347023 0.5356901154595456 0.21044781163194445 0.5680215546875
0 0.7234680159797697 0.5293802899635566 0.7224178732678443 0.49730538777168654 0.21247595971863012 0.50258800015188 0.2135261024305556 0.53466290234375
0 0.7204382018441232 0.4991936132143537 0.7198759721474781 0.4676565147304531 0.21042043610196604 0.4705302276879745 0.21098266579861114 0.5020673261718751
0 0.7166214522569444 0.46958136425781255 0.7161635886895562 0.43513667506030324 0.21065756785622292 0.4372627824821782 0.2111154314236111 0.4717074716796875
0 0.7122022645526855 0.43640333855578345 0.7117771432291667 0.40527517578125 0.21601124586398113 0.4074174798035915 0.2164363671875 0.43854564257812495
0 0.7070040112847222 0.3789069887695312 0.7067785138968693 0.34537510394531257 0.21618302096524902 0.346418987743921 0.21640851835310201 0.37995087256813964
0 0.7103813012152778 0.347650080078125 0.7101537335153564 0.314091075648319 0.21640167448757863 0.3151504648084753 0.2166292421875 0.3487094692382813
0 0.7082640360552799 0.2885628885190701 0.2170205494791667 0.288015732421875 0.21691749953499795 0.3172894835512425 0.7081609861111111 0.31783663964843756
0 0.7040272656250001 0.2890747299804688 0.703991479673451 0.25926045941944964 0.2149960574350783 0.2594461706759178 0.2150318433866273 0.28926044123693695
0 0.7000937588523894 0.23103344814396037 0.218688716802306 0.22988495801017614 0.2184559136790832 0.26076068711230954 0.6998609557291666 0.26190917724609375
0 0.6967499730902778 0.22942928124999998 0.6962208443300492 0.20064264753293617 0.21142054745504912 0.20346218854856118 0.2119496762152778 0.232248822265625
0 0.6991696675347223 0.20390316357421875 0.6988691278070301 0.17456914536313473 0.2156874441410504 0.17613548467397128 0.2159879838687425 0.2054695028850553
0 0.6974768167970038 0.1477701106734171 0.21587497607508074 0.14760899495798588 0.21584488150029926 0.17607218018300633 0.6974467222222223 0.17623329589843756
0 0.694415234912493 0.12341772663568266 0.21605974793499252 0.12028675585201112 0.21555574652777781 0.14465075341796876 0.6939112335052784 0.14778172420164032
0 0.6955285357209654 0.10087708284340124 0.220454648809283 0.09356108543879045 0.21915290711805557 0.12030700195312502 0.694226794029738 0.12762299935773583