0 0.845780131888624 0.24516056435354433 0.8454285681733437 0.2019945400518024 0.1674479305555555 0.20374166650390624 0.16779949427083585 0.24690769080564817
0 0.8336672882903832 0.28652707061885796 0.8322394779244885 0.24457291677813803 0.1823442265625 0.25157107861328126 0.1837720369283946 0.2935252324540012
0 0.8239151195308629 0.32510337169833703 0.8221493132813946 0.28718213962212497 0.1896056640625 0.2965017158203125 0.19137147031196836 0.33442294789652455
0 0.8197077367771262 0.36419001105526083 0.8181930286458332 0.3279877451171875 0.20006430084531454 0.33617083241200424 0.20157900897660752 0.3723730983500776
0 0.8143965347860359 0.4015724399030856 0.8131485842013889 0.3642492646484375 0.20646474246675192 0.3706676573674536 0.20771269305139892 0.40799083262210173
0 0.8036812460836914 0.43505948299557284 0.8020505442708333 0.4005784311523437 0.21578021522932544 0.4093512066855086 0.21741091704218354 0.44383225852873776
0 0.7941743539660933 0.46632918664358963 0.7929703706597222 0.43747524511718755 0.22481851646466908 0.4449763424342349 0.2260224997710401 0.473830283960637
0 0.7845624858528997 0.49581604858807676 0.7828814817708334 0.4675602939453125 0.2306412653946223 0.4779555440193469 0.23232226947668855 0.5062112986621111
0 0.7854325165584679 0.5264062808430078 0.7838901961805554 0.4993144609374999 0.23486461966817343 0.5092039543842721 0.23640694004608584 0.5362957742897799
0 0.7768127734852281 0.5541490844588975 0.7747940919317067 0.5286304911035846 0.24412380195342306 0.5419130243204683 0.24614248350694445 0.5674316176757812
0 0.7697016863277384 0.5831552112152218 0.7677477126736112 0.5577818627929688 0.24822423988753947 0.5704406222808721 0.25017821354166675 0.5958139707031251
0 0.7594543230153267 0.6580889550183259 0.7564586892524172 0.6309101264891314 0.25980043576388895 0.6482306372070313 0.2627960695267984 0.6754094657362258
0 0.7637967661293034 0.6320134936034583 0.7614019903005007 0.6062182837274137 0.25686361219203063 0.6210388589716116 0.25925838802083334 0.6468340688476562
0 0.7687568628472223 0.6105049018554688 0.7667389973958334 0.5832578432617187 0.24708652523220007 0.5954345719703841 0.24910439068358892 0.6226816305641342