0 0.9591669347461479 0.09408250372439449 0.9577215043402778 0.06226726562499999 0.4310184212273439 0.06983860864906337 0.4324638516332139 0.10165384674845786
0 0.959036975816485 0.12527697031071583 0.9574802581568203 0.09570679620308198 0.42897497938894635 0.10451019454470989 0.43053169704861105 0.1340803686523437
0 0.9551208254167629 0.1604933156110646 0.9542572005208331 0.12896739794921874 0.41970761422962627 0.1336006984467966 0.4205712391255562 0.16512661610864246
0 0.9566616539999578 0.19051661785458565 0.9552506458333334 0.16092534716796875 0.4185894487530326 0.16902210520936223 0.42000045691965704 0.1986133758959791
0 0.9432575650691337 0.22555596711303752 0.9425193428819445 0.19246250537109375 0.42148084017822474 0.1961400653582542 0.4222190623654139 0.22923352710019798
0 0.9452331798799263 0.2591575108957516 0.9448784921874999 0.22785428906249997 0.41150464734820824 0.22976649141776812 0.41185933504063466 0.26106971325101974
0 0.9362457385296481 0.29248707025552645 0.9362352821180555 0.26146203906250004 0.4082406940367216 0.26151834380384337 0.40825115044831417 0.2925433749968698
0 0.940565670138889 0.29443955957031254 0.4083029020379956 0.29355551346250586 0.4081430096945156 0.3240150922406152 0.9404057777954091 0.3248991383484219
0 0.9336878428819444 0.327621166015625 0.40447352256944447 0.32542225292968757 0.4040843819416225 0.35505522096043585 0.9332987022541224 0.3572541340463733
0 0.9320054557291666 0.3604885146484376 0.40063190972222235 0.35587672363281253 0.3997795285762589 0.38695158495209775 0.9311530745832033 0.39156337596772284
0 0.9302735078125003 0.39383870996093756 0.39808222743055566 0.3871477934570313 0.3968514989315804 0.4181212343937532 0.929042779313525 0.42481215089765945
0 0.922587738715278 0.4265093764648439 0.39549216232638895 0.4188046762695314 0.39409740827021567 0.448995593946184 0.9211929846591048 0.4567002941414965
0 0.8763057430555558 0.9233556469726564 0.3523253142361113 0.8888701552734376 0.3457700640745043 0.9203848400022558 0.8697504928939487 0.9548703317014746
0 0.8821761605902778 0.8915937133789061 0.35740165885416686 0.8569714213867187 0.35139475463557335 0.8857793923656544 0.8761692563716843 0.9204016843578419
0 0.8899114661458333 0.8584404438476564 0.3581261970486113 0.8250408994140626 0.35196671554866515 0.8560711275417713 0.8837519846458872 0.8894706719753651
0 0.8915934444444444 0.8255728374023438 0.3624814618055557 0.7912926674804688 0.3561563822856486 0.8221825085944532 0.8852683649245373 0.8564626785163282
0 0.8950877951388888 0.7918252583007812 0.3640605243055556 0.7594189985351563 0.35798386336686994 0.790925339884262 0.8890111342002032 0.8233315996498869
0 0.9037250243055558 0.7582752724609375 0.3633359635416668 0.7293612749023437 0.357915661256666 0.7614141484240546 0.8983047220205549 0.7903281459826484
0 0.9019765598958333 0.7252952783203126 0.36731899565972237 0.6947067421875 0.3616496634907298 0.7260608161716786 0.8963072277268408 0.7566493523044913
0 0.9044635017361112 0.6929673720703126 0.36864867187500017 0.6652457875976564 0.36373767916712163 0.6952796386668118 0.8995525090282326 0.7230012231394679
0 0.9054878298611112 0.6581415610351562 0.37191100868055554 0.6332560751953125 0.3671274729593634 0.6657083321812045 0.900704294139919 0.6905938180210482
0 0.9063067586805558 0.6253036396484376 0.3709992630208334 0.6009877680664063 0.3666166945755163 0.6315149872268474 0.9019241902352386 0.6558308588088787
0 0.9062707291666668 0.5924088500976562 0.37923979253472234 0.5712690009765625 0.37525790026477235 0.6026790623668032 0.9022888368967169 0.6238189114878969
0 0.9114830624999999 0.5586886977539063 0.38141807552083346 0.5414391748046875 0.3782421819373809 0.5723181603943329 0.9083071689165476 0.5895676833435517
0 0.9183109218750002 0.5259896801757813 0.3796814852430556 0.5088273852539063 0.3765698334229292 0.5397268369194282 0.9151992700548737 0.5568891318413033
0 0.9191853411458337 0.4926116347656251 0.38240235763888897 0.4787624619140626 0.37989253250067695 0.5095420938732387 0.9166755160076216 0.5233912667248012
0 0.9166297526041666 0.45912121679687506 0.3883997352430557 0.44956179101562505 0.38658464508844026 0.4812965004236924 0.9148146624495512 0.4908559262049424