0 0.24804687500000006 0.498046875 0.12451171875000006 0.498046875 0.12451171875000006 0.5279947916666666 0.24804687500000006 0.5279947916666666
0 0.24365234375000006 0.55078125 0.11572265625000006 0.55078125 0.11572265625000006 0.5813802083333334 0.24365234375000006 0.5813802083333334
0 0.25537109375 0.4192708333333333 0.13232421875000006 0.4192708333333333 0.13232421875000006 0.4505208333333333 0.25537109375 0.4505208333333333
0 0.43359375 0.5221354166666666 0.291015625 0.5221354166666666 0.291015625 0.5546875 0.43359375 0.5546875
0 0.2529296875 0.4446614583333333 0.12988281250000006 0.4446614583333333 0.12988281250000006 0.474609375 0.2529296875 0.474609375
0 0.24121093750000006 0.5768229166666666 0.11328125000000006 0.5768229166666666 0.11328125000000006 0.6087239583333334 0.24121093750000006 0.6087239583333334
0 0.43115234375 0.5501302083333334 0.2890625 0.5501302083333334 0.2890625 0.5826822916666666 0.43115234375 0.5826822916666666
0 0.24511718750000006 0.5234375 0.12060546875000006 0.5234375 0.12060546875000006 0.5540364583333334 0.24511718750000006 0.5540364583333334
0 0.23779296875000006 0.6341145833333334 0.10937500000000006 0.6341145833333334 0.10937500000000006 0.6634114583333334 0.23779296875000006 0.6634114583333334
0 0.6513671875 0.6165364583333335 0.4746093750000001 0.6165364583333335 0.4746093750000001 0.6549479166666669 0.6513671875 0.6549479166666669
0 0.912109375 0.5130208333333335 0.7041015625 0.5130208333333335 0.7041015625 0.5527343750000001 0.912109375 0.5527343750000001
0 0.6494140625 0.5833333333333335 0.4755859375 0.5833333333333335 0.47558593750000006 0.6210937500000001 0.6494140625 0.6210937500000001
0 0.23974609375000006 0.6048177083333334 0.11035156250000006 0.6048177083333334 0.11035156250000006 0.6354166666666666 0.23974609375000006 0.6354166666666666
0 0.4291992187500001 0.6080729166666666 0.2841796875000001 0.6080729166666666 0.2841796875000001 0.642578125 0.4291992187500001 0.642578125
0 0.65625 0.6497395833333335 0.4716796875000001 0.6497395833333335 0.4716796875000001 0.6868489583333334 0.65625 0.6868489583333334
0 0.65478515625 0.5520833333333335 0.4765625 0.5520833333333335 0.4765625 0.5891927083333335 0.65478515625 0.5891927083333335
0 0.435546875 0.4947916666666667 0.2958984375 0.4947916666666667 0.2958984375 0.52734375 0.435546875 0.52734375
0 0.2509765625 0.470703125 0.12548828125000006 0.470703125 0.12548828125000006 0.5013020833333334 0.2509765625 0.5013020833333334
0 0.64794921875 0.5208333333333335 0.47802734375 0.5208333333333335 0.47802734375 0.5579427083333335 0.64794921875 0.5579427083333335
0 0.43115234375000006 0.5768229166666666 0.28662109375 0.5768229166666666 0.28662109375000006 0.6106770833333334 0.4311523437500001 0.6106770833333334
0 0.6474609375 0.4915364583333335 0.478515625 0.4915364583333335 0.478515625 0.5279947916666669 0.6474609375 0.5279947916666669
0 0.9150390625 0.5794270833333335 0.70458984375 0.5794270833333335 0.70458984375 0.6210937500000001 0.9150390625 0.6210937500000001
0 0.91357421875 0.5442708333333335 0.70263671875 0.5442708333333335 0.70263671875 0.5872395833333335 0.91357421875 0.5872395833333335
0 0.4326171875000001 0.638671875 0.2817382812500001 0.638671875 0.2817382812500001 0.6692708333333334 0.4326171875000001 0.6692708333333334
0 0.91748046875 0.6126302083333335 0.7060546875 0.6126302083333335 0.7060546875 0.6549479166666669 0.91748046875 0.6549479166666669
0 0.25396511773795677 0.4160651182586592 0.2533959111328125 0.3949274270833334 0.1359562108753245 0.4005496076527992 0.13652541748046876 0.421687298828125
0 0.25910649320324053 0.3914267085840628 0.258569267578125 0.3683975859375001 0.13646710298816575 0.3734614281346873 0.13700432861328127 0.39649055078125
0 0.25986281057791294 0.3636434688461381 0.25908392822265625 0.342038796875 0.1384470717463058 0.34977061578927854 0.13922595410156252 0.3713752877604167
0 0.26222130296616447 0.33853354490517223 0.26130556347656253 0.3169232089843749 0.14223905885024177 0.3258929004073278 0.14315479833984374 0.347503236328125
0 0.26511014106039094 0.31226057358825493 0.26405801471436297 0.2927284431325707 0.14282475548990953 0.3043380505338991 0.14387688183593753 0.32387018098958337
0 0.26837331235009904 0.2887034697181791 0.2671650361328125 0.26794547330729174 0.14656122866552604 0.280425608406821 0.14776950488281254 0.3011836048177084
0 0.27098150033334445 0.2625147892290817 0.2694237177199338 0.24163334700654274 0.14718883555065188 0.2578446899389194 0.14874661816406254 0.27872613216145836
0 0.2747643000483112 0.24034694260426961 0.27285139794921875 0.21510302799479172 0.14836656762747003 0.2318729076561471 0.1502794697265625 0.25711682226562504
0 0.4338428039369434 0.49277556222403024 0.433356580078125 0.4649677382812499 0.2978814577818066 0.4691789423332613 0.298367681640625 0.49698676627604166
0 0.4340157956302839 0.46548882810019676 0.43348314682726596 0.4386626784611592 0.29964317541573204 0.44338707041304587 0.30017582421875 0.47021322005208344
0 0.4379678401170147 0.43937970973262924 0.43757851611328125 0.4132097233072917 0.30127875949236027 0.41681451552778753 0.3016680834960937 0.44298450195312505
0 0.44049832244394144 0.41215419315050617 0.4397146147460938 0.3865042278645834 0.30202821194294455 0.3939830956871974 0.3028119196407922 0.4196330609731202
0 0.4401488489255045 0.38314411609940896 0.4392264102567558 0.35830569853282146 0.3036205950226576 0.36725871459487086 0.3045430336914063 0.39209713216145836
0 0.4405585047782134 0.35590405939872455 0.4394298520507813 0.33101394075520835 0.30584160313194286 0.34178303304919216 0.306970255859375 0.36667315169270837
0 0.4407635118246195 0.33021055595309606 0.43956145263671875 0.3050953671875 0.30885295106600547 0.316217055375029 0.3100550102539062 0.341332244140625
0 0.4414857566514101 0.3045697736221526 0.440354029296875 0.27915512434895823 0.30939973260640236 0.28952216778409734 0.31053145996093745 0.31493681705729165
0 0.4439120180885795 0.2774731189830052 0.4424785532226562 0.25283644921875 0.3098234081809517 0.26655810823053644 0.311256873046875 0.2911947779947916
0 0.44404475385839287 0.2503748747152014 0.4422956264648437 0.22641031445312498 0.3105627246572321 0.24350352762854854 0.31231185205078127 0.267468087890625
0 0.45219298482773085 0.2255714663920618 0.45064153662109374 0.20172849479166666 0.3122115517933629 0.21774193139439654 0.313763 0.24158490299479166
0 0.9175997389282949 0.6589771238721883 0.7064559438476563 0.6491440540364585 0.705560761203716 0.6833166778935208 0.9167045562843547 0.6931497477292506
0 0.905763390136719 0.5119599322916667 0.905452331522671 0.480622719220102 0.7059427536163403 0.48414337110597455 0.7062538122303883 0.5154805841775392
0 0.9058059936523437 0.4800473229166667 0.9053621146414291 0.44528120196311255 0.7082067617708947 0.4497562161757181 0.7086506407818093 0.48452233712927223
0 0.9043239814453125 0.44383338802083333 0.903485182513129 0.4114985384018148 0.7077282049740666 0.4205263346257731 0.70856700390625 0.45286118424479166
0 0.9032750898437502 0.41029803255208336 0.9021265353459156 0.3761514678433169 0.7030418662796394 0.38805620687017933 0.704190420777474 0.4222027715789458
0 0.9003322189935178 0.37740757491154486 0.8991934482421875 0.344642015625 0.7035347893072634 0.3567311516509551 0.7046735600585937 0.3894967109375
0 0.9002779260527032 0.3457999467414157 0.8989464829101562 0.31456312434895833 0.7046157189668282 0.32928878568045933 0.7059471621093751 0.36052560807291667
0 0.8975445009765624 0.31304417903645837 0.8960545447295108 0.283057297497423 0.7081283998810879 0.2996572516777112 0.7096183561281394 0.32964413321674657
0 0.8959240988938826 0.280613841466552 0.8943096318359374 0.25009643098958334 0.7070033885879785 0.2677125905519799 0.7086178556459237 0.29823000102894853
0 0.8942033154296876 0.2494744427083333 0.8921698027343751 0.21837408854166665 0.7054114565677572 0.24008304991662818 0.7074449692630697 0.27118340408329483
0 0.8924752065905283 0.21642488686779213 0.8903814184733218 0.186893757842711 0.7048211811210746 0.21028294193846062 0.7069149692382811 0.2398140709635417
0 0.8916567904950918 0.18756134032574676 0.889689610926198 0.15904370644931198 0.7042952432826687 0.18177920726939853 0.7062624228515625 0.21029684114583333
0 0.8916683176153131 0.1568868411514722 0.8894869272460939 0.12810952734374997 0.7045628396112495 0.15302987499436113 0.7067442299804687 0.18180718880208335
0 0.6504304124573643 0.19165455663267014 0.6483081284179686 0.16519658072916665 0.48870740736685425 0.1879558971433715 0.49082969140624993 0.21441387304687498
0 0.6497034499672608 0.21971037582533484 0.6476873238740555 0.193666278423553 0.48734480554741966 0.21573283423884307 0.489360931640625 0.24177693164062494
0 0.6496249429533631 0.24829136043103425 0.6474624190268533 0.21962218778429068 0.4857038945305214 0.24131372904596482 0.48786641845703127 0.2699829016927084
0 0.6458546802118761 0.2788520374768096 0.6441155141601561 0.2506467369791667 0.48913368551078007 0.26763576655964877 0.4908728515625 0.2958410670572917
0 0.6454151150367214 0.3071833146308964 0.6438341655586074 0.2792401950376345 0.4859289977875108 0.29512262389632143 0.48750994726562497 0.3230657434895833
0 0.645071069708895 0.3367972347908735 0.6436295166015625 0.3079688574218751 0.4852185733575111 0.3220511415112099 0.4866601264648437 0.3508795188802083
0 0.6448549350916524 0.36830706914108036 0.64362439453125 0.3391984108072917 0.48358054098256636 0.35122632213496136 0.4848110815429688 0.38033498046875
0 0.6435506907257413 0.3981031278804057 0.6423692988281251 0.36992244921875 0.4843086520476963 0.38170240792688603 0.4854900439453125 0.4098830865885417
0 0.6427443434116354 0.4267609748380703 0.6417563888260884 0.39860661300466765 0.4817833564496092 0.4085862683749307 0.4827713110351563 0.43674063020833337
0 0.6418763078002248 0.4599885480510615 0.6411873535156248 0.4293222708333333 0.4830772249146189 0.4356371713499801 0.48376617919921877 0.4663034485677084
0 0.6414850590820312 0.4913496875000001 0.6410174068560427 0.4609285711084472 0.48113434191463644 0.46529803139490555 0.481601994140625 0.4957191477864584