0 0.7572999635416667 0.6706983515625 0.7547391369531876 0.6446918594033343 0.33980247289068755 0.6576196782509905 0.34236329947916666 0.6836261704101563
0 0.7520940590277778 0.6424287504882813 0.7498672078394627 0.6179745147201624 0.3400102642630738 0.6297835508529749 0.3422371154513889 0.6542377866210938
0 0.7500492647569446 0.613819009765625 0.7472872721947963 0.5896511436775678 0.33955198437499995 0.6043948798828125 0.34231397693714816 0.6285627459708697
0 0.746306371527778 0.5883646245117188 0.7437152195474549 0.5649333646769191 0.34004837406134364 0.579057614188638 0.3426395260416667 0.6024888740234376
0 0.7140308959546137 0.3515725953266423 0.7108207609278523 0.3289760564708737 0.3424086609801831 0.345536055870794 0.3456187960069444 0.36813259472656257
0 0.7151404091152105 0.3747154263217947 0.7125579244791667 0.3536195073242188 0.34042149973895625 0.36803357416648663 0.343003984375 0.38912949316406253
0 0.7392714626736111 0.5626216015625 0.736718151697466 0.5405227718336989 0.33773078277385493 0.5551088533766677 0.34028409375 0.5772076831054688
0 0.7342190963541666 0.5385276831054688 0.731500141778344 0.5131524290700078 0.3384679455977885 0.5264773528981328 0.34118690017361114 0.5518526069335938
0 0.7324952811876967 0.5115788331659558 0.7302750887040134 0.4899765054900507 0.34096501932187223 0.5026364198826886 0.3431852118055555 0.5242387475585937
0 0.7297604635416667 0.4896226469726562 0.7279193797786212 0.46873225225719206 0.3410826870702878 0.4795192258900047 0.3429237708333333 0.5004096206054688
0 0.727364615451389 0.46390767626953133 0.7249037982621797 0.44268391998748585 0.34228821232467954 0.4567206133468608 0.3447490295138889 0.4779443696289063
0 0.7189704366319446 0.39588970117187505 0.7168365456635744 0.3764961170540745 0.3417318652470781 0.38955517003348156 0.3438657562154483 0.40894875415128207
0 0.720499548611111 0.420014466796875 0.7182770340625614 0.3980429946422475 0.34216863562506156 0.41008069532584124 0.3443911501736111 0.4320521674804687
0 0.7231679149305554 0.44164341845703126 0.7209195343464719 0.4205893179352444 0.342269251360361 0.43338361627508815 0.34451763194444446 0.454437716796875
0 0.7619636293402778 0.7008855009765625 0.7594978142041438 0.6739014963142598 0.34067460326664367 0.6860110993416034 0.3431404184027777 0.7129951040039062