0 0.7425925925925926 0.43854166666666666 0.23796296296296307 0.43854166666666666 0.23796296296296307 0.46875 0.7425925925925926 0.46875
0 0.7453703703703706 0.6208333333333333 0.25185185185185194 0.6208333333333333 0.25185185185185194 0.6494791666666667 0.7453703703703706 0.6494791666666667
0 0.7453703703703706 0.5015625 0.23981481481481493 0.5015625 0.23981481481481493 0.5307291666666667 0.7453703703703706 0.5307291666666667
0 0.7481481481481482 0.4708333333333333 0.23981481481481493 0.4708333333333333 0.23981481481481493 0.49895833333333334 0.7481481481481483 0.49895833333333334
0 0.727777777777778 0.7942708333333334 0.2638888888888891 0.7942708333333334 0.2638888888888891 0.8208333333333333 0.727777777777778 0.8208333333333333
0 0.7435185185185185 0.3734375 0.22962962962962974 0.3734375 0.22962962962962974 0.40520833333333334 0.7435185185185185 0.40520833333333334
0 0.7416666666666669 0.7109375 0.2537037037037038 0.7109375 0.2537037037037039 0.7385416666666667 0.7416666666666669 0.7385416666666667
0 0.7453703703703706 0.5322916666666667 0.2425925925925927 0.5322916666666667 0.2425925925925927 0.5609375 0.7453703703703706 0.5609375
0 0.7453703703703706 0.59375 0.24907407407407417 0.59375 0.24907407407407417 0.6213541666666667 0.7453703703703706 0.6213541666666667
0 0.7435185185185185 0.3385416666666667 0.22685185185185192 0.3385416666666667 0.22685185185185194 0.37083333333333335 0.7435185185185185 0.37083333333333335
0 0.7453703703703703 0.30416666666666664 0.22500000000000006 0.30416666666666664 0.22500000000000006 0.33697916666666666 0.7453703703703703 0.33697916666666666
0 0.7370370370370373 0.7385416666666667 0.25740740740740764 0.7385416666666667 0.25740740740740764 0.7666666666666667 0.7370370370370373 0.7666666666666667
0 0.7435185185185187 0.5640625 0.24351851851851863 0.5640625 0.24351851851851863 0.5916666666666667 0.7435185185185187 0.5916666666666667
0 0.7425925925925928 0.6510416666666666 0.25185185185185194 0.6510416666666666 0.25185185185185194 0.6802083333333333 0.7425925925925928 0.6802083333333333
0 0.739814814814815 0.6838541666666667 0.25185185185185194 0.6838541666666667 0.25185185185185194 0.7119791666666667 0.739814814814815 0.7119791666666667
0 0.7444444444444445 0.40572916666666664 0.23425925925925936 0.40572916666666664 0.23425925925925936 0.43645833333333334 0.7444444444444445 0.43645833333333334
0 0.7333333333333335 0.7677083333333333 0.2601851851851854 0.7677083333333333 0.2601851851851854 0.7947916666666667 0.7333333333333335 0.7947916666666667
0 0.7268518518518521 0.8203125 0.26574074074074094 0.8203125 0.26574074074074094 0.846875 0.7268518518518521 0.846875
0 0.7268518518518521 0.846875 0.264814814814815 0.846875 0.264814814814815 0.8729166666666667 0.7268518518518521 0.8729166666666667
0 0.7240740740740743 0.9010416666666666 0.2685185185185187 0.9010416666666666 0.2685185185185187 0.9302083333333333 0.7240740740740743 0.9302083333333333
0 0.7240740740740743 0.8734375 0.2675925925925928 0.8734375 0.2675925925925928 0.9015625 0.7240740740740743 0.9015625
0 0.7523843573702876 0.11296450618741742 0.7497805555555555 0.07289999999999999 0.20217953151860124 0.08416049381258256 0.20478333333333332 0.12422499999999999
0 0.755053491512036 0.14958097207377283 0.7523779926617317 0.11333628760810037 0.20413981481481483 0.12614114583333336 0.2068153136651193 0.1623858302990058
0 0.757670609085269 0.19002806732933045 0.7558648148148147 0.1529739583333333 0.21024955895238612 0.16138720175647558 0.21205535322284025 0.19844131075247276
0 0.7555863013846368 0.22527631053976724 0.7541268518518518 0.18914531249999997 0.2141464769128135 0.19604663231134628 0.21560592644559842 0.23217763035111355
0 0.7566448442663455 0.2608668386675269 0.7549962962962963 0.22527187500000007 0.21499415679665831 0.23318510099560316 0.21664270476670755 0.2687800646631301
0 0.7524906113809112 0.2975631726724329 0.7515194444444444 0.2609546875 0.21732751122825808 0.2654385729476252 0.2182986781647249 0.30204705812005805