0 0.69482421875 0.0937500000000001 0.49462890625 0.09375000000000007 0.49462890625 0.12239583333333343 0.69482421875 0.12239583333333344
0 0.6962890625 0.7662760416666666 0.4970703125000001 0.7662760416666666 0.4970703125000001 0.794921875 0.6962890625 0.794921875
0 0.6962890625 0.736328125 0.4980468750000001 0.736328125 0.4980468750000001 0.763671875 0.6962890625 0.763671875
0 0.69677734375 0.7981770833333334 0.5 0.7981770833333334 0.5 0.826171875 0.69677734375 0.826171875
0 0.6962890625 0.705078125 0.4990234375000001 0.705078125 0.4990234375000001 0.7330729166666666 0.6962890625 0.7330729166666666
0 0.9072265625 0.7037760416666669 0.7158203125 0.7037760416666666 0.7158203125 0.7317708333333335 0.9072265625 0.7317708333333336
0 0.908203125 0.4583333333333335 0.71240234375 0.4583333333333335 0.71240234375 0.4876302083333335 0.908203125 0.4876302083333335
0 0.69677734375 0.6432291666666669 0.4990234375000001 0.6432291666666669 0.4990234375000001 0.6705729166666666 0.69677734375 0.6705729166666666
0 0.90869140625 0.6731770833333335 0.71435546875 0.6731770833333334 0.71435546875 0.7011718750000001 0.90869140625 0.7011718750000003
0 0.6962890625 0.673828125 0.4990234375000001 0.673828125 0.4990234375000001 0.701171875 0.6962890625 0.701171875
0 0.69873046875 0.828125 0.50244140625 0.828125 0.50244140625 0.8567708333333334 0.69873046875 0.8567708333333334
0 0.908203125 0.6106770833333335 0.7158203125 0.6106770833333335 0.7158203125 0.6386718750000001 0.908203125 0.6386718750000001
0 0.90966796875 0.6412760416666669 0.7138671875 0.6412760416666669 0.7138671875 0.6699218750000001 0.90966796875 0.6699218750000003
0 0.4833984375000001 0.7799479166666666 0.2685546875000001 0.7799479166666666 0.2685546875000001 0.80859375 0.4833984375000001 0.80859375
0 0.90966796875 0.7343750000000001 0.71875 0.734375 0.71875 0.7623697916666669 0.90966796875 0.762369791666667
0 0.90966796875 0.7656250000000001 0.71533203125 0.765625 0.71533203125 0.7923177083333335 0.90966796875 0.7923177083333336
0 0.904296875 0.24869791666666682 0.71728515625 0.24869791666666682 0.71728515625 0.2779947916666668 0.904296875 0.2779947916666668
0 0.91064453125 0.7955729166666669 0.7158203125 0.7955729166666666 0.7158203125 0.8222656250000001 0.91064453125 0.8222656250000003
0 0.90673828125 0.2786458333333335 0.71484375 0.2786458333333335 0.71484375 0.3072916666666668 0.90673828125 0.3072916666666668
0 0.90869140625 0.5813802083333335 0.7138671875 0.5813802083333335 0.7138671875 0.6080729166666669 0.90869140625 0.6080729166666669
0 0.908203125 0.5494791666666669 0.71826171875 0.5494791666666669 0.71826171875 0.5787760416666669 0.908203125 0.5787760416666669
0 0.24853515625000006 0.8118489583333334 0.04541015625000007 0.8118489583333334 0.045410156250000076 0.8391927083333334 0.24853515625000006 0.8391927083333334
0 0.4804687500000001 0.8098958333333334 0.2705078125000001 0.8098958333333334 0.2705078125000001 0.8404947916666666 0.4804687500000001 0.8404947916666666
0 0.69873046875 0.18684895833333345 0.49560546875 0.1868489583333334 0.49560546875 0.21614583333333345 0.69873046875 0.21614583333333348
0 0.90478515625 0.22005208333333348 0.71875 0.22005208333333348 0.71875 0.24804687500000014 0.90478515625 0.24804687500000014
0 0.2524414062500001 0.7805989583333334 0.04785156250000007 0.7805989583333334 0.04785156250000007 0.80859375 0.2524414062500001 0.80859375
0 0.69140625 0.24934895833333345 0.498046875 0.2493489583333334 0.498046875 0.2773437500000001 0.69140625 0.27734375000000017
0 0.69580078125 0.2187500000000001 0.49853515625 0.21875000000000008 0.49853515625 0.2480468750000001 0.69580078125 0.24804687500000014
0 0.9072265625 0.49023437500000017 0.7099609375 0.49023437500000017 0.7099609375 0.5188802083333335 0.9072265625 0.5188802083333335
0 0.4833984375000001 0.7135416666666666 0.2695312500000001 0.7135416666666666 0.2695312500000001 0.7434895833333334 0.4833984375000001 0.7434895833333334
0 0.255859375 0.5559895833333334 0.047851562500000056 0.5559895833333334 0.047851562500000056 0.5859375 0.255859375 0.5859375
0 0.6923828125 0.2792968750000001 0.49462890625 0.27929687500000006 0.49462890625 0.3066406250000001 0.6923828125 0.30664062500000017
0 0.69287109375 0.15690104166666677 0.4970703125 0.15690104166666674 0.4970703125 0.18489583333333345 0.69287109375 0.18489583333333348
0 0.69287109375 0.6132812500000001 0.4985351562500001 0.6132812500000001 0.4985351562500001 0.6406250000000001 0.69287109375 0.6406250000000001
0 0.2563476562500001 0.8430989583333334 0.04589843750000008 0.8430989583333334 0.04589843750000008 0.87109375 0.2563476562500001 0.87109375
0 0.2529296875 0.4947916666666667 0.05029296875000004 0.4947916666666667 0.05029296875000004 0.5240885416666666 0.2529296875 0.5240885416666666
0 0.69677734375 0.12565104166666677 0.49609375 0.12565104166666674 0.49609375 0.15494791666666677 0.69677734375 0.15494791666666677
0 0.91015625 0.8261718750000001 0.716796875 0.826171875 0.716796875 0.8541666666666669 0.91015625 0.854166666666667
0 0.6923828125 0.4615885416666668 0.50146484375 0.4615885416666668 0.50146484375 0.49023437500000017 0.6923828125 0.49023437500000017
0 0.693359375 0.3085937500000001 0.5 0.30859375000000006 0.5 0.3365885416666668 0.693359375 0.3365885416666668
0 0.25341796875 0.431640625 0.05029296875000004 0.431640625 0.05029296875000004 0.4609375 0.25341796875 0.4609375
0 0.6943359375 0.5846354166666669 0.49951171875 0.5846354166666669 0.49951171875000006 0.6113281250000001 0.6943359375 0.6113281250000001
0 0.69287109375 0.33984375000000017 0.501953125 0.33984375000000017 0.501953125 0.36914062500000017 0.69287109375 0.36914062500000017
0 0.69287109375 0.43164062500000017 0.498046875 0.43164062500000017 0.498046875 0.4596354166666668 0.69287109375 0.4596354166666668
0 0.69384765625 0.5227864583333335 0.49853515625 0.5227864583333335 0.49853515625 0.5507812500000001 0.69384765625 0.5507812500000001
0 0.25244140625000006 0.5885416666666666 0.047851562500000056 0.5885416666666666 0.047851562500000056 0.6184895833333334 0.2524414062500001 0.6184895833333334
0 0.69384765625 0.40039062500000017 0.5 0.40039062500000017 0.5 0.4290364583333335 0.69384765625 0.4290364583333335
0 0.25634765625 0.337890625 0.04980468750000003 0.337890625 0.04980468750000003 0.3678385416666667 0.25634765625 0.3678385416666667
0 0.2534179687500001 0.71484375 0.04931640625000007 0.71484375 0.04931640625000007 0.744140625 0.2534179687500001 0.744140625
0 0.4809570312500001 0.74609375 0.2729492187500001 0.74609375 0.2729492187500001 0.7760416666666666 0.4809570312500001 0.7760416666666666
0 0.2553710937500001 0.68359375 0.04882812500000007 0.68359375 0.04882812500000007 0.712890625 0.2553710937500001 0.712890625
0 0.693359375 0.3697916666666668 0.50048828125 0.3697916666666668 0.50048828125 0.3990885416666668 0.693359375 0.3990885416666668
0 0.2519531250000001 0.74609375 0.04980468750000007 0.74609375 0.04980468750000007 0.775390625 0.2519531250000001 0.775390625
0 0.48144531250000006 0.5846354166666667 0.267578125 0.5846354166666666 0.26757812500000006 0.6139322916666667 0.4814453125000001 0.6139322916666669
0 0.25634765625 0.462890625 0.05224609375000004 0.462890625 0.05224609375000004 0.4921875 0.25634765625 0.4921875
0 0.90625 0.5201822916666669 0.71533203125 0.5201822916666669 0.71533203125 0.5481770833333335 0.90625 0.5481770833333335
0 0.2573242187500001 0.6510416666666666 0.048828125000000056 0.6510416666666666 0.04882812500000006 0.6809895833333334 0.2573242187500001 0.6809895833333334
0 0.9072265625 0.40039062500000017 0.71337890625 0.40039062500000017 0.71337890625 0.4283854166666668 0.9072265625 0.4283854166666668
0 0.90283203125 0.30859375000000017 0.71875 0.30859375000000017 0.71875 0.33789062500000017 0.90283203125 0.33789062500000017
0 0.2514648437500001 0.6204427083333334 0.046875000000000056 0.6204427083333334 0.046875000000000056 0.6497395833333334 0.2514648437500001 0.6497395833333334
0 0.4809570312500001 0.845703125 0.2724609375000001 0.845703125 0.2724609375000001 0.8763020833333334 0.4809570312500001 0.8763020833333334
0 0.904296875 0.4303385416666668 0.7119140625 0.4303385416666668 0.7119140625 0.4583333333333335 0.904296875 0.4583333333333335
0 0.693359375 0.5540364583333335 0.49755859375 0.5540364583333335 0.49755859375 0.5820312500000001 0.693359375 0.5820312500000001
0 0.90673828125 0.3684895833333335 0.71923828125 0.3684895833333335 0.71923828125 0.3977864583333335 0.90673828125 0.3977864583333335
0 0.25390625 0.400390625 0.04980468750000004 0.400390625 0.04980468750000004 0.4296875 0.25390625 0.4296875
0 0.25390625 0.525390625 0.05126953125000004 0.525390625 0.05126953125000005 0.5540364583333334 0.25390625 0.5540364583333334
0 0.6953125 0.4928385416666668 0.49951171875 0.4928385416666668 0.49951171875 0.5201822916666669 0.6953125 0.5201822916666669
0 0.4780273437500001 0.6490885416666667 0.2719726562500001 0.6490885416666666 0.2719726562500001 0.6783854166666666 0.4780273437500001 0.6783854166666666
0 0.484375 0.5520833333333334 0.27001953125 0.5520833333333334 0.27001953125 0.5813802083333334 0.484375 0.5813802083333335
0 0.4799804687500001 0.6158854166666667 0.2700195312500001 0.6158854166666666 0.2700195312500001 0.6451822916666667 0.4799804687500001 0.6451822916666669
0 0.90380859375 0.19075520833333348 0.71728515625 0.19075520833333348 0.71728515625 0.22005208333333348 0.90380859375 0.22005208333333348
0 0.90625 0.33789062500000017 0.7177734375 0.33789062500000017 0.7177734375 0.36718750000000017 0.90625 0.36718750000000017
0 0.90673828125 0.16210937500000014 0.7109375 0.1621093750000001 0.7109375 0.19270833333333348 0.90673828125 0.19270833333333348
0 0.486328125 0.5195312500000001 0.2705078125 0.51953125 0.2705078125 0.5494791666666667 0.486328125 0.5494791666666669
0 0.25439453125 0.3697916666666667 0.05175781250000003 0.3697916666666667 0.051757812500000035 0.3990885416666667 0.25439453125 0.3990885416666667
0 0.25830078125 0.3053385416666667 0.04785156250000003 0.3053385416666667 0.04785156250000003 0.333984375 0.25830078125 0.333984375
0 0.912109375 0.8587239583333335 0.71728515625 0.8587239583333334 0.71728515625 0.8880208333333335 0.912109375 0.8880208333333336
0 0.4833984375 0.4876302083333334 0.2685546875 0.4876302083333333 0.2685546875 0.5156250000000001 0.4833984375 0.5156250000000001
0 0.7021484375 0.8619791666666666 0.50341796875 0.8619791666666666 0.50341796875 0.8938802083333334 0.7021484375 0.8938802083333334
0 0.4853515625000001 0.87890625 0.2709960937500001 0.87890625 0.2709960937500001 0.9147135416666666 0.4853515625000001 0.9147135416666666
0 0.2553710937500001 0.875 0.04882812500000008 0.875 0.04882812500000008 0.9036458333333334 0.2553710937500001 0.9036458333333334
0 0.9084808609725871 0.13495184044714145 0.71344677734375 0.12397949218750014 0.712438709529378 0.15583453202795694 0.9074727931582152 0.16680688028759827
0 0.4804687500000001 0.6803385416666666 0.2724609375000001 0.6803385416666666 0.2724609375000001 0.7102864583333334 0.4804687500000001 0.7102864583333334