0 0.4658203125 0.32421875000000006 0.33837890625 0.32421875000000006 0.33837890625 0.34244791666666674 0.4658203125 0.3424479166666668
0 0.46142578125 0.3626302083333334 0.33837890625 0.3626302083333333 0.33837890625 0.3802083333333334 0.46142578125 0.3802083333333335
0 0.462890625 0.2845052083333334 0.3359375 0.2845052083333334 0.3359375 0.30273437500000006 0.462890625 0.30273437500000006
0 0.70556640625 0.5657552083333335 0.5869140625 0.5657552083333335 0.5869140625 0.5820312500000001 0.70556640625 0.5820312500000001
0 0.4638671875 0.5130208333333334 0.3408203125 0.5130208333333334 0.3408203125 0.5292968750000001 0.4638671875 0.5292968750000001
0 0.462890625 0.40234375000000006 0.34033203125 0.40234375 0.34033203125 0.41992187500000006 0.462890625 0.41992187500000017
0 0.466796875 0.4563802083333334 0.341796875 0.4563802083333333 0.341796875 0.47330729166666674 0.466796875 0.4733072916666668
0 0.4658203125 0.2239583333333334 0.3359375 0.2239583333333334 0.3359375 0.24283854166666674 0.4658203125 0.24283854166666674
0 0.69970703125 0.6367187500000001 0.5859375 0.6367187500000001 0.5859375 0.6516927083333335 0.69970703125 0.6516927083333335
0 0.70654296875 0.5130208333333335 0.58935546875 0.5130208333333335 0.58935546875 0.5279947916666669 0.70654296875 0.5279947916666669
0 0.7109375 0.4016927083333335 0.5947265625 0.4016927083333335 0.5947265625 0.4186197916666668 0.7109375 0.4186197916666668
0 0.46630859375 0.4759114583333334 0.33984375 0.4759114583333333 0.33984375 0.49218750000000006 0.46630859375 0.49218750000000017
0 0.462890625 0.20182291666666674 0.33251953125 0.20182291666666674 0.33251953125 0.22070312500000008 0.462890625 0.22070312500000008
0 0.16845703125000006 0.4856770833333333 0.014160156250000045 0.4856770833333333 0.014160156250000045 0.5065104166666666 0.16845703125000006 0.5065104166666666
0 0.46337890625 0.26367187500000006 0.33984375 0.26367187500000006 0.33984375 0.2825520833333334 0.46337890625 0.2825520833333334
0 0.4658203125 0.5664062500000001 0.34423828125 0.56640625 0.34423828125 0.5826822916666667 0.4658203125 0.5826822916666669
0 0.46484375 0.3821614583333334 0.3388671875 0.3821614583333333 0.3388671875 0.39908854166666674 0.46484375 0.3990885416666668
0 0.70166015625 0.6529947916666669 0.5869140625 0.6529947916666669 0.5869140625 0.6686197916666666 0.70166015625 0.6686197916666666
0 0.70947265625 0.4759114583333335 0.58935546875 0.4759114583333335 0.58935546875 0.49218750000000017 0.70947265625 0.49218750000000017
0 0.46435546875 0.4954427083333334 0.34130859375 0.4954427083333333 0.34130859375 0.5123697916666667 0.46435546875 0.5123697916666669
0 0.7177734375 0.2688802083333334 0.59912109375 0.2688802083333334 0.59912109375 0.2864583333333334 0.7177734375 0.2864583333333335
0 0.4638671875 0.5312500000000001 0.341796875 0.53125 0.341796875 0.5462239583333334 0.4638671875 0.5462239583333335
0 0.7177734375 0.2871093750000001 0.5986328125 0.28710937500000006 0.5986328125 0.3040364583333334 0.7177734375 0.3040364583333335
0 0.4638671875000001 0.6191406250000001 0.3432617187500001 0.619140625 0.3432617187500001 0.6347656250000001 0.4638671875000001 0.6347656250000001
0 0.16943359375000006 0.5084635416666666 0.01806640625000005 0.5084635416666666 0.01806640625000005 0.5286458333333334 0.16943359375000006 0.5286458333333334
0 0.70166015625 0.5839843750000001 0.58544921875 0.5839843750000001 0.58544921875 0.5989583333333335 0.70166015625 0.5989583333333335
0 0.70556640625 0.49414062500000017 0.59130859375 0.49414062500000017 0.59130859375 0.5104166666666669 0.70556640625 0.5104166666666669
0 0.46240234375000006 0.6009114583333334 0.34228515625 0.6009114583333334 0.34228515625000006 0.6171875000000001 0.4624023437500001 0.6171875000000001
0 0.71240234375 0.38281250000000017 0.59423828125 0.38281250000000017 0.59423828125 0.3997395833333335 0.71240234375 0.3997395833333335
0 0.4619140625000001 0.6367187500000001 0.3417968750000001 0.63671875 0.3417968750000001 0.6529947916666667 0.4619140625000001 0.6529947916666669
0 0.70703125 0.4583333333333335 0.59326171875 0.4583333333333335 0.59326171875 0.4739583333333335 0.70703125 0.4739583333333335
0 0.46484375 0.5846354166666667 0.34375 0.5846354166666666 0.34375 0.6009114583333334 0.46484375 0.6009114583333335
0 0.46240234375 0.5475260416666667 0.3427734375 0.5475260416666666 0.3427734375 0.5638020833333334 0.46240234375 0.5638020833333335
0 0.46630859375 0.41992187500000006 0.33837890625 0.419921875 0.33837890625 0.4368489583333334 0.46630859375 0.4368489583333335
0 0.71533203125 0.3066406250000001 0.60009765625 0.30664062500000006 0.60009765625 0.3242187500000001 0.71533203125 0.32421875000000017
0 0.4619140625 0.2434895833333334 0.33740234375 0.2434895833333334 0.33740234375 0.26236979166666674 0.4619140625 0.26236979166666674
0 0.46484375 0.3040364583333334 0.33837890625 0.3040364583333334 0.33837890625 0.32226562500000006 0.46484375 0.32226562500000006
0 0.70068359375 0.6022135416666669 0.587890625 0.6022135416666669 0.587890625 0.6171875000000001 0.70068359375 0.6171875000000001
0 0.46435546875 0.4388020833333334 0.33740234375 0.4388020833333333 0.33740234375 0.45507812500000006 0.46435546875 0.45507812500000017
0 0.70556640625 0.5299479166666669 0.58740234375 0.5299479166666669 0.58740234375 0.5455729166666669 0.70556640625 0.5455729166666669
0 0.4619140625000001 0.6542968750000001 0.3417968750000001 0.654296875 0.3417968750000001 0.6705729166666666 0.4619140625000001 0.6705729166666666
0 0.71630859375 0.3444010416666668 0.595703125 0.3444010416666668 0.595703125 0.3619791666666668 0.71630859375 0.3619791666666668
0 0.46435546875 0.34375000000000006 0.3388671875 0.34375 0.3388671875 0.36132812500000006 0.46435546875 0.36132812500000017
0 0.71337890625 0.36523437500000017 0.5927734375 0.36523437500000017 0.5927734375 0.3821614583333335 0.71337890625 0.3821614583333335
0 0.71240234375 0.4212239583333335 0.59228515625 0.4212239583333335 0.59228515625 0.43750000000000017 0.71240234375 0.43750000000000017
0 0.720703125 0.22786458333333345 0.59912109375 0.2278645833333334 0.59912109375 0.2460937500000001 0.720703125 0.24609375000000014
0 0.7177734375 0.3268229166666668 0.5966796875 0.32682291666666674 0.5966796875 0.3444010416666668 0.7177734375 0.3444010416666668
0 0.70849609375 0.4388020833333335 0.5927734375 0.4388020833333335 0.5927734375 0.4557291666666668 0.70849609375 0.4557291666666668
0 0.16699218750000006 0.5286458333333334 0.01757812500000005 0.5286458333333334 0.01757812500000005 0.546875 0.16699218750000006 0.546875
0 0.716796875 0.2480468750000001 0.5966796875 0.24804687500000008 0.5966796875 0.2669270833333334 0.716796875 0.2669270833333335
0 0.6982421875 0.6191406250000001 0.58544921875 0.6191406250000001 0.58544921875 0.6341145833333335 0.6982421875 0.6341145833333335
0 0.16796875000000006 0.5462239583333334 0.02001953125000005 0.5462239583333334 0.020019531250000052 0.5670572916666666 0.16796875000000006 0.5670572916666666
0 0.16796875000000006 0.4661458333333333 0.01660156250000004 0.4661458333333333 0.01660156250000004 0.484375 0.16796875000000006 0.484375
0 0.70458984375 0.5481770833333335 0.58984375 0.5481770833333335 0.58984375 0.5644531250000001 0.70458984375 0.5644531250000001
0 0.70068359375 0.671875 0.58544921875 0.671875 0.58544921875 0.6920572916666666 0.70068359375 0.6920572916666666
0 0.46571923828124995 0.6851972656249998 0.46463042213153205 0.6629419032401882 0.3420749511718749 0.6736012369791665 0.3431637673215928 0.6958565993639781
0 0.173814208984375 0.5850693359375 0.17274649723650304 0.5580274207808789 0.021869788252128052 0.5686179155725455 0.0229375 0.5956598307291666
0 0.17571003598622909 0.6040284531262411 0.17479700413862573 0.5825770020143523 0.023708251953125002 0.5940094401041667 0.02462128380072834 0.6154608912160555
0 0.173814208984375 0.6246064453125001 0.17281721182466642 0.6028729473750692 0.025401611328124997 0.6148951822916667 0.026398608487833597 0.6366286802290976
0 0.17752001953124996 0.6436689453125001 0.17642842116271265 0.6210336018063848 0.027702148437500004 0.6337845052083334 0.028793746806037305 0.6564198487144487
0 0.1796376953125 0.6641432291666668 0.1786154043894628 0.6428693131610931 0.027816304870330752 0.6557519061480651 0.02883859579336797 0.6770258221536388
0 0.178578857421875 0.6817936197916667 0.17744025464856455 0.6606205814035402 0.02973981519543957 0.6747410241118735 0.03087841796875001 0.6959140625000001
0 0.17963769531250007 0.7001500651041669 0.17850386819213773 0.6802138061274313 0.031751953124999996 0.6950514322916668 0.032885780245362324 0.7149876912684023
0 0.1796376953125 0.7220367838541669 0.17809189672983108 0.6978469965342285 0.033525390625 0.7142705078125 0.035071189207668926 0.7384602951324384