0 0.7029702983099921 0.22349689071632295 0.6993558211805557 0.190809134765625 0.22533713897749644 0.20739357762854396 0.22895161610693293 0.2400813335792419
0 0.7035439852430554 0.25382747607421885 0.6993430249496568 0.2240335409433449 0.23209643756944218 0.24487902097340838 0.23629739786284082 0.27467295610428233
0 0.7098305576941656 0.28680391880964573 0.7055900520833333 0.25415502148437497 0.23603429300027878 0.27345164613176043 0.24027479861111103 0.3061005434570312
0 0.7098435229017613 0.3151079458826237 0.7059715486111111 0.28655204296875003 0.24290862987601652 0.3064185550939389 0.2467806041666667 0.3349744580078126
0 0.7130419216077655 0.3465423292109326 0.7091560503472222 0.31510288769531253 0.24801440171676972 0.333136925967394 0.25190027297731304 0.3645763674830141
0 0.7171223115577274 0.37756100788364916 0.713696474550574 0.3506186694761332 0.2547724867775687 0.36908230514717155 0.25819832378472224 0.3960246435546875
0 0.7210619348958334 0.40940815576171874 0.7179791206845407 0.3819539973677479 0.2585005433105093 0.39827886011865793 0.261583357521802 0.4257330185126288
0 0.7211514219078698 0.4394562249993904 0.7174845242935592 0.40995924355584273 0.26614821523291154 0.4277120302752024 0.2698151128472222 0.45720901171875006
0 0.7526357251880524 0.8631720834901551 0.7509199027777776 0.8466141000976561 0.3551112901812008 0.8595917240832633 0.3568271125914756 0.8761497074757623
0 0.7481593723958333 0.84385815234375 0.745561123492159 0.823334553342192 0.3483193501369785 0.8392466422830868 0.3509175990406528 0.8597702412846447
0 0.7508370445260851 0.8228905661724062 0.7480776858181248 0.801256503680069 0.34534268729898415 0.817509540046725 0.34810204600694433 0.8391436025390623
0 0.7426387274305556 0.7985310229492187 0.7399694182811012 0.7781237427459053 0.34025325248249 0.794666599679499 0.34292256163194446 0.8150738798828124
0 0.7384767107498976 0.7744828969323989 0.7357237725470152 0.7549070217849883 0.33732730572072867 0.7726340447744643 0.3400802439236112 0.792209919921875
0 0.7436874774305555 0.7541794902343749 0.7407694040952085 0.7300899143216645 0.3329195334354863 0.7457218381497894 0.33583760677083335 0.7698114140624999
0 0.7442083232415286 0.7284100321507592 0.7412209991130108 0.7064778803433817 0.33135754913537113 0.7241417295402788 0.3343448732638889 0.7460738813476563
0 0.738907121224863 0.7028722971159433 0.7356498886378219 0.6796199800374797 0.32343097835045875 0.6978906931754426 0.3266882109375 0.7211430102539063
0 0.7195780399305556 0.466390603515625 0.7160251748193543 0.43781091348463963 0.2666839942053486 0.4554852239983114 0.2702368593165498 0.48406491402929674
0 0.7173357045929987 0.4927328557500341 0.7137224982638888 0.46621081103515627 0.27709208153478765 0.48503190224549136 0.2807052878638975 0.5115539469603693
0 0.7279624671860471 0.5214447021950979 0.7244297543402778 0.4936886035156251 0.28184333871596146 0.5115121058842881 0.2853760515617307 0.5392682045637608
0 0.7205319888753585 0.5503154215525508 0.7172328629833018 0.5237768412292884 0.2804083402537766 0.5409588234853313 0.28370746614583336 0.5674974038085938
0 0.7256330017136879 0.5743220308744861 0.7228101206597222 0.5510463027343749 0.2947129375224231 0.5674740013520764 0.29753581857638883 0.5907497294921875
0 0.7273369001736112 0.6035878144531251 0.7238232449362887 0.5772709331162188 0.30093769545712196 0.5951355053818437 0.30445135069444446 0.62145238671875
0 0.7339805366215516 0.6801132363723553 0.7314515729166666 0.6572195073242187 0.3142949310575594 0.6717999353770943 0.31682389476244444 0.6946936644252308
0 0.7271640130208334 0.6520543276367189 0.7240136773425083 0.6300170858497435 0.3067226000855638 0.648891946201306 0.30987293576388886 0.6709291879882814
0 0.7272744938543373 0.6281933956336823 0.7237594895833335 0.6041389028320312 0.30563625267344047 0.6234710018272552 0.3091512569444444 0.6475254946289063
0 0.7054121325341269 0.18836432487502897 0.7005619913194445 0.15398825927734375 0.21645280399352176 0.17559984293432354 0.22130294520820412 0.20997590853200876
0 0.7551636832475084 0.886559422156258 0.7531064835069444 0.8682985727539061 0.3625323549469361 0.8822206491328043 0.3645895546875 0.9004814985351562