0 0.8751395126044299 0.20680071611429937 0.8742834130839757 0.16409009754042553 0.2468985845073236 0.16806903816440744 0.24775468402777776 0.21077965673828128
0 0.8716313675000006 0.25107853966676386 0.8712596953124999 0.20850906884765627 0.2476734808540505 0.21023174392855168 0.24804515304155117 0.25280121474765926
0 0.8742862743055555 0.25278529394531263 0.2533455338541668 0.2527852939453126 0.2533455338541668 0.29252034326171883 0.8742862743055555 0.2925203432617189
0 0.8694657421818783 0.33281886256011756 0.869241829861111 0.2947909311523437 0.25278293007226105 0.2959394138844927 0.2530068423930284 0.3339673452922665
0 0.8672239652777779 0.3349919116210939 0.2565946886364874 0.3335439235377302 0.25630106434759387 0.37272259152371945 0.8669303409888846 0.3741705796070831
0 0.8591529409722224 0.3764299018554688 0.2598021418431632 0.37602769694567584 0.25972027410845455 0.41462807409770064 0.8590710732375136 0.4150302790074936
0 0.8555047415283831 0.41559861173951307 0.2614139435763889 0.4135933823242188 0.2610264129855058 0.4499212412878308 0.8551172109374999 0.4519264707031251
0 0.85376718600159 0.45647200909706204 0.26464139409722237 0.45262401953125 0.2639645548460174 0.48541125054836687 0.853090346750385 0.48925924011417893
0 0.854108060763889 0.4915936274414063 0.26464139409722237 0.48983921582031253 0.26433156929315543 0.5227765915037071 0.8537982359598221 0.5245310031248008
0 0.8480549019097222 0.5313286762695313 0.27190283246527785 0.525238970703125 0.27080893921025273 0.5579851645902093 0.8469610086546973 0.5640748701566156
0 0.8510814817708334 0.5665227939453125 0.2694823532986112 0.5615463237304688 0.2686836028362005 0.5910827885626299 0.8502827313084228 0.5960592587774736
0 0.8420013072916668 0.60051348046875 0.2735163402777779 0.5946769609374999 0.27242931151278477 0.6281774488007785 0.8409142785266738 0.6340139683320286
0 0.8383138982569635 0.6385775757992561 0.2767437907986113 0.63098455859375 0.27538675538887025 0.6627405614077754 0.8369568628472224 0.6703335786132815
0 0.8371822583434756 0.6726327697585397 0.27593681944444465 0.6654764707031251 0.27470270953846915 0.6961005637375541 0.8359481484375002 0.7032568627929687
0 0.833635380711558 0.7061006748549815 0.2807777777777779 0.7017840688476562 0.2800635298787201 0.730728492137206 0.8329211328125001 0.7350450981445313
0 0.8321432538309583 0.7383519743705845 0.27997124218750025 0.7312838237304686 0.2787312565857088 0.7619338102973842 0.8309032682291669 0.7690019609375001
0 0.8298945529513891 0.7718401962890626 0.28305568363369743 0.7606571845411838 0.281037819050364 0.7918775273146212 0.8278766883680557 0.8030605390625001
0 0.8255406462877555 0.8053444853869391 0.28158474913194464 0.7948220585937499 0.2797674091538791 0.8245475477755563 0.82372330630969 0.8350699745687455
0 0.8222856414267975 0.8365584969351397 0.2856187361111113 0.8284063725585938 0.28414747402459173 0.8590520421273605 0.820814379340278 0.8672041665039064
0 0.8157699348958335 0.9903151962890625 0.30014204774305575 0.97363651953125 0.297700936948871 0.9975150364999343 0.8133288241016488 1.014193713257747
0 0.8228322439236114 0.960797548828125 0.2985281041666669 0.9436828432617187 0.29565491690058304 0.9715326920312177 0.8199590566575274 0.988647397597624
0 0.8193738489395563 0.9302762958222232 0.2864257083333335 0.9150906860351561 0.28383050869933274 0.943908998123089 0.8167786493055557 0.9590946079101561
0 0.8159737569287411 0.9006848908218363 0.28481220052083356 0.8869522060546875 0.2825905130365371 0.9141415798812886 0.8137520694444447 0.9278742646484375
0 0.8218230937500003 0.8694068627929689 0.29050591608308424 0.8581313404631727 0.28848805149975093 0.8882166344084852 0.819805229166667 0.8994921567382813