0 0.86865234375 0.7571614583333334 0.6796875 0.7571614583333334 0.6796875 0.783203125 0.86865234375 0.783203125
0 0.8671875 0.7858072916666666 0.67822265625 0.7858072916666666 0.67822265625 0.8118489583333334 0.8671875 0.8118489583333334
0 0.8701171875 0.5227864583333335 0.68115234375 0.5227864583333335 0.68115234375 0.5501302083333335 0.8701171875 0.5501302083333335
0 0.875 0.4069010416666668 0.68408203125 0.4069010416666668 0.68408203125 0.43359375000000017 0.875 0.43359375000000017
0 0.67041015625 0.07291666666666675 0.4716796875 0.07291666666666674 0.4716796875 0.10611979166666675 0.67041015625 0.10611979166666678
0 0.8720703125 0.5527343750000001 0.68017578125 0.5527343750000001 0.68017578125 0.5794270833333335 0.8720703125 0.5794270833333335
0 0.87353515625 0.4342447916666668 0.6826171875 0.4342447916666668 0.6826171875 0.4635416666666668 0.87353515625 0.4635416666666668
0 0.8701171875 0.6406250000000001 0.67822265625 0.6406250000000001 0.67822265625 0.6666666666666666 0.8701171875 0.6666666666666666
0 0.86767578125 0.6712239583333334 0.677734375 0.6712239583333334 0.677734375 0.697265625 0.86767578125 0.697265625
0 0.66162109375 0.7265625 0.4697265625000001 0.7265625 0.4697265625000001 0.7526041666666666 0.66162109375 0.7526041666666666
0 0.20849609375000006 0.3444010416666667 0.003906250000000031 0.3444010416666667 0.003906250000000033 0.3697916666666667 0.20849609375000006 0.3697916666666667
0 0.66455078125 0.6393229166666669 0.4707031250000001 0.6393229166666669 0.4707031250000001 0.6660156250000001 0.66455078125 0.6660156250000001
0 0.66455078125 0.5240885416666669 0.47119140625 0.5240885416666669 0.47119140625 0.5507812500000001 0.66455078125 0.5507812500000001
0 0.6640625 0.4348958333333335 0.47314453125 0.4348958333333335 0.47314453125 0.4622395833333335 0.6640625 0.4622395833333335
0 0.43701171875000006 0.5807291666666666 0.23925781250000006 0.5807291666666666 0.23925781250000006 0.607421875 0.4370117187500001 0.607421875
0 0.66357421875 0.6093750000000001 0.4716796875000001 0.6093750000000001 0.4716796875000001 0.6354166666666669 0.66357421875 0.6354166666666669
0 0.20898437500000006 0.671875 0.0043945312500000625 0.671875 0.004394531250000063 0.6979166666666666 0.20898437500000006 0.6979166666666666
0 0.66357421875 0.7565104166666666 0.4697265625000001 0.7565104166666666 0.4697265625000001 0.7825520833333334 0.66357421875 0.7825520833333334
0 0.87255859375 0.4641927083333335 0.68310546875 0.4641927083333335 0.68310546875 0.49218750000000017 0.87255859375 0.49218750000000017
0 0.4365234375000001 0.609375 0.23974609375000006 0.609375 0.23974609375000006 0.63671875 0.4365234375000001 0.63671875
0 0.20166015625000006 0.4928385416666667 0.010253906250000045 0.4928385416666667 0.010253906250000047 0.5208333333333334 0.20166015625000006 0.5208333333333334
0 0.43115234375 0.5494791666666666 0.23779296875000006 0.5494791666666666 0.23779296875000006 0.5768229166666666 0.43115234375 0.5768229166666666
0 0.4375 0.5201822916666666 0.23828125000000006 0.5201822916666666 0.23828125000000006 0.548828125 0.4375 0.548828125
0 0.4360351562500001 0.6399739583333334 0.24023437500000006 0.6399739583333334 0.24023437500000006 0.666015625 0.4360351562500001 0.666015625
0 0.20800781250000006 0.6126302083333334 0.0073242187500000555 0.6126302083333334 0.007324218750000057 0.640625 0.20800781250000006 0.640625
0 0.6611328125 0.5527343750000001 0.4716796875 0.5527343750000001 0.4716796875 0.5794270833333335 0.6611328125 0.5794270833333335
0 0.4350585937500001 0.7298177083333334 0.23925781250000006 0.7298177083333334 0.23925781250000006 0.7571614583333334 0.4350585937500001 0.7571614583333334
0 0.66845703125 0.10677083333333343 0.47314453125 0.10677083333333341 0.47314453125 0.13476562500000008 0.66845703125 0.1347656250000001
0 0.87060546875 0.6106770833333335 0.6796875 0.6106770833333335 0.6796875 0.6380208333333335 0.87060546875 0.6380208333333335
0 0.6640625 0.37695312500000017 0.47216796875 0.37695312500000017 0.47216796875 0.4036458333333335 0.6640625 0.4036458333333335
0 0.20849609375000006 0.3743489583333333 0.005371093750000035 0.3743489583333333 0.0053710937500000356 0.4016927083333333 0.20849609375000006 0.4016927083333333
0 0.8681640625 0.7278645833333334 0.67919921875 0.7278645833333334 0.67919921875 0.7552083333333334 0.8681640625 0.7552083333333334
0 0.4375000000000001 0.6686197916666666 0.24023437500000006 0.6686197916666666 0.24023437500000006 0.6953125 0.4375000000000001 0.6953125
0 0.20605468750000006 0.5533854166666666 0.007812500000000052 0.5533854166666666 0.007812500000000052 0.5813802083333334 0.20605468750000006 0.5813802083333334
0 0.6640625 0.6686197916666666 0.4687500000000001 0.6686197916666666 0.4687500000000001 0.6959635416666666 0.6640625 0.6959635416666666
0 0.6640625 0.40625000000000017 0.47314453125 0.40625000000000017 0.47314453125 0.4322916666666668 0.6640625 0.4322916666666668
0 0.43798828125 0.490234375 0.24072265625000006 0.490234375 0.24072265625000006 0.517578125 0.43798828125 0.517578125
0 0.8779296875 0.2864583333333335 0.68701171875 0.2864583333333335 0.68701171875 0.3151041666666668 0.8779296875 0.3151041666666668
0 0.4355468750000001 0.6985677083333334 0.24023437500000006 0.6985677083333334 0.24023437500000006 0.7272135416666666 0.4355468750000001 0.7272135416666666
0 0.86962890625 0.5820312500000001 0.6806640625 0.5820312500000001 0.6806640625 0.6093750000000001 0.86962890625 0.6093750000000001
0 0.20556640625000006 0.642578125 0.009765625000000059 0.642578125 0.00976562500000006 0.6692708333333334 0.20556640625000006 0.6692708333333334
0 0.4345703125000001 0.7591145833333334 0.24023437500000006 0.7591145833333334 0.24023437500000006 0.7864583333333334 0.4345703125000001 0.7864583333333334
0 0.20166015625000006 0.5227864583333334 0.008300781250000049 0.5227864583333334 0.00830078125000005 0.5501302083333334 0.20166015625000006 0.5501302083333334
0 0.20556640625000006 0.7317708333333334 0.007324218750000068 0.7317708333333334 0.0073242187500000685 0.7584635416666666 0.20556640625000006 0.7584635416666666
0 0.8701171875 0.6985677083333334 0.67822265625 0.6985677083333334 0.67822265625 0.7265625 0.8701171875 0.7265625
0 0.20263671875000006 0.701171875 0.008300781250000066 0.701171875 0.008300781250000066 0.728515625 0.20263671875000006 0.728515625
0 0.66015625 0.6985677083333334 0.4711914062500001 0.6985677083333334 0.4711914062500001 0.724609375 0.66015625 0.724609375
0 0.8740234375 0.3470052083333335 0.685546875 0.3470052083333335 0.685546875 0.3763020833333335 0.8740234375 0.3763020833333335
0 0.66259765625 0.5820312500000001 0.47119140625 0.5820312500000001 0.47119140625000006 0.6087239583333335 0.66259765625 0.6087239583333335
0 0.66455078125 0.46484375000000017 0.47119140625 0.46484375000000017 0.47119140625 0.49218750000000017 0.66455078125 0.49218750000000017
0 0.66455078125 0.49414062500000017 0.47412109375 0.49414062500000017 0.47412109375 0.5221354166666669 0.66455078125 0.5221354166666669
0 0.4365234375000001 0.7903645833333334 0.23388671875000006 0.7903645833333334 0.23388671875000006 0.8170572916666666 0.4365234375000001 0.8170572916666666
0 0.4379882812500001 0.8203125 0.23779296875000006 0.8203125 0.23779296875000006 0.8515625 0.4379882812500001 0.8515625
0 0.66455078125 0.34765625000000017 0.47314453125 0.34765625000000017 0.47314453125 0.37500000000000017 0.66455078125 0.37500000000000017
0 0.20458984375000006 0.583984375 0.005859375000000054 0.583984375 0.005859375000000055 0.6106770833333334 0.20458984375000006 0.6106770833333334
0 0.87646484375 0.3177083333333335 0.6865234375 0.3177083333333335 0.6865234375 0.3470052083333335 0.87646484375 0.3470052083333335
0 0.66650390625 0.25846354166666674 0.47509765625 0.25846354166666674 0.47509765625 0.28710937500000006 0.66650390625 0.28710937500000006
0 0.20410156250000006 0.7903645833333334 0.006835937500000073 0.7903645833333334 0.006835937500000074 0.818359375 0.20410156250000006 0.818359375
0 0.20214843750000006 0.76171875 0.00781250000000007 0.76171875 0.007812500000000071 0.7877604166666666 0.20214843750000006 0.7877604166666666
0 0.87060546875 0.49414062500000017 0.6826171875 0.49414062500000017 0.6826171875 0.5221354166666669 0.87060546875 0.5221354166666669
0 0.20556640625000006 0.4036458333333333 0.006347656250000036 0.4036458333333333 0.006347656250000038 0.431640625 0.20556640625000006 0.431640625
0 0.66162109375 0.7858072916666666 0.4682617187500001 0.7858072916666666 0.4682617187500001 0.8125 0.66162109375 0.8125
0 0.43701171875 0.4596354166666667 0.23730468750000006 0.4596354166666667 0.23730468750000006 0.486328125 0.43701171875 0.486328125
0 0.66552734375 0.22851562500000008 0.4736328125 0.22851562500000008 0.4736328125 0.25651041666666674 0.66552734375 0.25651041666666674
0 0.66650390625 0.16666666666666674 0.4755859375 0.16666666666666674 0.4755859375 0.19531250000000008 0.66650390625 0.19531250000000008
0 0.66748046875 0.13736979166666677 0.4736328125 0.13736979166666674 0.4736328125 0.16601562500000008 0.66748046875 0.1660156250000001
0 0.66796875 0.19726562500000008 0.4765625 0.19726562500000008 0.4765625 0.22721354166666674 0.66796875 0.22721354166666674
0 0.20898437500000006 0.4329427083333333 0.010742187500000038 0.4329427083333333 0.01074218750000004 0.4615885416666667 0.20898437500000006 0.4615885416666667
0 0.20458984375000006 0.4635416666666667 0.012695312500000042 0.4635416666666667 0.012695312500000043 0.4908854166666667 0.20458984375000006 0.4908854166666667
0 0.6650390625 0.2884114583333334 0.47265625 0.2884114583333334 0.47265625 0.3157552083333334 0.6650390625 0.3157552083333334
0 0.6650390625 0.31901041666666674 0.47705078125 0.31901041666666674 0.47705078125 0.3463541666666668 0.6650390625 0.3463541666666668
0 0.20654296875000006 0.8229166666666666 0.007812500000000076 0.8229166666666666 0.007812500000000078 0.853515625 0.20654296875000006 0.853515625
0 0.66259765625 0.8118489583333334 0.4692382812500001 0.8118489583333334 0.4692382812500001 0.8450520833333334 0.66259765625 0.8450520833333334
0 0.869140625 0.81640625 0.67529296875 0.81640625 0.67529296875 0.8463541666666666 0.869140625 0.8463541666666666
0 0.8868017578125 0.0550436197916668 0.6905312500000002 0.044599609375000106 0.6896534365520864 0.07392659679554549 0.8859239443645863 0.08437060721221218
0 0.8858229980468749 0.08499316406250013 0.69242236328125 0.07322819010416677 0.6913064831642171 0.1058390264876858 0.884707117929842 0.11760400044601917
0 0.882396728515625 0.11371419270833343 0.6926133476706036 0.1060993821685034 0.6919795442440567 0.13418158246653314 0.8817629250890782 0.14179639300636315
0 0.883375732421875 0.1424352213541668 0.6918135550774878 0.1337044828599301 0.691020751953125 0.16462890625000012 0.8825829292975121 0.1733596447442368
0 0.8823967285156251 0.1724619140625001 0.6912481404937612 0.16454336175494247 0.6905312500000002 0.19530826822916678 0.8816798380218641 0.2032268205367244
0 0.879949462890625 0.20314127604166676 0.6888994140625 0.19482942708333342 0.6881692870979281 0.2246643810001029 0.8792193359260532 0.23297622995843623
0 0.8802517536681639 0.23163742334708118 0.68896875 0.22201367187500012 0.6880677033349163 0.25385247551593204 0.8793507070030802 0.2634762269880131
0 0.880601318359375 0.2623095703125001 0.6881284930726618 0.25579640885667226 0.687551025390625 0.28613411458333343 0.8800238506773382 0.2926472760391613
0 0.873046875 0.3763020833333335 0.68359375 0.3763020833333335 0.68359375 0.4049479166666668 0.873046875 0.4049479166666668