0 0.7138630261522736 0.6448734549246595 0.7130957905273438 0.6052656927083334 0.5126448844922578 0.6121686303617989 0.5134121201171875 0.6517763925781251
0 0.24551353160897535 0.6636703412991238 0.244472380859375 0.6335259355468751 0.09373571448477466 0.6427815076592097 0.09477686523437501 0.6729259134114586
0 0.24117978192323808 0.6326060962372986 0.23999545703124997 0.60340271875 0.09625955401426187 0.6137655997262431 0.09744387890624999 0.6429689772135417
0 0.24316492736914538 0.600021031362068 0.2416489174804687 0.570086708984375 0.10181771032616706 0.5826763742368902 0.10333372021484374 0.6126106966145833
0 0.24852382956549238 0.5678754892426886 0.2468326572265625 0.5392353098958333 0.1057381538329451 0.5540468323718947 0.107429326171875 0.58268701171875
0 0.2487085379061788 0.5368902882018897 0.24699932910156247 0.50922017578125 0.11090385711335243 0.5241655002095688 0.11261306591796877 0.5518356126302084
0 0.2515658888758873 0.5048150737576862 0.24966609863281253 0.4792632337239584 0.11336366141708143 0.497279490695439 0.11526345166015625 0.5228313307291668
0 0.252676328554241 0.47512382702949507 0.25057212890625 0.44783591015625007 0.11505496246138404 0.4664134561736299 0.11715916210937502 0.49370137304687495
0 0.25443355758754627 0.4451677592370617 0.252159076171875 0.41833051757812506 0.11577253323276623 0.4388796509191884 0.1180470146484375 0.46571689257812504
0 0.2565800498995064 0.4143900320685807 0.2538042255859375 0.3854906725260417 0.11754761660439988 0.408757587723086 0.12032344091796873 0.43765694726562504
0 0.26051827386762466 0.3815893627114826 0.25787488671875 0.3569961315104167 0.11890991412065657 0.3835500122885174 0.12155330126953125 0.4081432434895833
0 0.26120453806789823 0.35377792819941617 0.2583986459960937 0.3269893092447917 0.12211196876803923 0.3523669656807922 0.12491786083984376 0.3791555846354166
0 0.25888820607817414 0.3249936733707924 0.2560234086914063 0.29929745117187495 0.12477937790620085 0.32530992558754096 0.12764417529296873 0.35100614778645833
0 0.2637488154432126 0.2956056213010057 0.26082511572265626 0.269866884765625 0.1272697485216312 0.29683709679795256 0.1301934482421875 0.32257583333333334
0 0.2596166589804329 0.26447725960118146 0.2566556435546875 0.2426096223958333 0.1306832443398796 0.27293398519048523 0.133644259765625 0.29480162239583335
0 0.2660050215287588 0.23631057086402074 0.2625538017578125 0.21177485221354164 0.13411925874467867 0.24389171754743758 0.13757047851562498 0.2684274361979167
0 0.26564077104823486 0.20737207309336117 0.261964482421875 0.18412488867187501 0.13612904828770267 0.2195017797712222 0.13980533691406252 0.24274896419270833
0 0.2679857017860824 0.18087534589697155 0.26454811621093743 0.158930892578125 0.13718611608501127 0.1943996599624035 0.14062370166015625 0.21634411328125003
0 0.4646594019298948 0.6627415567071672 0.4636351552734375 0.627720380859375 0.283860148363074 0.6370675611313743 0.2848843950195313 0.6720887369791666
0 0.45582137279120805 0.624698327146704 0.4547467944335938 0.5942745911458334 0.29038349495313814 0.6045952606185964 0.2914580733107524 0.635018996619467
0 0.45737126880193263 0.5908598651592057 0.45591792968749995 0.5557448626302083 0.28962068285822357 0.5679807871845443 0.29107402197265625 0.6030957897135417
0 0.45525207928054684 0.5522476694508843 0.45351926123046876 0.5217852434895832 0.29316606378585935 0.5380012374501573 0.29489888183593743 0.5684636634114584
0 0.4622111690400657 0.5202327921432361 0.4605775356445313 0.48871062434895846 0.2956068153349344 0.5039098992630141 0.2972404487304688 0.5354320670572917
0 0.45977051335112773 0.48552182456739884 0.45769254150390626 0.4540751282552083 0.29819917463715345 0.4728114670992678 0.3002771464843749 0.5042581634114583
0 0.4623355544707253 0.4503272383418362 0.46026562646484376 0.42089611328124993 0.2997955744355247 0.44096022064253876 0.3018655024414062 0.470391345703125
0 0.46253626292678374 0.41776457755786994 0.4599069829101562 0.38432509895833333 0.3017629109013412 0.406430975176505 0.30439219091796876 0.4398704537760416
0 0.4604865000372109 0.3843226246187432 0.4579603271484375 0.35303520377604164 0.3024459565057578 0.3753576253812568 0.3049721293945312 0.40664504622395836
0 0.46143536294671256 0.3501737551726351 0.4585286645507812 0.32047440885416667 0.30207761263922495 0.34769572008778166 0.30498431103515633 0.37739506640625003
0 0.46356679519669747 0.3168553822394434 0.46016341796875 0.283949466796875 0.30413081759627125 0.31263935994805675 0.30753419482421873 0.34554527539062513
0 0.4652836748512435 0.28308180092272667 0.46218034033203137 0.25408159244791667 0.30499920405500663 0.28398394582206504 0.30810253857421876 0.31298415429687504
0 0.4668920160093818 0.25393213672810017 0.4632586879882813 0.22086778515625008 0.30395978233046206 0.25198744660523337 0.30759311035156256 0.2850517981770834
0 0.4652334985398059 0.22246471617038321 0.46128883593750003 0.1909067897135417 0.30513217187035047 0.22560758265774183 0.3090768344726563 0.25716550911458336
0 0.4650612039494215 0.18962196473576834 0.46131236865234376 0.160992517578125 0.3053749718318285 0.19729289594131502 0.3091238071289062 0.22592234309895834
0 0.4671018471896104 0.1282116043063383 0.46230851332548273 0.09855545201511134 0.3092565093975911 0.14253384640668976 0.31404984326171875 0.1721899986979167
0 0.4701045307439682 0.15671589324113358 0.4663427001953125 0.129865017578125 0.3058723222833755 0.1698330826703248 0.3096341528320312 0.19668395833333338
0 0.7146144245123199 0.6030343359907682 0.7132214998088844 0.5682326726178893 0.518831390726252 0.5820644909239961 0.5202243154296875 0.616866154296875
0 0.7104787216796875 0.5662899524739584 0.7090291993176223 0.5274834273201006 0.5208456866223098 0.5399796629971838 0.522295208984375 0.5787861881510417
0 0.7099758143357269 0.5259052731958552 0.7080390854492188 0.49122682356770836 0.521426921504117 0.5097547398249781 0.523363650390625 0.544433189453125
0 0.7007969569478849 0.48956629131330276 0.6988756943359375 0.45226021158854174 0.5225869263528964 0.4684004235304473 0.5245081889648437 0.5057065032552083
0 0.7024063877905234 0.451415867899635 0.6999875107421876 0.41540823958333334 0.5212182156572729 0.43675783638565924 0.5236370927056089 0.47276546470196096
0 0.7009410636593224 0.4141080186947799 0.698288279296875 0.37849051236979164 0.5211700828250526 0.40194246958646995 0.5238228671875 0.4375599759114583
0 0.701750957297933 0.37800846013922046 0.6988444711914062 0.3466255748697917 0.5195655705340981 0.37614324233473795 0.5224720566406249 0.4075261276041668
0 0.7023329118310727 0.3423773208596561 0.6990410844726561 0.3085019830729167 0.5174500331952081 0.3398727641488166 0.5207418605536247 0.373748101935556
0 0.7032602713547798 0.30519451403341175 0.6996519680519623 0.2720649619526787 0.5139285292167137 0.308025953778642 0.5175368325195312 0.341155505859375
0 0.7007916376982741 0.27058940713215573 0.6974185004882812 0.24033364062499998 0.5147635058564134 0.27653583310221924 0.5181366430664063 0.306791599609375
0 0.7003771179917135 0.23620294933616404 0.6966453789062501 0.2040626282552083 0.5178051051528179 0.2409777121221693 0.5215368442382814 0.27311803320312505
0 0.701293907621854 0.19968311406006722 0.697151088882215 0.16972159519336646 0.5155530186627046 0.21436124806038262 0.5196958374023436 0.2443227669270834
0 0.7015848895792045 0.1654355217218266 0.6973984287109375 0.13407410416666668 0.5175475532918893 0.17675577189796507 0.5217340141601563 0.208117189453125
0 0.7020548853911247 0.13160239567912155 0.69750779296875 0.1009491002604167 0.5186365071870003 0.14812006005004513 0.523183599609375 0.17877335546874998
0 0.7017892101176261 0.09870432111916612 0.6971269672851561 0.06906235221354169 0.5181078084370613 0.11911935336000053 0.5227700512695312 0.14876132226562497
0 0.7030526371773789 0.06433711632275918 0.6981842573242187 0.03533425325520834 0.5167038814340652 0.08949077052622573 0.5215722612872253 0.11849363359377657