0 0.5097656250000001 0.7548828125 0.19791666666666682 0.7548828125 0.19791666666666682 0.7802734375 0.5097656250000001 0.7802734375
0 0.5130208333333335 0.78369140625 0.19401041666666682 0.78369140625 0.19401041666666682 0.80859375 0.5130208333333335 0.80859375
0 0.87890625 0.640625 0.5488281250000001 0.640625 0.5488281250000001 0.6669921875 0.87890625 0.6669921875
0 0.5136718750000001 0.671875 0.18945312500000008 0.671875 0.1894531250000001 0.6982421875 0.5136718750000001 0.6982421875
0 0.87109375 0.755859375 0.5507812500000001 0.755859375 0.5507812500000001 0.78125 0.87109375 0.78125
0 0.8802083333333334 0.47119140625000006 0.5455729166666669 0.47119140625 0.5455729166666669 0.49804687500000006 0.8802083333333334 0.4980468750000001
0 0.8841145833333334 0.41259765625000006 0.5533854166666666 0.41259765625 0.5533854166666666 0.44091796875000006 0.8841145833333334 0.4409179687500001
0 0.5084635416666666 0.359375 0.17578125000000008 0.359375 0.17578125000000008 0.38720703125 0.5084635416666666 0.38720703125
0 0.5156250000000001 0.70068359375 0.18750000000000014 0.70068359375 0.18750000000000014 0.7275390625 0.5156250000000001 0.7275390625
0 0.5013020833333334 0.388671875 0.17773437500000008 0.388671875 0.17773437500000008 0.41650390625 0.5013020833333334 0.41650390625
0 0.8756510416666666 0.55615234375 0.5462239583333335 0.55615234375 0.5462239583333335 0.58447265625 0.8756510416666666 0.58447265625
0 0.875 0.78369140625 0.5436197916666669 0.78369140625 0.5436197916666669 0.80859375 0.875 0.80859375
0 0.87109375 0.5859375 0.5481770833333335 0.5859375 0.5481770833333335 0.61279296875 0.87109375 0.61279296875
0 0.5143229166666669 0.5615234375 0.17968750000000008 0.5615234375 0.17968750000000008 0.58837890625 0.5143229166666669 0.58837890625
0 0.8684895833333334 0.8369140625 0.5494791666666669 0.8369140625 0.5494791666666669 0.8623046875 0.8684895833333334 0.8623046875
0 0.51171875 0.41796875 0.1770833333333334 0.41796875 0.1770833333333334 0.44580078125 0.51171875 0.44580078125
0 0.5123697916666669 0.646484375 0.1927083333333334 0.646484375 0.1927083333333334 0.67138671875 0.5123697916666669 0.67138671875
0 0.8802083333333334 0.49951171875000006 0.5507812500000001 0.49951171875 0.5507812500000001 0.5263671875 0.8802083333333334 0.5263671875
0 0.8723958333333334 0.61376953125 0.5436197916666669 0.61376953125 0.5436197916666669 0.6396484375 0.8723958333333334 0.6396484375
0 0.5162760416666669 0.47607421875 0.17447916666666674 0.47607421875 0.17447916666666674 0.50341796875 0.5162760416666669 0.50341796875
0 0.8834635416666666 0.44140625000000006 0.5494791666666666 0.44140625 0.5494791666666667 0.47021484375000006 0.8834635416666666 0.4702148437500001
0 0.5182291666666669 0.5048828125 0.17578125000000008 0.5048828125 0.17578125000000008 0.5322265625 0.5182291666666669 0.5322265625
0 0.5117187500000001 0.53173828125 0.1770833333333334 0.53173828125 0.1770833333333334 0.55908203125 0.5117187500000001 0.55908203125
0 0.5084635416666669 0.58984375 0.17773437500000008 0.58984375 0.17773437500000008 0.6171875 0.5084635416666669 0.6171875
0 0.5208333333333335 0.728515625 0.19205729166666682 0.728515625 0.19205729166666682 0.7548828125 0.5208333333333335 0.7548828125
0 0.8815104166666666 0.72802734375 0.5442708333333335 0.72802734375 0.5442708333333335 0.75439453125 0.8815104166666666 0.75439453125
0 0.51171875 0.3271484375 0.1790364583333334 0.3271484375 0.1790364583333334 0.35546875 0.51171875 0.35546875
0 0.5143229166666669 0.6181640625 0.18359375000000008 0.6181640625 0.18359375000000008 0.64453125 0.5143229166666669 0.64453125
0 0.88671875 0.38134765625000006 0.5514322916666666 0.38134765625 0.5514322916666666 0.41015625000000006 0.88671875 0.4101562500000001
0 0.8743489583333334 0.8095703125 0.5442708333333335 0.8095703125 0.5442708333333335 0.8349609375 0.8743489583333334 0.8349609375
0 0.8873697916666666 0.35253906250000006 0.55078125 0.3525390625 0.55078125 0.38085937500000006 0.8873697916666666 0.3808593750000001
0 0.8776041666666666 0.67041015625 0.5481770833333335 0.67041015625 0.5481770833333335 0.69677734375 0.8776041666666666 0.69677734375
0 0.5143229166666669 0.810546875 0.19270833333333348 0.810546875 0.19270833333333348 0.83642578125 0.5143229166666669 0.83642578125
0 0.876953125 0.52783203125 0.5501302083333335 0.52783203125 0.5501302083333335 0.55419921875 0.876953125 0.55419921875
0 0.5065104166666666 0.17041015625000003 0.1549479166666667 0.17041015625 0.1549479166666667 0.20312500000000003 0.5065104166666666 0.20312500000000006
0 0.5117187500000001 0.83837890625 0.20052083333333348 0.83837890625 0.20052083333333348 0.8623046875 0.5117187500000001 0.8623046875
0 0.5221354166666667 0.44677734375 0.1751302083333334 0.44677734375 0.1751302083333334 0.47509765625 0.5221354166666669 0.47509765625
0 0.51171875 0.23632812500000003 0.16341145833333337 0.236328125 0.16341145833333337 0.267578125 0.51171875 0.267578125
0 0.89453125 0.32275390625000006 0.5520833333333334 0.32275390625 0.5520833333333334 0.35107421875000006 0.89453125 0.3510742187500001
0 0.5052083333333334 0.298828125 0.1673177083333334 0.298828125 0.1673177083333334 0.328125 0.5052083333333334 0.328125
0 0.880859375 0.69921875 0.5462239583333335 0.69921875 0.5462239583333335 0.7265625 0.880859375 0.7265625
0 0.5091145833333334 0.26904296875 0.16601562500000003 0.26904296875 0.16601562500000003 0.2998046875 0.5091145833333334 0.2998046875
0 0.890625 0.23339843750000006 0.5436197916666666 0.23339843750000006 0.5436197916666666 0.26074218750000006 0.890625 0.2607421875000001
0 0.51171875 0.20654296875000003 0.16015625000000003 0.20654296875 0.16015625000000003 0.23730468750000003 0.51171875 0.23730468750000006
0 0.8951822916666666 0.20214843750000006 0.5546875 0.20214843750000006 0.5546875 0.23144531250000006 0.8951822916666666 0.23144531250000006
0 0.8860677083333334 0.26269531250000006 0.552734375 0.2626953125 0.552734375 0.29101562500000006 0.8860677083333334 0.2910156250000001
0 0.8893229166666666 0.29345703125000006 0.55078125 0.29345703125 0.55078125 0.32226562500000006 0.8893229166666666 0.3222656250000001
0 0.8977864583333334 0.17089843750000006 0.5501302083333334 0.17089843750000006 0.5501302083333334 0.20019531250000006 0.8977864583333334 0.20019531250000006
0 0.8899739583333334 0.13916015625000006 0.5520833333333334 0.13916015625000006 0.5520833333333334 0.16992187500000006 0.8899739583333334 0.16992187500000006
0 0.5130208333333335 0.865234375 0.19856770833333348 0.865234375 0.19856770833333348 0.8916015625 0.5130208333333335 0.8916015625
0 0.8697916666666666 0.86474609375 0.5507812500000001 0.86474609375 0.5507812500000001 0.890625 0.8697916666666666 0.890625
0 0.5159868037478091 0.13905633015496285 0.14530891927083336 0.13857397460937504 0.14522413375219095 0.17522394328253724 0.5159020182291668 0.17570629882812505
0 0.9006865174366857 0.11222485674239654 0.5494876302083335 0.10377294921875004 0.5481061897193409 0.1360618382235485 0.8993050769476931 0.14451374574719503