0 0.8343326259162969 0.13722685162413611 0.8336668257613824 0.10632934919689029 0.3611483213728634 0.10955104395947293 0.3618141215277778 0.14044854638671878
0 0.8295467695987125 0.16785867279082592 0.8292152109375 0.14007288525390624 0.3534693866512874 0.14186909771698658 0.35380094531249995 0.16965488525390626
0 0.8265184574652779 0.17021431738281256 0.35403584570918517 0.16990524107038418 0.3539766319623881 0.19854620986313407 0.8264592437184808 0.19885528617556245
0 0.8253298576388889 0.19926093457031255 0.3507219002378456 0.1986205503510514 0.35059291493055555 0.2288673681640625 0.8252008723315989 0.22950775238332366
0 0.8191943098958334 0.22968398828125006 0.3496753462648964 0.22930664100844114 0.34960150585968136 0.25837704366015535 0.8191204694906185 0.25875439093296426
0 0.8128530321180556 0.2616322441406251 0.34350400604038933 0.2585812512281694 0.3429475347222223 0.2856671069335937 0.8122965607998884 0.2887180998460494
0 0.8116675147569447 0.2906559584960938 0.3409882942708334 0.2876576333007813 0.340406608041149 0.31654980104883707 0.8110858285272602 0.3195481262441496
0 0.8102736831597224 0.3212273056640625 0.33765200086805564 0.3149026904296875 0.33637868183062974 0.3450092977242527 0.8090003641222965 0.3513339129586277
0 0.8012274930555557 0.35305496533203123 0.33652423958333344 0.34507403857421876 0.33496953947879476 0.37371674615106987 0.799672792951017 0.38169767290888235
0 0.7997792864583332 0.3840302758789063 0.3314620182291667 0.37459885693359374 0.32964779229979085 0.40310244666462675 0.7979650605289574 0.4125338656099393
0 0.7951001032986111 0.4137400473632812 0.3290767153097432 0.40484111353501673 0.3273962630432597 0.4326857126611086 0.7934196510321276 0.44158464648937307
0 0.7889158489583332 0.4445217314453125 0.32508019845019587 0.43289060936821866 0.3227803615018677 0.4619097543349189 0.7866160120100051 0.4735408764120127
0 0.7859514261416802 0.47652122663790136 0.32247519245657486 0.46402654872034543 0.3200978644051726 0.4919286282347879 0.783574098090278 0.5044233061523439
0 0.7836216001341121 0.5078675189369821 0.316239749630346 0.4929468584874772 0.31369767640595625 0.5181420060544014 0.7810795269097224 0.5330626665039063
0 0.7804155546875002 0.5379955029296875 0.3086050321180556 0.5205913208007813 0.3053584885666103 0.5484384410303539 0.7771690111360549 0.5658426231592601
0 0.7802189461805558 0.5697820332031251 0.31007030605778985 0.549921837318619 0.3065295486111113 0.5764430200195314 0.7766781887338773 0.5963032159040376
0 0.7816900989583335 0.5992847451171875 0.30539700086805566 0.5798038041992187 0.3016999426351154 0.6084037825156796 0.7779930407253932 0.6278847234336484
0 0.7746236883680557 0.6315669838867188 0.29752321051462627 0.6097476987468171 0.2938855002202652 0.6349153389353228 0.7709859780736947 0.6567346240752245
0 0.7670312786458334 0.6627037924804688 0.2960412855902779 0.6392004291992188 0.2919650158574652 0.6650462086688046 0.7629550089130208 0.6885495719500546
0 0.7668014225302215 0.693347308289134 0.29092430942476677 0.670476756902666 0.28658887213760104 0.699019528691657 0.7624659852430558 0.721890080078125
0 0.7419305410771053 0.8855588386396889 0.26607113715277797 0.8517508486328125 0.25894196239511724 0.8835008405595299 0.7348013663194445 0.9173088305664063
0 0.7472057165105304 0.8543368544460397 0.27444308680555574 0.8198758510742188 0.2682674970311366 0.8466822646945854 0.7410301267361111 0.8811432680664063
0 0.7508887354757241 0.8211288892658625 0.2780763385416668 0.7878301450195314 0.27182552911833796 0.8159130681360651 0.7446379260523953 0.8492118123823962
0 0.7547945247296163 0.7894883961188165 0.27654532051578085 0.7583235315855112 0.27046165776533104 0.7878627633963823 0.7487108619791666 0.8190276279296875
0 0.7588013754059298 0.7574169052782355 0.27935631336805566 0.7277820375976563 0.2735759414343481 0.7573714741162958 0.7530210034722222 0.787006341796875
0 0.7610763412844578 0.7234044464130172 0.2867104954148002 0.6989274563598356 0.28181326784562033 0.7289571388530685 0.7561791137152779 0.7534341289062501