0 0.9324042552083335 0.04731747705078131 0.24334853906249998 0.009948928222656268 0.235261517400291 0.057131517142364176 0.9243172335461244 0.09450006597048922
0 0.9268866354166665 0.09477650439453128 0.24724573611111111 0.06143735009765626 0.23952856244705614 0.11121429683591905 0.9191694617526116 0.14455345113279405
0 0.9141358038194445 0.14132330078125005 0.24903459722222226 0.11205993261718751 0.24259393634247703 0.15837677146772355 0.9076951429396993 0.18764013963178608
0 0.9011795373263889 0.18636187646484376 0.2494372447916667 0.16112103271484374 0.24419163924377013 0.2039771398531744 0.8959339317784922 0.22921798360317439
0 0.8974750520833334 0.2284175952148438 0.2506322161458334 0.2061776982421875 0.24567547453201163 0.25179266214743273 0.8925183104695117 0.274032559120089
0 0.8926034357638888 0.2720565454101562 0.2503764496527779 0.25279177001953124 0.24642662815251512 0.2944544424064502 0.888653614263626 0.3137192177970752
0 0.8861433819444443 0.31025879199218753 0.2522725590277778 0.298230337890625 0.2497648912068853 0.3400428255437843 0.8836357141235518 0.35207127964534685
0 0.8773833619791667 0.35003290234375006 0.25915339930555564 0.3425690107421875 0.25770837678663866 0.38043980334199634 0.8759383394602497 0.3879036949435589
0 0.8703564539930556 0.3882295844726563 0.2611392673611112 0.3836690239257813 0.26022416196089626 0.42234756572770543 0.8694413485928406 0.42690812627458047
0 0.8657111918402779 0.42589863964843755 0.2597288889111579 0.4247401268651249 0.25949758246527793 0.4630218872070313 0.8654798853943979 0.46418039999034394
0 0.8663302447916668 0.4645206484375 0.2601992743055557 0.4633559985351562 0.25996669608753753 0.5016547990686174 0.8660976665736486 0.5028194489709613
0 0.8633847313914251 0.5309162664389612 0.8617826793301094 0.49585919454678057 0.2648195060984065 0.5044908397289131 0.2664215581597222 0.5395479116210937
0 0.8556181614217867 0.566387989918003 0.8533090760394515 0.530497778141857 0.26898299274266485 0.5423927740636977 0.27129207812500006 0.5782829858398437
0 0.8507427612847221 0.601121865234375 0.8489218854340406 0.5688474373643181 0.272330525190985 0.5791402713486932 0.27415140104166663 0.6114146992187501
0 0.8501976909450913 0.6337425686222415 0.8474500471527499 0.5999366699095596 0.2734721791243252 0.6146974103693494 0.2762198229166667 0.6485033090820314
0 0.8463021318092513 0.6673088307730839 0.8433158920069582 0.6350887766374677 0.2739167202671514 0.6517866167628213 0.2769029600694445 0.6840066708984376
0 0.8385428475367 0.7000958496253511 0.8349387163349458 0.6665908087820407 0.2768267837288012 0.6855865743910645 0.28043091493055555 0.7190916152343749
0 0.8370721585949339 0.7322627230808 0.8335679644780122 0.7016757251320148 0.2741079864386339 0.7219556050785586 0.27761218055555553 0.7525426030273438
0 0.7951706188430026 0.9374659608199378 0.7905371510262219 0.9125909316693018 0.2812929991971083 0.9426042252438953 0.2859264670138889 0.9674792543945313
0 0.8115333499779199 0.9070905757261611 0.806315959201389 0.8802714692382814 0.2734813114804135 0.9130694096254015 0.27869870225694443 0.9398885161132813
0 0.8128914320336494 0.8780425493017047 0.8069295679094588 0.8472481018201032 0.272630607229976 0.8799775769324611 0.27859247135416676 0.9107720244140626
0 0.8217759006359975 0.8507073245509966 0.8166124696180554 0.8210607202148439 0.2754723858223358 0.850881444003691 0.2806358168402778 0.8805280483398438
0 0.8246225658259407 0.8214899129376356 0.8192594810244976 0.7896916586549871 0.273765205997168 0.8188019556782891 0.2791282907986111 0.8506002099609375
0 0.8248929698883967 0.790380003242673 0.8198326497284957 0.758625549198105 0.2733256633470435 0.7861814185140258 0.27838598350694443 0.8179358725585938
0 0.831860366033638 0.759426269592245 0.8268203562711578 0.7282152633102871 0.2746818470083532 0.7564261475266358 0.27972185677083333 0.7876371538085938