0 0.5771484375 0.8111979166666666 0.3593750000000001 0.8111979166666666 0.3593750000000001 0.83984375 0.5771484375 0.83984375
0 0.31933593750000006 0.5768229166666666 0.09570312500000006 0.5768229166666666 0.09570312500000006 0.6087239583333334 0.3193359375000001 0.6087239583333334
0 0.80126953125 0.7180989583333334 0.59326171875 0.7180989583333334 0.59326171875 0.748046875 0.80126953125 0.748046875
0 0.5791015625 0.6803385416666666 0.3637695312500001 0.6803385416666666 0.3637695312500001 0.7102864583333334 0.5791015625 0.7102864583333334
0 0.7978515625 0.75 0.595703125 0.75 0.595703125 0.7799479166666666 0.7978515625 0.7799479166666666
0 0.806640625 0.6529947916666669 0.59716796875 0.6529947916666669 0.59716796875 0.6829427083333334 0.806640625 0.6829427083333334
0 0.3232421875 0.509765625 0.09228515625000006 0.509765625 0.09228515625000006 0.5403645833333334 0.3232421875 0.5403645833333334
0 0.580078125 0.7135416666666666 0.3627929687500001 0.7135416666666666 0.3627929687500001 0.7434895833333334 0.580078125 0.7434895833333334
0 0.57763671875 0.7779947916666666 0.3618164062500001 0.7779947916666666 0.3618164062500001 0.806640625 0.57763671875 0.806640625
0 0.80615234375 0.6848958333333334 0.5966796875 0.6848958333333334 0.5966796875 0.71484375 0.80615234375 0.71484375
0 0.58056640625 0.3899739583333334 0.37158203125 0.3899739583333333 0.37158203125 0.4212239583333334 0.58056640625 0.4212239583333335
0 0.57861328125 0.7454427083333334 0.3642578125000001 0.7454427083333334 0.3642578125000001 0.775390625 0.57861328125 0.775390625
0 0.58349609375 0.32096354166666674 0.373046875 0.32096354166666674 0.373046875 0.35742187500000006 0.58349609375 0.35742187500000017
0 0.578125 0.6490885416666667 0.3623046875000001 0.6490885416666666 0.3623046875000001 0.6790364583333334 0.578125 0.6790364583333334
0 0.3188476562500001 0.611328125 0.09179687500000006 0.611328125 0.09179687500000006 0.6419270833333334 0.3188476562500001 0.6419270833333334
0 0.58056640625 0.6171875000000001 0.3662109375000001 0.6171875 0.3662109375000001 0.6464843750000001 0.58056640625 0.6464843750000001
0 0.58349609375 0.4212239583333334 0.37060546875 0.4212239583333333 0.37060546875 0.45182291666666674 0.58349609375 0.4518229166666668
0 0.58349609375 0.2923177083333334 0.373046875 0.2923177083333334 0.373046875 0.32486979166666674 0.58349609375 0.32486979166666674
0 0.576171875 0.8430989583333334 0.3588867187500001 0.8430989583333334 0.3588867187500001 0.8736979166666666 0.576171875 0.8736979166666666
0 0.58251953125 0.35807291666666674 0.37158203125 0.3580729166666667 0.37158203125 0.38932291666666674 0.58251953125 0.3893229166666668
0 0.80126953125 0.7838541666666666 0.5947265625 0.7838541666666666 0.5947265625 0.8125 0.80126953125 0.8125
0 0.3193359375 0.5423177083333334 0.09277343750000006 0.5423177083333334 0.09277343750000006 0.572265625 0.3193359375 0.572265625
0 0.58056640625 0.5208333333333334 0.3681640625 0.5208333333333334 0.3681640625 0.5507812500000001 0.58056640625 0.5507812500000001
0 0.806640625 0.6191406250000001 0.59716796875 0.6191406250000001 0.59716796875 0.6490885416666669 0.806640625 0.6490885416666669
0 0.3164062500000001 0.712890625 0.09179687500000006 0.712890625 0.09179687500000006 0.7434895833333334 0.3164062500000001 0.7434895833333334
0 0.57861328125 0.5520833333333334 0.36865234375 0.5520833333333334 0.36865234375 0.5878906250000001 0.57861328125 0.5878906250000001
0 0.58203125 0.48893229166666674 0.37060546875 0.4889322916666667 0.37060546875 0.5182291666666667 0.58203125 0.5182291666666669
0 0.80712890625 0.5885416666666669 0.5986328125 0.5885416666666669 0.5986328125 0.6184895833333335 0.80712890625 0.6184895833333335
0 0.580078125 0.5859375000000001 0.36962890625 0.5859375 0.36962890625000006 0.6152343750000001 0.580078125 0.6152343750000001
0 0.806640625 0.5566406250000001 0.60009765625 0.5566406250000001 0.60009765625 0.5872395833333335 0.806640625 0.5872395833333335
0 0.80859375 0.5234375000000001 0.60009765625 0.5234375000000001 0.60009765625 0.5546875000000001 0.80859375 0.5546875000000001
0 0.5791015625 0.45572916666666674 0.3701171875 0.4557291666666667 0.3701171875 0.48697916666666674 0.5791015625 0.4869791666666668
0 0.3188476562500001 0.6809895833333334 0.09277343750000006 0.6809895833333334 0.09277343750000006 0.7122395833333334 0.3188476562500001 0.7122395833333334
0 0.80224609375 0.818359375 0.59033203125 0.818359375 0.59033203125 0.8463541666666666 0.80224609375 0.8463541666666666
0 0.79931640625 0.84765625 0.59326171875 0.84765625 0.59326171875 0.876953125 0.79931640625 0.876953125
0 0.5849609375 0.25390625000000006 0.37158203125 0.25390625000000006 0.37158203125 0.29166666666666674 0.5849609375 0.29166666666666674
0 0.3144531250000001 0.6451822916666666 0.09277343750000006 0.6451822916666666 0.09277343750000006 0.67578125 0.3144531250000001 0.67578125
0 0.3183593750000001 0.74609375 0.12060546875000006 0.74609375 0.12060546875000007 0.7766927083333334 0.3183593750000001 0.7766927083333334
0 0.3212890625 0.4752604166666667 0.09423828125000006 0.4752604166666667 0.09423828125000006 0.5052083333333334 0.3212890625 0.5052083333333334
0 0.3159179687500001 0.77734375 0.12207031250000008 0.77734375 0.12207031250000008 0.8092447916666666 0.3159179687500001 0.8092447916666666
0 0.3168666992187501 0.878017578125 0.19353466796875005 0.878017578125 0.19353466796875007 0.9180647786458334 0.3168666992187501 0.9180647786458334
0 0.577031005859375 0.8743932291666668 0.3573972167968751 0.8725218098958334 0.35721933766835745 0.909635191144058 0.5768531267308574 0.9115066104148913
0 0.8026889648437501 0.8767444661458336 0.5872031250000002 0.8762812500000003 0.5871576246036718 0.9139106852882106 0.8026434644474217 0.9143739014340438
0 0.3184287109375 0.8419824218749999 0.31773032910788895 0.8044332016272154 0.1329522529360139 0.8105429021480487 0.133650634765625 0.8480921223958332
0 0.317919677734375 0.8745680338541666 0.3175099049842531 0.842519997017159 0.13668614291889855 0.8466303073904836 0.13709591566902046 0.8786783442274912
0 0.5928295164160907 0.06599800571664043 0.371661376953125 0.04956152343750006 0.37027780265041477 0.082658905943601 0.5914459421133804 0.09909538822274137
0 0.590801501074783 0.09922741245880144 0.37369677734375 0.08267057291666673 0.3722673405964993 0.11599281757311904 0.5893720643275322 0.13254965711525377
0 0.5921830603145932 0.132605609190221 0.37328955078124987 0.11795052083333339 0.37195619526321966 0.15335578825107865 0.590849704796563 0.16801087660796624
0 0.5904020110455028 0.16363827736582612 0.37406582516385345 0.15269951879691662 0.373098876953125 0.1866966145833334 0.5894350628347744 0.19763537315224286
0 0.5912515072280812 0.19764596672238852 0.3745107421875 0.1830830078125001 0.3731181934372159 0.21992803310171835 0.589858958477797 0.2344909920116068
0 0.5889657556750253 0.23016115324690248 0.37166137695312507 0.21836295572916672 0.37060577752809964 0.2529273884197643 0.58791015625 0.2647255859375001
0 0.8230295218015756 0.05632137910874737 0.615153564453125 0.029773763020833444 0.6126018735073883 0.06529468907282147 0.8204778308558389 0.0918423051607354
0 0.8222654797748123 0.0849129273626651 0.6161396484375001 0.06405338541666676 0.6142062719748169 0.09801759819779658 0.8203321033121291 0.11887714014379493
0 0.8194316370641 0.11815864938320575 0.615153564453125 0.0972366536458334 0.6131957531776108 0.13122006253013654 0.8174738257885859 0.1521420582675089
0 0.8193618330145107 0.14923738616137064 0.614709716796875 0.12860091145833344 0.6127550978814981 0.16306131039864433 0.8174072140991337 0.18369778510168155
0 0.817602294921875 0.18099869791666678 0.6124907226562502 0.16233235677083344 0.6108964616538175 0.19347588851956718 0.8160080339194423 0.21214222966540053
0 0.8163435543560965 0.2121232748026719 0.6129345703125 0.1931048177083334 0.6112406256849636 0.22531339432107556 0.8146496097285602 0.24433185141541405
0 0.81701806640625 0.24105143229166673 0.610673583984375 0.22681380208333343 0.6093892302229454 0.2599053655616626 0.8157337126448204 0.2741429957699959
0 0.8151933593750001 0.27390266927083345 0.6092143554687501 0.25940266927083344 0.6079432843636657 0.2915024651475276 0.8139222882699158 0.3060024651475276
0 0.8142839453770095 0.3049899132341374 0.6092143554687501 0.29053190104166676 0.6078430077479906 0.3251113237450295 0.81291259765625 0.33956933593750005
0 0.8150508031442419 0.30558282440881546 0.6102417683392216 0.29196249408068053 0.609007080078125 0.3249687500000001 0.8138161148831453 0.33858908032813506
0 0.8133686523437501 0.3377444661458335 0.6075770178885426 0.3235444533012972 0.606270263671875 0.3572119140625001 0.8120618981270825 0.3714119269070364
0 0.8125676269531249 0.3705888671875001 0.6058159877808661 0.3569911299585227 0.604531982421875 0.39169889322916673 0.8112836215941338 0.4052966304581442
0 0.8114370117187502 0.40150000000000013 0.6057971191406251 0.3895862630208335 0.6047237778676453 0.42252255190202864 0.8103636704457704 0.4344362888811953
0 0.8107526658682555 0.4337459357740519 0.6048697266502248 0.42125287764219266 0.6037133789062501 0.45513085937500025 0.8095963181242808 0.4676239175068595
0 0.809677001953125 0.46585579427083346 0.6025804824682843 0.45392533956020836 0.6014794921875001 0.4879016927083335 0.8085760116723407 0.4998321474189586
0 0.8093070378977397 0.4967632295239483 0.6002492675781251 0.4851123046875001 0.5992133593193287 0.518157222981548 0.8082711296389433 0.5298081478179962