0 0.6946614583333334 0.29003906250000006 0.408203125 0.2900390625 0.408203125 0.31396484375000006 0.6946614583333334 0.3139648437500001
0 0.3522135416666668 0.6943359375 0.07096354166666678 0.6943359375 0.07096354166666678 0.71630859375 0.3522135416666668 0.71630859375
0 0.69140625 0.43505859375000006 0.40625 0.43505859375 0.40625000000000006 0.45800781250000006 0.69140625 0.4580078125000001
0 0.35156250000000017 0.7421875 0.07356770833333347 0.7421875 0.07356770833333347 0.76416015625 0.35156250000000017 0.76416015625
0 0.68359375 0.76416015625 0.4055989583333335 0.76416015625 0.4055989583333335 0.78662109375 0.68359375 0.78662109375
0 0.3463541666666668 0.6015625 0.06575520833333343 0.6015625 0.06575520833333344 0.6240234375 0.3463541666666668 0.6240234375
0 1 0.18750000000000008 0.7272135416666666 0.18750000000000006 0.7272135416666666 0.21191406250000008 1 0.2119140625000001
0 0.3463541666666668 0.64697265625 0.07356770833333344 0.64697265625 0.07356770833333344 0.669921875 0.3463541666666668 0.669921875
0 0.998046875 0.2875976562500001 0.7233072916666666 0.2875976562500001 0.7233072916666666 0.3110351562500001 0.998046875 0.3110351562500001
0 0.6901041666666666 0.5068359375 0.40625000000000017 0.5068359375 0.40625000000000017 0.529296875 0.6901041666666666 0.529296875
0 0.9928385416666666 0.625 0.7102864583333334 0.625 0.7102864583333334 0.6484375 0.9928385416666666 0.6484375
0 0.99609375 0.3115234375000001 0.7239583333333334 0.3115234375000001 0.7239583333333334 0.3359375000000001 0.99609375 0.3359375000000001
0 0.6868489583333334 0.69482421875 0.4069010416666668 0.69482421875 0.4069010416666668 0.71630859375 0.6868489583333334 0.71630859375
0 0.6868489583333334 0.5546875 0.4069010416666668 0.5546875 0.4069010416666668 0.57666015625 0.6868489583333334 0.57666015625
0 0.9973958333333334 0.4819335937500001 0.7135416666666666 0.4819335937500001 0.7135416666666666 0.50537109375 0.9973958333333334 0.50537109375
0 0.6881510416666666 0.64697265625 0.4049479166666668 0.64697265625 0.4049479166666668 0.66943359375 0.6881510416666666 0.66943359375
0 0.994140625 0.6025390625 0.7076822916666666 0.6025390625 0.7076822916666666 0.62548828125 0.994140625 0.62548828125
0 0.3470052083333335 0.76513671875 0.07356770833333347 0.76513671875 0.07356770833333347 0.7880859375 0.3470052083333335 0.7880859375
0 0.99609375 0.55419921875 0.7109375 0.55419921875 0.7109375 0.5771484375 0.99609375 0.5771484375
0 0.9954427083333334 0.5068359375 0.7102864583333334 0.5068359375 0.7102864583333334 0.52978515625 0.9954427083333334 0.52978515625
0 0.6868489583333334 0.60107421875 0.4069010416666668 0.60107421875 0.4069010416666668 0.62255859375 0.6868489583333334 0.62255859375
0 0.69140625 0.38769531250000006 0.4069010416666667 0.3876953125 0.4069010416666667 0.41064453125000006 0.69140625 0.4106445312500001
0 0.6888020833333334 0.48291015625000006 0.4075520833333335 0.48291015625 0.4075520833333335 0.505859375 0.6888020833333334 0.505859375
0 0.6953125 0.21337890625000006 0.4049479166666667 0.21337890625000006 0.4049479166666667 0.23974609375000006 0.6953125 0.23974609375000006
0 0.6901041666666666 0.45947265625000006 0.40820312500000017 0.45947265625 0.40820312500000017 0.48242187500000006 0.6901041666666666 0.4824218750000001
0 0.9915364583333334 0.650390625 0.703125 0.650390625 0.703125 0.673828125 0.9915364583333334 0.673828125
0 0.693359375 0.33837890625000006 0.4075520833333333 0.33837890625 0.4075520833333333 0.36181640625000006 0.693359375 0.3618164062500001
0 0.9986979166666666 0.3364257812500001 0.720703125 0.3364257812500001 0.720703125 0.3608398437500001 0.9986979166666666 0.3608398437500001
0 0.6907552083333334 0.5302734375 0.40820312500000017 0.5302734375 0.40820312500000017 0.552734375 0.6907552083333334 0.552734375
0 0.6868489583333334 0.57763671875 0.40625000000000017 0.57763671875 0.40625000000000017 0.599609375 0.6868489583333334 0.599609375
0 0.6875 0.6708984375 0.4075520833333335 0.6708984375 0.4075520833333335 0.69384765625 0.6875 0.69384765625
0 0.9876302083333334 0.69775390625 0.705078125 0.69775390625 0.705078125 0.720703125 0.9876302083333334 0.720703125
0 0.994140625 0.57763671875 0.7102864583333334 0.57763671875 0.7102864583333334 0.6005859375 0.994140625 0.6005859375
0 0.34960937500000017 0.52783203125 0.06705729166666675 0.52783203125 0.06705729166666675 0.55078125 0.34960937500000017 0.55078125
0 0.685546875 0.74072265625 0.41015625000000017 0.74072265625 0.41015625000000017 0.76318359375 0.685546875 0.76318359375
0 0.998046875 0.3862304687500001 0.7233072916666666 0.3862304687500001 0.7233072916666666 0.4101562500000001 0.998046875 0.4101562500000001
0 0.6940104166666666 0.26464843750000006 0.4069010416666667 0.2646484375 0.4069010416666667 0.28857421875000006 0.6940104166666666 0.2885742187500001
0 1 0.2626953125000001 0.7259114583333334 0.2626953125000001 0.7259114583333334 0.2866210937500001 1 0.2866210937500001
0 0.3483072916666668 0.671875 0.07096354166666678 0.671875 0.07096354166666678 0.69384765625 0.3483072916666668 0.69384765625
0 0.3509114583333335 0.57275390625 0.06770833333333343 0.57275390625 0.06770833333333343 0.59619140625 0.3509114583333335 0.59619140625
0 0.9967447916666666 0.53076171875 0.7102864583333334 0.53076171875 0.7102864583333334 0.55322265625 0.9967447916666666 0.55322265625
0 0.35156250000000017 0.7177734375 0.07096354166666678 0.7177734375 0.07096354166666678 0.73974609375 0.35156250000000017 0.73974609375
0 0.6861979166666666 0.62353515625 0.4049479166666668 0.62353515625 0.4049479166666668 0.646484375 0.6861979166666666 0.646484375
0 0.9993489583333334 0.3608398437500001 0.7220052083333334 0.3608398437500001 0.7220052083333334 0.3842773437500001 0.9993489583333334 0.3842773437500001
0 0.9876302083333334 0.76708984375 0.705078125 0.76708984375 0.705078125 0.7900390625 0.9876302083333334 0.7900390625
0 0.6927083333333334 0.31445312500000006 0.4075520833333333 0.314453125 0.4075520833333333 0.33789062500000006 0.6927083333333334 0.3378906250000001
0 0.9967447916666666 0.4594726562500001 0.7154947916666666 0.4594726562500001 0.7154947916666666 0.4824218750000001 0.9967447916666666 0.4824218750000001
0 0.98828125 0.7451171875 0.703125 0.7451171875 0.703125 0.7666015625 0.98828125 0.7666015625
0 0.685546875 0.7177734375 0.4095052083333335 0.7177734375 0.4095052083333335 0.73974609375 0.685546875 0.73974609375
0 0.9908854166666666 0.673828125 0.705078125 0.673828125 0.705078125 0.6962890625 0.9908854166666666 0.6962890625
0 0.3470052083333335 0.62353515625 0.06640625000000011 0.62353515625 0.06640625000000011 0.646484375 0.3470052083333335 0.646484375
0 0.9986979166666666 0.4355468750000001 0.7161458333333334 0.4355468750000001 0.7161458333333334 0.4594726562500001 0.9986979166666666 0.4594726562500001
0 0.3502604166666668 0.5517578125 0.06705729166666675 0.5517578125 0.06705729166666675 0.57421875 0.3502604166666668 0.57421875
0 0.6953125 0.24072265625000006 0.4069010416666667 0.24072265625000006 0.4069010416666667 0.26318359375000006 0.6953125 0.2631835937500001
0 0.6940104166666666 0.36425781250000006 0.408203125 0.3642578125 0.408203125 0.38720703125000006 0.6940104166666666 0.3872070312500001
0 0.994140625 0.21289062500000008 0.7272135416666666 0.21289062500000006 0.7272135416666666 0.23779296875000008 0.994140625 0.2377929687500001
0 0.9869791666666666 0.7216796875 0.708984375 0.7216796875 0.708984375 0.7431640625 0.9869791666666666 0.7431640625
0 0.689453125 0.41162109375000006 0.4069010416666667 0.41162109375 0.4069010416666667 0.43408203125000006 0.689453125 0.4340820312500001
0 1 0.23828125000000008 0.7265625 0.23828125000000006 0.7265625 0.2622070312500001 1 0.2622070312500001
0 1 0.4101562500000001 0.7194010416666666 0.4101562500000001 0.7194010416666666 0.4335937500000001 1 0.4335937500000001
0 0.35351562500000017 0.7900390625 0.0709635416666668 0.7900390625 0.0709635416666668 0.81396484375 0.35351562500000017 0.81396484375
0 0.6829427083333334 0.7890625 0.40429687500000017 0.7890625 0.40429687500000017 0.8115234375 0.6829427083333334 0.8115234375
0 0.34179687500000017 0.50390625 0.06445312500000007 0.50390625 0.06445312500000008 0.525390625 0.34179687500000017 0.525390625
0 0.6971920572916668 0.18878613281250006 0.3989606119791667 0.18699121093750004 0.3986842925179803 0.21281630327259188 0.6969157378304803 0.2146112251475919
0 0.9910107421875002 0.7915297851562502 0.7003567708333335 0.7878369140625 0.6997125236142855 0.8163593880395195 0.9903664949684522 0.8200522591332696
0 1.000399237348075 0.16467429484460788 0.7267532978842283 0.16019276918168504 0.72602853970282 0.1850858571495772 0.9996744791666666 0.18956738281250005