0 0.7981770833333334 0.35205078125000006 0.5494791666666666 0.35205078125 0.5494791666666666 0.37500000000000006 0.7981770833333334 0.3750000000000001
0 0.7975260416666666 0.37695312500000006 0.5501302083333334 0.376953125 0.5501302083333334 0.39941406250000006 0.7975260416666666 0.3994140625000001
0 0.7942708333333334 0.32519531250000006 0.5546875 0.3251953125 0.5546875 0.35009765625000006 0.7942708333333334 0.3500976562500001
0 0.5319010416666666 0.32666015625 0.22265625000000008 0.32666015625 0.22265625000000008 0.3525390625 0.5319010416666666 0.3525390625
0 0.5234375 0.35693359375 0.2200520833333334 0.35693359375 0.2200520833333334 0.3837890625 0.5234375 0.3837890625
0 0.5319010416666666 0.384765625 0.22330729166666674 0.384765625 0.22330729166666674 0.41064453125 0.5319010416666666 0.41064453125
0 0.5339108072916667 0.302100341796875 0.21493652343750003 0.291566650390625 0.21297670330312143 0.3249487633035739 0.5319509871572882 0.3354824547098239
0 0.5345384323244124 0.4322207899929779 0.532314905282726 0.40043424047656556 0.2285241943124802 0.41238776688983764 0.23074772135416666 0.44417431640625
0 0.8006426069671572 0.30125135815747656 0.5536246744791667 0.295637451171875 0.5524136843095108 0.3256101889489063 0.7994316167975012 0.33122409593450786
0 0.5349606095852873 0.457272800922314 0.5327791143802424 0.42992879835698233 0.22633282771162158 0.44368089977841835 0.22851432291666665 0.47102490234375
0 0.5392711049559994 0.7231168821595164 0.5313890309609327 0.6941594182300962 0.2336211812132666 0.7397505438830798 0.24150325520833335 0.7687080078125
0 0.7897063699245868 0.6825279132288432 0.7836674357486503 0.660201689729678 0.5472976543657301 0.6961649874383348 0.5533365885416667 0.7184912109375
0 0.5359885178333582 0.48233654525723496 0.532662639088095 0.4510378416662198 0.2297060222964035 0.4691463647683597 0.23303190104166668 0.5004450683593749
0 0.5367479375713607 0.5061985235063104 0.533243561440249 0.477920791167385 0.22813559782722168 0.49918955281732463 0.23163997395833336 0.52746728515625
0 0.5357394592689075 0.5325923140144343 0.5324508826029796 0.5070383936954739 0.2271619441674053 0.5291379742122895 0.2304505208333333 0.5546918945312499
0 0.535503991241698 0.5565395503087228 0.5316287668040491 0.5296454868229354 0.2295489292081844 0.5541296181548377 0.23342415364583333 0.5810236816406251
0 0.536473493035793 0.5790938836320664 0.532400132082495 0.5546694482130918 0.23113464685920215 0.5829312774716504 0.23520800781249998 0.607355712890625
0 0.5372887031726507 0.6034162196641778 0.5322599698289531 0.576224836930451 0.22839542030213578 0.6078352285943982 0.23342415364583333 0.635026611328125
0 0.5384839417219439 0.6975613760001538 0.532806704850571 0.6742995945264159 0.2336935313577938 0.7153627302450121 0.23937076822916667 0.73862451171875
0 0.5360880114636375 0.6740811100569727 0.5301549205517281 0.6494978591142553 0.23224854971309059 0.6899409189791574 0.238181640625 0.7145241699218748
0 0.5372134153456126 0.6502605576239523 0.5314987210629056 0.6250200159128376 0.23365607394645968 0.6629518411013853 0.23937076822916667 0.6881923828125
0 0.537385064091803 0.6268663864892694 0.5318148655394525 0.5998105145316627 0.2296378092601495 0.6348044796048933 0.23520800781249998 0.6618603515625
0 0.798424978244127 0.4198266318910851 0.7964420482273707 0.3923196739465263 0.5523378906249999 0.40221801757812486 0.5543208206417563 0.4297249755226837
0 0.7980583795359025 0.44262176740656867 0.7957527090571584 0.4165318696160262 0.5524576758754226 0.4286261666625825 0.5547633463541667 0.454716064453125
0 0.7976053275868078 0.464869666498803 0.7949309089506432 0.4396483545912189 0.5549880162596688 0.45396008457679105 0.5576624348958333 0.47918139648437513
0 0.7966784421074419 0.4880847716285041 0.7936845788332941 0.4636155623508697 0.5517694830800189 0.4802649215817407 0.5547633463541667 0.5047341308593751
0 0.7944088912819138 0.5104131362978686 0.7913412666892353 0.4869081370916077 0.5502461774906547 0.5046073054812391 0.5533138020833333 0.5281123046875
0 0.7926736775335889 0.5323263344440796 0.7889005971330585 0.5078578427922004 0.5502656565786362 0.5285566548324958 0.5540387369791667 0.5530251464843751
0 0.7907766681598346 0.5552607179983746 0.7872375810399004 0.5323814185530963 0.5504996498592325 0.5529800755547216 0.5540387369791666 0.575859375
0 0.791969267692652 0.5764078031899008 0.7875402807615224 0.5519532144312639 0.5474355964022037 0.5764138194444882 0.5518645833333332 0.6008684082031251
0 0.7891956432613969 0.596612739365131 0.784512856844803 0.5733952823542098 0.5457322526459061 0.6004854238484538 0.5504150390625 0.6237028808593751
0 0.7868068090919437 0.6621602864799365 0.78160546875 0.6400131835937499 0.5459383080955563 0.6711461100044384 0.5511396484375001 0.693293212890625
0 0.7882528518521914 0.6183295285443978 0.7826346089065958 0.5936659034762103 0.5455214054919043 0.6240482889943125 0.5511396484375001 0.6487119140625001
0 0.788983806839961 0.6390871506017379 0.782615160281649 0.6133484239938845 0.5454959367750212 0.6463511171421467 0.5518645833333332 0.6720898437500001