0 0.9664038220486112 0.15676985107421884 0.20589045659722227 0.10394090576171877 0.1934250551662582 0.16071970880538414 0.9539384206176472 0.2135486541178842
0 0.9398943098958336 0.20540661328125 0.21673967881944448 0.16214800537109375 0.2061588457824509 0.21811391247434034 0.9293134768588399 0.2613725203844966
0 0.9225377890625001 0.25446383007812506 0.21150286111111116 0.21846178173828126 0.20380503301718406 0.266565316014016 0.9148399609685731 0.3025673643538598
0 0.8907892282986111 0.30046744433593753 0.20352677777777783 0.26657022998046875 0.19567082910743666 0.31696695292997124 0.8829332796282698 0.35086416728544
0 0.8789339296875002 0.3472436347656249 0.20368839236111116 0.3150529599609375 0.19643632205677627 0.3631854911678541 0.8716818593831652 0.39537616597254155
0 0.8655382100694445 0.38686823632812506 0.19897510168230367 0.3644732020486185 0.19421942447916674 0.40925968554687503 0.8607825328663076 0.4316547198263816
0 0.8480602421875001 0.4255335200195313 0.19610611024305566 0.4102463325195313 0.19294840624639525 0.45285578171475677 0.8449025381908398 0.4681429692147568
0 0.833157670138889 0.4626108564453125 0.191303787326389 0.4515756845703125 0.18904613072761867 0.4931246303318822 0.8309000135401187 0.5041598022068822
0 0.8211406631944445 0.4984970219726563 0.18733433159722232 0.48897314453125 0.18557744580920305 0.5259671501890171 0.8193837774064252 0.5354910276304233
0 0.8106568220486113 0.5317962075195313 0.18331108567437993 0.526500399145022 0.18226344791666677 0.5657676850585938 0.8096091842908981 0.571063493433103
0 0.7966639470486113 0.5689079726562501 0.18882320866345897 0.5667254914293316 0.1884322673611113 0.6011760205078126 0.7962730057462637 0.6033585017347312
0 0.783758499539977 0.6316843553617153 0.782800611615546 0.5962317153951318 0.17964129253472225 0.6013880751953125 0.18059918045915319 0.636840715161896
0 0.7682850036124766 0.6661726204071499 0.7670579481423657 0.6294299075864771 0.17504963802083334 0.6356854624023438 0.1762766934909442 0.6724281752230166
0 0.7605240830317197 0.6945160764674214 0.7592844479166667 0.6636804355468748 0.17376611748911366 0.6711282086888284 0.17500575260416665 0.701963849609375
0 0.7491727557032919 0.7236339566465892 0.7469931802356906 0.6910163404314307 0.1715945530046209 0.703181941402029 0.1737741284722222 0.7357995576171876
0 0.7444854271555412 0.7524541875820858 0.7415025006378501 0.7200402590316 0.17074696237119774 0.7366593043596705 0.17372988888888885 0.7690732329101564
0 0.72723270463877 0.7815769109493488 0.7245286077895621 0.7535035140941387 0.16833119394940313 0.7704547471877587 0.1710352907986111 0.7985281440429688
0 0.7171704335565002 0.8054114950464517 0.7144370390625 0.7797364970703125 0.16848981644349978 0.7981267461644859 0.1712232109375 0.823801744140625