0 0.4648437500000001 0.6614583333333334 0.2734375000000001 0.6614583333333334 0.2734375000000001 0.6875 0.4648437500000001 0.6875
0 0.68212890625 0.748046875 0.4975585937500001 0.748046875 0.4975585937500001 0.7740885416666666 0.68212890625 0.7740885416666666
0 0.8837890625 0.6953125 0.7021484375 0.6953125 0.7021484375 0.7213541666666666 0.8837890625 0.7213541666666666
0 0.68359375 0.6093750000000001 0.4995117187500001 0.6093750000000001 0.4995117187500001 0.6341145833333335 0.68359375 0.6341145833333335
0 0.681640625 0.6380208333333335 0.5029296875 0.6380208333333335 0.5029296875 0.6634114583333335 0.681640625 0.6634114583333335
0 0.91015625 0.20703125000000014 0.712890625 0.20703125000000014 0.712890625 0.23372395833333348 0.91015625 0.23372395833333348
0 0.88525390625 0.7233072916666666 0.7001953125 0.7233072916666666 0.7001953125 0.75 0.88525390625 0.75
0 0.24707031250000006 0.6627604166666666 0.056640625000000056 0.6627604166666666 0.05664062500000006 0.6888020833333334 0.24707031250000006 0.6888020833333334
0 0.24267578125000008 0.8860677083333334 0.06054687500000008 0.8860677083333334 0.06054687500000008 0.91015625 0.2426757812500001 0.91015625
0 0.68701171875 0.5533854166666669 0.501953125 0.5533854166666669 0.501953125 0.5787760416666669 0.68701171875 0.5787760416666669
0 0.2416992187500001 0.9127604166666666 0.05957031250000008 0.9127604166666666 0.05957031250000008 0.9375 0.2416992187500001 0.9375
0 0.8935546875 0.46875000000000017 0.70703125 0.46875000000000017 0.70703125 0.4954427083333335 0.8935546875 0.4954427083333335
0 0.88232421875 0.9186197916666666 0.6982421875 0.9186197916666666 0.6982421875 0.9440104166666666 0.88232421875 0.9440104166666666
0 0.4624023437500001 0.8606770833333334 0.2739257812500001 0.8606770833333334 0.2739257812500001 0.8854166666666666 0.4624023437500001 0.8854166666666666
0 0.6845703125 0.720703125 0.4980468750000001 0.720703125 0.4980468750000001 0.7454427083333334 0.6845703125 0.7454427083333334
0 0.4624023437500001 0.8040364583333334 0.2758789062500001 0.8040364583333334 0.2758789062500001 0.8294270833333334 0.4624023437500001 0.8294270833333334
0 0.67919921875 0.6653645833333335 0.50048828125 0.6653645833333335 0.50048828125 0.6920572916666666 0.67919921875 0.6920572916666666
0 0.68701171875 0.38281250000000017 0.50341796875 0.38281250000000017 0.50341796875 0.4095052083333335 0.68701171875 0.4095052083333335
0 0.24755859375000006 0.607421875 0.057617187500000056 0.607421875 0.057617187500000056 0.6328125 0.24755859375000006 0.6328125
0 0.68115234375 0.8040364583333334 0.4960937500000001 0.8040364583333334 0.4960937500000001 0.830078125 0.68115234375 0.830078125
0 0.8798828125 0.8626302083333334 0.70068359375 0.8626302083333334 0.70068359375 0.888671875 0.8798828125 0.888671875
0 0.24267578125000006 0.7467447916666666 0.06005859375000007 0.7467447916666666 0.06005859375000007 0.7721354166666666 0.24267578125000006 0.7721354166666666
0 0.24414062500000006 0.5247395833333334 0.05664062500000004 0.5247395833333334 0.05664062500000005 0.5501302083333334 0.24414062500000006 0.5501302083333334
0 0.88232421875 0.8365885416666666 0.70263671875 0.8365885416666666 0.70263671875 0.8626302083333334 0.88232421875 0.8626302083333334
0 0.8896484375 0.6386718750000001 0.70166015625 0.6386718750000001 0.70166015625 0.6653645833333335 0.8896484375 0.6653645833333335
0 0.89306640625 0.5546875000000001 0.70654296875 0.5546875000000001 0.70654296875 0.5807291666666669 0.89306640625 0.5807291666666669
0 0.6796875 0.859375 0.4936523437500001 0.859375 0.4936523437500001 0.8841145833333334 0.6796875 0.8841145833333334
0 0.68701171875 0.49609375000000017 0.5029296875 0.49609375000000017 0.5029296875 0.5227864583333335 0.68701171875 0.5227864583333335
0 0.24267578125000006 0.857421875 0.05957031250000008 0.857421875 0.05957031250000008 0.8828125 0.24267578125000006 0.8828125
0 0.6826171875 0.6946614583333334 0.4965820312500001 0.6946614583333334 0.4965820312500001 0.7200520833333334 0.6826171875 0.7200520833333334
0 0.68701171875 0.46875000000000017 0.501953125 0.46875000000000017 0.501953125 0.4947916666666668 0.68701171875 0.4947916666666668
0 0.67919921875 0.9147135416666666 0.4975585937500001 0.9147135416666666 0.4975585937500001 0.939453125 0.67919921875 0.939453125
0 0.8876953125 0.6673177083333334 0.703125 0.6673177083333334 0.703125 0.693359375 0.8876953125 0.693359375
0 0.88037109375 0.8912760416666666 0.69921875 0.8912760416666666 0.69921875 0.916015625 0.88037109375 0.916015625
0 0.24462890625000006 0.6341145833333334 0.058593750000000056 0.6341145833333334 0.058593750000000056 0.66015625 0.24462890625000006 0.66015625
0 0.89306640625 0.5820312500000001 0.70458984375 0.5820312500000001 0.70458984375 0.6087239583333335 0.89306640625 0.6087239583333335
0 0.88525390625 0.78125 0.703125 0.78125 0.703125 0.806640625 0.88525390625 0.806640625
0 0.24414062500000006 0.7194010416666666 0.05810546875000007 0.7194010416666666 0.05810546875000007 0.7447916666666666 0.24414062500000006 0.7447916666666666
0 0.6962890625 0.2343750000000001 0.49658203125 0.23437500000000008 0.49658203125 0.2617187500000001 0.6962890625 0.26171875000000017
0 0.4653320312500001 0.6901041666666666 0.2773437500000001 0.6901041666666666 0.2773437500000001 0.7154947916666666 0.4653320312500001 0.7154947916666666
0 0.4624023437500001 0.7747395833333334 0.2773437500000001 0.7747395833333334 0.2773437500000001 0.80078125 0.4624023437500001 0.80078125
0 0.89501953125 0.4967447916666668 0.7080078125 0.4967447916666668 0.7080078125 0.5240885416666669 0.89501953125 0.5240885416666669
0 0.24511718750000006 0.5755208333333334 0.056640625000000056 0.5755208333333334 0.056640625000000056 0.6022135416666666 0.24511718750000006 0.6022135416666666
0 0.24414062500000006 0.8287760416666666 0.06005859375000007 0.8287760416666666 0.060058593750000076 0.8541666666666666 0.24414062500000006 0.8541666666666666
0 0.8798828125 0.9479166666666666 0.6982421875 0.9479166666666666 0.6982421875 0.9752604166666666 0.8798828125 0.9752604166666666
0 0.88720703125 0.751953125 0.705078125 0.751953125 0.705078125 0.7779947916666666 0.88720703125 0.7779947916666666
0 0.24951171875000006 0.498046875 0.05078125000000004 0.498046875 0.05078125000000004 0.5234375 0.24951171875000006 0.5234375
0 0.4624023437500001 0.71875 0.2783203125000001 0.71875 0.2783203125000001 0.744140625 0.4624023437500001 0.744140625
0 0.4653320312500001 0.6334635416666667 0.2763671875000001 0.6334635416666666 0.2763671875000001 0.6582031250000001 0.4653320312500001 0.6582031250000001
0 0.4614257812500001 0.83203125 0.2768554687500001 0.83203125 0.2768554687500001 0.8561197916666666 0.4614257812500001 0.8561197916666666
0 0.89306640625 0.6113281250000001 0.70654296875 0.6113281250000001 0.70654296875 0.6380208333333335 0.89306640625 0.6380208333333335
0 0.6787109375 0.8326822916666666 0.4985351562500001 0.8326822916666666 0.4985351562500001 0.8580729166666666 0.6787109375 0.8580729166666666
0 0.90576171875 0.23697916666666682 0.71484375 0.23697916666666682 0.71484375 0.2662760416666668 0.90576171875 0.2662760416666668
0 0.68896484375 0.4127604166666668 0.49951171875 0.4127604166666668 0.49951171875 0.43945312500000017 0.68896484375 0.43945312500000017
0 0.90771484375 0.26562500000000017 0.71533203125 0.26562500000000017 0.71533203125 0.2942708333333335 0.90771484375 0.2942708333333335
0 0.89599609375 0.3795572916666668 0.7109375 0.3795572916666668 0.7109375 0.40820312500000017 0.89599609375 0.40820312500000017
0 0.9033203125 0.3255208333333335 0.712890625 0.3255208333333335 0.712890625 0.3522135416666668 0.9033203125 0.3522135416666668
0 0.69189453125 0.2649739583333334 0.498046875 0.2649739583333334 0.498046875 0.2916666666666668 0.69189453125 0.2916666666666668
0 0.4614257812500001 0.9173177083333334 0.2744140625000001 0.9173177083333334 0.2744140625000001 0.94140625 0.4614257812500001 0.94140625
0 0.68505859375 0.5253906250000001 0.50048828125 0.5253906250000001 0.50048828125 0.5520833333333335 0.68505859375 0.5520833333333335
0 0.4677734375000001 0.6061197916666667 0.2773437500000001 0.6061197916666666 0.2773437500000001 0.6302083333333334 0.4677734375000001 0.6302083333333335
0 0.24365234375000006 0.69140625 0.05615234375000007 0.69140625 0.05615234375000007 0.716796875 0.24365234375000006 0.716796875
0 0.24414062500000006 0.802734375 0.05810546875000007 0.802734375 0.05810546875000007 0.8268229166666666 0.24414062500000006 0.8268229166666666
0 0.68505859375 0.4407552083333335 0.5029296875 0.4407552083333335 0.5029296875 0.4661458333333335 0.68505859375 0.4661458333333335
0 0.89794921875 0.43945312500000017 0.70849609375 0.43945312500000017 0.70849609375 0.46679687500000017 0.89794921875 0.46679687500000017
0 0.88037109375 0.80859375 0.7021484375 0.80859375 0.7021484375 0.833984375 0.88037109375 0.833984375
0 0.24560546875000006 0.7747395833333334 0.05566406250000007 0.7747395833333334 0.05566406250000007 0.8001302083333334 0.24560546875000006 0.8001302083333334
0 0.6923828125 0.2929687500000001 0.494140625 0.29296875000000006 0.494140625 0.3196614583333334 0.6923828125 0.3196614583333335
0 0.4614257812500001 0.7467447916666666 0.2753906250000001 0.7467447916666666 0.2753906250000001 0.7734375 0.4614257812500001 0.7734375
0 0.67919921875 0.8841145833333334 0.4951171875000001 0.8841145833333334 0.4951171875000001 0.9088541666666666 0.67919921875 0.9088541666666666
0 0.68359375 0.5820312500000001 0.5009765625 0.5820312500000001 0.5009765625 0.6080729166666669 0.68359375 0.6080729166666669
0 0.68310546875 0.7760416666666666 0.4980468750000001 0.7760416666666666 0.4980468750000001 0.802734375 0.68310546875 0.802734375
0 0.896484375 0.4108072916666668 0.7099609375 0.4108072916666668 0.7099609375 0.4388020833333335 0.896484375 0.4388020833333335
0 0.4619140625000001 0.8880208333333334 0.2763671875000001 0.8880208333333334 0.2763671875000001 0.9147135416666666 0.4619140625000001 0.9147135416666666
0 0.24462890625000006 0.5514322916666666 0.054199218750000056 0.5514322916666666 0.054199218750000056 0.576171875 0.24462890625000006 0.576171875
0 0.68798828125 0.3235677083333334 0.4990234375 0.3235677083333334 0.4990234375 0.35156250000000017 0.68798828125 0.35156250000000017
0 0.6904296875 0.35351562500000017 0.5029296875 0.35351562500000017 0.5029296875 0.3815104166666668 0.6904296875 0.3815104166666668
0 0.4624023437500001 0.943359375 0.2758789062500001 0.943359375 0.2758789062500001 0.9713541666666666 0.4624023437500001 0.9713541666666666
0 0.89111328125 0.5253906250000001 0.70703125 0.5253906250000001 0.70703125 0.5527343750000001 0.89111328125 0.5527343750000001
0 0.6796875 0.9440104166666666 0.4975585937500001 0.9440104166666666 0.4975585937500001 0.9720052083333334 0.6796875 0.9720052083333334
0 0.2446289062500001 0.9420572916666666 0.06005859375000008 0.9420572916666666 0.06005859375000008 0.9713541666666666 0.2446289062500001 0.9713541666666666
0 0.9062949218750002 0.2988385416666668 0.7152066793521558 0.2905454877873652 0.7144250488281251 0.32256380208333346 0.9055132913509695 0.33085685596263503
0 0.904371337890625 0.3552662760416669 0.7131895877143248 0.3475215664615063 0.7125017089843751 0.37770930989583357 0.9036834591606753 0.3854540194759941