0 0.77880859375 0.2441406250000001 0.5888671875 0.24414062500000008 0.5888671875 0.2779947916666668 0.77880859375 0.2779947916666668
0 0.77099609375 0.4733072916666668 0.583984375 0.4733072916666668 0.583984375 0.5013020833333335 0.77099609375 0.5013020833333335
0 0.56884765625 0.6054687500000001 0.3828125000000001 0.60546875 0.3828125000000001 0.6341145833333334 0.56884765625 0.6341145833333335
0 0.5712890625 0.5488281250000001 0.38427734375 0.548828125 0.38427734375 0.5755208333333334 0.5712890625 0.5755208333333335
0 0.57421875 0.4075520833333334 0.384765625 0.4075520833333333 0.384765625 0.43815104166666674 0.57421875 0.4381510416666668
0 0.7783203125 0.2773437500000001 0.5888671875 0.27734375000000006 0.5888671875 0.3046875000000001 0.7783203125 0.30468750000000017
0 0.37060546875 0.23567708333333337 0.1796875 0.23567708333333334 0.1796875 0.2701822916666667 0.37060546875 0.27018229166666674
0 0.57763671875 0.26367187500000006 0.384765625 0.26367187500000006 0.384765625 0.29296875000000006 0.57763671875 0.29296875000000006
0 0.568359375 0.6608072916666667 0.3833007812500001 0.6608072916666666 0.3833007812500001 0.6901041666666666 0.568359375 0.6901041666666666
0 0.576171875 0.3216145833333334 0.38427734375 0.3216145833333334 0.38427734375 0.34960937500000006 0.576171875 0.34960937500000017
0 0.36865234375 0.37890625 0.18164062500000006 0.37890625 0.18164062500000006 0.4095052083333333 0.36865234375 0.4095052083333333
0 0.576171875 0.3802083333333334 0.38427734375 0.3802083333333333 0.38427734375 0.41015625000000006 0.576171875 0.41015625000000017
0 0.36962890625 0.29687500000000006 0.18017578125 0.296875 0.18017578125000003 0.32421875000000006 0.36962890625 0.32421875000000006
0 0.77392578125 0.4186197916666668 0.58642578125 0.4186197916666668 0.58642578125 0.44726562500000017 0.77392578125 0.44726562500000017
0 0.3676757812500001 0.6276041666666666 0.18261718750000006 0.6276041666666666 0.18261718750000006 0.6588541666666666 0.3676757812500001 0.6588541666666666
0 0.36962890625 0.4361979166666667 0.18115234375000006 0.4361979166666667 0.18115234375000006 0.46484375 0.36962890625 0.46484375
0 0.77734375 0.3059895833333334 0.587890625 0.3059895833333334 0.587890625 0.3333333333333335 0.77734375 0.3333333333333335
0 0.369140625 0.26888020833333337 0.18115234375 0.2688802083333333 0.18115234375 0.2975260416666667 0.369140625 0.29752604166666674
0 0.57763671875 0.23437500000000008 0.38427734375 0.23437500000000008 0.38427734375 0.2630208333333334 0.57763671875 0.2630208333333334
0 0.369140625 0.51953125 0.18310546875000006 0.51953125 0.18310546875000006 0.5442708333333334 0.369140625 0.5442708333333334
0 0.5732421875 0.43815104166666674 0.3857421875 0.4381510416666667 0.3857421875 0.46549479166666674 0.5732421875 0.4654947916666668
0 0.76708984375 0.5292968750000001 0.5830078125 0.5292968750000001 0.5830078125 0.5572916666666669 0.76708984375 0.5572916666666669
0 0.76708984375 0.5585937500000001 0.58251953125 0.5585937500000001 0.58251953125 0.5839843750000001 0.76708984375 0.5839843750000001
0 0.36962890625 0.546875 0.18212890625000006 0.546875 0.18212890625000006 0.5729166666666666 0.36962890625 0.5729166666666666
0 0.36767578125 0.5729166666666666 0.18164062500000006 0.5729166666666666 0.18164062500000006 0.6015625 0.36767578125 0.6015625
0 0.36962890625 0.3528645833333333 0.18115234375000006 0.3528645833333333 0.18115234375000006 0.380859375 0.36962890625 0.380859375
0 0.37060546875 0.32421875000000006 0.18017578125000006 0.32421875 0.18017578125000006 0.3528645833333333 0.37060546875 0.3528645833333333
0 0.36962890625 0.4641927083333333 0.18261718750000006 0.4641927083333333 0.18261718750000006 0.490234375 0.36962890625 0.490234375
0 0.3666992187500001 0.6861979166666666 0.18212890625000006 0.6861979166666666 0.18212890625000006 0.71484375 0.3666992187500001 0.71484375
0 0.77392578125 0.3919270833333335 0.587890625 0.3919270833333335 0.587890625 0.4212239583333335 0.77392578125 0.4212239583333335
0 0.77734375 0.33398437500000017 0.58837890625 0.33398437500000017 0.58837890625 0.3606770833333335 0.77734375 0.3606770833333335
0 0.5771484375 0.29296875000000006 0.38427734375 0.29296875000000006 0.38427734375 0.3235677083333334 0.5771484375 0.3235677083333334
0 0.3701171875 0.4088541666666667 0.18164062500000006 0.4088541666666667 0.18164062500000006 0.4361979166666667 0.3701171875 0.4361979166666667
0 0.56884765625 0.6328125000000001 0.3828125000000001 0.6328125 0.3828125000000001 0.6608072916666667 0.56884765625 0.6608072916666669
0 0.57470703125 0.4661458333333334 0.3837890625 0.4661458333333333 0.3837890625 0.4915364583333334 0.57470703125 0.4915364583333335
0 0.76953125 0.5019531250000001 0.58447265625 0.5019531250000001 0.58447265625 0.5305989583333335 0.76953125 0.5305989583333335
0 0.3662109375000001 0.65625 0.18164062500000006 0.65625 0.18164062500000006 0.6868489583333334 0.3662109375000001 0.6868489583333334
0 0.56884765625 0.5755208333333334 0.38330078125 0.5755208333333334 0.38330078125000006 0.6054687500000001 0.56884765625 0.6054687500000001
0 0.77197265625 0.4479166666666668 0.58544921875 0.4479166666666668 0.58544921875 0.47460937500000017 0.77197265625 0.47460937500000017
0 0.77685546875 0.3606770833333335 0.5888671875 0.3606770833333335 0.5888671875 0.39257812500000017 0.77685546875 0.39257812500000017
0 0.5732421875 0.49283854166666674 0.3828125 0.4928385416666667 0.3828125 0.5188802083333334 0.5732421875 0.5188802083333335
0 0.3681640625 0.494140625 0.18261718750000006 0.494140625 0.18261718750000006 0.51953125 0.3681640625 0.51953125
0 0.57568359375 0.3509114583333334 0.384765625 0.3509114583333333 0.384765625 0.3802083333333334 0.57568359375 0.3802083333333335
0 0.56689453125 0.6888020833333334 0.3823242187500001 0.6888020833333334 0.3823242187500001 0.7220052083333334 0.56689453125 0.7220052083333334
0 0.572265625 0.5201822916666667 0.3828125 0.5201822916666666 0.3828125 0.5494791666666667 0.572265625 0.5494791666666669
0 0.36767578125000006 0.6002604166666666 0.18261718750000006 0.6002604166666666 0.18261718750000006 0.6321614583333334 0.3676757812500001 0.6321614583333334
0 0.76806640625 0.5846354166666669 0.5830078125 0.5846354166666669 0.5830078125 0.6113281250000001 0.76806640625 0.6113281250000001
0 0.7623289236547924 0.6950503908484419 0.5781059570312501 0.6880445963541666 0.5774425564951189 0.7190573028725528 0.7616655231186612 0.7260630973668282
0 0.763470703125 0.6678391927083335 0.5798544921875002 0.6606510416666668 0.5792684443570085 0.6872646868636682 0.7628846552945083 0.6944528379053349
0 0.764927490234375 0.6406399739583335 0.5800136940779314 0.6358332142832045 0.5796100154443253 0.6634409088586645 0.764523811600769 0.6682476685337934
0 0.7666755371093751 0.6111093750000002 0.5822378942969473 0.6076119084628347 0.5819308995028586 0.6363928156713168 0.7663685423152864 0.6398902822084823