0 0.7648658952245446 0.21319582436194703 0.7621294114583335 0.17472303906250003 0.2091121415652844 0.18716884413239826 0.21184862533149562 0.22564162943184526
0 0.7623580892900645 0.25702113786964736 0.7611594774305555 0.2162046567382812 0.21081085995835708 0.22131824720009152 0.2120094718178661 0.2621347283314577
0 0.7551100980498616 0.2963340931963606 0.7543686276041667 0.25929117626953124 0.22028062493018052 0.2626737443277034 0.2210220953758755 0.2997166612545328
0 0.747577777777778 0.2985894609375001 0.2179335232550148 0.296952059859923 0.21757065828641206 0.33409012641153935 0.7472149128091752 0.33572752748911644
0 0.7398169930555556 0.337887990234375 0.21955163368055558 0.33397328417968747 0.21862935485518198 0.37275553798245115 0.7388947142301819 0.37667024403713867
0 0.7369067534722222 0.37930441162109374 0.22653376909722234 0.3675752451171875 0.22390708044492996 0.4037390550260038 0.7342800648199299 0.4154682215299101
0 0.733996513888889 0.4169328432617188 0.22469237500000017 0.4021958334960938 0.22159303085938561 0.4360867012852805 0.7308971697482745 0.4508237110509055
0 0.7301159045138891 0.45241053906250006 0.2226549019097223 0.43303333349609374 0.21849745466565829 0.467482865556465 0.725958457269825 0.48686007112287133
0 0.7232267343733714 0.48844467485158494 0.23041307204861125 0.4640169116210938 0.22469091319607346 0.5005430702656027 0.7175045755208336 0.5249708334960939
0 0.7234637272940012 0.5274502275306817 0.2304130720486112 0.5002372548828125 0.22542429006710998 0.5288365371177557 0.7184749453125001 0.5560495097656251
0 0.722373870822591 0.5596478000774943 0.22886143750000013 0.5268568627929688 0.22205227240657607 0.5592821017779748 0.7155647057291669 0.5920730390625002
0 0.7204170372874201 0.5942953999643987 0.22730980381944457 0.55784044140625 0.21954723267785792 0.5910631786488825 0.7126544661458335 0.6275181372070312
0 0.717448885132106 0.6300957735074215 0.22653376909722234 0.5896968139648437 0.2188286747637275 0.619321873953516 0.7097437907986113 0.6597208334960938
0 0.7155068280219192 0.6629343400845775 0.22498213541666687 0.6189348037109373 0.21630885861002558 0.6495291398958911 0.7068335512152779 0.6935286762695313
0 0.7125780803375699 0.695280004989675 0.2242065355902779 0.6473 0.21458183198881942 0.6782972010650126 0.7029533767361114 0.7262772060546876
0 0.7079553186062739 0.7292140730426188 0.2226549019097223 0.6765379902343749 0.21280241576872636 0.7052582311565999 0.6981028324652779 0.7579343139648438
0 0.702022657201169 0.7613076936959267 0.2249821354166668 0.7062122548828125 0.21427146085438695 0.7355550514212605 0.691311982638889 0.7906504902343747
0 0.7020117457465824 0.7950021966400517 0.2249821354166668 0.7345774511718751 0.21428237230897343 0.7613044210357298 0.691311982638889 0.8217291665039064
0 0.6993056865969556 0.8255364980158167 0.22886143750000013 0.7620700981445312 0.21698712329887795 0.7899196294255895 0.6874313723958335 0.853386029296875
0 0.6962508506443794 0.858072514924169 0.2226549019097223 0.7886897060546875 0.21092518407784308 0.8140228283375497 0.6845211328125002 0.8834056372070312
0 0.6942517156887337 0.8881674638696166 0.223722004340278 0.8162708334960938 0.21205155254043342 0.8404371933569461 0.6825812638888891 0.912333823730469
0 0.689191622142078 0.914946482615968 0.22653376909722242 0.8449838237304687 0.2121621903579224 0.8750544978527819 0.674820043402778 0.9450171567382812
0 0.6817018670956729 0.9473914308948899 0.22760261458333353 0.8702409311523439 0.21393037682793878 0.8957031765269854 0.6680296293402781 0.9728536762695313
0 0.6741398746870897 0.9762819567220451 0.22653376909722253 0.8960411762695313 0.21363267479207743 0.9188116707193614 0.6612387803819445 0.9990524511718752
0 0.6311655772569448 0.9957776962890625 0.22730980381944457 0.9222245097656249 0.21888620894963098 0.9368586539128888 0.6227419823871312 1.0104118404363265