0 0.3984375 0.25455729166666674 0.29052734375 0.25455729166666674 0.29052734375 0.27734375000000006 0.3984375 0.27734375000000006
0 0.68994140625 0.3444010416666668 0.58251953125 0.3444010416666668 0.58251953125 0.3658854166666668 0.68994140625 0.3658854166666668
0 0.54296875 0.5000000000000001 0.435546875 0.5 0.435546875 0.5208333333333334 0.54296875 0.5208333333333335
0 0.69775390625 0.22005208333333345 0.58544921875 0.2200520833333334 0.58544921875 0.24283854166666677 0.69775390625 0.24283854166666682
0 0.3984375 0.2747395833333334 0.29052734375 0.2747395833333334 0.29052734375 0.29752604166666674 0.3984375 0.29752604166666674
0 0.39892578125 0.376953125 0.2900390625 0.376953125 0.2900390625 0.3984375 0.39892578125 0.3984375
0 0.5478515625 0.25585937500000006 0.43701171875 0.25585937500000006 0.43701171875 0.27734375000000006 0.5478515625 0.27734375000000006
0 0.69140625 0.3027343750000001 0.58349609375 0.30273437500000006 0.58349609375 0.3255208333333334 0.69140625 0.3255208333333335
0 0.693359375 0.2832031250000001 0.58349609375 0.28320312500000006 0.58349609375 0.3046875000000001 0.693359375 0.30468750000000017
0 0.54248046875 0.4602864583333334 0.435546875 0.4602864583333333 0.435546875 0.48046875000000006 0.54248046875 0.48046875000000017
0 0.69580078125 0.2402343750000001 0.5849609375 0.24023437500000008 0.5849609375 0.2630208333333334 0.69580078125 0.2630208333333335
0 0.39697265625 0.3157552083333334 0.2890625 0.3157552083333334 0.2890625 0.3385416666666667 0.39697265625 0.3385416666666667
0 0.68798828125 0.3841145833333335 0.5810546875 0.3841145833333335 0.5810546875 0.4055989583333335 0.68798828125 0.4055989583333335
0 0.5439453125 0.41992187500000006 0.43505859375 0.419921875 0.43505859375 0.44140625000000006 0.5439453125 0.44140625000000017
0 0.544921875 0.37955729166666674 0.43701171875 0.3795572916666667 0.43701171875 0.40104166666666674 0.544921875 0.4010416666666668
0 0.5458984375 0.3177083333333334 0.43701171875 0.3177083333333334 0.43701171875 0.34049479166666674 0.5458984375 0.3404947916666668
0 0.3984375 0.4166666666666667 0.2890625 0.4166666666666667 0.2890625 0.4381510416666667 0.3984375 0.4381510416666667
0 0.6875 0.4036458333333335 0.580078125 0.4036458333333335 0.580078125 0.4251302083333335 0.6875 0.4251302083333335
0 0.39697265625 0.4563802083333333 0.29052734375 0.4563802083333333 0.29052734375 0.4778645833333333 0.39697265625 0.4778645833333333
0 0.68408203125 0.48242187500000017 0.57861328125 0.48242187500000017 0.57861328125 0.5032552083333335 0.68408203125 0.5032552083333335
0 0.39794921875 0.4954427083333333 0.2900390625 0.4954427083333333 0.2900390625 0.5169270833333334 0.39794921875 0.5169270833333334
0 0.3994140625 0.3971354166666667 0.29052734375 0.3971354166666667 0.29052734375 0.4186197916666667 0.3994140625 0.4186197916666667
0 0.6845703125 0.4440104166666668 0.57861328125 0.4440104166666668 0.57861328125 0.46484375000000017 0.6845703125 0.46484375000000017
0 0.39892578125 0.3567708333333333 0.2890625 0.3567708333333333 0.2890625 0.3782552083333333 0.39892578125 0.3782552083333333
0 0.6845703125 0.5026041666666669 0.57763671875 0.5026041666666669 0.57763671875 0.5234375000000001 0.6845703125 0.5234375000000001
0 0.39990234375 0.2122395833333334 0.28564453125 0.2122395833333334 0.28564453125 0.23632812500000008 0.39990234375 0.23632812500000008
0 0.69189453125 0.3242187500000001 0.583984375 0.32421875000000006 0.583984375 0.34570312500000017 0.69189453125 0.34570312500000017
0 0.544921875 0.36002604166666674 0.43603515625 0.3600260416666667 0.43603515625 0.38151041666666674 0.544921875 0.3815104166666668
0 0.3974609375 0.4368489583333333 0.2900390625 0.4368489583333333 0.2900390625 0.4583333333333333 0.3974609375 0.4583333333333333
0 0.68408203125 0.4635416666666668 0.57958984375 0.4635416666666668 0.57958984375 0.4856770833333335 0.68408203125 0.4856770833333335
0 0.54345703125 0.43945312500000006 0.43505859375 0.439453125 0.43505859375 0.4602864583333334 0.54345703125 0.4602864583333335
0 0.685546875 0.4251302083333335 0.5791015625 0.4251302083333335 0.5791015625 0.4459635416666668 0.685546875 0.4459635416666668
0 0.3984375 0.4759114583333333 0.29052734375 0.4759114583333333 0.29052734375 0.4973958333333333 0.3984375 0.4973958333333333
0 0.55078125 0.21093750000000008 0.4375 0.21093750000000008 0.4375 0.23502604166666674 0.55078125 0.23502604166666674
0 0.3984375 0.3359375 0.2890625 0.3359375 0.2890625 0.3587239583333333 0.3984375 0.3587239583333333
0 0.5419921875 0.4798177083333334 0.435546875 0.4798177083333333 0.435546875 0.5006510416666667 0.5419921875 0.5006510416666669
0 0.39794921875 0.29557291666666674 0.28955078125 0.29557291666666674 0.28955078125 0.31705729166666674 0.39794921875 0.31705729166666674
0 0.54541015625 0.33789062500000006 0.4375 0.337890625 0.4375 0.3606770833333334 0.54541015625 0.3606770833333335
0 0.548828125 0.27539062500000006 0.4365234375 0.27539062500000006 0.4365234375 0.2981770833333334 0.548828125 0.2981770833333334
0 0.55078125 0.19010416666666674 0.43798828125 0.19010416666666674 0.43798828125 0.21158854166666674 0.55078125 0.21158854166666674
0 0.6953125 0.2617187500000001 0.583984375 0.26171875000000006 0.583984375 0.2845052083333334 0.6953125 0.2845052083333335
0 0.5478515625 0.23437500000000008 0.43603515625 0.23437500000000008 0.43603515625 0.2571614583333334 0.5478515625 0.2571614583333334
0 0.54541015625 0.3997395833333334 0.43603515625 0.3997395833333333 0.43603515625 0.4212239583333334 0.54541015625 0.4212239583333335
0 0.69091796875 0.3645833333333335 0.5810546875 0.3645833333333335 0.5810546875 0.38476562500000017 0.69091796875 0.38476562500000017
0 0.69970703125 0.1992187500000001 0.5869140625 0.19921875000000008 0.5869140625 0.2207031250000001 0.69970703125 0.22070312500000014
0 0.39990234375 0.23307291666666674 0.2861328125 0.23307291666666674 0.2861328125 0.2571614583333334 0.39990234375 0.2571614583333334
0 0.5478515625 0.29687500000000006 0.43701171875 0.29687500000000006 0.43701171875 0.3196614583333334 0.5478515625 0.3196614583333334
0 0.68359375 0.5221354166666669 0.5751953125 0.5221354166666669 0.5751953125 0.5429687500000001 0.68359375 0.5429687500000001
0 0.3984375 0.515625 0.2919921875 0.515625 0.2919921875 0.5358072916666666 0.3984375 0.5358072916666666
0 0.54296875 0.5201822916666667 0.43359375 0.5201822916666666 0.43359375 0.5384114583333334 0.54296875 0.5384114583333335
0 0.3984375 0.19010416666666674 0.28271484375 0.19010416666666674 0.28271484375 0.21354166666666674 0.3984375 0.21354166666666674