0 0.8912760416666666 0.7119140625 0.5625000000000001 0.7119140625 0.5625000000000001 0.7412109375 0.8912760416666666 0.7412109375
0 0.892578125 0.68017578125 0.5605468750000001 0.68017578125 0.5605468750000001 0.7099609375 0.892578125 0.7099609375
0 0.4713541666666668 0.7373046875 0.1562500000000001 0.7373046875 0.1562500000000001 0.7646484375 0.4713541666666668 0.7646484375
0 0.8880208333333334 0.7431640625 0.5625000000000001 0.7431640625 0.5625000000000001 0.77001953125 0.8880208333333334 0.77001953125
0 0.884765625 0.7724609375 0.5644531250000001 0.7724609375 0.5644531250000001 0.80029296875 0.884765625 0.80029296875
0 0.4720052083333335 0.7666015625 0.15885416666666677 0.7666015625 0.1588541666666668 0.79345703125 0.4720052083333335 0.79345703125
0 0.9290364583333334 0.33203125000000006 0.5690104166666666 0.33203125 0.5690104166666666 0.37109375000000006 0.9290364583333334 0.3710937500000001
0 0.8958333333333334 0.64794921875 0.5722656250000001 0.64794921875 0.5722656250000001 0.6787109375 0.8958333333333334 0.6787109375
0 0.47070312500000017 0.70751953125 0.1523437500000001 0.70751953125 0.1523437500000001 0.73681640625 0.47070312500000017 0.73681640625
0 0.46679687500000017 0.61572265625 0.13932291666666677 0.61572265625 0.13932291666666677 0.6455078125 0.46679687500000017 0.6455078125
0 0.4713541666666668 0.677734375 0.16992187500000008 0.677734375 0.1699218750000001 0.70654296875 0.4713541666666668 0.70654296875
0 0.9244791666666666 0.37158203125000006 0.568359375 0.37158203125 0.568359375 0.40771484375000006 0.9244791666666666 0.4077148437500001
0 0.908203125 0.54736328125 0.5657552083333335 0.54736328125 0.5657552083333335 0.57958984375 0.908203125 0.57958984375
0 0.91796875 0.44482421875000006 0.5709635416666666 0.44482421875 0.5709635416666667 0.47753906250000006 0.91796875 0.4775390625000001
0 0.9075520833333334 0.5146484375 0.5572916666666669 0.5146484375 0.5572916666666669 0.5458984375 0.9075520833333334 0.5458984375
0 0.8828125 0.80126953125 0.5611979166666669 0.80126953125 0.5611979166666669 0.82763671875 0.8828125 0.82763671875
0 0.8990885416666666 0.61376953125 0.5598958333333335 0.61376953125 0.5598958333333335 0.646484375 0.8990885416666666 0.646484375
0 0.47265625000000017 0.7958984375 0.16406250000000014 0.7958984375 0.16406250000000014 0.82275390625 0.47265625000000017 0.82275390625
0 0.4680989583333335 0.58447265625 0.1367187500000001 0.58447265625 0.1367187500000001 0.61376953125 0.4680989583333335 0.61376953125
0 0.46875000000000017 0.64599609375 0.14388020833333345 0.64599609375 0.14388020833333345 0.67626953125 0.46875000000000017 0.67626953125
0 0.9205729166666666 0.40673828125000006 0.56640625 0.40673828125 0.56640625 0.44335937500000006 0.9205729166666666 0.4433593750000001
0 0.4661458333333335 0.55224609375 0.13346354166666674 0.55224609375 0.13346354166666677 0.58251953125 0.4661458333333335 0.58251953125
0 0.912109375 0.47949218750000006 0.5670572916666669 0.4794921875 0.5670572916666669 0.5107421875 0.912109375 0.5107421875
0 0.4602864583333333 0.38037109375 0.10872395833333341 0.38037109375 0.10872395833333341 0.41650390625 0.4602864583333333 0.41650390625
0 0.4609375 0.41650390625 0.13281250000000008 0.41650390625 0.13281250000000008 0.44921875 0.4609375 0.44921875
0 0.4622395833333334 0.45166015625 0.13085937500000008 0.45166015625 0.13085937500000008 0.4833984375 0.4622395833333335 0.4833984375
0 0.4661458333333335 0.51953125 0.1341145833333334 0.51953125 0.1341145833333334 0.55078125 0.4661458333333335 0.55078125
0 0.4596354166666667 0.34423828125 0.10546875000000007 0.34423828125 0.10546875000000007 0.3818359375 0.4596354166666667 0.3818359375
0 0.46484375000000017 0.484375 0.1321614583333334 0.484375 0.1321614583333334 0.517578125 0.46484375000000017 0.517578125
0 0.9036458333333334 0.58154296875 0.5683593750000001 0.58154296875 0.5683593750000001 0.61279296875 0.9036458333333334 0.61279296875
0 0.9303385416666666 0.29345703125000006 0.5696614583333334 0.29345703125 0.5696614583333334 0.32958984375000006 0.9303385416666666 0.3295898437500001
0 0.4609375 0.30517578125 0.10677083333333337 0.30517578125 0.10677083333333338 0.341796875 0.4609375 0.341796875
0 0.880859375 0.830078125 0.5585937500000001 0.830078125 0.5585937500000001 0.8525390625 0.880859375 0.8525390625
0 0.47597298177083336 0.8446486816406249 0.47482910932319417 0.8186252905598774 0.16272591145833332 0.826342041015625 0.16386978390597254 0.8523654320963725