0 0.6593442600992203 0.8660274646331615 0.1094866202339255 0.8395486053593231 0.1034250069444446 0.8793762177734376 0.6532826468097395 0.905855077047276
0 0.6657600306231222 0.8311575598662614 0.1260953490046021 0.8053123142818186 0.120606008485647 0.8415790576382137 0.660270690104167 0.8674243032226565
0 0.6727362135416668 0.794390701171875 0.13397584251923542 0.7692593750642208 0.12873749222416098 0.8047913893548183 0.6674978632465923 0.8299227154624725
0 0.6758825112816016 0.7619905002178939 0.14257484555776404 0.7331491079800049 0.13648433246527797 0.7687827768554686 0.6697919981891156 0.7976241690933576
0 0.6773323975694446 0.725544048828125 0.14729716510068885 0.6975917264918103 0.1413596605902779 0.733215166015625 0.6713948930590337 0.7611674883519396
0 0.684396479271012 0.694060855100371 0.15978315788392197 0.6630451218521075 0.15324023871527792 0.6980617133789062 0.677853560102368 0.7290774466271697
0 0.6917057534722222 0.661263099609375 0.17042487432145806 0.6311166177115018 0.16441756250000014 0.6639836420898437 0.6856984416507643 0.6941301239877169
0 0.699920042673 0.6285586230573722 0.17799854361766193 0.5959681123233874 0.17123599739583345 0.6302345786132811 0.6931574964511715 0.6628250893472659
0 0.6997942692754902 0.59501541873932 0.18751448754408015 0.5647288580535488 0.18142497868525675 0.5973188743728227 0.6937047604166668 0.6276054350585939
0 0.7049973416757072 0.5646599913176316 0.19324631227312983 0.5315134216833057 0.1865537534722224 0.5642066181640626 0.6983047828747997 0.5973531877983884
0 0.7120782239945496 0.529273784490249 0.2017456161625804 0.4991023406323127 0.19521208767361126 0.5340686718750001 0.7055446955055804 0.5642401157329363
0 0.715182142182204 0.502211894417893 0.215945807089426 0.46696975308643274 0.2093107855902779 0.4967090903320313 0.7085471206830559 0.5319512316634916
0 0.7197755803866008 0.4706523652419521 0.2201862145329062 0.43710718365108125 0.21347325434027786 0.4687403134765624 0.7130626201939725 0.5022854950674333
0 0.7264524636354954 0.4425364485836857 0.22651829808188062 0.40608136184320703 0.21945233680555565 0.43674127978515637 0.7193865023591705 0.473196366525635
0 0.7304907906414871 0.4115228082924903 0.23580312065680126 0.3742767213980046 0.228110670138889 0.406603333984375 0.7227983401235749 0.44384942087886076
0 0.7333321379358068 0.38044627133817166 0.23849041678924365 0.3431559585366407 0.23142456965204802 0.3728233644445629 0.7262662907986113 0.4101136772460938
0 0.7411567530578683 0.3496803182311955 0.2442970504490422 0.31223793376346365 0.23696838593284061 0.343008831840862 0.7338280885416668 0.38045121630859385
0 0.7468811551563542 0.3199748408653365 0.2543575396308314 0.2816187656822172 0.24676748437500004 0.3124565302734375 0.7392910999005229 0.3508126054565568
0 0.7502317758168311 0.29188069670615013 0.2600962460628804 0.2530732066460057 0.25270033743354947 0.2826286324984494 0.7428358671875003 0.3214361225585938
0 0.7527032426875359 0.26295787121566927 0.26604667301439383 0.22334014190195456 0.2580874435763889 0.254275068359375 0.744744013249531 0.29389279767308973
0 0.7553944423883334 0.23360898365033017 0.2761017196180556 0.19328800634765625 0.2679252921472817 0.22404036473334205 0.7472180149175596 0.26436134203601597
0 0.7682158918456572 0.20254614845243957 0.27589720422028186 0.16251253832153492 0.26791886545138893 0.1935566396484375 0.7602375530767644 0.23359024977934212
0 0.7703811224713714 0.17492302177729185 0.28308101809551595 0.13352984179075955 0.2750806684027778 0.16333021728515626 0.7623807727786331 0.2047233972716886
0 0.7739056940797528 0.14676890851235297 0.2934642606536673 0.10402061587714354 0.2852359644097222 0.13328077294921875 0.7656773978358077 0.17602906558442818
0 0.7747268975694445 0.11833975781250004 0.30097753201318533 0.07776045222076407 0.29342224131944444 0.10566919433593752 0.7671716068757036 0.1462484999276735
0 0.7868082557353694 0.09328053093148402 0.306270185764547 0.05077510662062744 0.2984573012152778 0.07872240966796877 0.7789953711861002 0.12122783397882535
0 0.7938179540977862 0.062186645815816385 0.3123045637065161 0.01660047665799396 0.3023100277777778 0.050003283203125026 0.783823418169048 0.09558945236094744