0 0.7125 0.5083333333333335 0.5692708333333333 0.5083333333333335 0.5692708333333333 0.5324074074074077 0.7125 0.5324074074074077
0 0.7104166666666667 0.6009259259259261 0.5703125 0.6009259259259261 0.5703125 0.6203703703703706 0.7104166666666667 0.6203703703703706
0 0.4088541666666667 0.7333333333333333 0.26927083333333335 0.7333333333333333 0.26927083333333335 0.7564814814814815 0.4088541666666667 0.7564814814814815
0 0.403125 0.18148148148148155 0.2598958333333333 0.18148148148148152 0.2598958333333333 0.2120370370370371 0.403125 0.21203703703703713
0 0.40520833333333334 0.7055555555555556 0.2682291666666667 0.7055555555555556 0.2682291666666667 0.7296296296296296 0.40520833333333334 0.7296296296296296
0 0.5557291666666667 0.7611111111111112 0.42083333333333334 0.7611111111111111 0.42083333333333334 0.7833333333333334 0.5557291666666667 0.7833333333333335
0 0.7109375 0.6805555555555558 0.5703125 0.6805555555555558 0.5703125 0.7055555555555557 0.7109375 0.7055555555555557
0 0.5541666666666667 0.6203703703703705 0.4197916666666667 0.6203703703703703 0.4197916666666667 0.6435185185185186 0.5541666666666667 0.6435185185185187
0 0.403125 0.21666666666666676 0.2598958333333333 0.21666666666666673 0.2598958333333333 0.24166666666666678 0.403125 0.24166666666666678
0 0.40729166666666666 0.6481481481481481 0.2682291666666667 0.6481481481481481 0.2682291666666667 0.6712962962962963 0.40729166666666666 0.6712962962962963
0 0.4041666666666667 0.762962962962963 0.271875 0.762962962962963 0.271875 0.7861111111111111 0.4041666666666667 0.7861111111111111
0 0.40677083333333336 0.5361111111111111 0.26510416666666675 0.5361111111111111 0.26510416666666675 0.5592592592592592 0.40677083333333336 0.5592592592592592
0 0.40625 0.5638888888888889 0.2671875 0.5638888888888889 0.2671875 0.5879629629629629 0.40625 0.5879629629629629
0 0.7119791666666667 0.7083333333333336 0.5697916666666667 0.7083333333333336 0.5697916666666667 0.7342592592592595 0.7119791666666667 0.7342592592592595
0 0.40520833333333334 0.7870370370370371 0.26979166666666665 0.7870370370370371 0.26979166666666665 0.8101851851851852 0.40520833333333334 0.8101851851851852
0 0.55625 0.6472222222222224 0.4203125 0.6472222222222223 0.4203125 0.6703703703703705 0.55625 0.6703703703703706
0 0.4036458333333333 0.42037037037037045 0.2635416666666667 0.42037037037037045 0.2635416666666667 0.44444444444444453 0.4036458333333333 0.44444444444444453
0 0.7098958333333333 0.652777777777778 0.5697916666666667 0.652777777777778 0.5697916666666667 0.677777777777778 0.7098958333333333 0.677777777777778
0 0.7119791666666667 0.4824074074074076 0.5703125 0.4824074074074076 0.5703125 0.5037037037037039 0.7119791666666667 0.5037037037037039
0 0.4052083333333334 0.8444444444444444 0.2703125 0.8444444444444444 0.27031250000000007 0.8666666666666667 0.40520833333333345 0.8666666666666667
0 0.7114583333333333 0.5388888888888891 0.5708333333333333 0.5388888888888891 0.5708333333333333 0.564814814814815 0.7114583333333333 0.564814814814815
0 0.7098958333333333 0.7370370370370373 0.5692708333333333 0.7370370370370373 0.5692708333333333 0.7629629629629632 0.7098958333333333 0.7629629629629632
0 0.40572916666666664 0.6203703703703703 0.2677083333333333 0.6203703703703703 0.2677083333333333 0.6444444444444445 0.40572916666666664 0.6444444444444445
0 0.7208333333333333 0.1851851851851853 0.5734375 0.18518518518518529 0.5734375 0.21111111111111125 0.7208333333333333 0.21111111111111128
0 0.40572916666666664 0.4490740740740742 0.26250000000000007 0.4490740740740742 0.26250000000000007 0.4740740740740741 0.40572916666666664 0.4740740740740741
0 0.709375 0.8240740740740743 0.5703125 0.8240740740740743 0.5703125 0.8462962962962965 0.709375 0.8462962962962965
0 0.55625 0.6750000000000002 0.42135416666666664 0.675 0.42135416666666664 0.6990740740740742 0.55625 0.6990740740740743
0 0.5572916666666666 0.7027777777777778 0.42083333333333334 0.7027777777777777 0.42083333333333334 0.7250000000000001 0.5572916666666666 0.7250000000000002
0 0.40729166666666666 0.5055555555555555 0.2645833333333334 0.5055555555555555 0.2645833333333334 0.5305555555555556 0.40729166666666666 0.5305555555555556
0 0.40208333333333335 0.1546296296296297 0.2609375 0.15462962962962967 0.2609375 0.17962962962962972 0.40208333333333335 0.17962962962962972
0 0.5557291666666667 0.7879629629629631 0.4203125 0.787962962962963 0.4203125 0.8111111111111112 0.5557291666666667 0.8111111111111113
0 0.4041666666666667 0.3916666666666668 0.2625 0.3916666666666668 0.2625 0.4185185185185186 0.4041666666666667 0.4185185185185186
0 0.7109375 0.5694444444444446 0.5713541666666667 0.5694444444444446 0.5713541666666667 0.5935185185185188 0.7109375 0.5935185185185188
0 0.40520833333333334 0.6768518518518518 0.2677083333333333 0.6768518518518518 0.2677083333333333 0.7 0.40520833333333334 0.7
0 0.7104166666666667 0.1555555555555557 0.5739583333333333 0.15555555555555567 0.5739583333333333 0.18333333333333346 0.7104166666666667 0.1833333333333335
0 0.40520833333333334 0.47685185185185186 0.2645833333333334 0.47685185185185186 0.2645833333333334 0.5018518518518519 0.40520833333333334 0.5018518518518519
0 0.7078125 0.7925925925925928 0.5697916666666667 0.7925925925925928 0.5697916666666667 0.8185185185185188 0.7078125 0.8185185185185188
0 0.40520833333333334 0.8157407407407408 0.26875 0.8157407407407408 0.26875 0.8379629629629629 0.40520833333333334 0.8379629629629629
0 0.7098958333333333 0.6268518518518521 0.5692708333333333 0.6268518518518521 0.5692708333333333 0.6490740740740742 0.7098958333333333 0.6490740740740742
0 0.4078125 0.5916666666666667 0.2671875 0.5916666666666667 0.2671875 0.6166666666666667 0.4078125 0.6166666666666667
0 0.5557291666666667 0.7314814814814816 0.4197916666666667 0.7314814814814815 0.4197916666666667 0.7546296296296298 0.5557291666666667 0.7546296296296299
0 0.4036458333333333 0.2750000000000001 0.2630208333333333 0.2750000000000001 0.2630208333333333 0.301851851851852 0.4036458333333333 0.301851851851852
0 0.55625 0.8453703703703704 0.4203125 0.8453703703703703 0.42031250000000003 0.8666666666666668 0.55625 0.8666666666666669
0 0.7171875 0.27685185185185196 0.5734375 0.27685185185185196 0.5734375 0.301851851851852 0.7171875 0.301851851851852
0 0.55625 0.5361111111111112 0.42135416666666664 0.5361111111111111 0.42135416666666664 0.5601851851851853 0.55625 0.5601851851851853
0 0.7078125 0.7629629629629632 0.5692708333333333 0.7629629629629632 0.5692708333333333 0.7898148148148151 0.7078125 0.7898148148148151
0 0.40572916666666664 0.36203703703703716 0.26197916666666665 0.36203703703703716 0.26197916666666665 0.38981481481481495 0.40572916666666664 0.38981481481481495
0 0.5557291666666667 0.5675925925925926 0.4192708333333333 0.5675925925925925 0.4192708333333333 0.5870370370370371 0.5557291666666667 0.5870370370370372
0 0.7197916666666667 0.21666666666666679 0.5734375 0.21666666666666679 0.5734375 0.24074074074074084 0.7197916666666667 0.24074074074074084
0 0.4046875 0.24444444444444455 0.2609375 0.24444444444444455 0.2609375 0.2703703703703705 0.4046875 0.2703703703703705
0 0.5546875 0.5925925925925927 0.4203125 0.5925925925925926 0.4203125 0.6166666666666668 0.5546875 0.6166666666666669
0 0.5557291666666667 0.48148148148148157 0.42239583333333336 0.48148148148148145 0.42239583333333336 0.5046296296296298 0.5557291666666667 0.5046296296296299
0 0.559375 0.1898148148148149 0.41822916666666665 0.1898148148148149 0.41822916666666665 0.21481481481481493 0.559375 0.21481481481481493
0 0.55625 0.42592592592592604 0.4171875 0.42592592592592604 0.4171875 0.4462962962962964 0.55625 0.4462962962962964
0 0.7177083333333333 0.24444444444444455 0.5739583333333333 0.24444444444444455 0.5739583333333333 0.27314814814814825 0.7177083333333333 0.27314814814814825
0 0.7135416666666666 0.4527777777777779 0.56875 0.4527777777777779 0.56875 0.47777777777777797 0.7135416666666666 0.47777777777777797
0 0.7130208333333333 0.42407407407407416 0.5713541666666667 0.42407407407407416 0.5713541666666667 0.44722222222222235 0.7130208333333333 0.44722222222222235
0 0.7078125 0.8500000000000002 0.5708333333333333 0.8500000000000002 0.5708333333333333 0.8740740740740743 0.7078125 0.8740740740740743
0 0.5578125 0.8166666666666668 0.4203125 0.8166666666666667 0.4203125 0.838888888888889 0.5578125 0.8388888888888891
0 0.5536458333333333 0.5092592592592594 0.421875 0.5092592592592593 0.421875 0.5333333333333334 0.5536458333333333 0.5333333333333335
0 0.4036458333333333 0.30555555555555564 0.2635416666666667 0.30555555555555564 0.2635416666666667 0.3314814814814816 0.4036458333333333 0.3314814814814816
0 0.4041666666666667 0.3361111111111112 0.2630208333333333 0.3361111111111112 0.2630208333333333 0.3611111111111112 0.4041666666666667 0.3611111111111112
0 0.5614583333333333 0.15925925925925938 0.41822916666666665 0.15925925925925938 0.41822916666666665 0.18611111111111123 0.5614583333333333 0.18611111111111123
0 0.5588541666666667 0.21944444444444455 0.41822916666666665 0.21944444444444455 0.41822916666666665 0.2453703703703705 0.5588541666666667 0.2453703703703705
0 0.5558947916666667 0.45302314814814826 0.419070022670832 0.45217131718979586 0.41901968430167486 0.47772569972364437 0.5558444532975095 0.4785775306819967
0 0.558013122218955 0.36725555654347136 0.418869487224033 0.36654353028667397 0.41882719833841164 0.39266204781727687 0.5579708333333335 0.39337407407407426
0 0.5569451445963447 0.39735415094767546 0.41836360280050006 0.39564353256123336 0.41826822916666667 0.420062962962963 0.5568497709625114 0.4217735813494051
0 0.5578345491146263 0.3381541863103852 0.4194888990835397 0.33708752399275455 0.4194251833022468 0.36320555990459175 0.5577708333333334 0.3642722222222224
0 0.5569148489202433 0.3096276026929653 0.4178291666666667 0.3059268518518519 0.41759278681414946 0.3340043225347762 0.5566784690677261 0.33770507337588956
0 0.5580901041666666 0.27339074074074077 0.5580110745353338 0.24726714745245407 0.416624632505507 0.2486189702130262 0.4167036621368396 0.2747425635013129
0 0.5555359375 0.2811546296296297 0.4166317708333333 0.2811546296296297 0.4166317708333333 0.3067083333333334 0.5555359375 0.3067083333333334
0 0.7143383812043272 0.3953384127280963 0.5707949085039361 0.3936231487663298 0.5706940272996089 0.420305106408604 0.7142375000000001 0.4220203703703705
0 0.7140776041666668 0.36693888888888904 0.5709018261663357 0.36615367842703483 0.5708560034637941 0.39256068176299364 0.7140317814641253 0.3933458922248479
0 0.7160953323632366 0.3377108272920004 0.5714218750000002 0.3373555555555557 0.5713999801367637 0.36553454307837024 0.7160734375000002 0.365889814814815
0 0.7159307669251912 0.33394779879225295 0.7159139733962742 0.3071178297443058 0.5720436231377497 0.3074024383594603 0.5720604166666666 0.33423240740740745
0 0.720320728068216 0.12334514924947097 0.5766041666666667 0.12182037037037048 0.5765079177651173 0.1504918877875663 0.7202244791666667 0.1520166666666668
0 0.5598864583333333 0.1266037037037038 0.41784456225798466 0.1256789499663507 0.4177895833333333 0.1523685185185186 0.559831479408682 0.1532932722558717
0 0.40450046781566973 0.12521865471280363 0.260165625 0.12219629629629636 0.25999634196321986 0.14774645522868216 0.4043311847788897 0.15076881364518946
0 0.4082800334768135 0.8935027657994953 0.4080497169119823 0.8701935722925482 0.27074270833333336 0.8744814814814815 0.2709730248981646 0.8977906749884286
0 0.5563985496840312 0.874702775872948 0.42006281054504174 0.8721233080482996 0.41990468750000004 0.8985370370370372 0.5562404266389896 0.9011165048616855
0 0.7081703125000001 0.8780435185185188 0.5686281250000003 0.8746370370370372 0.5684202594645369 0.9015484765595444 0.7079624469645367 0.904954958041026