0 0.19433593750000006 0.431640625 0.06787109375000003 0.431640625 0.06787109375000004 0.4602864583333333 0.19433593750000006 0.4602864583333333
0 0.18261718750000006 0.5794270833333334 0.052734375000000056 0.5794270833333334 0.052734375000000056 0.609375 0.18261718750000006 0.609375
0 0.18505859375000006 0.5546875 0.055664062500000056 0.5546875 0.055664062500000056 0.583984375 0.18505859375000006 0.583984375
0 0.37890625 0.4303385416666667 0.23925781250000006 0.4303385416666667 0.23925781250000006 0.4609375 0.37890625 0.4609375
0 0.17724609375000006 0.6569010416666666 0.045410156250000056 0.6569010416666666 0.04541015625000006 0.6881510416666666 0.17724609375000006 0.6881510416666666
0 0.5546875 0.6920572916666666 0.4091796875000001 0.6920572916666666 0.4091796875000001 0.7259114583333334 0.5546875 0.7259114583333334
0 0.19238281250000006 0.4557291666666667 0.06640625000000006 0.4557291666666667 0.06640625000000006 0.484375 0.19238281250000006 0.484375
0 0.55810546875 0.4602864583333334 0.42041015625 0.4602864583333333 0.42041015625 0.49023437500000006 0.55810546875 0.49023437500000017
0 0.3759765625 0.4557291666666667 0.23779296875000006 0.4557291666666667 0.23779296875000006 0.4850260416666667 0.3759765625 0.4850260416666667
0 0.7548828125 0.677734375 0.59912109375 0.677734375 0.59912109375 0.7102864583333334 0.7548828125 0.7102864583333334
0 0.37109375 0.556640625 0.23193359375000006 0.556640625 0.23193359375000006 0.5885416666666666 0.37109375 0.5885416666666666
0 0.55859375 0.48632812500000006 0.421875 0.486328125 0.421875 0.5156250000000001 0.55859375 0.5156250000000001
0 0.18945312500000006 0.4798177083333333 0.06445312500000006 0.4798177083333333 0.06445312500000006 0.5084635416666666 0.18945312500000006 0.5084635416666666
0 0.18847656250000006 0.50390625 0.05957031250000004 0.50390625 0.05957031250000005 0.533203125 0.18847656250000006 0.533203125
0 0.3627929687500001 0.7154947916666666 0.21777343750000006 0.7154947916666666 0.21777343750000006 0.7486979166666666 0.3627929687500001 0.7486979166666666
0 0.95947265625 0.5690104166666669 0.79736328125 0.5690104166666669 0.79736328125 0.6028645833333335 0.95947265625 0.6028645833333335
0 0.74853515625 0.4602864583333335 0.59814453125 0.4602864583333335 0.59814453125 0.49218750000000017 0.74853515625 0.49218750000000017
0 0.74951171875 0.5397135416666669 0.599609375 0.5397135416666669 0.599609375 0.5729166666666669 0.74951171875 0.5729166666666669
0 0.3720703125 0.5319010416666666 0.23339843750000006 0.5319010416666666 0.23339843750000006 0.5625 0.3720703125 0.5625
0 0.95556640625 0.5143229166666669 0.79736328125 0.5143229166666669 0.79736328125 0.5481770833333335 0.95556640625 0.5481770833333335
0 0.5517578125 0.7779947916666666 0.4057617187500001 0.7779947916666666 0.4057617187500001 0.8138020833333334 0.5517578125 0.8138020833333334
0 0.3706054687500001 0.609375 0.22802734375000006 0.609375 0.22802734375000006 0.6412760416666666 0.3706054687500001 0.6412760416666666
0 0.751953125 0.6204427083333335 0.6005859375 0.6204427083333335 0.6005859375 0.6536458333333335 0.751953125 0.6536458333333335
0 0.556640625 0.5611979166666667 0.416015625 0.5611979166666666 0.416015625 0.5930989583333334 0.556640625 0.5930989583333335
0 0.16943359375000006 0.8190104166666666 0.03125000000000007 0.8190104166666666 0.031250000000000076 0.8502604166666666 0.16943359375000006 0.8502604166666666
0 0.97705078125 0.8548177083333335 0.8046875 0.8548177083333334 0.8046875 0.8899739583333335 0.97705078125 0.8899739583333336
0 0.36962890625000006 0.5833333333333334 0.23046875000000006 0.5833333333333334 0.23046875000000006 0.615234375 0.3696289062500001 0.615234375
0 0.751953125 0.5930989583333335 0.599609375 0.5930989583333335 0.599609375 0.6263020833333335 0.751953125 0.6263020833333335
0 0.75146484375 0.5657552083333335 0.59765625 0.5657552083333335 0.59765625 0.5989583333333335 0.75146484375 0.5989583333333335
0 0.9521484375 0.46093750000000017 0.79736328125 0.46093750000000017 0.79736328125 0.4928385416666668 0.9521484375 0.4928385416666668
0 0.17480468750000006 0.708984375 0.04101562500000007 0.708984375 0.04101562500000007 0.7421875 0.17480468750000006 0.7421875
0 0.17187500000000006 0.736328125 0.03906250000000007 0.736328125 0.03906250000000007 0.7682291666666666 0.17187500000000006 0.7682291666666666
0 0.958984375 0.5416666666666669 0.7978515625 0.5416666666666669 0.7978515625 0.5761718750000001 0.958984375 0.5761718750000001
0 0.3740234375 0.48046875 0.23681640625000006 0.48046875 0.23681640625000006 0.5110677083333334 0.3740234375 0.5110677083333334
0 0.7529296875 0.5123697916666669 0.599609375 0.5123697916666669 0.599609375 0.5455729166666669 0.7529296875 0.5455729166666669
0 0.3652343750000001 0.662109375 0.22314453125000006 0.662109375 0.22314453125000006 0.6946614583333334 0.3652343750000001 0.6946614583333334
0 0.3603515625000001 0.8268229166666666 0.21093750000000006 0.8268229166666666 0.21093750000000006 0.8600260416666666 0.3603515625000001 0.8600260416666666
0 0.3613281250000001 0.7428385416666666 0.21630859375000006 0.7428385416666666 0.21630859375000006 0.7760416666666666 0.3613281250000001 0.7760416666666666
0 0.9638671875 0.7096354166666669 0.80322265625 0.7096354166666666 0.80322265625 0.7434895833333335 0.9638671875 0.7434895833333336
0 0.5576171875 0.4348958333333334 0.421875 0.4348958333333333 0.421875 0.46484375000000006 0.5576171875 0.46484375000000017
0 0.7490234375 0.4348958333333335 0.59765625 0.4348958333333335 0.59765625 0.4654947916666668 0.7490234375 0.4654947916666668
0 0.3603515625000001 0.7708333333333334 0.21386718750000006 0.7708333333333334 0.21386718750000006 0.8040364583333334 0.3603515625000001 0.8040364583333334
0 0.759765625 0.8515625 0.59765625 0.8515625 0.59765625 0.8854166666666666 0.759765625 0.8854166666666666
0 0.55224609375 0.8359375 0.4008789062500001 0.8359375 0.4008789062500001 0.8697916666666666 0.55224609375 0.8697916666666666
0 0.958984375 0.6236979166666669 0.79931640625 0.6236979166666669 0.79931640625 0.6582031250000001 0.958984375 0.6582031250000001
0 0.17968750000000006 0.6302083333333334 0.048339843750000056 0.6302083333333334 0.048339843750000056 0.6614583333333334 0.17968750000000006 0.6614583333333334
0 0.95458984375 0.43554687500000017 0.7978515625 0.43554687500000017 0.7978515625 0.4674479166666668 0.95458984375 0.4674479166666668
0 0.55615234375 0.6399739583333334 0.4121093750000001 0.6399739583333334 0.4121093750000001 0.671875 0.55615234375 0.671875
0 0.9658203125 0.7949218750000001 0.80615234375 0.794921875 0.80615234375 0.8307291666666669 0.9658203125 0.830729166666667
0 0.5576171875 0.5104166666666667 0.42138671875 0.5104166666666666 0.42138671875 0.5410156250000001 0.5576171875 0.5410156250000001
0 0.18115234375000006 0.6048177083333334 0.050781250000000056 0.6048177083333334 0.050781250000000056 0.6360677083333334 0.18115234375000006 0.6360677083333334
0 0.5556640625 0.6139322916666667 0.4145507812500001 0.6139322916666666 0.4145507812500001 0.6445312500000001 0.5556640625 0.6445312500000001
0 0.17578125000000006 0.6829427083333334 0.04394531250000007 0.6829427083333334 0.04394531250000007 0.7141927083333334 0.17578125000000006 0.7141927083333334
0 0.55712890625 0.5872395833333334 0.41552734375 0.5872395833333334 0.41552734375000006 0.6184895833333334 0.55712890625 0.6184895833333335
0 0.37353515625 0.505859375 0.23535156250000006 0.505859375 0.23535156250000006 0.5364583333333334 0.37353515625 0.5364583333333334
0 0.3588867187500001 0.796875 0.21240234375000006 0.796875 0.21240234375000006 0.8313802083333334 0.3588867187500001 0.8313802083333334
0 0.9599609375 0.6516927083333335 0.80078125 0.6516927083333335 0.80078125 0.6868489583333335 0.9599609375 0.6868489583333336
0 0.9716796875 0.8242187500000001 0.806640625 0.82421875 0.806640625 0.8600260416666669 0.9716796875 0.860026041666667
0 0.75244140625 0.6477864583333335 0.599609375 0.6477864583333335 0.599609375 0.68359375 0.75244140625 0.68359375
0 0.7548828125 0.8196614583333334 0.5986328125 0.8196614583333334 0.5986328125 0.8561197916666666 0.7548828125 0.8561197916666666
0 0.7490234375 0.4856770833333335 0.59814453125 0.4856770833333335 0.59814453125 0.5175781250000001 0.7490234375 0.5175781250000001
0 0.18652343750000006 0.5286458333333334 0.05712890625000004 0.5286458333333334 0.05712890625000005 0.5579427083333334 0.18652343750000006 0.5579427083333334
0 0.96240234375 0.5957031250000001 0.79736328125 0.5957031250000001 0.79736328125 0.6308593750000001 0.96240234375 0.6308593750000001
0 0.5537109375 0.6653645833333334 0.4111328125000001 0.6653645833333334 0.4111328125000001 0.6985677083333334 0.5537109375 0.6985677083333334
0 0.7529296875 0.7317708333333334 0.59765625 0.7317708333333334 0.59765625 0.7669270833333334 0.7529296875 0.7669270833333334
0 0.17138671875000006 0.7890625 0.03466796875000007 0.7890625 0.03466796875000007 0.822265625 0.17138671875000006 0.822265625
0 0.75439453125 0.76171875 0.599609375 0.76171875 0.599609375 0.7955729166666666 0.75439453125 0.7955729166666666
0 0.9599609375 0.6796875000000001 0.80126953125 0.6796875 0.80126953125 0.7148437500000001 0.9599609375 0.7148437500000003
0 0.3627929687500001 0.6881510416666666 0.21972656250000006 0.6881510416666666 0.21972656250000006 0.720703125 0.3627929687500001 0.720703125
0 0.75390625 0.7044270833333334 0.59765625 0.7044270833333334 0.59765625 0.73828125 0.75390625 0.73828125
0 0.55419921875 0.7194010416666666 0.4067382812500001 0.7194010416666666 0.4067382812500001 0.7532552083333334 0.55419921875 0.7532552083333334
0 0.55126953125 0.806640625 0.4028320312500001 0.806640625 0.4028320312500001 0.841796875 0.55126953125 0.841796875
0 0.7568359375 0.7897135416666666 0.599609375 0.7897135416666666 0.599609375 0.8255208333333334 0.7568359375 0.8255208333333334
0 0.96484375 0.7363281250000001 0.80419921875 0.736328125 0.80419921875 0.7727864583333335 0.96484375 0.7727864583333336
0 0.9521484375 0.40820312500000017 0.79736328125 0.40820312500000017 0.79736328125 0.4381510416666668 0.9521484375 0.4381510416666668
0 0.17333984375000006 0.7630208333333334 0.03662109375000007 0.7630208333333334 0.03662109375000007 0.794921875 0.17333984375000006 0.794921875
0 0.5576171875 0.5351562500000001 0.41748046875 0.53515625 0.41748046875 0.5670572916666667 0.5576171875 0.5670572916666669
0 0.9658203125 0.7649739583333335 0.8046875 0.7649739583333334 0.8046875 0.8014322916666669 0.9658203125 0.801432291666667
0 0.3666992187500001 0.6354166666666666 0.22558593750000006 0.6354166666666666 0.22558593750000006 0.66796875 0.3666992187500001 0.66796875
0 0.55419921875 0.748046875 0.4062500000000001 0.748046875 0.4062500000000001 0.7845052083333334 0.55419921875 0.7845052083333334
0 0.953125 0.4876302083333335 0.798828125 0.4876302083333335 0.798828125 0.5208333333333335 0.953125 0.5208333333333335
0 0.55712890625 0.41210937500000006 0.42236328125 0.412109375 0.42236328125 0.43945312500000006 0.55712890625 0.43945312500000017
0 0.3828125 0.40625 0.23925781250000006 0.40625 0.23925781250000006 0.4329427083333333 0.3828125 0.4329427083333333
0 0.19628906250000006 0.4075520833333333 0.06787109375000003 0.4075520833333333 0.06787109375000003 0.4348958333333333 0.19628906250000006 0.4348958333333333
0 0.751953125 0.4095052083333335 0.59912109375 0.4095052083333335 0.59912109375 0.43750000000000017 0.751953125 0.43750000000000017