0 0.9549412688956296 0.12013583308681863 0.28954204774305553 0.02293161767578126 0.26208827628665715 0.08239426721014603 0.927487497439231 0.17959848262118341
0 0.9401203087382662 0.16771099895027164 0.27713333333333334 0.08109852929687503 0.2532673694302418 0.13890129350058633 0.9162543448351747 0.22551376315398294
0 0.9181831042070168 0.21139243266998894 0.2621703706597222 0.1383796567382813 0.2437047834743668 0.19087509727755186 0.8997175170216614 0.26388787320925955
0 0.9057180824652777 0.25343259814453123 0.26265620920138893 0.19510563720703125 0.24833982677071667 0.24504715733934146 0.8914017000346056 0.3033741182768414
0 0.8896291935763888 0.29609289208984374 0.25438344184027784 0.24629264697265624 0.24220905803384177 0.29542893350429345 0.8774548097699527 0.34522917862148095
0 0.8781372552083335 0.3374600488281251 0.24817908506944455 0.29864289208984374 0.23874874362894843 0.34706686996969477 0.8687069137678374 0.3858840267079761
0 0.8574518515625003 0.37753480371093756 0.2502470590277779 0.34633995117187505 0.24227514409183948 0.3954375172344418 0.8494799366265618 0.4266323697735043
0 0.8482583880208333 0.4163166665039062 0.23990631770833337 0.3963634804687499 0.23491222036874534 0.4445410398172147 0.8432642906812453 0.464494225852371
0 0.8321699348958334 0.45509852929687494 0.2316335512152779 0.4394068627929687 0.22778033582514035 0.48606620315448834 0.8283167195056957 0.5017578696583946
0 0.8206779956597222 0.4951732841796875 0.22336121961805563 0.4824504902343749 0.22033969014236648 0.5273347541844856 0.8176564661840331 0.5400575481297982
0 0.8093520694444446 0.5276534311523436 0.21168826879241537 0.5271149717701723 0.21155991319444456 0.5721928920898437 0.8092237138464738 0.572731351472015
0 0.7998355141145613 0.5981568180238729 0.7963372485514504 0.555325386626633 0.21272003478411125 0.5704075393058852 0.21621830034722223 0.613238970703125
0 0.7865416050321034 0.63383548580026 0.7823141610697957 0.5920480365000221 0.1980165647182478 0.6107510311685121 0.2022440086805555 0.65253848046875
0 0.782003511480315 0.6658209597052342 0.7752838623118221 0.6209472920748077 0.1893134662828959 0.6487108909633236 0.1960331154513889 0.6935845585937501
0 0.7720618498787513 0.6992471203461113 0.7644997539863099 0.6581620486068996 0.18691807858672524 0.6917989971084446 0.19448017447916666 0.7328840688476562
0 0.7655304873595948 0.7312810460171886 0.7588170518681753 0.6961293177597235 0.18310878673080266 0.7309186150042538 0.18982222222222223 0.7660703432617189
0 0.75864363458807 0.7626523207960352 0.7479590967409194 0.7209319313491813 0.1816326796875 0.7668220585937501 0.19231721753465064 0.8085424480406039
0 0.7520551644096131 0.7938048089842933 0.7413667132242789 0.7546143067048589 0.1620540323216103 0.8046053312166594 0.17274248350694443 0.8437958334960939
0 0.7448101253034362 0.8237686086956301 0.7340749401743478 0.7880374707266534 0.16511274542646723 0.8421242541208672 0.17584793055555556 0.8778553920898439
0 0.7358437812528107 0.8551360615640928 0.7259164082001318 0.8235994051951179 0.16370051323204343 0.8795966771271188 0.17362788628472225 0.9111333334960937
0 0.7271847648352749 0.8820249168337744 0.7169464002491183 0.851897891455515 0.15544747395550995 0.9122744453248656 0.16568583854166663 0.942401470703125
0 0.7157452117255811 0.9095968203027927 0.7057302829861112 0.8817794116210939 0.14886350268414114 0.9452142089940825 0.15887843142361113 0.9730316176757813