0 0.78759765625 0.40429687500000017 0.68359375 0.40429687500000017 0.68359375 0.4264322916666668 0.78759765625 0.4264322916666668
0 0.7958984375 0.3567708333333335 0.68505859375 0.3567708333333335 0.68505859375 0.37890625000000017 0.7958984375 0.37890625000000017
0 0.7841796875 0.42773437500000017 0.6826171875 0.42773437500000017 0.6826171875 0.4498697916666668 0.7841796875 0.4498697916666668
0 0.796875 0.33398437500000017 0.68359375 0.33398437500000017 0.68359375 0.3561197916666668 0.796875 0.3561197916666668
0 0.7880859375 0.38085937500000017 0.68603515625 0.38085937500000017 0.68603515625 0.4016927083333335 0.7880859375 0.4016927083333335
0 0.7833166310518923 0.4661508544935426 0.7818860124775432 0.4452644175502914 0.6825566861131509 0.45735965680674884 0.6839873046875 0.47824609375
0 0.7846302004884352 0.48929256669179993 0.7832878417968749 0.46891080729166656 0.6824330319334397 0.4807194775790333 0.683775390625 0.5011012369791666
0 0.7816432223704388 0.5109165628394957 0.7799626437185679 0.4895873906603497 0.6808245483012542 0.5034742132375206 0.682505126953125 0.5248033854166667
0 0.7813503141574121 0.5325762820263085 0.7794852631196482 0.5108224389658695 0.680640075915361 0.5258880840228946 0.6825051269531249 0.5476419270833334
0 0.7805957436778805 0.5543845045485328 0.7782946976364664 0.5322801353122809 0.6789335730992108 0.5506684172220814 0.6812346191406251 0.5727727864583333
0 0.7777616482481017 0.5751077774069572 0.7758291483985497 0.5559159045335266 0.678455439603573 0.5733468641057361 0.680387939453125 0.5925387369791667
0 0.7780340040146185 0.595363725008275 0.7754100567774311 0.573696974486852 0.6771287383096876 0.5948566869785771 0.679752685546875 0.6165234375
0 0.7780275612469925 0.6164831948458082 0.77587744140625 0.5978531901041667 0.6767556418780075 0.6181906332791919 0.67890576171875 0.6368206380208333
0 0.7766504689082613 0.6347514370898082 0.7742321762531921 0.6166831866174886 0.6741583675011806 0.6404949005693471 0.6765766601562498 0.6585631510416667
0 0.7760830950596759 0.6552785470874867 0.77376025390625 0.6376676432291667 0.674253819002824 0.6610004242666803 0.6765766601562498 0.6786113281250001
0 0.7745205000775972 0.6761468670951695 0.7722323453166997 0.6599384294145302 0.6723829878172275 0.6849976170068608 0.6746711425781251 0.7012060546875
0 0.274780029296875 0.35461100260416667 0.2738804811147391 0.3230663312449404 0.07965649414062499 0.3329127604166666 0.0805560423227609 0.3644574317758929
0 0.48292407226562506 0.3382721354166666 0.48229687500000007 0.3123369140625 0.327739356179547 0.3189817124400305 0.32836655344517196 0.3449169337941971
0 0.6499536755955931 0.3361700877922002 0.649172684114238 0.3121619572591534 0.5229616842998948 0.3194609449877865 0.5237426757812499 0.34346907552083333
0 0.7955555642301892 0.33009130800724396 0.795216552734375 0.3086708984375 0.6895464865510608 0.311644043555256 0.689885498046875 0.33306445312499994
0 0.277700927734375 0.3870615234375001 0.27665763674754695 0.3579058539422779 0.08233178710937501 0.37026790364583334 0.08337507809620306 0.39942357314105553
0 0.27994997707408686 0.4150686717685595 0.278655517578125 0.3896077473958333 0.08612839206653812 0.4070091277106071 0.0874228515625 0.4324700520833333
0 0.282473876953125 0.4460345052083334 0.2811535168625132 0.41886790504015176 0.088695556640625 0.4354970703124999 0.09001591673123677 0.4626636704806815
0 0.28387442401206964 0.47697205404793047 0.2824738769531249 0.4507027994791666 0.09254919071493328 0.4687043058094813 0.09394973777387797 0.4949735603782452
0 0.3018319795857955 0.7766613409001422 0.29901977539062496 0.7570263671874998 0.12279350869545448 0.8018972528498578 0.125605712890625 0.8215322265625001
0 0.3026549982242469 0.7516905478617765 0.299974365234375 0.7302906901041667 0.12165237482262808 0.7700015094298901 0.12433300781250001 0.7914013671875
0 0.29830415497193125 0.7266244270631178 0.29551953124999997 0.7048277994791667 0.11868461455931874 0.744990481791049 0.12146923828124999 0.766787109375
0 0.2989654640758724 0.6975240985651588 0.2963496775653829 0.6762629346291527 0.11535345177076052 0.7158508152306604 0.11796923828124999 0.7371119791666666
0 0.29804309717300226 0.6709946631436039 0.295201416015625 0.6475680338541667 0.1125819028269977 0.6869493472730629 0.115423583984375 0.7103759765625001
0 0.29513080828917326 0.6443071697700892 0.29264250088728405 0.6211307231992723 0.11102634103561086 0.6557955586375164 0.11351464843750002 0.6789720052083333
0 0.29340833242612996 0.6181531852512174 0.29097255316533777 0.5935887890007068 0.1072605098017078 0.6259740152078227 0.10969628906249998 0.6505384114583334
0 0.292926286733145 0.5905068245976964 0.2907468261718749 0.5660872395833333 0.10480794396999993 0.5955897127700368 0.10698740453127001 0.6200092977844
0 0.2897436693755473 0.5612872578295622 0.287723876953125 0.5375872395833334 0.1020181888057835 0.5657231347880483 0.1040379812282058 0.5894231530342771
0 0.2883109713169272 0.5336474679006098 0.286451171875 0.5087294921875001 0.09939083605793411 0.5335501071641283 0.1012506354998613 0.558468082877238
0 0.28498039758695204 0.5048277841866412 0.28358740234374996 0.4819934895833333 0.09819584407102933 0.5020996647351451 0.09958883931423143 0.5249339593384531
0 0.30353017243365427 0.8026464969757542 0.2999200231585124 0.7798522653135239 0.1262912179123582 0.82873994802527 0.12990136718750003 0.8515341796875003
0 0.48378719546587795 0.36539548023029317 0.48295021920768283 0.34201559915567253 0.329009033203125 0.3518128255208333 0.32984600946132014 0.37519270659545395
0 0.48522127398098647 0.3946187329081657 0.4842487335119474 0.3699880434445371 0.33185485210908594 0.3806853912655382 0.332827392578125 0.40531608072916675
0 0.4921400421144164 0.7482280232121178 0.48937744140624995 0.7303125000000001 0.3488382293699585 0.7688393596003823 0.3516008300781249 0.7867548828125001
0 0.6406361646181277 0.7043207832920478 0.6379207007083734 0.6868100933191684 0.5216627099183708 0.7188610548187871 0.524378173828125 0.7363717447916666
0 0.4853826107191993 0.42083286404860626 0.48407673763195014 0.39830112525625444 0.33406717378775086 0.4137573237076482 0.3353730468750001 0.4362890625
0 0.4871170410258855 0.45017341504040714 0.4858547961254319 0.42696507321267524 0.33538350705267145 0.44151398890143473 0.336645751953125 0.46472233072916663
0 0.48806969604823747 0.47559355610770315 0.486173171045009 0.44992938045120795 0.33634029140302146 0.46961349361433796 0.3382368164062499 0.49527766927083317
0 0.4911325547872988 0.7226005126189669 0.48825978686331684 0.7043284886820861 0.34681888246664305 0.7438620906464523 0.349691650390625 0.7621341145833331
0 0.4924972595773442 0.699789288202305 0.4898074109422954 0.6813620409044759 0.3460472119118262 0.7186684558271712 0.348737060546875 0.7370957031250002
0 0.4912228807663943 0.6760743384515052 0.48874447619698 0.6579872486895088 0.34625865597746075 0.6926970899255035 0.34873706054687503 0.7107841796875
0 0.4894737178257315 0.501871429477669 0.487786376953125 0.47913574218750005 0.33845841108051855 0.49883788041816435 0.3401457519531251 0.5215735677083333
0 0.49038266486323745 0.5276855039130853 0.4886993902906564 0.5070435333512905 0.340690016443044 0.528500607563205 0.342373291015625 0.549142578125
0 0.4900395307229293 0.6513024354421412 0.487786376953125 0.6335628255208333 0.3445747270895708 0.6659000385161921 0.346827880859375 0.6836396484374999
0 0.49011990898037594 0.627111224488679 0.4881044921875 0.609373046875 0.34481246406649907 0.6383168354071543 0.346827880859375 0.6560550130208332
0 0.491244874445385 0.6035010469692405 0.48905908203125 0.5830615234375 0.34209667828899004 0.6110012316765928 0.34428247070312507 0.6314407552083334
0 0.4906627402126922 0.5762860921638281 0.48818592735255406 0.5543896930030869 0.3405327086242369 0.5840817909434254 0.343009521484375 0.6059781901041666
0 0.4902032545928967 0.5503731215263802 0.4878647108034315 0.5281147079953552 0.3400347472261598 0.5557262869898084 0.342373291015625 0.5779847005208333
0 0.6498367511874001 0.36039398860707705 0.648894400684803 0.33985091947785057 0.5241841143411529 0.35002105847494014 0.52512646484375 0.3705641276041666
0 0.6421490668507666 0.6812903829570881 0.6395854986481413 0.6642048675007597 0.5220792540629996 0.6955489246478384 0.5246428222656249 0.7126344401041668
0 0.6428796397475731 0.6609592892520187 0.6407062988281251 0.6445882161458333 0.5215024403305522 0.6727213748104811 0.5236757812500001 0.6890924479166666
0 0.6429804853344889 0.6387846995594123 0.6408380078798985 0.6224659411104204 0.5220169463735346 0.6501991451968413 0.524159423828125 0.6665179036458333
0 0.644831691216327 0.6169817881229114 0.6423955067044959 0.5981939603342931 0.5212395967381689 0.6261229795030484 0.52367578125 0.6449108072916668
0 0.6437862372926811 0.5934552632524223 0.6419826103621358 0.5776143573111373 0.5230811386944546 0.6016818805170483 0.5248847656249999 0.6175227864583333
0 0.6438235108797227 0.5721869111212007 0.6419152832031251 0.5546363932291668 0.5224928953702773 0.5777199899204662 0.524401123046875 0.5952705078125002
0 0.6439969017891235 0.5493434436001873 0.6421400794314979 0.530761513842385 0.5215770155329994 0.5521791379505311 0.523433837890625 0.5707610677083333
0 0.6444557939413561 0.5049738363497328 0.6429268036969832 0.4868538797526949 0.5223884902243771 0.5049360329862953 0.52391748046875 0.5230559895833332
0 0.6465570225546559 0.48317537706934255 0.6452601280172567 0.4644228641224561 0.5228625292907259 0.4794714453864468 0.524159423828125 0.49822395833333327
0 0.647607798304388 0.45604032476743667 0.6463647971374884 0.4384496100884882 0.5236417644581005 0.45386631657105164 0.524884765625 0.4714570312500001
0 0.6476546111956046 0.4351285325175973 0.646509521484375 0.41567740885416665 0.5242233184918954 0.4284756341490694 0.525368408203125 0.4479267578125001
0 0.6478477414828234 0.40965890466732396 0.6466554411069643 0.38920204164754063 0.5232088226710158 0.4019930067718834 0.5244011230468749 0.4224498697916667
0 0.6496503271092923 0.38459312157972153 0.6486615095173411 0.364223432809027 0.523895948033049 0.37499066279180554 0.5248847656250001 0.3953603515625
0 0.6442200644526777 0.5284542715198002 0.6426406249999999 0.5091888020833334 0.5225799843754473 0.5266873300426999 0.524159423828125 0.5459527994791666