0 0.7188269055989583 0.19587124365234382 0.3462317324218751 0.18514786572265632 0.34449289331995314 0.2191328862602752 0.7170880664970364 0.2298562641899627
0 0.71202853515625 0.23048481640625001 0.34669546875000007 0.21589878613281255 0.34435549118179404 0.24886629202114396 0.709688557588044 0.26345232229458143
0 0.7069853567708333 0.2623433598632813 0.34862627521973666 0.24906460507761366 0.34645852083333334 0.2819720122070313 0.70481760238443 0.2952507669926989
0 0.7065574785156251 0.2944637343750001 0.3473266126302084 0.2808619931640626 0.3451252361750165 0.3135656247289051 0.7043561020604332 0.32716736593984264
0 0.7037480312500001 0.32731760498046886 0.3488398018978474 0.31285041542350506 0.34666557552083344 0.3428530356445313 0.7015738048729863 0.3573202252014951
0 0.6993050201822917 0.35622702343750007 0.3478440763339863 0.3445457271478602 0.34596337769805485 0.3763750769884267 0.6974243215463604 0.3880563732780666
0 0.6965445182291669 0.38850852490234383 0.34885106380208347 0.37397627392578126 0.34667552562441756 0.40325504614186614 0.694368980051501 0.41778729711842866
0 0.693021345703125 0.41765730029296877 0.3443425716145833 0.4025803720703125 0.3421296468570501 0.43136773065020156 0.6908084209455918 0.44644465887285784
0 0.69052375390625 0.44686431396484383 0.3459038528645834 0.4325597021484375 0.343776865529588 0.46138353344493194 0.6883967665712546 0.4756881452613383
0 0.6871320260416667 0.4744759702148438 0.34563191471354177 0.4598582880859375 0.3433213495235557 0.49022187601610256 0.6848214608516807 0.5048395581450088
0 0.6825832727864584 0.5035665078125 0.3439037272135417 0.48810473779296876 0.3416023199023795 0.5164607904636933 0.6802818654752961 0.5319225604832245
0 0.6800856809895836 0.532773521484375 0.3448687669270834 0.51701965234375 0.34262551072754016 0.5438693928961758 0.6778424247900402 0.5596232620368007
0 0.6784309791666668 0.5589918364257813 0.343182826171875 0.5424892031250002 0.34084958597683285 0.5691513502525917 0.6760977389716246 0.5856539835533728
0 0.6766791640625002 0.5852825424804688 0.3438792187500001 0.5682365693359375 0.3413527289138354 0.5959826425932802 0.6741526742263355 0.6130286157378115
0 0.6743240585937502 0.6128233051757813 0.3438484055989585 0.5968394238281252 0.3417224931811485 0.6215637872072394 0.6721981461759402 0.6375476685548955
0 0.6695135970052085 0.6406782944335937 0.34252958789062515 0.6235587749023438 0.3401816136323705 0.6487849148421383 0.6671656227469538 0.6659044343733882
0 0.6684033600260418 0.6651226743164064 0.34373747330729176 0.6489732138671876 0.34140225741702807 0.6753807696361785 0.6660681441357781 0.6915302300853973
0 0.6655586328125002 0.6899222158203127 0.3430278554687501 0.6742131357421877 0.34074470287480274 0.7005811773275409 0.6632754802185528 0.7162902574056659
0 0.6649711282552085 0.7163922641601563 0.3427936744791668 0.6995456870117188 0.34044923054959014 0.7247657314229199 0.6626266843256319 0.7416123085713574
0 0.6626127519531251 0.7413053452148437 0.3440253717447918 0.7246816694335937 0.3416855966612407 0.7499047511679986 0.660272976869574 0.7665284269492485
0 0.6586966608072918 0.7671723017578126 0.34382199414062514 0.7496539970703127 0.3414715077760682 0.7734183453253285 0.6563461744427349 0.7909366500128284
0 0.6562027415364585 0.7908637626953127 0.3431379277343751 0.7745990278320313 0.34113631167208475 0.7962706078101418 0.6542011254741682 0.8125353426734232
0 0.656517216796875 0.812586951171875 0.33888569335937513 0.7960824335937499 0.3367182511527651 0.8195458266507766 0.654349774590265 0.8360503442289017