0 0.8679833332261937 0.7689262440935758 0.09018173428230115 0.7460630347121118 0.08535511979166682 0.798017072265625 0.8631567187355593 0.820880281647089
0 0.8639551937162534 0.716331469704645 0.10583620794207767 0.695798452489152 0.10166314964249118 0.7445495174524758 0.8597821354166669 0.7650825346679688
0 0.8639898072916745 0.6680315704275165 0.11860145351889988 0.6469992195225954 0.11439378164389202 0.694181801438829 0.8597821354166667 0.7152141523437501
0 0.8642114194453303 0.6210841247898127 0.13480019617384464 0.6021989917294109 0.13126807967990353 0.6453640632286607 0.8606793029513891 0.6642491962890624
0 0.8597031403333903 0.5735780801001975 0.14010253494531236 0.5562852486428226 0.13659416544525532 0.6024782085816877 0.8561947708333333 0.6197710400390626
0 0.8506876880555397 0.5326649307404294 0.14265882126900678 0.5138782077924093 0.13915076215277788 0.5557105219726561 0.8471796289393108 0.5744972449206762
0 0.8515164314342947 0.49238753037220423 0.16154486070923468 0.4732289937918065 0.1581508693791068 0.5119034883219461 0.8481224401041667 0.5310620249023438
0 0.8480335783266645 0.44999299181224217 0.17453899739583345 0.4309589291992188 0.1710400596941691 0.47013166248463295 0.8445346406250002 0.4891657250976563
0 0.8476826301085115 0.4095814079025431 0.1763328975694445 0.391603525390625 0.17318490808593284 0.4287988718826131 0.8445346406249999 0.44677675439453124
0 0.8510490278105435 0.37279377410929276 0.1843945977309008 0.35470581403806084 0.18146801002452403 0.3888343592647056 0.8481224401041668 0.40692231933593753
0 0.8513859736327434 0.3275247195214415 0.19404453821271297 0.30721880606322355 0.18978649218750007 0.35083260156250007 0.8471279276075303 0.37113851502071804