0 0.7638456598032685 0.07436562454964206 0.7623930000000002 0.03188475 0.3230924511774913 0.040334711747994786 0.3245451109807596 0.08281558629763684
0 0.7603409658366321 0.11189274312379519 0.758733 0.07535574999999999 0.33051321789905813 0.08595641882196974 0.33212118373569016 0.12249341194576494
0 0.7590626150973652 0.16364030548463393 0.7581229999999999 0.11516600000000002 0.33343027164263167 0.11979658374153876 0.33436988673999696 0.1682708892261727
0 0.7555816977396269 0.20384659812315545 0.7550733333333333 0.16681875 0.33109699646514174 0.1700929922380977 0.33160536087143544 0.20712084036125317
0 0.7545539486481765 0.24083106334550253 0.7538397106092134 0.20500340598090597 0.330731 0.209748 0.33144523803896303 0.24557565736459655
0 0.7518308335599869 0.27887344547191933 0.7514133333333332 0.24412424999999996 0.3390174259588765 0.24691132615053163 0.3394349261855303 0.281660521622451
0 0.7486012603457741 0.3135752256375888 0.747707886846691 0.27941078552323223 0.335121 0.2854795 0.3360143734990832 0.31964394011435654
0 0.7475616115203435 0.3574420501545871 0.7465336666666667 0.3158837500000001 0.3379995098904147 0.3215678661122225 0.3390274547440916 0.3631261662668095
0 0.7331140000000004 0.36301525000000007 0.3268700000000001 0.35340600000000005 0.3251477995018706 0.3943606958169148 0.7313917995018708 0.4039699458169148
0 0.741321248832398 0.4173377835230402 0.7398011422499704 0.3867530999776624 0.33170666666666665 0.39816224999999994 0.3332267732490943 0.4287469335453777
0 0.7414910263420701 0.45444752601558674 0.7404339999999999 0.42244725 0.3353861874285153 0.42997319264205774 0.3364432137705853 0.4619734686576445
0 0.7406862974254153 0.48738358606423315 0.739824 0.45585125000000004 0.3414069920549139 0.46197985088179805 0.34226928948032925 0.49351218694603116
0 0.7462120420533279 0.5235025826230341 0.7459236666666668 0.489228 0.341471871548172 0.4911421470969414 0.3417602469348333 0.5254167297199754
0 0.7424212547935349 0.5517820464075679 0.7416536666666668 0.52166225 0.3445178370610338 0.5273552058281804 0.345285425187902 0.5574750022357483
0 0.742585904765957 0.5847367314233185 0.7422636666666667 0.55506625 0.3448594841997363 0.5574940184005827 0.3451817222990266 0.5871644998239012
0 0.7397146273139262 0.6144881277023135 0.739214 0.5857247500000001 0.34577469749268125 0.589576649299717 0.3462753248066073 0.6183400270020304
0 0.7432865605902362 0.646459187366696 0.7428736666666667 0.614983 0.3487654372113466 0.6178909999855844 0.34917833113491614 0.6493671873522806
0 0.742575566886464 0.6761755026477264 0.7422636666666667 0.6478747499999999 0.351195184811496 0.6502990872664904 0.3515070850312932 0.6785998399142169
0 0.7266408771023172 0.9319460938752795 0.3739616666666668 0.9254235 0.3730834069583586 0.9521354139798565 0.7257626173940089 0.958658007855136
0 0.7264346666666669 0.90508375 0.3718404345329099 0.9000423914262133 0.3711719664313085 0.9264900538905502 0.7257661985650655 0.9315314124643368
0 0.7255697129269841 0.8778408486036675 0.3699083333333335 0.872075 0.36914662040634955 0.8985044013963327 0.7248080000000002 0.9042702500000002
0 0.7286036666666669 0.8526072500000001 0.3677400000000002 0.848007 0.3671310840400377 0.8748753877783165 0.7279947507067045 0.8794756377783167
0 0.7302306666666668 0.8229110000000001 0.3669840591934823 0.8223124689803964 0.36690540987656456 0.8491617330047849 0.7301520173497491 0.8497602640243885
0 0.7299689364197 0.7948923279923351 0.3677227656879651 0.7928552096974661 0.3674421626015985 0.8209226317051311 0.7296883333333334 0.8229597500000001
0 0.7323996666666669 0.76600825 0.3625363333333334 0.7637695 0.36220797684591943 0.794283827878533 0.7320713101792529 0.796522577878533
0 0.7340263333333331 0.737126 0.35822387752160295 0.7355263530563252 0.3580052185931584 0.7644215205015461 0.7338076744048886 0.7660211674452209
0 0.7378223333333335 0.70666475 0.35715133333333343 0.706258 0.357094152903173 0.736359779927269 0.7377651529031729 0.7367665299272689
0 0.739449 0.6773755 0.3566090000000002 0.6773755 0.3566090000000002 0.70585125 0.739449 0.70585125