0 0.7646635240885415 0.10062050000000007 0.23692835546875 0.09058650000000001 0.23526516354443158 0.13979122789792978 0.7630003321642231 0.14982522789792982
0 0.7623811028645834 0.15071375000000004 0.24530872070312496 0.1386325 0.24330316481082706 0.18691578021260108 0.7603755469722855 0.19899703021260112
0 0.7534145755208335 0.19980500000000004 0.24968541861979168 0.18667850000000005 0.24755216463947913 0.2327267614397772 0.751281321540521 0.24585326143977718
0 0.7457597324218749 0.24589050000000004 0.2500348216145834 0.2317215 0.24784170457639684 0.27488194151538903 0.7435666153836884 0.289050941515389
0 0.7394169082031251 0.2889705000000001 0.25236293229166673 0.2737617500000001 0.2498612197134653 0.31882717911237957 0.7369151956249237 0.33403592911237956
0 0.7330666471354167 0.33104875000000006 0.2547023548177085 0.31730325 0.25249951514843044 0.360425719878105 0.7308638074661387 0.3741712198781051
0 0.7309744778645834 0.3725372500000001 0.2553248906250001 0.3597850000000001 0.2534342914482869 0.39945135526256254 0.7290838786878702 0.41220360526256256
0 0.7221308587239585 0.40984250000000005 0.25624288867187506 0.39613850000000006 0.25397135119360975 0.4395771760335324 0.7198593212456932 0.4532811760335324
0 0.7183907688802084 0.4509545 0.25896054752604175 0.4362297500000001 0.25683197884627273 0.4735875957080105 0.7162622002004394 0.4883123457080104
0 0.7144433007812502 0.4894395000000001 0.2601069622395834 0.4774927500000001 0.25839638176409757 0.5140853893690636 0.7127327203057643 0.5260321393690637
0 0.7097024036458334 0.526537 0.26025727669270843 0.5091602499999999 0.25773310135104294 0.5458842661493842 0.7071782283041679 0.5632610161493843
0 0.7057852096354168 0.5617485000000001 0.26062885026041677 0.5447715 0.25809133578881516 0.5821982992591297 0.7032476951638152 0.5991752992591298
0 0.7001965572916667 0.5975885 0.26425919856770846 0.5806115 0.26183319039855585 0.6156526157062788 0.6977705491225142 0.6326296157062788
0 0.6996268177083335 0.632171 0.2662034583333335 0.615194 0.26385308415552206 0.6489468849598629 0.6972764435305221 0.6659238849598629
0 0.6982041126302087 0.6648672500000001 0.26887045182291675 0.6476795000000001 0.2663320902121311 0.6833452966622368 0.695665751019423 0.7005330466622368
0 0.6909288196614584 0.6993355 0.2691189785156251 0.679718 0.26625527924283593 0.7143536213142027 0.6880651203886692 0.7339711213142026
0 0.6911190416666669 0.72385775 0.2706311464843751 0.71269875 0.2691151946616597 0.7448306307699077 0.6896030898439514 0.7559896307699077
0 0.6871820032552085 0.756554 0.2708723639322918 0.743795 0.26922476197449147 0.7740345034446093 0.6855344012974083 0.7867935034446094
0 0.6809079589186814 0.7873695851035726 0.27111358072916675 0.7748912500000001 0.2694800723313187 0.8050666648964275 0.6792744505208335 0.817545
0 0.6776078717447919 0.8188025 0.2743561790364584 0.8018255 0.27211299389259885 0.8317966148056042 0.6753646866009323 0.8487736148056042
0 0.6752975052083334 0.8450967499999998 0.2787895000000001 0.8331499999999998 0.2773263855977835 0.8604651126725381 0.6738343908061167 0.8724118626725381
0 0.6763553242187501 0.8733915000000001 0.2742329420572918 0.8531027500000001 0.2718790517714634 0.8793456423718705 0.6740014339329217 0.8996343923718705