0 0.8483072916666666 0.3393554687500001 0.607421875 0.3393554687500001 0.607421875 0.3588867187500001 0.8483072916666666 0.3588867187500001
0 0.8470052083333334 0.2983398437500001 0.609375 0.2983398437500001 0.609375 0.3164062500000001 0.8470052083333334 0.3164062500000001
0 0.3424479166666668 0.6953125 0.04882812500000011 0.6953125 0.04882812500000011 0.72021484375 0.3424479166666668 0.72021484375
0 0.8502604166666666 0.3593750000000001 0.6126302083333334 0.3593750000000001 0.6126302083333334 0.3789062500000001 0.8502604166666666 0.3789062500000001
0 0.8697916666666666 0.62060546875 0.6256510416666669 0.62060546875 0.6256510416666669 0.6435546875 0.8697916666666666 0.6435546875
0 0.8678385416666666 0.5751953125 0.6204427083333335 0.5751953125 0.6204427083333335 0.5966796875 0.8678385416666666 0.5966796875
0 0.345703125 0.41796875 0.06705729166666674 0.41796875 0.06705729166666674 0.439453125 0.345703125 0.439453125
0 0.33072916666666674 0.48583984375 0.06901041666666674 0.48583984375 0.06901041666666674 0.5068359375 0.33072916666666674 0.5068359375
0 0.3470052083333334 0.4404296875 0.06640625000000007 0.4404296875 0.06640625000000007 0.46240234375 0.3470052083333335 0.46240234375
0 0.8567708333333334 0.4023437500000001 0.609375 0.4023437500000001 0.609375 0.4228515625000001 0.8567708333333334 0.4228515625000001
0 0.34179687500000017 0.57666015625 0.057942708333333426 0.57666015625 0.057942708333333426 0.5986328125 0.34179687500000017 0.5986328125
0 0.34179687500000017 0.55322265625 0.057942708333333426 0.55322265625 0.057942708333333426 0.57470703125 0.34179687500000017 0.57470703125
0 0.33789062500000017 0.52978515625 0.05859375000000009 0.52978515625 0.05859375000000009 0.55224609375 0.33789062500000017 0.55224609375
0 0.8684895833333334 0.552734375 0.6204427083333335 0.552734375 0.6204427083333335 0.57421875 0.8684895833333334 0.57421875
0 0.3411458333333335 0.64697265625 0.055338541666666775 0.64697265625 0.055338541666666775 0.67041015625 0.3411458333333335 0.67041015625
0 0.861328125 0.4877929687500001 0.6152343750000001 0.4877929687500001 0.6152343750000001 0.5078125 0.861328125 0.5078125
0 0.34570312500000017 0.669921875 0.051432291666666775 0.669921875 0.051432291666666775 0.69384765625 0.34570312500000017 0.69384765625
0 0.3444010416666668 0.623046875 0.04947916666666676 0.623046875 0.04947916666666677 0.646484375 0.3444010416666668 0.646484375
0 0.34179687500000017 0.59912109375 0.057942708333333426 0.59912109375 0.057942708333333426 0.6220703125 0.34179687500000017 0.6220703125
0 0.8600260416666666 0.4658203125000001 0.6158854166666669 0.4658203125000001 0.6158854166666669 0.4877929687500001 0.8600260416666666 0.4877929687500001
0 0.3444010416666668 0.7197265625 0.04817708333333345 0.7197265625 0.048177083333333454 0.744140625 0.3444010416666668 0.744140625
0 0.8815104166666666 0.6650390625 0.6276041666666669 0.6650390625 0.6276041666666669 0.68798828125 0.8815104166666666 0.68798828125
0 0.33984375000000017 0.767578125 0.04427083333333346 0.767578125 0.04427083333333346 0.79296875 0.33984375000000017 0.79296875
0 0.3444010416666667 0.37353515625 0.06901041666666673 0.37353515625 0.06901041666666673 0.39697265625 0.3444010416666667 0.39697265625
0 0.8756510416666666 0.64208984375 0.6276041666666669 0.64208984375 0.6276041666666669 0.66455078125 0.8756510416666666 0.66455078125
0 0.35351562500000017 0.4609375 0.06119791666666674 0.4609375 0.06119791666666674 0.482421875 0.35351562500000017 0.482421875
0 0.8626302083333334 0.53125 0.6184895833333335 0.53125 0.6184895833333335 0.55126953125 0.8626302083333334 0.55126953125
0 0.8626302083333334 0.509765625 0.6217447916666669 0.509765625 0.6217447916666669 0.5302734375 0.8626302083333334 0.5302734375
0 0.857421875 0.4443359375000001 0.6197916666666666 0.4443359375000001 0.6197916666666667 0.4643554687500001 0.857421875 0.4643554687500001
0 0.848035817315838 0.2604254250874814 0.6046138444010417 0.25242602539062503 0.6031293814283022 0.27783541760388564 0.8465513543430986 0.285834817300742
0 0.845703125 0.27832031250000006 0.6041666666666666 0.2783203125 0.6041666666666666 0.29785156250000006 0.845703125 0.2978515625000001
0 0.3430989583333335 0.7451171875 0.05013020833333346 0.7451171875 0.05013020833333346 0.7705078125 0.3430989583333335 0.7705078125
0 0.3404947916666668 0.50634765625 0.056640625000000076 0.50634765625 0.05664062500000008 0.52783203125 0.3404947916666668 0.52783203125
0 0.87109375 0.59716796875 0.6223958333333335 0.59716796875 0.6223958333333335 0.61865234375 0.87109375 0.61865234375
0 0.8541666666666666 0.3823242187500001 0.6080729166666666 0.3823242187500001 0.6080729166666666 0.4013671875000001 0.8541666666666666 0.4013671875000001
0 0.8528645833333334 0.4233398437500001 0.61328125 0.4233398437500001 0.61328125 0.4433593750000001 0.8528645833333334 0.4433593750000001
0 0.8483072916666666 0.3183593750000001 0.611328125 0.3183593750000001 0.611328125 0.3374023437500001 0.8483072916666666 0.3374023437500001
0 0.345703125 0.39794921875 0.06966145833333341 0.39794921875 0.06966145833333341 0.41943359375 0.345703125 0.41943359375
0 0.34187926447032835 0.8141709496301345 0.339684067176338 0.7880218756047936 0.030455347627884665 0.8026241193340344 0.032650544921875004 0.8287731933593753
0 0.3571991753145332 0.22949915208081378 0.0775998453851372 0.209926536799404 0.07414378515625003 0.237697509765625 0.35374311508564604 0.2572701250470348
0 0.3519036849829651 0.35904710673993656 0.07001954818289892 0.34684343005754176 0.06829670564785059 0.3692279639426052 0.35018084244791675 0.381431640625
0 0.3531698053385417 0.337113525390625 0.07198351757812503 0.325207275390625 0.0702171462195854 0.34867244413617243 0.35140343398000207 0.36057869413617244
0 0.35068428971354176 0.31653027343750006 0.07376434266379102 0.3012097900868357 0.07152742578125004 0.323953125 0.34844737283100075 0.3392736083506644
0 0.3526214869791668 0.294118408203125 0.07633897571476707 0.28141084031274977 0.07443582184019475 0.30468571688103174 0.35071833310459444 0.317393284771407
0 0.3521246535210554 0.27301133262634913 0.08220097200520839 0.25839941406250005 0.08004236080186146 0.280829487686151 0.34996604231770845 0.2954414062500001
0 0.3529190865885417 0.25575366210937506 0.07882275325520838 0.23921704101562502 0.07655283597581253 0.260380614870609 0.35064916930914586 0.276917235964359
0 0.8899364229005021 0.7788861912562225 0.8883455660135882 0.7541471894443169 0.6283352993630862 0.7635522579537194 0.62992615625 0.788291259765625
0 0.88658576953125 0.7542023925781249 0.8852136727356997 0.7301226100121113 0.6292375611979166 0.7383271484375 0.630609657993467 0.7624069310035136
0 0.8841253053385416 0.7303896484375 0.8830881056234468 0.707908461701194 0.6282106245036552 0.714522963654319 0.6292478242187499 0.737004150390625
0 0.8816645156250001 0.706576904296875 0.8797239064219075 0.6797799576230142 0.6264238139739907 0.6900983169980143 0.6283644231770832 0.7168952636718751
0 0.8488108083553261 0.23957586699366656 0.6042529544270833 0.23067407226562506 0.6028172222436322 0.2528611447250836 0.847375076171875 0.2617629394531251