0 0.7537037037037039 0.8203125 0.2583333333333335 0.8203125 0.2583333333333335 0.8505208333333333 0.7537037037037039 0.8505208333333333
0 0.7583333333333335 0.5135416666666667 0.24444444444444455 0.5135416666666667 0.24444444444444455 0.54375 0.7583333333333335 0.54375
0 0.762962962962963 0.3848958333333333 0.24074074074074084 0.3848958333333333 0.24074074074074084 0.4161458333333333 0.762962962962963 0.4161458333333333
0 0.7583333333333333 0.3515625 0.23796296296296307 0.3515625 0.23796296296296307 0.3828125 0.7583333333333333 0.3828125
0 0.7583333333333333 0.3171875 0.2342592592592593 0.3171875 0.2342592592592593 0.35 0.7583333333333333 0.35
0 0.7583333333333335 0.6708333333333333 0.25185185185185194 0.6708333333333333 0.25185185185185194 0.7010416666666667 0.7583333333333335 0.7010416666666667
0 0.7648148148148148 0.28229166666666666 0.23148148148148154 0.28229166666666666 0.23148148148148154 0.3151041666666667 0.7648148148148148 0.3151041666666667
0 0.7555555555555558 0.7005208333333334 0.24814814814814826 0.7005208333333334 0.2481481481481483 0.7302083333333333 0.7555555555555558 0.7302083333333333
0 0.7546296296296299 0.790625 0.2583333333333335 0.790625 0.2583333333333335 0.8213541666666667 0.7546296296296299 0.8213541666666667
0 0.7601851851851853 0.48125 0.24444444444444455 0.48125 0.24444444444444455 0.5119791666666667 0.7601851851851854 0.5119791666666667
0 0.7574074074074076 0.54375 0.24351851851851863 0.54375 0.24351851851851863 0.5765625 0.7574074074074076 0.5765625
0 0.7601851851851852 0.45 0.2425925925925927 0.45 0.2425925925925927 0.48125 0.7601851851851852 0.48125
0 0.7574074074074076 0.6078125 0.24907407407407417 0.6078125 0.24907407407407417 0.6385416666666667 0.7574074074074076 0.6385416666666667
0 0.7611111111111111 0.41770833333333335 0.24166666666666678 0.41770833333333335 0.24166666666666678 0.4479166666666667 0.7611111111111111 0.4479166666666667
0 0.7583333333333335 0.6380208333333334 0.25462962962962976 0.6380208333333334 0.25462962962962976 0.6697916666666667 0.7583333333333335 0.6697916666666667
0 0.7564814814814816 0.8520833333333333 0.2601851851851854 0.8520833333333333 0.2601851851851854 0.8791666666666667 0.7564814814814816 0.8791666666666667
0 0.7509259259259261 0.7609375 0.252777777777778 0.7609375 0.252777777777778 0.7911458333333333 0.7509259259259261 0.7911458333333333
0 0.7657407407407407 0.2463541666666667 0.22777777777777783 0.24635416666666668 0.22777777777777783 0.2796875 0.7657407407407407 0.2796875
0 0.7518518518518521 0.7302083333333333 0.252777777777778 0.7302083333333333 0.252777777777778 0.7614583333333333 0.7518518518518521 0.7614583333333333
0 0.7583333333333335 0.5755208333333334 0.24444444444444455 0.5755208333333334 0.24444444444444455 0.6067708333333334 0.7583333333333335 0.6067708333333334
0 0.7675925925925926 0.2104166666666667 0.22592592592592597 0.21041666666666667 0.22592592592592597 0.24531250000000002 0.7675925925925926 0.24531250000000007
0 0.7675925925925926 0.13906250000000003 0.22222222222222227 0.1390625 0.22222222222222227 0.17239583333333336 0.7675925925925926 0.1723958333333334
0 0.7648148148148148 0.1729166666666667 0.2231481481481482 0.17291666666666666 0.2231481481481482 0.20677083333333338 0.7648148148148148 0.2067708333333334
0 0.7722222222222223 0.10208333333333337 0.2212962962962963 0.10208333333333336 0.22129629629629632 0.13906250000000003 0.7722222222222223 0.13906250000000006
0 0.7555555555555558 0.8786458333333333 0.2629629629629632 0.8786458333333333 0.2629629629629632 0.9109375 0.7555555555555558 0.9109375
0 0.7481481481481483 0.9098958333333333 0.2638888888888891 0.9098958333333333 0.2638888888888891 0.9411458333333333 0.7481481481481483 0.9411458333333333
0 0.7694444444444445 0.0619791666666667 0.2222222222222222 0.06197916666666668 0.2222222222222222 0.10104166666666671 0.7694444444444445 0.10104166666666672