0 1.007731721412764 0.05407554530920297 0.21083661197916667 0.015417004882812516 0.20230421726905753 0.07106784179615512 0.9991993267026547 0.10972638222254558
0 1.0010932080665471 0.11023650393746176 0.21137578645833335 0.07435742431640627 0.20374176831847313 0.1275227729542327 0.9934591899266868 0.16340185257528822
0 0.9895113125 0.16703359130859374 0.21644598177083338 0.12896151904296874 0.20881324790725975 0.17799975672934631 0.9818785786364264 0.2160718289949713
0 0.9851625711805553 0.21637638476562499 0.21021146701388893 0.1800779609375 0.2028743126174471 0.22964115036641408 0.9778254167841135 0.26593957419453906
0 0.966573709201389 0.26337354687500003 0.20608642795138893 0.23204989648437502 0.19989955475214202 0.27957639901381187 0.9603868360021419 0.3109000494044369
0 0.9515446588541666 0.31095711181640634 0.20419560156250008 0.2824584472656251 0.19911815732806293 0.32458822786395425 0.9464672146197296 0.3530868924147355
0 0.7701063125000002 0.8683342714843751 0.2044685798611113 0.8459122172851562 0.20081411268086008 0.8750819261277852 0.7664518453197489 0.8975039803270042
0 0.7678250581597224 0.8430409907226563 0.20584546961805575 0.8193051694335938 0.20248816526397043 0.8444559834546717 0.7644677538056369 0.8681918047437341
0 0.7870083750000003 0.8192489257812501 0.2064845798611113 0.7930847993164064 0.2032571986181297 0.8157421491516247 0.7837809937570187 0.8419062756164684
0 0.7940819366319446 0.7866279482421874 0.20781974913194456 0.7672839584960937 0.2052411416196836 0.7920112260470148 0.7915033291196836 0.8113552157931085
0 0.8027680277777779 0.7575471806640623 0.20584109027777797 0.7361601435546874 0.2026962885142793 0.7639322539322443 0.7996232260142793 0.7853192910416192
0 0.8159609175347226 0.7280952255859375 0.20681399045138907 0.7034896245117187 0.20308981488008676 0.7326614280241083 0.8122367419634203 0.7572670290983271
0 0.8194762361111113 0.6948574780273438 0.21121928778170151 0.6712878844762324 0.2077004202647968 0.7000210156278962 0.8159573685942064 0.7235906091790075
0 0.8363060980902781 0.6645093173828126 0.20667118663194456 0.6368897456054687 0.20215850621713743 0.6694397829573382 0.8317934176754709 0.6970593547346821
0 0.8481498298611112 0.6264445805664062 0.2099204557291668 0.6018496450195311 0.2056026676042699 0.6373013789169787 0.8438320417362143 0.6618963144638538
0 0.8543285954861112 0.5937726992187501 0.20802523784722238 0.5691134155273438 0.20436530197137723 0.5994645189880088 0.850668659610266 0.624123802679415
0 0.8715268819444446 0.5563050810546876 0.21224134027777794 0.52925199609375 0.20738477502365715 0.5667002038208112 0.8666703166903238 0.5937532887817488
0 0.8860064166666669 0.5193403354492189 0.21118865277777793 0.49411333398437507 0.20698754458308122 0.5296707173384919 0.8818053084719701 0.5548977188033357
0 0.897111470486111 0.4781994477539062 0.2097941328125001 0.4517016362304687 0.20495630930326766 0.4914063771673268 0.8922736469768786 0.5179041886907644
0 0.9099021987847224 0.4391768759765625 0.21329330208333339 0.41182403662109374 0.20852228311739873 0.450269296276027 0.9051311798187878 0.4776221356314958
0 0.9219823385416667 0.3965437939453125 0.21335391753472224 0.36904209521484377 0.207942708490434 0.4131583271946461 0.9165711294973785 0.44066002592511483
0 0.9384147170138891 0.3565346489257812 0.21052555729166678 0.3265975463867187 0.20531994324946887 0.36664477855242567 0.9332091029716911 0.3965818810914882