0 0.40520833333333334 0.5601851851851852 0.24427083333333338 0.5601851851851852 0.24427083333333338 0.587037037037037 0.40520833333333334 0.587037037037037
0 0.4036458333333333 0.27407407407407414 0.2390625 0.2740740740740741 0.2390625 0.3027777777777778 0.4036458333333333 0.30277777777777787
0 0.7458333333333333 0.07037037037037051 0.5848958333333333 0.0703703703703705 0.5848958333333333 0.10277777777777793 0.7458333333333333 0.10277777777777794
0 0.4046875 0.6212962962962963 0.24687500000000007 0.6212962962962963 0.24687500000000007 0.6481481481481481 0.4046875 0.6481481481481481
0 0.746875 0.10370370370370385 0.5859375 0.10370370370370384 0.5859375 0.13518518518518532 0.746875 0.13518518518518535
0 0.403125 0.6796296296296296 0.24791666666666673 0.6796296296296296 0.24791666666666673 0.7064814814814815 0.403125 0.7064814814814815
0 0.7411458333333333 0.5231481481481484 0.5828125 0.5231481481481484 0.5828125 0.5509259259259262 0.7411458333333333 0.5509259259259262
0 0.74375 0.23888888888888904 0.5838541666666667 0.23888888888888898 0.5838541666666667 0.2694444444444446 0.74375 0.26944444444444465
0 0.4036458333333333 0.40185185185185196 0.24270833333333333 0.40185185185185196 0.24270833333333333 0.42962962962962975 0.4036458333333333 0.42962962962962975
0 0.4041666666666667 0.4666666666666668 0.2447916666666667 0.4666666666666668 0.2447916666666667 0.4935185185185185 0.4041666666666667 0.4935185185185185
0 0.4015625 0.06759259259259266 0.23385416666666667 0.06759259259259265 0.23385416666666667 0.10370370370370377 0.4015625 0.10370370370370378
0 0.4041666666666667 0.7083333333333334 0.2473958333333334 0.7083333333333334 0.2473958333333334 0.7351851851851852 0.4041666666666667 0.7351851851851852
0 0.7375 0.6759259259259262 0.58125 0.6759259259259262 0.58125 0.7064814814814817 0.7375 0.7064814814814817
0 0.5755208333333334 0.21018518518518528 0.4161458333333333 0.21018518518518528 0.4161458333333333 0.24351851851851863 0.5755208333333334 0.24351851851851863
0 0.571875 0.4027777777777779 0.41354166666666664 0.4027777777777779 0.41354166666666664 0.4314814814814816 0.571875 0.4314814814814816
0 0.4036458333333333 0.7398148148148148 0.24843750000000006 0.7398148148148148 0.24843750000000006 0.7666666666666667 0.4036458333333333 0.7666666666666667
0 0.7338541666666667 0.7962962962962965 0.5807291666666666 0.7962962962962965 0.5807291666666666 0.8250000000000002 0.7338541666666667 0.8250000000000002
0 0.5723958333333333 0.3064814814814816 0.41510416666666666 0.3064814814814816 0.41510416666666666 0.3379629629629631 0.5723958333333333 0.3379629629629631
0 0.7328125 0.8555555555555557 0.5796875 0.8555555555555557 0.5796875 0.8842592592592595 0.7328125 0.8842592592592595
0 0.40625 0.49722222222222223 0.2447916666666667 0.49722222222222223 0.2447916666666667 0.524074074074074 0.40625 0.524074074074074
0 0.5671875 0.6750000000000002 0.4140625 0.675 0.4140625 0.7055555555555557 0.5671875 0.7055555555555557
0 0.40520833333333334 0.8 0.24947916666666672 0.8 0.24947916666666672 0.825 0.40520833333333334 0.825
0 0.5661458333333333 0.7953703703703705 0.41302083333333334 0.7953703703703704 0.41302083333333334 0.8240740740740742 0.5661458333333333 0.8240740740740743
0 0.4010416666666667 0.20555555555555563 0.23697916666666666 0.2055555555555556 0.23697916666666666 0.23888888888888893 0.4010416666666667 0.23888888888888898
0 0.5776041666666667 0.14351851851851863 0.4161458333333333 0.14351851851851863 0.4161458333333333 0.17592592592592604 0.5776041666666667 0.17592592592592604
0 0.74375 0.20370370370370383 0.5838541666666667 0.2037037037037038 0.5838541666666667 0.2342592592592594 0.74375 0.23425925925925942
0 0.5755208333333334 0.17685185185185195 0.4171875 0.17685185185185195 0.4171875 0.20925925925925937 0.5755208333333334 0.20925925925925937
0 0.4036458333333333 0.8296296296296296 0.2515625000000001 0.8296296296296296 0.2515625000000001 0.8574074074074074 0.4036458333333333 0.8574074074074074
0 0.4036458333333333 0.37037037037037046 0.2421875 0.37037037037037046 0.2421875 0.3990740740740742 0.4036458333333333 0.3990740740740742
0 0.7385416666666667 0.6462962962962965 0.58125 0.6462962962962965 0.58125 0.6750000000000002 0.7385416666666667 0.6750000000000002
0 0.5697916666666667 0.4648148148148149 0.4140625 0.4648148148148149 0.4140625 0.49351851851851863 0.5697916666666667 0.49351851851851875
0 0.4041666666666667 0.43333333333333346 0.24322916666666672 0.43333333333333346 0.24322916666666672 0.4611111111111112 0.4041666666666667 0.4611111111111112
0 0.7447916666666666 0.17222222222222236 0.5854166666666667 0.17222222222222233 0.5854166666666667 0.20185185185185198 0.7447916666666666 0.201851851851852
0 0.40260416666666665 0.23888888888888893 0.23854166666666668 0.2388888888888889 0.23854166666666668 0.2694444444444445 0.40260416666666665 0.26944444444444454
0 0.5677083333333334 0.8250000000000001 0.41458333333333336 0.825 0.41458333333333336 0.8546296296296297 0.5677083333333334 0.8546296296296299
0 0.5671875 0.7361111111111113 0.41302083333333334 0.7361111111111112 0.41302083333333334 0.7694444444444446 0.5671875 0.7694444444444447
0 0.4041666666666667 0.5898148148148148 0.2458333333333334 0.5898148148148148 0.2458333333333334 0.6175925925925926 0.4041666666666667 0.6175925925925926
0 0.7421875 0.33518518518518536 0.5822916666666667 0.3351851851851853 0.5822916666666667 0.3657407407407409 0.7421875 0.365740740740741
0 0.40468750000000003 0.8583333333333333 0.2505208333333334 0.8583333333333333 0.2505208333333334 0.8861111111111111 0.40468750000000014 0.8861111111111111
0 0.5671875 0.7037037037037038 0.4140625 0.7037037037037037 0.4140625 0.7370370370370372 0.5671875 0.7370370370370373
0 0.40260416666666665 0.13888888888888898 0.23645833333333333 0.13888888888888895 0.23645833333333333 0.1722222222222223 0.40260416666666665 0.17222222222222233
0 0.56875 0.5546296296296297 0.41458333333333336 0.5546296296296296 0.41458333333333336 0.5842592592592594 0.56875 0.5842592592592595
0 0.7364583333333333 0.7351851851851854 0.5807291666666666 0.7351851851851854 0.5807291666666666 0.7629629629629632 0.7364583333333333 0.7629629629629632
0 0.5682291666666667 0.613888888888889 0.41458333333333336 0.6138888888888889 0.41458333333333336 0.6462962962962964 0.5682291666666667 0.6462962962962965
0 0.7401041666666667 0.614814814814815 0.5833333333333334 0.614814814814815 0.5833333333333334 0.6453703703703706 0.7401041666666667 0.6453703703703706
0 0.7401041666666667 0.4296296296296298 0.5807291666666666 0.42962962962962975 0.5807291666666666 0.4583333333333335 0.7401041666666667 0.45833333333333354
0 0.4015625 0.10370370370370377 0.2359375 0.10370370370370376 0.2359375 0.13888888888888898 0.4015625 0.138888888888889
0 0.5682291666666667 0.5842592592592594 0.41510416666666666 0.5842592592592593 0.41510416666666666 0.613888888888889 0.5682291666666667 0.6138888888888892
0 0.7369791666666666 0.7064814814814817 0.5807291666666666 0.7064814814814817 0.5807291666666666 0.7342592592592595 0.7369791666666666 0.7342592592592595
0 0.7348958333333333 0.7648148148148151 0.5807291666666666 0.7648148148148151 0.5807291666666666 0.7944444444444446 0.7348958333333333 0.7944444444444446
0 0.7421875 0.36759259259259275 0.5833333333333334 0.3675925925925927 0.5833333333333334 0.3962962962962965 0.7421875 0.3962962962962965
0 0.5677083333333334 0.8555555555555556 0.41458333333333336 0.8555555555555555 0.4145833333333334 0.8870370370370372 0.5677083333333334 0.8870370370370373
0 0.40520833333333334 0.65 0.24687500000000007 0.65 0.24687500000000007 0.675 0.40520833333333334 0.675
0 0.7395833333333334 0.5842592592592595 0.5828125 0.5842592592592595 0.5828125 0.614814814814815 0.7395833333333334 0.614814814814815
0 0.4005208333333333 0.17314814814814822 0.2375 0.1731481481481482 0.2375 0.20370370370370378 0.4005208333333333 0.2037037037037038
0 0.5692708333333333 0.525925925925926 0.4140625 0.5259259259259259 0.4140625 0.5546296296296297 0.5692708333333333 0.5546296296296298
0 0.7328125 0.8259259259259262 0.5802083333333333 0.8259259259259262 0.5802083333333333 0.8555555555555557 0.7328125 0.8555555555555557
0 0.7401041666666667 0.4592592592592594 0.58125 0.45925925925925937 0.58125 0.49166666666666686 0.7401041666666667 0.49166666666666686
0 0.403125 0.3046296296296297 0.24114583333333334 0.30462962962962964 0.24114583333333334 0.3342592592592593 0.403125 0.33425925925925937
0 0.5671875 0.6453703703703705 0.41510416666666666 0.6453703703703704 0.41510416666666666 0.675925925925926 0.5671875 0.6759259259259262
0 0.7427083333333333 0.3027777777777779 0.5817708333333333 0.30277777777777787 0.5817708333333333 0.33240740740740754 0.7427083333333333 0.3324074074074076
0 0.5729166666666666 0.3398148148148149 0.41354166666666664 0.3398148148148149 0.41354166666666664 0.37037037037037046 0.5729166666666666 0.37037037037037046
0 0.5791666666666667 0.11018518518518529 0.415625 0.11018518518518526 0.415625 0.14351851851851863 0.5791666666666667 0.14351851851851863
0 0.7458333333333333 0.1379629629629631 0.5859375 0.13796296296296306 0.5859375 0.1703703703703705 0.7458333333333333 0.17037037037037053
0 0.4036458333333333 0.338888888888889 0.2421875 0.338888888888889 0.2421875 0.36666666666666675 0.4036458333333333 0.36666666666666675
0 0.5708333333333333 0.3712962962962964 0.4140625 0.3712962962962964 0.4140625 0.4000000000000001 0.5708333333333333 0.4000000000000001
0 0.4041666666666667 0.5277777777777778 0.2458333333333334 0.5277777777777778 0.2458333333333334 0.5564814814814815 0.4041666666666667 0.5564814814814815
0 0.5739583333333333 0.275925925925926 0.415625 0.275925925925926 0.415625 0.3064814814814816 0.5739583333333333 0.3064814814814816
0 0.4046875 0.7694444444444445 0.24947916666666672 0.7694444444444445 0.24947916666666672 0.7962962962962963 0.4046875 0.7962962962962963
0 0.5697916666666667 0.43425925925925934 0.4140625 0.43425925925925934 0.4140625 0.46203703703703713 0.5697916666666667 0.46203703703703713
0 0.5703125 0.49537037037037046 0.41458333333333336 0.49537037037037035 0.41458333333333336 0.5222222222222224 0.5703125 0.5222222222222225
0 0.7401041666666667 0.551851851851852 0.5828125 0.551851851851852 0.5828125 0.5833333333333336 0.7401041666666667 0.5833333333333336
0 0.740625 0.39907407407407425 0.5822916666666667 0.3990740740740742 0.5822916666666667 0.4277777777777779 0.740625 0.427777777777778
0 0.5661458333333333 0.7657407407407408 0.4119791666666667 0.7657407407407407 0.4119791666666667 0.7981481481481483 0.5661458333333333 0.7981481481481484
0 0.740625 0.4925925925925928 0.5817708333333333 0.4925925925925928 0.5817708333333333 0.5231481481481484 0.740625 0.5231481481481484
0 0.7427083333333333 0.27037037037037054 0.5833333333333334 0.2703703703703705 0.5833333333333334 0.3009259259259261 0.7427083333333333 0.30092592592592615
0 0.5739583333333333 0.24166666666666678 0.415625 0.24166666666666678 0.415625 0.27314814814814825 0.5739583333333333 0.27314814814814825
0 0.5661458333333333 0.8870370370370372 0.4140625000000001 0.8870370370370371 0.4140625000000001 0.9175925925925927 0.5661458333333333 0.9175925925925928
0 0.40520833333333345 0.8888888888888888 0.2520833333333334 0.8888888888888888 0.2520833333333334 0.9148148148148149 0.40520833333333345 0.9148148148148149
0 0.7317708333333334 0.8861111111111113 0.5796875 0.8861111111111113 0.5796875 0.9148148148148151 0.7317708333333334 0.9148148148148151
0 0.5797802083333334 0.07685740740740751 0.41427604166666665 0.06823518518518527 0.41369998676379394 0.10318207605498984 0.5792041534304607 0.1118042982772121