0 0.26416015625 0.10742187500000001 0.059082031250000014 0.107421875 0.059082031250000014 0.15364583333333334 0.26416015625 0.15364583333333337
0 0.939453125 0.22070312500000014 0.744140625 0.22070312500000014 0.744140625 0.2584635416666668 0.939453125 0.2584635416666668
0 0.47412109375 0.30143229166666674 0.27294921875 0.30143229166666674 0.27294921875 0.33984375000000006 0.47412109375 0.33984375000000017
0 0.47119140625 0.33203125000000006 0.27197265625 0.33203125000000006 0.27197265625 0.36979166666666674 0.47119140625 0.3697916666666668
0 0.71142578125 0.18619791666666677 0.51416015625 0.18619791666666674 0.51416015625 0.22395833333333345 0.71142578125 0.22395833333333348
0 0.25390625 0.3561197916666667 0.05078125000000003 0.3561197916666667 0.050781250000000035 0.3938802083333333 0.25390625 0.3938802083333333
0 0.94287109375 0.2513020833333335 0.74365234375 0.2513020833333335 0.74365234375 0.2897135416666668 0.94287109375 0.2897135416666668
0 0.25537109375 0.3248697916666667 0.04980468750000003 0.3248697916666667 0.04980468750000003 0.3639322916666667 0.25537109375 0.3639322916666667
0 0.23925781250000006 0.6640625 0.034667968750000056 0.6640625 0.03466796875000006 0.705078125 0.23925781250000006 0.705078125
0 0.24658203125000006 0.5384114583333334 0.042968750000000056 0.5384114583333334 0.042968750000000056 0.5774739583333334 0.24658203125000006 0.5774739583333334
0 0.25927734375 0.20312500000000003 0.057128906250000014 0.203125 0.05712890625000002 0.24153645833333337 0.25927734375 0.2415364583333334
0 0.46923828125 0.41992187500000006 0.2685546875 0.419921875 0.2685546875 0.45898437500000006 0.46923828125 0.45898437500000017
0 0.470703125 0.27148437500000006 0.27197265625 0.27148437500000006 0.27197265625 0.30924479166666674 0.470703125 0.30924479166666674
0 0.2529296875 0.3860677083333333 0.04980468750000004 0.3860677083333333 0.04980468750000004 0.4251302083333333 0.2529296875 0.4251302083333333
0 0.24218750000000006 0.6315104166666666 0.036621093750000056 0.6315104166666666 0.036621093750000056 0.6731770833333334 0.24218750000000006 0.6731770833333334
0 0.23437500000000006 0.7584635416666666 0.03320312500000007 0.7584635416666666 0.03320312500000007 0.7981770833333334 0.23437500000000006 0.7981770833333334
0 0.93994140625 0.4908854166666668 0.74169921875 0.4908854166666668 0.74169921875 0.5292968750000001 0.93994140625 0.5292968750000001
0 0.9384765625 0.5800781250000001 0.73681640625 0.5800781250000001 0.73681640625 0.6204427083333335 0.9384765625 0.6204427083333335
0 0.24804687500000006 0.5071614583333334 0.04248046875000004 0.5071614583333334 0.04248046875000005 0.5481770833333334 0.24804687500000006 0.5481770833333334
0 0.24951171875000006 0.4765625 0.04589843750000004 0.4765625 0.04589843750000004 0.5169270833333334 0.24951171875000006 0.5169270833333334
0 0.22949218750000006 0.8522135416666666 0.026367187500000076 0.8522135416666666 0.02636718750000008 0.892578125 0.22949218750000006 0.892578125
0 0.71240234375 0.2167968750000001 0.51220703125 0.21679687500000008 0.51220703125 0.2526041666666668 0.71240234375 0.2526041666666668
0 0.23730468750000006 0.7265625 0.03320312500000007 0.7265625 0.03320312500000007 0.767578125 0.23730468750000006 0.767578125
0 0.25 0.4173177083333333 0.04687500000000004 0.4173177083333333 0.04687500000000004 0.4563802083333333 0.25 0.4563802083333333
0 0.9384765625 0.4615885416666668 0.7392578125 0.4615885416666668 0.7392578125 0.4993489583333335 0.9384765625 0.4993489583333335
0 0.24218750000000006 0.6009114583333334 0.040527343750000056 0.6009114583333334 0.040527343750000056 0.6412760416666666 0.24218750000000006 0.6412760416666666
0 0.22900390625000008 0.8834635416666666 0.023925781250000083 0.8834635416666666 0.023925781250000083 0.9251302083333334 0.2290039062500001 0.9251302083333334
0 0.93798828125 0.18945312500000014 0.7431640625 0.18945312500000014 0.7431640625 0.22721354166666682 0.93798828125 0.22721354166666682
0 0.47314453125 0.2415364583333334 0.27490234375 0.2415364583333334 0.27490234375 0.2786458333333334 0.47314453125 0.2786458333333334
0 0.25732421875 0.29427083333333337 0.05371093750000003 0.2942708333333333 0.05371093750000003 0.33203125000000006 0.25732421875 0.33203125000000006
0 0.47021484375 0.21158854166666674 0.27294921875 0.21158854166666674 0.27294921875 0.2493489583333334 0.47021484375 0.2493489583333334
0 0.7099609375 0.15755208333333343 0.5107421875 0.1575520833333334 0.5107421875 0.19466145833333345 0.7099609375 0.19466145833333348
0 0.23974609375000006 0.6953125 0.03515625000000007 0.6953125 0.03515625000000007 0.7369791666666666 0.23974609375000006 0.7369791666666666
0 0.93896484375 0.5208333333333335 0.73974609375 0.5208333333333335 0.73974609375 0.5592447916666669 0.93896484375 0.5592447916666669
0 0.25732421875 0.2643229166666667 0.05566406250000003 0.2643229166666667 0.05566406250000003 0.30208333333333337 0.25732421875 0.3020833333333334
0 0.4599609375000001 0.6966145833333334 0.2573242187500001 0.6966145833333334 0.2573242187500001 0.7369791666666666 0.4599609375000001 0.7369791666666666
0 0.71142578125 0.2760416666666668 0.509765625 0.27604166666666674 0.509765625 0.3144531250000001 0.71142578125 0.31445312500000017
0 0.24951171875000006 0.4485677083333333 0.04687500000000004 0.4485677083333333 0.04687500000000004 0.4869791666666667 0.24951171875000006 0.4869791666666667
0 0.24560546875000006 0.568359375 0.041503906250000056 0.568359375 0.041503906250000056 0.6100260416666666 0.24560546875000006 0.6100260416666666
0 0.93994140625 0.5475260416666669 0.74072265625 0.5475260416666669 0.74072265625 0.5898437500000001 0.93994140625 0.5898437500000001
0 0.708984375 0.2460937500000001 0.5078125 0.24609375000000008 0.5078125 0.2838541666666668 0.708984375 0.2838541666666668
0 0.23339843750000006 0.8203125 0.024902343750000076 0.8203125 0.024902343750000076 0.861328125 0.23339843750000006 0.861328125
0 0.4619140625000001 0.7272135416666666 0.2578125000000001 0.7272135416666666 0.2578125000000001 0.7682291666666666 0.4619140625000001 0.7682291666666666
0 0.9404296875 0.43164062500000017 0.7412109375 0.43164062500000017 0.7412109375 0.4700520833333335 0.9404296875 0.4700520833333335
0 0.46728515625000006 0.6028645833333334 0.26171875 0.6028645833333334 0.26171875000000006 0.6432291666666667 0.4672851562500001 0.6432291666666669
0 0.4702148437500001 0.6341145833333334 0.2612304687500001 0.6341145833333334 0.2612304687500001 0.6744791666666666 0.4702148437500001 0.6744791666666666
0 0.4633789062500001 0.7584635416666666 0.2592773437500001 0.7584635416666666 0.2592773437500001 0.8001302083333334 0.4633789062500001 0.8001302083333334
0 0.23632812500000006 0.7884114583333334 0.03076171875000007 0.7884114583333334 0.030761718750000073 0.8294270833333334 0.23632812500000006 0.8294270833333334
0 0.9404296875 0.39648437500000017 0.7392578125 0.39648437500000017 0.7392578125 0.4407552083333335 0.9404296875 0.4407552083333335
0 0.46679687500000006 0.5729166666666667 0.26611328125 0.5729166666666666 0.26611328125000006 0.6119791666666667 0.4667968750000001 0.6119791666666669
0 0.4736328125 0.1809895833333334 0.27294921875 0.1809895833333334 0.27294921875 0.2200520833333334 0.4736328125 0.2200520833333334
0 0.2587890625 0.23437500000000003 0.05615234375000003 0.234375 0.05615234375000003 0.27278645833333337 0.2587890625 0.2727864583333334
0 0.4653320312500001 0.6653645833333334 0.2617187500000001 0.6653645833333334 0.2617187500000001 0.7057291666666666 0.4653320312500001 0.7057291666666666
0 0.71044921875 0.3033854166666668 0.5087890625 0.30338541666666674 0.5087890625 0.3430989583333335 0.71044921875 0.3430989583333335
0 0.7099609375 0.11979166666666675 0.509765625 0.11979166666666674 0.509765625 0.16276041666666677 0.7099609375 0.16276041666666677
0 0.4677734375 0.5416666666666667 0.26318359375 0.5416666666666666 0.26318359375 0.5820312500000001 0.4677734375 0.5820312500000001
0 0.4614257812500001 0.85546875 0.2534179687500001 0.85546875 0.2534179687500001 0.8971354166666666 0.4614257812500001 0.8971354166666666
0 0.4614257812500001 0.7916666666666666 0.2592773437500001 0.7916666666666666 0.2592773437500001 0.8326822916666666 0.4614257812500001 0.8326822916666666
0 0.4697265625 0.36132812500000006 0.2705078125 0.361328125 0.2705078125 0.39908854166666674 0.4697265625 0.3990885416666668
0 0.9404296875 0.16145833333333345 0.74462890625 0.16145833333333345 0.74462890625 0.19921875000000014 0.9404296875 0.19921875000000014
0 0.4658203125 0.5110677083333334 0.263671875 0.5110677083333334 0.263671875 0.5501302083333334 0.4658203125 0.5501302083333335
0 0.4575195312500001 0.8274739583333334 0.2524414062500001 0.8274739583333334 0.2524414062500001 0.8684895833333334 0.4575195312500001 0.8684895833333334
0 0.26171875 0.14322916666666669 0.058593750000000014 0.14322916666666666 0.058593750000000014 0.18164062500000003 0.26171875 0.18164062500000008
0 0.70849609375 0.33593750000000017 0.50830078125 0.33593750000000017 0.50830078125 0.3756510416666668 0.70849609375 0.3756510416666668
0 0.93994140625 0.3704427083333335 0.73974609375 0.3704427083333335 0.73974609375 0.4069010416666668 0.93994140625 0.4069010416666668
0 0.4638671875000001 0.888671875 0.2519531250000001 0.888671875 0.2519531250000001 0.9296875 0.4638671875000001 0.9296875
0 0.47314453125 0.1516927083333334 0.2744140625 0.15169270833333337 0.2744140625 0.18945312500000008 0.47314453125 0.18945312500000008
0 0.46728515625 0.48046875000000006 0.265625 0.48046875 0.265625 0.5195312500000001 0.46728515625 0.5195312500000001
0 0.93994140625 0.3098958333333335 0.740234375 0.3098958333333335 0.740234375 0.3489583333333335 0.93994140625 0.3489583333333335
0 0.26123046875 0.17382812500000003 0.058593750000000014 0.173828125 0.058593750000000014 0.21223958333333337 0.26123046875 0.2122395833333334
0 0.9404296875 0.33984375000000017 0.7412109375 0.33984375000000017 0.7412109375 0.37890625000000017 0.9404296875 0.37890625000000017
0 0.7099609375 0.3665364583333335 0.505859375 0.3665364583333335 0.505859375 0.4055989583333335 0.7099609375 0.4055989583333335
0 0.46728515625 0.45117187500000006 0.26806640625 0.451171875 0.26806640625 0.48893229166666674 0.46728515625 0.4889322916666668
0 0.9404296875 0.28125000000000017 0.744140625 0.28125000000000017 0.744140625 0.31835937500000017 0.9404296875 0.31835937500000017
0 0.4697265625 0.3899739583333334 0.26708984375 0.3899739583333333 0.26708984375 0.42773437500000006 0.4697265625 0.42773437500000017
0 0.71044921875 0.3971354166666668 0.50634765625 0.3971354166666668 0.50634765625 0.4368489583333335 0.71044921875 0.4368489583333335
0 0.70751953125 0.4290364583333335 0.505859375 0.4290364583333335 0.505859375 0.4674479166666668 0.70751953125 0.4674479166666668
0 0.47509765625 0.11848958333333338 0.27490234375 0.11848958333333337 0.27490234375 0.1588541666666667 0.47509765625 0.15885416666666674
0 0.70947265625 0.4596354166666668 0.50634765625 0.4596354166666668 0.50634765625 0.4986979166666668 0.70947265625 0.4986979166666668
0 0.2319335937500001 0.9173177083333334 0.022949218750000083 0.9173177083333334 0.022949218750000087 0.95703125 0.2319335937500001 0.95703125
0 0.94287109375 0.1256510416666668 0.7421875 0.12565104166666677 0.7421875 0.16731770833333348 0.94287109375 0.16731770833333348
0 0.9471118572648289 0.6196688532334204 0.7319795185546875 0.6165546490885417 0.731714433750796 0.6491098909072048 0.9468467724609375 0.6522240950520835
0 0.7103389542191334 0.49710803559786054 0.5035517695312501 0.4944505501302085 0.5033341253707105 0.5245582248188063 0.7101213100585938 0.5272157102864584