0 0.4970703125 0.4895833333333334 0.28955078125 0.4895833333333333 0.28955078125 0.5169270833333334 0.4970703125 0.5169270833333335
0 0.72216796875 0.85546875 0.5205078125 0.85546875 0.5205078125 0.8873697916666666 0.72216796875 0.8873697916666666
0 0.72314453125 0.07161458333333344 0.5126953125 0.07161458333333343 0.5126953125 0.10026041666666675 0.72314453125 0.10026041666666678
0 0.72412109375 0.4583333333333335 0.52392578125 0.4583333333333335 0.52392578125 0.48828125000000017 0.72412109375 0.48828125000000017
0 0.7216796875 0.3287760416666668 0.5185546875 0.32877604166666674 0.5185546875 0.3580729166666668 0.7216796875 0.3580729166666668
0 0.72216796875 0.3600260416666668 0.5185546875 0.3600260416666668 0.5185546875 0.38867187500000017 0.72216796875 0.38867187500000017
0 0.7216796875 0.2975260416666668 0.51953125 0.29752604166666674 0.51953125 0.3268229166666668 0.7216796875 0.3268229166666668
0 0.7236328125 0.3912760416666668 0.52099609375 0.3912760416666668 0.52099609375 0.4212239583333335 0.7236328125 0.4212239583333335
0 0.50390625 0.5859375000000001 0.28955078125 0.5859375 0.28955078125000006 0.6145833333333334 0.50390625 0.6145833333333335
0 0.72216796875 0.6386718750000001 0.51904296875 0.6386718750000001 0.51904296875 0.66796875 0.72216796875 0.66796875
0 0.72314453125 0.5787760416666669 0.51904296875 0.5787760416666669 0.51904296875 0.6080729166666669 0.72314453125 0.6080729166666669
0 0.49755859375 0.5208333333333334 0.291015625 0.5208333333333334 0.291015625 0.5520833333333334 0.49755859375 0.5520833333333335
0 0.7216796875 0.6093750000000001 0.51806640625 0.6093750000000001 0.51806640625 0.6360677083333335 0.7216796875 0.6360677083333335
0 0.72265625 0.7317708333333334 0.5166015625 0.7317708333333334 0.5166015625 0.7591145833333334 0.72265625 0.7591145833333334
0 0.72412109375 0.4231770833333335 0.51611328125 0.4231770833333335 0.51611328125 0.4524739583333335 0.72412109375 0.4524739583333335
0 0.93603515625 0.7526041666666669 0.7373046875 0.7526041666666666 0.7373046875 0.7805989583333335 0.93603515625 0.7805989583333336
0 0.72509765625 0.19986979166666677 0.51904296875 0.19986979166666674 0.51904296875 0.22981770833333345 0.72509765625 0.22981770833333348
0 0.7216796875 0.2656250000000001 0.51708984375 0.26562500000000006 0.51708984375 0.2949218750000001 0.7216796875 0.29492187500000017
0 0.93505859375 0.7877604166666669 0.73974609375 0.7877604166666666 0.73974609375 0.8151041666666669 0.93505859375 0.815104166666667
0 0.72119140625 0.23372395833333345 0.5185546875 0.2337239583333334 0.5185546875 0.2630208333333334 0.72119140625 0.2630208333333335
0 0.720703125 0.5169270833333335 0.52099609375 0.5169270833333335 0.52099609375 0.5455729166666669 0.720703125 0.5455729166666669
0 0.72412109375 0.5468750000000001 0.52001953125 0.5468750000000001 0.52001953125 0.5755208333333335 0.72412109375 0.5755208333333335
0 0.93896484375 0.6015625000000001 0.73828125 0.6015625000000001 0.73828125 0.6302083333333335 0.93896484375 0.6302083333333335
0 0.72265625 0.48437500000000017 0.52099609375 0.48437500000000017 0.52099609375 0.5130208333333335 0.72265625 0.5130208333333335
0 0.7236328125 0.701171875 0.51806640625 0.701171875 0.51806640625 0.7291666666666666 0.7236328125 0.7291666666666666
0 0.93994140625 0.3209635416666668 0.75048828125 0.3209635416666668 0.75048828125 0.35156250000000017 0.93994140625 0.35156250000000017
0 0.72021484375 0.669921875 0.52099609375 0.669921875 0.52099609375 0.6979166666666666 0.72021484375 0.6979166666666666
0 0.94482421875 0.19661458333333348 0.74951171875 0.19661458333333348 0.74951171875 0.22591145833333348 0.94482421875 0.22591145833333348
0 0.93798828125 0.5722656250000001 0.744140625 0.5722656250000001 0.744140625 0.6009114583333335 0.93798828125 0.6009114583333335
0 0.9384765625 0.5097656250000001 0.74267578125 0.5097656250000001 0.74267578125 0.5384114583333335 0.9384765625 0.5384114583333335
0 0.720703125 0.8229166666666666 0.51904296875 0.8229166666666666 0.51904296875 0.8509114583333334 0.720703125 0.8509114583333334
0 0.9453125 0.2903645833333335 0.75 0.2903645833333335 0.75 0.32031250000000017 0.9453125 0.32031250000000017
0 0.501953125 0.6171875000000001 0.2924804687500001 0.6171875 0.2924804687500001 0.6464843750000001 0.501953125 0.6464843750000001
0 0.72509765625 0.10677083333333343 0.51611328125 0.10677083333333341 0.51611328125 0.13736979166666677 0.72509765625 0.13736979166666677
0 0.9365234375 0.6341145833333335 0.73779296875 0.6341145833333335 0.73779296875 0.6627604166666669 0.9365234375 0.6627604166666669
0 0.72021484375 0.76171875 0.51904296875 0.76171875 0.51904296875 0.7903645833333334 0.72021484375 0.7903645833333334
0 0.50244140625 0.6490885416666667 0.2915039062500001 0.6490885416666666 0.2915039062500001 0.6790364583333334 0.50244140625 0.6790364583333334
0 0.93505859375 0.6653645833333335 0.73876953125 0.6653645833333335 0.73876953125 0.6940104166666669 0.93505859375 0.694010416666667
0 0.94189453125 0.3541666666666668 0.74658203125 0.3541666666666668 0.74658203125 0.3841145833333335 0.94189453125 0.3841145833333335
0 0.939453125 0.5410156250000001 0.7421875 0.5410156250000001 0.7421875 0.5703125000000001 0.939453125 0.5703125000000001
0 0.72021484375 0.7916666666666666 0.51806640625 0.7916666666666666 0.51806640625 0.8203125 0.72021484375 0.8203125
0 0.49658203125 0.5533854166666667 0.29638671875 0.5533854166666666 0.29638671875 0.5833333333333334 0.49658203125 0.5833333333333335
0 0.50341796875 0.806640625 0.2968750000000001 0.806640625 0.2968750000000001 0.8352864583333334 0.50341796875 0.8352864583333334
0 0.267578125 0.4973958333333333 0.07177734375000006 0.4973958333333333 0.07177734375000006 0.5260416666666666 0.267578125 0.5260416666666666
0 0.93896484375 0.4173177083333335 0.7431640625 0.4173177083333335 0.7431640625 0.4466145833333335 0.93896484375 0.4466145833333335
0 0.9462890625 0.2591145833333335 0.74267578125 0.2591145833333335 0.74267578125 0.28906250000000017 0.9462890625 0.28906250000000017
0 0.5009765625 0.7135416666666666 0.2954101562500001 0.7135416666666666 0.2954101562500001 0.7421875 0.5009765625 0.7421875
0 0.94189453125 0.3860677083333335 0.744140625 0.3860677083333335 0.744140625 0.4153645833333335 0.94189453125 0.4153645833333335
0 0.93994140625 0.4791666666666668 0.7392578125 0.4791666666666668 0.7392578125 0.5084635416666669 0.93994140625 0.5084635416666669
0 0.94287109375 0.22721354166666682 0.74658203125 0.22721354166666682 0.74658203125 0.25781250000000017 0.94287109375 0.25781250000000017
0 0.9453125 0.13476562500000014 0.74951171875 0.1347656250000001 0.74951171875 0.1647135416666668 0.9453125 0.16471354166666682
0 0.27050781250000006 0.5904947916666666 0.07568359375000006 0.5904947916666666 0.07568359375000006 0.6204427083333334 0.2705078125000001 0.6204427083333334
0 0.27099609375 0.3385416666666667 0.06250000000000003 0.3385416666666667 0.06250000000000003 0.369140625 0.27099609375 0.369140625
0 0.5009765625 0.681640625 0.2939453125000001 0.681640625 0.2939453125000001 0.7115885416666666 0.5009765625 0.7115885416666666
0 0.7236328125 0.16861979166666677 0.51708984375 0.16861979166666674 0.51708984375 0.19856770833333345 0.7236328125 0.19856770833333348
0 0.2680664062500001 0.6223958333333334 0.07031250000000006 0.6223958333333334 0.07031250000000006 0.6516927083333334 0.2680664062500001 0.6516927083333334
0 0.9453125 0.44726562500000017 0.7451171875 0.44726562500000017 0.7451171875 0.4772135416666668 0.9453125 0.4772135416666668
0 0.26611328125 0.560546875 0.06787109375000006 0.560546875 0.06787109375000006 0.58984375 0.26611328125 0.58984375
0 0.93359375 0.8177083333333335 0.73681640625 0.8177083333333334 0.73681640625 0.8457031250000001 0.93359375 0.8457031250000003
0 0.93603515625 0.6966145833333335 0.73828125 0.6966145833333334 0.73828125 0.7246093750000001 0.93603515625 0.7246093750000003
0 0.94873046875 0.16601562500000014 0.7490234375 0.1660156250000001 0.7490234375 0.19531250000000014 0.94873046875 0.19531250000000014
0 0.5048828125 0.7760416666666666 0.2939453125000001 0.7760416666666666 0.2939453125000001 0.8040364583333334 0.5048828125 0.8040364583333334
0 0.2719726562500001 0.775390625 0.07568359375000008 0.775390625 0.07568359375000008 0.8046875 0.2719726562500001 0.8046875
0 0.2705078125000001 0.7447916666666666 0.07373046875000006 0.7447916666666666 0.07373046875000007 0.7747395833333334 0.2705078125000001 0.7747395833333334
0 0.50537109375 0.744140625 0.2988281250000001 0.744140625 0.2988281250000001 0.7734375 0.50537109375 0.7734375
0 0.9501953125 0.1002604166666668 0.7451171875 0.10026041666666678 0.7451171875 0.13020833333333345 0.9501953125 0.13020833333333348
0 0.5048828125 0.8684895833333334 0.2988281250000001 0.8684895833333334 0.2988281250000001 0.9049479166666666 0.5048828125 0.9049479166666666
0 0.93359375 0.7272135416666669 0.73779296875 0.7272135416666666 0.73779296875 0.7552083333333335 0.93359375 0.7552083333333336
0 0.26904296875 0.4641927083333333 0.06835937500000006 0.4641927083333333 0.06835937500000006 0.4934895833333333 0.26904296875 0.4934895833333333
0 0.27197265625 0.43359375 0.06591796875000003 0.43359375 0.06591796875000004 0.4641927083333333 0.27197265625 0.4641927083333333
0 0.5048828125 0.8365885416666666 0.2944335937500001 0.8365885416666666 0.2944335937500001 0.865234375 0.5048828125 0.865234375
0 0.2758789062500001 0.71484375 0.07519531250000006 0.71484375 0.07519531250000006 0.744140625 0.2758789062500001 0.744140625
0 0.275390625 0.5319010416666666 0.06738281250000006 0.5319010416666666 0.06738281250000006 0.5611979166666666 0.275390625 0.5611979166666666
0 0.2724609375000001 0.8072916666666666 0.07714843750000008 0.8072916666666666 0.07714843750000008 0.8359375 0.2724609375000001 0.8359375
0 0.2763671875000001 0.6536458333333334 0.07226562500000006 0.6536458333333334 0.07226562500000006 0.6829427083333334 0.2763671875000001 0.6829427083333334
0 0.26904296875 0.40234375 0.06884765625000003 0.40234375 0.06884765625000003 0.4329427083333333 0.26904296875 0.4329427083333333
0 0.2753906250000001 0.8365885416666666 0.07763671875000008 0.8365885416666666 0.07763671875000008 0.865234375 0.2753906250000001 0.865234375
0 0.2763671875000001 0.6842447916666666 0.07324218750000006 0.6842447916666666 0.07324218750000006 0.7122395833333334 0.2763671875000001 0.7122395833333334
0 0.26806640625 0.3704427083333333 0.06250000000000003 0.3704427083333333 0.06250000000000003 0.400390625 0.26806640625 0.400390625
0 0.72509765625 0.13671875000000008 0.5205078125 0.13671875000000008 0.5205078125 0.16666666666666677 0.72509765625 0.16666666666666682
0 0.93798828125 0.8489583333333335 0.7333984375 0.8489583333333334 0.7333984375 0.8808593750000001 0.93798828125 0.8808593750000003
0 0.27880859375 0.30664062500000006 0.05615234375000003 0.306640625 0.05615234375000003 0.3352864583333333 0.27880859375 0.3352864583333333
0 0.2807617187500001 0.8704427083333334 0.07958984375000008 0.8704427083333334 0.07958984375000008 0.9055989583333334 0.2807617187500001 0.9055989583333334