0 0.5734375 0.8453703703703704 0.4203125 0.8453703703703703 0.42031250000000003 0.8750000000000001 0.5734375 0.8750000000000002
0 0.4083333333333333 0.5425925925925926 0.25000000000000006 0.5425925925925926 0.25000000000000006 0.5731481481481482 0.4083333333333333 0.5731481481481482
0 0.5739583333333333 0.5416666666666667 0.4197916666666667 0.5416666666666666 0.4197916666666667 0.5731481481481483 0.5739583333333333 0.5731481481481484
0 0.5755208333333334 0.38796296296296306 0.41875 0.38796296296296306 0.41875 0.42037037037037045 0.5755208333333334 0.42037037037037045
0 0.746875 0.39259259259259277 0.5859375 0.3925925925925927 0.5859375 0.42314814814814833 0.746875 0.4231481481481484
0 0.9239583333333333 0.2601851851851854 0.7619791666666667 0.2601851851851854 0.7619791666666667 0.29351851851851873 0.9239583333333333 0.29351851851851873
0 0.7416666666666667 0.6111111111111113 0.5828125 0.6111111111111113 0.5828125 0.6398148148148151 0.7416666666666667 0.6398148148148151
0 0.228125 0.08611111111111115 0.065625 0.08611111111111114 0.065625 0.11574074074074078 0.228125 0.1157407407407408
0 0.93125 0.12777777777777796 0.7666666666666667 0.12777777777777793 0.7666666666666667 0.16203703703703723 0.93125 0.16203703703703726
0 0.7432291666666667 0.5833333333333336 0.5838541666666667 0.5833333333333336 0.5838541666666667 0.6083333333333335 0.7432291666666667 0.6083333333333335
0 0.7458333333333333 0.4240740740740742 0.5854166666666667 0.42407407407407416 0.5854166666666667 0.4537037037037039 0.7458333333333333 0.4537037037037039
0 0.5734375 0.5722222222222223 0.4197916666666667 0.5722222222222222 0.4197916666666667 0.6055555555555556 0.5734375 0.6055555555555557
0 0.409375 0.4166666666666668 0.24635416666666668 0.4166666666666668 0.2463541666666667 0.44814814814814824 0.409375 0.44814814814814824
0 0.75625 0.1277777777777779 0.5921875 0.12777777777777788 0.5921875 0.16203703703703717 0.75625 0.1620370370370372
0 0.40572916666666664 0.08981481481481488 0.2421875 0.08981481481481486 0.2421875 0.12314814814814823 0.40572916666666664 0.12314814814814826
0 0.9020833333333333 0.852777777777778 0.7473958333333334 0.852777777777778 0.7473958333333334 0.8814814814814816 0.9020833333333333 0.8814814814814816
0 0.40572916666666664 0.15925925925925935 0.24375 0.15925925925925932 0.24375 0.19259259259259268 0.40572916666666664 0.1925925925925927
0 0.2296875 0.11759259259259264 0.0671875 0.11759259259259262 0.0671875 0.14814814814814817 0.2296875 0.1481481481481482
0 0.4078125 0.35462962962962974 0.24635416666666668 0.35462962962962974 0.24635416666666668 0.38796296296296306 0.4078125 0.38796296296296306
0 0.4109375 0.7833333333333333 0.2567708333333334 0.7833333333333333 0.2567708333333334 0.812962962962963 0.4109375 0.812962962962963
0 0.40677083333333336 0.12407407407407416 0.24375 0.12407407407407413 0.24375 0.1574074074074075 0.40677083333333336 0.15740740740740752
0 0.409375 0.512962962962963 0.24947916666666672 0.512962962962963 0.24947916666666672 0.5416666666666666 0.409375 0.5416666666666666
0 0.2359375 0.3851851851851852 0.0760416666666667 0.3851851851851852 0.0760416666666667 0.41574074074074074 0.2359375 0.41574074074074074
0 0.9302083333333333 0.16388888888888908 0.7645833333333333 0.16388888888888906 0.7645833333333333 0.1925925925925928 0.9302083333333333 0.19259259259259282
0 0.578125 0.3250000000000001 0.41875 0.3250000000000001 0.41875 0.35648148148148157 0.578125 0.35648148148148157
0 0.7447916666666666 0.4546296296296298 0.5859375 0.4546296296296297 0.5859375 0.48425925925925944 0.7447916666666666 0.48425925925925944
0 0.40625 0.2564814814814816 0.24479166666666666 0.2564814814814816 0.24479166666666666 0.29074074074074086 0.40625 0.29074074074074086
0 0.5729166666666666 0.6333333333333334 0.4203125 0.6333333333333333 0.4203125 0.664814814814815 0.5729166666666666 0.6648148148148151
0 0.9192708333333334 0.389814814814815 0.7578125 0.389814814814815 0.7578125 0.4212962962962965 0.9192708333333334 0.4212962962962965
0 0.9114583333333334 0.6453703703703706 0.7510416666666667 0.6453703703703706 0.7510416666666667 0.6740740740740743 0.9114583333333334 0.6740740740740743
0 0.7552083333333334 0.09259259259259274 0.59375 0.09259259259259273 0.59375 0.12592592592592605 0.7552083333333334 0.12592592592592608
0 0.9291666666666667 0.19444444444444464 0.7640625 0.19444444444444461 0.7640625 0.22777777777777797 0.9291666666666667 0.227777777777778
0 0.9307291666666667 0.09166666666666685 0.7671875 0.09166666666666683 0.7671875 0.12685185185185205 0.9307291666666667 0.12685185185185205
0 0.9265625 0.22777777777777797 0.7635416666666667 0.22777777777777794 0.7635416666666667 0.25925925925925947 0.9265625 0.25925925925925947
0 0.7369791666666666 0.8481481481481483 0.5828125 0.8481481481481483 0.5828125 0.8796296296296299 0.7369791666666666 0.8796296296296299
0 0.22916666666666666 0.15092592592592596 0.0671875 0.15092592592592594 0.0671875 0.18240740740740743 0.22916666666666666 0.18240740740740746
0 0.5791666666666667 0.09537037037037048 0.4166666666666667 0.09537037037037045 0.4166666666666667 0.12777777777777788 0.5791666666666667 0.12777777777777788
0 0.4109375 0.6666666666666666 0.2536458333333334 0.6666666666666666 0.2536458333333334 0.6935185185185185 0.4109375 0.6935185185185185
0 0.4083333333333333 0.38796296296296306 0.24739583333333334 0.38796296296296306 0.24739583333333334 0.4185185185185186 0.4083333333333333 0.4185185185185186
0 0.7536458333333333 0.19814814814814827 0.5895833333333333 0.19814814814814824 0.5895833333333333 0.2277777777777779 0.7536458333333333 0.22777777777777794
0 0.41041666666666665 0.5740740740740741 0.2505208333333334 0.5740740740740741 0.2505208333333334 0.6037037037037037 0.41041666666666665 0.6037037037037037
0 0.5729166666666666 0.751851851851852 0.42083333333333334 0.7518518518518519 0.42083333333333334 0.7833333333333334 0.5729166666666666 0.7833333333333335
0 0.5723958333333333 0.7222222222222223 0.4197916666666667 0.7222222222222222 0.4197916666666667 0.7527777777777779 0.5723958333333333 0.752777777777778
0 0.9192708333333334 0.42037037037037056 0.7572916666666667 0.42037037037037056 0.7572916666666667 0.45462962962962983 0.9192708333333334 0.45462962962962983
0 0.9192708333333334 0.4537037037037039 0.7567708333333333 0.4537037037037039 0.7567708333333333 0.48796296296296315 0.9192708333333334 0.48796296296296315
0 0.5734375 0.7833333333333334 0.4197916666666667 0.7833333333333333 0.4197916666666667 0.8148148148148149 0.5734375 0.814814814814815
0 0.578125 0.3574074074074075 0.4192708333333333 0.3574074074074075 0.4192708333333333 0.388888888888889 0.578125 0.388888888888889
0 0.7432291666666667 0.5166666666666668 0.5848958333333333 0.5166666666666668 0.5848958333333333 0.5481481481481484 0.7432291666666667 0.5481481481481484
0 0.9203125 0.35833333333333356 0.7588541666666667 0.35833333333333356 0.7588541666666667 0.3879629629629632 0.9203125 0.3879629629629632
0 0.24427083333333338 0.8148148148148148 0.09062500000000005 0.8148148148148148 0.09062500000000005 0.8435185185185186 0.24427083333333338 0.8435185185185186
0 0.409375 0.4490740740740742 0.24687500000000007 0.4490740740740742 0.24687500000000007 0.48055555555555557 0.409375 0.48055555555555557
0 0.4088541666666667 0.29074074074074086 0.2453125 0.29074074074074086 0.2453125 0.32222222222222235 0.4088541666666667 0.32222222222222235
0 0.4083333333333333 0.32314814814814824 0.24635416666666668 0.32314814814814824 0.24635416666666668 0.35462962962962974 0.4083333333333333 0.35462962962962974
0 0.9026041666666667 0.8222222222222224 0.7479166666666667 0.8222222222222224 0.7479166666666667 0.852777777777778 0.9026041666666667 0.852777777777778
0 0.5729166666666666 0.6611111111111112 0.4203125 0.6611111111111111 0.4203125 0.6944444444444445 0.5729166666666666 0.6944444444444446
0 0.7520833333333333 0.23055555555555568 0.5885416666666666 0.23055555555555565 0.5885416666666666 0.2620370370370372 0.7520833333333333 0.26203703703703723
0 0.7546875 0.1629629629629631 0.5901041666666667 0.16296296296296306 0.5901041666666667 0.1953703703703705 0.7546875 0.19537037037037053
0 0.4114583333333333 0.6944444444444444 0.2541666666666667 0.6944444444444444 0.2541666666666667 0.7240740740740741 0.4114583333333333 0.7240740740740741
0 0.41041666666666665 0.7546296296296297 0.25572916666666673 0.7546296296296297 0.25572916666666673 0.7824074074074074 0.41041666666666665 0.7824074074074074
0 0.5739583333333333 0.6037037037037039 0.4192708333333333 0.6037037037037037 0.4192708333333333 0.6342592592592594 0.5739583333333333 0.6342592592592595
0 0.9125 0.6120370370370373 0.7515625 0.6120370370370373 0.7515625 0.6435185185185187 0.9125 0.6435185185185187
0 0.23385416666666667 0.25092592592592594 0.07031250000000003 0.25092592592592594 0.07031250000000003 0.27870370370370373 0.23385416666666667 0.27870370370370373
0 0.23541666666666672 0.44907407407407407 0.0776041666666667 0.44907407407407407 0.0776041666666667 0.47962962962962963 0.23541666666666672 0.47962962962962963
0 0.23489583333333333 0.35462962962962963 0.07395833333333336 0.35462962962962963 0.07395833333333336 0.38425925925925924 0.23489583333333333 0.38425925925925924
0 0.7401041666666667 0.6990740740740743 0.5833333333333334 0.6990740740740743 0.5833333333333334 0.7296296296296299 0.7401041666666667 0.7296296296296299
0 0.5744791666666667 0.5120370370370372 0.41875 0.5120370370370371 0.41875 0.5425925925925927 0.5744791666666667 0.5425925925925928
0 0.7453125 0.4851851851851854 0.584375 0.4851851851851854 0.584375 0.5157407407407409 0.7453125 0.5157407407407409
0 0.40729166666666666 0.22407407407407415 0.24375 0.22407407407407412 0.24375 0.2564814814814816 0.40729166666666666 0.2564814814814816
0 0.23229166666666667 0.2833333333333333 0.07031250000000003 0.2833333333333333 0.07031250000000003 0.3148148148148148 0.23229166666666667 0.3148148148148148
0 0.23020833333333332 0.1851851851851852 0.06666666666666667 0.18518518518518517 0.06666666666666667 0.21481481481481485 0.23020833333333332 0.21481481481481488
0 0.9125 0.5833333333333336 0.7515625 0.5833333333333336 0.7515625 0.6120370370370373 0.9125 0.6120370370370373
0 0.7390625 0.727777777777778 0.5822916666666667 0.727777777777778 0.5822916666666667 0.7583333333333335 0.7390625 0.7583333333333335
0 0.4088541666666667 0.47962962962962963 0.24843750000000006 0.47962962962962963 0.24843750000000006 0.5120370370370371 0.4088541666666667 0.5120370370370371
0 0.23697916666666669 0.4185185185185185 0.07656250000000003 0.4185185185185185 0.07656250000000003 0.44537037037037036 0.2369791666666667 0.44537037037037036
0 0.7479166666666667 0.35925925925925944 0.5864583333333333 0.3592592592592594 0.5864583333333333 0.3907407407407409 0.7479166666666667 0.39074074074074094
0 0.5744791666666667 0.6925925925925926 0.4197916666666667 0.6925925925925925 0.4197916666666667 0.7231481481481482 0.5744791666666667 0.7231481481481483
0 0.9213541666666667 0.327777777777778 0.759375 0.327777777777778 0.759375 0.3564814814814817 0.9213541666666667 0.3564814814814817
0 0.7520833333333333 0.2620370370370372 0.5885416666666666 0.2620370370370371 0.5885416666666666 0.29166666666666685 0.7520833333333333 0.29166666666666685
0 0.5739583333333333 0.41944444444444456 0.41822916666666665 0.41944444444444456 0.41822916666666665 0.45185185185185195 0.5739583333333333 0.45185185185185195
0 0.4078125 0.19259259259259268 0.24375 0.19259259259259265 0.24375 0.22407407407407415 0.4078125 0.22407407407407418
0 0.578125 0.29444444444444456 0.41875 0.29444444444444456 0.41875 0.3240740740740742 0.578125 0.3240740740740742
0 0.4109375 0.8148148148148148 0.25729166666666675 0.8148148148148148 0.25729166666666675 0.8425925925925926 0.4109375 0.8425925925925926
0 0.7380208333333333 0.7564814814814816 0.5817708333333333 0.7564814814814816 0.5817708333333333 0.7888888888888891 0.7380208333333333 0.7888888888888891
0 0.7369791666666666 0.8194444444444446 0.5833333333333334 0.8194444444444446 0.5833333333333334 0.8500000000000002 0.7369791666666666 0.8500000000000002
0 0.23177083333333334 0.2166666666666667 0.06927083333333336 0.21666666666666667 0.06927083333333336 0.2462962962962963 0.23177083333333334 0.2462962962962963
0 0.41041666666666665 0.6055555555555555 0.2515625000000001 0.6055555555555555 0.2515625000000001 0.6342592592592593 0.41041666666666665 0.6342592592592593
0 0.9161458333333333 0.48981481481481504 0.7557291666666667 0.48981481481481504 0.7557291666666667 0.5194444444444447 0.9161458333333333 0.5194444444444447
0 0.23333333333333334 0.3194444444444444 0.07395833333333336 0.3194444444444444 0.07395833333333336 0.3509259259259259 0.23333333333333334 0.3509259259259259
0 0.7416666666666667 0.6407407407407409 0.5833333333333334 0.6407407407407409 0.5833333333333334 0.6694444444444446 0.7416666666666667 0.6694444444444446
0 0.4109375 0.6342592592592593 0.2520833333333334 0.6342592592592593 0.2520833333333334 0.6657407407407407 0.4109375 0.6657407407407407
0 0.23750000000000007 0.5111111111111111 0.08020833333333337 0.5111111111111111 0.08020833333333337 0.5388888888888889 0.23750000000000007 0.5388888888888889
0 0.575 0.450925925925926 0.41822916666666665 0.450925925925926 0.41822916666666665 0.48333333333333345 0.575 0.48333333333333356
0 0.5744791666666667 0.48148148148148157 0.4197916666666667 0.48148148148148145 0.4197916666666667 0.5129629629629631 0.5744791666666667 0.5129629629629632
0 0.7432291666666667 0.5509259259259262 0.5848958333333333 0.5509259259259262 0.5848958333333333 0.5796296296296298 0.7432291666666667 0.5796296296296298
0 0.2369791666666667 0.4824074074074074 0.07916666666666669 0.4824074074074074 0.07916666666666669 0.5083333333333333 0.2369791666666667 0.5083333333333333
0 0.9223958333333333 0.2944444444444447 0.7604166666666666 0.2944444444444447 0.7604166666666666 0.3259259259259261 0.9223958333333333 0.3259259259259261
0 0.9130208333333333 0.5537037037037039 0.7536458333333333 0.5537037037037039 0.7536458333333333 0.5814814814814817 0.9130208333333333 0.5814814814814817
0 0.5734375 0.813888888888889 0.42083333333333334 0.8138888888888889 0.42083333333333334 0.8453703703703704 0.5734375 0.8453703703703705
0 0.909375 0.7083333333333336 0.7494791666666667 0.7083333333333336 0.7494791666666667 0.7370370370370373 0.909375 0.7370370370370373
0 0.7380208333333333 0.7870370370370372 0.5828125 0.7870370370370372 0.5828125 0.8203703703703705 0.7380208333333333 0.8203703703703705
0 0.740625 0.6685185185185187 0.584375 0.6685185185185187 0.584375 0.6990740740740743 0.740625 0.6990740740740743
0 0.5786458333333333 0.12592592592592602 0.41822916666666665 0.12592592592592602 0.41822916666666665 0.16203703703703715 0.5786458333333333 0.16203703703703715
0 0.24427083333333338 0.8472222222222222 0.09218750000000006 0.8472222222222222 0.09218750000000006 0.875 0.24427083333333338 0.875
0 0.41041666666666665 0.725925925925926 0.25468750000000007 0.725925925925926 0.25468750000000007 0.7537037037037037 0.41041666666666665 0.7537037037037037
0 0.9151041666666667 0.5212962962962965 0.7546875 0.5212962962962965 0.7546875 0.551851851851852 0.9151041666666667 0.551851851851852
0 0.7494791666666667 0.326851851851852 0.5869791666666667 0.32685185185185195 0.5869791666666667 0.35925925925925944 0.7494791666666667 0.35925925925925944
0 0.41145833333333337 0.8435185185185186 0.25781250000000006 0.8435185185185186 0.25781250000000006 0.8712962962962963 0.4114583333333334 0.8712962962962963
0 0.24322916666666672 0.7861111111111111 0.08958333333333339 0.7861111111111111 0.08958333333333339 0.8157407407407408 0.24322916666666672 0.8157407407407408
0 0.5776041666666667 0.263888888888889 0.4197916666666667 0.263888888888889 0.4197916666666667 0.2916666666666668 0.5776041666666667 0.2916666666666668
0 0.9109375 0.6750000000000002 0.7510416666666667 0.6750000000000002 0.7510416666666667 0.7064814814814817 0.9109375 0.7064814814814817
0 0.9057291666666667 0.7916666666666669 0.7494791666666667 0.7916666666666669 0.7494791666666667 0.8240740740740743 0.9057291666666667 0.8240740740740743
0 0.9072916666666667 0.7379629629629632 0.75 0.7379629629629632 0.75 0.7629629629629632 0.9072916666666667 0.7629629629629632
0 0.24062500000000006 0.6648148148148149 0.08645833333333339 0.6648148148148149 0.08645833333333339 0.6953703703703704 0.24062500000000006 0.6953703703703704
0 0.9072916666666667 0.7638888888888891 0.75 0.7638888888888891 0.75 0.7935185185185187 0.9072916666666667 0.7935185185185187
0 0.7510416666666667 0.2935185185185187 0.5869791666666667 0.2935185185185186 0.5869791666666667 0.326851851851852 0.7510416666666667 0.32685185185185206
0 0.2395833333333334 0.575 0.08177083333333336 0.575 0.08177083333333336 0.6018518518518519 0.2395833333333334 0.6018518518518519
0 0.2395833333333334 0.6037037037037037 0.08489583333333336 0.6037037037037037 0.08489583333333336 0.6333333333333333 0.2395833333333334 0.6333333333333333
0 0.2395833333333334 0.6342592592592593 0.08437500000000003 0.6342592592592593 0.08437500000000005 0.662962962962963 0.2395833333333334 0.662962962962963
0 0.2380208333333334 0.5425925925925926 0.08125000000000003 0.5425925925925926 0.08125000000000003 0.5712962962962963 0.2380208333333334 0.5712962962962963
0 0.24218750000000006 0.7546296296296297 0.0880208333333334 0.7546296296296297 0.0880208333333334 0.7842592592592592 0.24218750000000006 0.7842592592592592
0 0.5776041666666667 0.1611111111111112 0.41770833333333335 0.1611111111111112 0.41770833333333335 0.19444444444444456 0.5776041666666667 0.19444444444444456
0 0.2411458333333334 0.6953703703703704 0.08697916666666673 0.6953703703703704 0.08697916666666673 0.7268518518518519 0.2411458333333334 0.7268518518518519
0 0.5770833333333333 0.22777777777777788 0.42083333333333334 0.22777777777777788 0.42083333333333334 0.2620370370370371 0.5770833333333333 0.2620370370370371
0 0.24166666666666672 0.725925925925926 0.0880208333333334 0.725925925925926 0.0880208333333334 0.7574074074074074 0.24166666666666672 0.7574074074074074
0 0.24328037682580836 0.8764846630228486 0.09266979166666672 0.8753935185185184 0.09259931067419176 0.9061403369771514 0.2432098958333334 0.9072314814814815
0 0.4125807291666666 0.8722703703703705 0.25879264774378125 0.8711518892907352 0.2587171422308129 0.9039635072242825 0.41250522365369824 0.9050819883039178
0 0.5737927083333335 0.8750092592592592 0.42030096160334535 0.87437572567082 0.420256339935448 0.9085434558876271 0.573748086665436 0.9091769894760663
0 0.737378125 0.8821583333333335 0.5821639325069208 0.8789091756886335 0.5819608762331766 0.9095663416740186 0.7371750687262558 0.9128154993187185
0 0.901928125 0.8830833333333334 0.7475132170735123 0.8803682993231902 0.7473132170735123 0.9163182993231902 0.901728125 0.9190333333333335
0 0.5778265625 0.1961833333333334 0.41815729166666665 0.1956898148148149 0.41812593834440404 0.2277492894512256 0.5777952091777373 0.2282428079697441
0 0.22966875 0.04998240740740746 0.06470052083333333 0.04876111111111112 0.06462125870309508 0.08259874281126317 0.22958948786976174 0.08382003910755952
0 0.40694322916666675 0.05540092592592597 0.24229611806344084 0.05344096164250445 0.24217085522313714 0.08669796843767111 0.4068179663263631 0.08865793272109264
0 0.5804369791666668 0.05750370370370384 0.4162409194825407 0.05724528558424016 0.41622369693099137 0.09183063827837422 0.5804197566151175 0.09208905639783789
0 0.7580057291666666 0.0585305555555557 0.5926385711672146 0.05440970661470379 0.592368619795629 0.08864728604035674 0.757735777795081 0.09276813498120864
0 0.9356218964179682 0.09073093011156977 0.9355734375 0.05835462962962963 0.7681010202486985 0.05914684766620803 0.7681494791666668 0.09152314814814817