0 0.8509114583333334 0.64111328125 0.6100260416666669 0.64111328125 0.6100260416666669 0.66064453125 0.8509114583333334 0.66064453125
0 0.849609375 0.68408203125 0.6119791666666669 0.68408203125 0.6119791666666669 0.7021484375 0.849609375 0.7021484375
0 0.3483072916666667 0.2802734375 0.054687500000000035 0.2802734375 0.05468750000000005 0.30517578125 0.3483072916666667 0.30517578125
0 0.853515625 0.62109375 0.6158854166666669 0.62109375 0.6158854166666669 0.640625 0.853515625 0.640625
0 0.875 0.3569335937500001 0.630859375 0.3569335937500001 0.630859375 0.3798828125000001 0.875 0.3798828125000001
0 0.8723958333333334 0.4033203125000001 0.6256510416666666 0.4033203125000001 0.6256510416666666 0.4248046875000001 0.8723958333333334 0.4248046875000001
0 0.3489583333333335 0.560546875 0.0703125000000001 0.560546875 0.0703125000000001 0.58203125 0.3489583333333335 0.58203125
0 0.3346354166666668 0.49365234375 0.07356770833333341 0.49365234375 0.07356770833333341 0.5146484375 0.3346354166666668 0.5146484375
0 0.3502604166666668 0.5380859375 0.0703125000000001 0.5380859375 0.0703125000000001 0.56005859375 0.3502604166666668 0.56005859375
0 0.8600260416666666 0.5771484375 0.6126302083333335 0.5771484375 0.6126302083333335 0.59765625 0.8600260416666666 0.59765625
0 0.3463541666666667 0.40185546875 0.06250000000000007 0.40185546875 0.06250000000000007 0.423828125 0.3463541666666667 0.423828125
0 0.3463541666666667 0.42529296875 0.06250000000000007 0.42529296875 0.06250000000000007 0.44677734375 0.3463541666666667 0.44677734375
0 0.34179687500000006 0.44775390625 0.06315104166666674 0.44775390625 0.06315104166666674 0.47021484375 0.34179687500000017 0.47021484375
0 0.873046875 0.4257812500000001 0.625 0.4257812500000001 0.625 0.4472656250000001 0.873046875 0.4472656250000001
0 0.3463541666666667 0.32958984375 0.060546875000000056 0.32958984375 0.060546875000000056 0.35302734375 0.3463541666666667 0.35302734375
0 0.865234375 0.4926757812500001 0.6197916666666669 0.4926757812500001 0.6197916666666669 0.5126953125 0.865234375 0.5126953125
0 0.3509114583333333 0.306640625 0.056640625000000056 0.306640625 0.056640625000000056 0.33056640625 0.3509114583333333 0.33056640625
0 0.349609375 0.353515625 0.054687500000000056 0.353515625 0.054687500000000056 0.376953125 0.349609375 0.376953125
0 0.3463541666666667 0.37841796875 0.06250000000000006 0.37841796875 0.06250000000000007 0.4013671875 0.3463541666666667 0.4013671875
0 0.8639322916666666 0.5126953125 0.6197916666666669 0.5126953125 0.6197916666666669 0.53466796875 0.8639322916666666 0.53466796875
0 0.3502604166666667 0.255859375 0.05403645833333337 0.255859375 0.05403645833333337 0.2802734375 0.3502604166666667 0.2802734375
0 0.88671875 0.3125000000000001 0.6328125 0.3125000000000001 0.6328125 0.3354492187500001 0.88671875 0.3354492187500001
0 0.345703125 0.20703125000000003 0.05013020833333337 0.20703125 0.05013020833333337 0.23242187500000003 0.345703125 0.23242187500000006
0 0.3470052083333335 0.60302734375 0.0722656250000001 0.60302734375 0.0722656250000001 0.62646484375 0.3470052083333335 0.62646484375
0 0.880859375 0.3354492187500001 0.6328125 0.3354492187500001 0.6328125 0.3579101562500001 0.880859375 0.3579101562500001
0 0.3567708333333335 0.517578125 0.06510416666666675 0.517578125 0.06510416666666675 0.5390625 0.3567708333333335 0.5390625
0 0.8671875 0.4492187500000001 0.623046875 0.4492187500000001 0.6230468750000001 0.4692382812500001 0.8671875 0.4692382812500001
0 0.8665364583333334 0.4697265625000001 0.6256510416666669 0.4697265625000001 0.6256510416666669 0.4902343750000001 0.8665364583333334 0.4902343750000001
0 0.8606770833333334 0.5361328125 0.6236979166666669 0.5361328125 0.6236979166666669 0.55615234375 0.8606770833333334 0.55615234375
0 0.8502088290635972 0.7395695527251173 0.8487251211769814 0.7141666113133303 0.6050882322175509 0.7221710331975881 0.6065719401041665 0.747573974609375
0 0.84765625 0.7021484375 0.6067708333333335 0.7021484375 0.6067708333333335 0.7216796875 0.84765625 0.7216796875
0 0.3489583333333333 0.22949218750000003 0.05598958333333337 0.2294921875 0.05598958333333337 0.2548828125 0.3489583333333333 0.2548828125
0 0.3444010416666668 0.47216796875 0.060546875000000076 0.47216796875 0.060546875000000076 0.49365234375 0.3444010416666668 0.49365234375
0 0.8756510416666666 0.3813476562500001 0.626953125 0.3813476562500001 0.626953125 0.4028320312500001 0.8756510416666666 0.4028320312500001
0 0.857421875 0.59912109375 0.6113281250000001 0.59912109375 0.6113281250000001 0.6181640625 0.857421875 0.6181640625
0 0.8561197916666666 0.55712890625 0.6165364583333335 0.55712890625 0.6165364583333335 0.5771484375 0.8561197916666666 0.5771484375
0 0.8509114583333334 0.6630859375 0.6145833333333335 0.6630859375 0.6145833333333335 0.68212890625 0.8509114583333334 0.68212890625
0 0.3489583333333335 0.58056640625 0.07291666666666675 0.58056640625 0.07291666666666675 0.60205078125 0.3489583333333335 0.60205078125
0 0.3480154118836627 0.18582057273034708 0.03907942708333337 0.171226806640625 0.03688262705131865 0.19738538692991914 0.345818611851648 0.2119791530196412
0 0.3591851649361955 0.7704864534333207 0.3557328226949734 0.7427302922609013 0.07598763020833331 0.762302490234375 0.0794399724495554 0.7900586514067944
0 0.3548613382270203 0.640945428253383 0.3531396484375 0.618568359375 0.07115429047651327 0.6307723197889745 0.07287598026603363 0.6531493886673575
0 0.35578483072916667 0.662886474609375 0.3540196154775697 0.6394289617476336 0.07274096964423643 0.6513352117476336 0.07450618489583334 0.674792724609375
0 0.3531396484375 0.6834697265625002 0.35090463993017956 0.6607360424403033 0.07404036458333334 0.6760468750000002 0.07627537309065384 0.698780559122197
0 0.35490299479166665 0.7058815917968752 0.3530011931494908 0.6826149542747808 0.07679291689552807 0.6953145766841524 0.07869471853770389 0.7185812142062468
0 0.3544146213410209 0.7269793500448894 0.3522578125 0.7045585937500001 0.0820485948048124 0.7191798296426107 0.08420540364583334 0.7416005859375001
0 0.35490299479166665 0.744246337890625 0.35263518701020363 0.7230925366721327 0.07841057763520369 0.7396291577658827 0.08067838541666666 0.760782958984375
0 0.8959632161458334 0.2213234863281251 0.636041015625 0.21170874023437508 0.634413893749841 0.2364515015593231 0.8943360942706744 0.2460662476530731
0 0.8924361979166666 0.24579760742187504 0.6363376218447662 0.23758710238699293 0.6349648437500001 0.2616728515625 0.8910634198219006 0.2698833565973821
0 0.8897910156250001 0.26961035156250013 0.6349648437500001 0.26299584960937505 0.6339272268120352 0.28548155210852777 0.888753398687035 0.2920960540616528
0 0.8871455078125002 0.2934230957031252 0.6339254557291668 0.2831047363281251 0.6319836231283052 0.30991010340559105 0.8852036752116387 0.32022846278059114
0 0.8508405226155188 0.760417899572441 0.8494055989583332 0.7382370605468749 0.6046073940511475 0.7471450887088088 0.6060423177083332 0.7693259277343749