0 0.25732421875000006 0.599609375 0.06347656250000006 0.599609375 0.06347656250000006 0.626953125 0.2573242187500001 0.626953125
0 0.2592773437500001 0.62890625 0.06250000000000006 0.62890625 0.06250000000000006 0.6575520833333334 0.2592773437500001 0.6575520833333334
0 0.6708984375 0.7200520833333334 0.4750976562500001 0.7200520833333334 0.4750976562500001 0.74609375 0.6708984375 0.74609375
0 0.67626953125 0.6028645833333335 0.4755859375 0.6028645833333335 0.47558593750000006 0.6302083333333335 0.67626953125 0.6302083333333335
0 0.2573242187500001 0.7141927083333334 0.06640625000000006 0.7141927083333334 0.06640625000000006 0.7415364583333334 0.2573242187500001 0.7415364583333334
0 0.2529296875 0.5130208333333334 0.06298828125000006 0.5130208333333334 0.06298828125000006 0.5403645833333334 0.2529296875 0.5403645833333334
0 0.8798828125 0.5709635416666669 0.693359375 0.5709635416666669 0.693359375 0.5976562500000001 0.8798828125 0.5976562500000001
0 0.88037109375 0.5996093750000001 0.6884765625 0.5996093750000001 0.6884765625 0.6276041666666669 0.88037109375 0.6276041666666669
0 0.25390625 0.5416666666666666 0.058593750000000056 0.5416666666666666 0.058593750000000056 0.5703125 0.25390625 0.5703125
0 0.87548828125 0.6562500000000001 0.68505859375 0.6562500000000001 0.68505859375 0.68359375 0.87548828125 0.68359375
0 0.66845703125 0.7760416666666666 0.4780273437500001 0.7760416666666666 0.4780273437500001 0.8033854166666666 0.66845703125 0.8033854166666666
0 0.2607421875000001 0.76953125 0.07128906250000008 0.76953125 0.07128906250000008 0.796875 0.2607421875000001 0.796875
0 0.669921875 0.6901041666666666 0.4750976562500001 0.6901041666666666 0.4750976562500001 0.7174479166666666 0.669921875 0.7174479166666666
0 0.87109375 0.7408854166666666 0.6904296875 0.7408854166666666 0.6904296875 0.767578125 0.87109375 0.767578125
0 0.4677734375 0.4544270833333334 0.27197265625 0.4544270833333333 0.27197265625 0.48242187500000006 0.4677734375 0.48242187500000017
0 0.87255859375 0.7122395833333334 0.6884765625 0.7122395833333334 0.6884765625 0.7389322916666666 0.87255859375 0.7389322916666666
0 0.2421875 0.08528645833333336 0.039062500000000014 0.08528645833333333 0.039062500000000014 0.11588541666666669 0.2421875 0.1158854166666667
0 0.24853515625000006 0.3951822916666667 0.05712890625000004 0.3951822916666667 0.05712890625000004 0.4244791666666667 0.24853515625000006 0.4244791666666667
0 0.2602539062500001 0.685546875 0.06738281250000006 0.685546875 0.06738281250000006 0.712890625 0.2602539062500001 0.712890625
0 0.4658203125000001 0.6269531250000001 0.2763671875000001 0.626953125 0.2763671875000001 0.6536458333333334 0.4658203125000001 0.6536458333333335
0 0.46191406250000006 0.5976562500000001 0.27197265625 0.59765625 0.27197265625000006 0.6256510416666667 0.4619140625000001 0.6256510416666669
0 0.4619140625000001 0.6549479166666667 0.2744140625000001 0.6549479166666666 0.2744140625000001 0.681640625 0.4619140625000001 0.681640625
0 0.86962890625 0.7688802083333334 0.68798828125 0.7688802083333334 0.68798828125 0.7955729166666666 0.86962890625 0.7955729166666666
0 0.6728515625 0.6321614583333335 0.4790039062500001 0.6321614583333335 0.4790039062500001 0.6608072916666669 0.6728515625 0.6608072916666669
0 0.4628906250000001 0.6829427083333334 0.2739257812500001 0.6829427083333334 0.2739257812500001 0.7096354166666666 0.4628906250000001 0.7096354166666666
0 0.4619140625000001 0.7395833333333334 0.2778320312500001 0.7395833333333334 0.2778320312500001 0.7662760416666666 0.4619140625000001 0.7662760416666666
0 0.46337890625 0.5123697916666667 0.271484375 0.5123697916666666 0.271484375 0.5416666666666667 0.46337890625 0.5416666666666669
0 0.88134765625 0.4830729166666668 0.689453125 0.4830729166666668 0.689453125 0.5110677083333335 0.88134765625 0.5110677083333335
0 0.876953125 0.5416666666666669 0.6943359375 0.5416666666666669 0.6943359375 0.5696614583333335 0.876953125 0.5696614583333335
0 0.24658203125000006 0.365234375 0.05371093750000003 0.365234375 0.053710937500000035 0.3958333333333333 0.24658203125000006 0.3958333333333333
0 0.2509765625 0.4837239583333333 0.06201171875000004 0.4837239583333333 0.06201171875000004 0.5123697916666666 0.2509765625 0.5123697916666666
0 0.4580078125000001 0.7096354166666666 0.2758789062500001 0.7096354166666666 0.2758789062500001 0.7376302083333334 0.4580078125000001 0.7376302083333334
0 0.46435546875 0.42578125000000006 0.27001953125 0.42578125 0.27001953125 0.45377604166666674 0.46435546875 0.4537760416666668
0 0.46240234375 0.48437500000000006 0.2705078125 0.484375 0.2705078125 0.5123697916666667 0.46240234375 0.5123697916666669
0 0.67919921875 0.5449218750000001 0.48095703125 0.5449218750000001 0.48095703125 0.5722656250000001 0.67919921875 0.5722656250000001
0 0.458984375 0.18164062500000008 0.263671875 0.18164062500000008 0.263671875 0.21289062500000008 0.458984375 0.21289062500000008
0 0.462890625 0.5423177083333334 0.275390625 0.5423177083333334 0.275390625 0.5690104166666667 0.462890625 0.5690104166666669
0 0.677734375 0.5716145833333335 0.47900390625 0.5716145833333335 0.47900390625 0.6002604166666669 0.677734375 0.6002604166666669
0 0.677734375 0.5130208333333335 0.474609375 0.5130208333333335 0.474609375 0.5429687500000001 0.677734375 0.5429687500000001
0 0.87255859375 0.7975260416666666 0.6845703125 0.7975260416666666 0.6845703125 0.8268229166666666 0.87255859375 0.8268229166666666
0 0.2592773437500001 0.7421875 0.06982421875000006 0.7421875 0.06982421875000007 0.7682291666666666 0.2592773437500001 0.7682291666666666
0 0.25 0.4537760416666667 0.05957031250000004 0.4537760416666667 0.05957031250000004 0.4837239583333333 0.25 0.4837239583333333
0 0.87744140625 0.5130208333333335 0.6943359375 0.5130208333333335 0.6943359375 0.5403645833333335 0.87744140625 0.5403645833333335
0 0.46240234375 0.21289062500000008 0.26318359375 0.21289062500000008 0.26318359375 0.2434895833333334 0.46240234375 0.2434895833333334
0 0.67333984375 0.7473958333333334 0.4790039062500001 0.7473958333333334 0.4790039062500001 0.7747395833333334 0.67333984375 0.7747395833333334
0 0.46142578125 0.08463541666666673 0.25927734375 0.0846354166666667 0.25927734375 0.11653645833333338 0.46142578125 0.11653645833333341
0 0.4599609375 0.2747395833333334 0.26611328125 0.2747395833333334 0.26611328125 0.30468750000000006 0.4599609375 0.30468750000000006
0 0.24267578125000003 0.27278645833333337 0.04882812500000003 0.2727864583333333 0.04882812500000003 0.3033854166666667 0.24267578125000006 0.30338541666666674
0 0.24169921875000006 0.30403645833333337 0.04980468750000003 0.3040364583333333 0.04980468750000003 0.333984375 0.24169921875000006 0.333984375
0 0.87744140625 0.6276041666666669 0.68798828125 0.6276041666666669 0.68798828125 0.6549479166666669 0.87744140625 0.6549479166666669
0 0.89599609375 0.3033854166666668 0.69189453125 0.3033854166666668 0.69189453125 0.33398437500000017 0.89599609375 0.33398437500000017
0 0.23876953125 0.21028645833333337 0.048339843750000014 0.21028645833333334 0.04833984375000002 0.24153645833333337 0.23876953125 0.2415364583333334
0 0.2373046875 0.17968750000000003 0.045898437500000014 0.1796875 0.045898437500000014 0.21028645833333337 0.2373046875 0.2102864583333334
0 0.4580078125 0.2434895833333334 0.267578125 0.2434895833333334 0.267578125 0.27408854166666674 0.4580078125 0.27408854166666674
0 0.46142578125 0.30468750000000006 0.26611328125 0.30468750000000006 0.26611328125 0.3352864583333334 0.46142578125 0.3352864583333335
0 0.24609375000000006 0.4251302083333333 0.05957031250000004 0.4251302083333333 0.05957031250000004 0.4544270833333333 0.24609375000000006 0.4544270833333333
0 0.24365234375000006 0.3346354166666667 0.05126953125000003 0.3346354166666667 0.05126953125000003 0.365234375 0.24365234375000006 0.365234375
0 0.46142578125 0.1497395833333334 0.2646484375 0.14973958333333337 0.2646484375 0.18033854166666674 0.46142578125 0.18033854166666674
0 0.67822265625 0.48242187500000017 0.4794921875 0.48242187500000017 0.4794921875 0.5123697916666669 0.67822265625 0.5123697916666669
0 0.88916015625 0.39062500000000017 0.697265625 0.39062500000000017 0.697265625 0.41992187500000017 0.88916015625 0.41992187500000017
0 0.2392578125 0.11718750000000001 0.042480468750000014 0.1171875 0.042480468750000014 0.14973958333333334 0.2392578125 0.14973958333333337
0 0.8837890625 0.4544270833333335 0.69384765625 0.4544270833333335 0.69384765625 0.48242187500000017 0.8837890625 0.48242187500000017
0 0.46337890625 0.3645833333333334 0.26953125 0.3645833333333333 0.26953125 0.39518229166666674 0.46337890625 0.3951822916666668
0 0.8740234375 0.6842447916666666 0.68798828125 0.6842447916666666 0.68798828125 0.7115885416666666 0.8740234375 0.7115885416666666
0 0.46240234375 0.3958333333333334 0.26904296875 0.3958333333333333 0.26904296875 0.4251302083333334 0.46240234375 0.4251302083333335
0 0.2583007812500001 0.658203125 0.06494140625000006 0.658203125 0.06494140625000006 0.685546875 0.2583007812500001 0.685546875
0 0.89013671875 0.36328125000000017 0.6923828125 0.36328125000000017 0.6923828125 0.3938802083333335 0.89013671875 0.3938802083333335
0 0.4619140625 0.5696614583333334 0.27587890625 0.5696614583333334 0.27587890625 0.5976562500000001 0.4619140625 0.5976562500000001
0 0.240234375 0.24153645833333337 0.04882812500000003 0.24153645833333334 0.04882812500000003 0.27148437500000006 0.240234375 0.27148437500000006
0 0.462890625 0.33463541666666674 0.2685546875 0.3346354166666667 0.2685546875 0.36523437500000006 0.462890625 0.36523437500000017
0 0.88525390625 0.4244791666666668 0.69287109375 0.4244791666666668 0.69287109375 0.4537760416666668 0.88525390625 0.4537760416666668
0 0.23779296875 0.14843750000000003 0.041992187500000014 0.1484375 0.041992187500000014 0.17968750000000003 0.23779296875 0.17968750000000008
0 0.46484375 0.05208333333333339 0.25537109375 0.05208333333333337 0.25537109375 0.08268229166666673 0.46484375 0.08268229166666674
0 0.89501953125 0.33398437500000017 0.6982421875 0.33398437500000017 0.6982421875 0.36328125000000017 0.89501953125 0.36328125000000017
0 0.2548828125 0.5709635416666666 0.06445312500000006 0.5709635416666666 0.06445312500000006 0.599609375 0.2548828125 0.599609375
0 0.46728515625 0.11718750000000006 0.26123046875 0.11718750000000004 0.26123046875 0.1490885416666667 0.46728515625 0.14908854166666674
0 0.67041015625 0.6608072916666669 0.4770507812500001 0.6608072916666669 0.4770507812500001 0.689453125 0.67041015625 0.689453125
0 0.4614257812500001 0.7669270833333334 0.2758789062500001 0.7669270833333334 0.2758789062500001 0.7936197916666666 0.4614257812500001 0.7936197916666666
0 0.4584960937500001 0.7942708333333334 0.2744140625000001 0.7942708333333334 0.2744140625000001 0.8196614583333334 0.4584960937500001 0.8196614583333334
0 0.67919921875 0.4544270833333335 0.4765625 0.4544270833333335 0.4765625 0.4817708333333335 0.67919921875 0.4817708333333335
0 0.2612304687500001 0.798828125 0.07177734375000008 0.798828125 0.07177734375000008 0.8248697916666666 0.2612304687500001 0.8248697916666666
0 0.900390625 0.27343750000000017 0.69140625 0.27343750000000017 0.69140625 0.3014322916666668 0.900390625 0.3014322916666668
0 0.6689453125 0.806640625 0.4780273437500001 0.806640625 0.4780273437500001 0.8352864583333334 0.6689453125 0.8352864583333334