0 0.6406250000000001 0.81787109375 0.2643229166666668 0.81787109375 0.2643229166666668 0.8515625 0.6406250000000001 0.8515625
0 0.6445312500000001 0.7861328125 0.27148437500000017 0.7861328125 0.27148437500000017 0.82080078125 0.6445312500000001 0.82080078125
0 0.6406250000000001 0.58935546875 0.25781250000000006 0.58935546875 0.25781250000000006 0.6259765625 0.6406250000000001 0.6259765625
0 0.6360677083333335 0.84716796875 0.2643229166666668 0.84716796875 0.2643229166666668 0.88232421875 0.6360677083333335 0.88232421875
0 0.6386718750000001 0.75390625 0.2643229166666668 0.75390625 0.2643229166666668 0.7890625 0.6386718750000001 0.7890625
0 0.6393229166666666 0.38964843750000006 0.25781250000000006 0.3896484375 0.25781250000000006 0.42822265625000006 0.6393229166666666 0.4282226562500001
0 0.64453125 0.35498046875000006 0.25390625000000006 0.35498046875 0.25390625000000006 0.39501953125000006 0.64453125 0.3950195312500001
0 0.6425781250000001 0.61962890625 0.2552083333333334 0.61962890625 0.2552083333333334 0.65771484375 0.6425781250000001 0.65771484375
0 0.6367187500000001 0.5556640625 0.25846354166666674 0.5556640625 0.25846354166666674 0.5927734375 0.6367187500000001 0.5927734375
0 0.6393229166666667 0.42626953125000006 0.25846354166666674 0.42626953125 0.25846354166666674 0.46289062500000006 0.6393229166666669 0.4628906250000001
0 0.6412760416666669 0.49023437500000006 0.25651041666666674 0.490234375 0.25651041666666674 0.5263671875 0.6412760416666669 0.5263671875
0 0.6458333333333334 0.32031250000000006 0.25065104166666674 0.3203125 0.25065104166666674 0.36083984375000006 0.6458333333333334 0.3608398437500001
0 0.646484375 0.25195312500000006 0.24869791666666674 0.251953125 0.24869791666666674 0.29150390625000006 0.646484375 0.2915039062500001
0 0.6451822916666666 0.28515625000000006 0.2473958333333334 0.28515625 0.2473958333333334 0.32617187500000006 0.6451822916666666 0.3261718750000001
0 0.6425781250000001 0.45703125000000006 0.2552083333333334 0.45703125 0.2552083333333334 0.49414062500000006 0.6425781250000001 0.4941406250000001
0 0.6432291666666669 0.65283203125 0.2591145833333334 0.65283203125 0.2591145833333334 0.6923828125 0.6432291666666669 0.6923828125
0 0.6484375000000001 0.7216796875 0.26367187500000017 0.7216796875 0.26367187500000017 0.7568359375 0.6484375000000001 0.7568359375
0 0.640625 0.11181640625000004 0.24674479166666666 0.11181640625000003 0.24674479166666666 0.15478515625000003 0.640625 0.15478515625000006
0 0.6432291666666669 0.68505859375 0.26171875000000017 0.68505859375 0.26171875000000017 0.724609375 0.6432291666666669 0.724609375
0 0.6380208333333334 0.21777343750000003 0.24544270833333334 0.2177734375 0.24544270833333337 0.25976562500000006 0.6380208333333334 0.2597656250000001
0 0.6425781250000001 0.88134765625 0.2669270833333335 0.88134765625 0.2669270833333335 0.91455078125 0.6425781250000001 0.91455078125
0 0.6538262116329695 0.10242132370857626 0.6514372054973082 0.06430681189363403 0.23122130701538032 0.07912250283349531 0.23361031315104167 0.11723701464843754
0 0.6438802083333334 0.14941406250000003 0.2506510416666667 0.1494140625 0.2506510416666667 0.18945312500000003 0.6438802083333334 0.18945312500000006
0 0.6461337412470328 0.2124425217684512 0.6444254583333333 0.17254093554687502 0.24020311161755045 0.1822754093838926 0.24191139453125 0.22217699560546877
0 0.6393229166666669 0.52197265625 0.2552083333333334 0.52197265625 0.2552083333333334 0.55859375 0.6393229166666669 0.55859375