0 0.7129629629629631 0.4953125 0.19814814814814824 0.4953125 0.19814814814814824 0.5260416666666666 0.7129629629629631 0.5260416666666666
0 0.7120370370370372 0.6859375 0.21018518518518534 0.6859375 0.21018518518518534 0.7140625 0.7120370370370372 0.7140625
0 0.7120370370370372 0.7755208333333333 0.2166666666666668 0.7755208333333333 0.2166666666666668 0.80625 0.7120370370370372 0.80625
0 0.7129629629629631 0.8072916666666666 0.22222222222222238 0.8072916666666666 0.22222222222222238 0.8364583333333333 0.7129629629629631 0.8364583333333333
0 0.7157407407407409 0.5916666666666667 0.20462962962962974 0.5916666666666667 0.20462962962962977 0.6213541666666667 0.7157407407407409 0.6213541666666667
0 0.7157407407407409 0.6234375 0.2055555555555557 0.6234375 0.2055555555555557 0.653125 0.7157407407407409 0.653125
0 0.7120370370370372 0.7458333333333333 0.2166666666666668 0.7458333333333333 0.2166666666666668 0.7744791666666667 0.7120370370370372 0.7744791666666667
0 0.7129629629629629 0.3963541666666667 0.19444444444444456 0.3963541666666667 0.19444444444444456 0.428125 0.7129629629629629 0.428125
0 0.7166666666666667 0.328125 0.18888888888888894 0.328125 0.18888888888888894 0.36041666666666666 0.7166666666666667 0.36041666666666666
0 0.7138888888888891 0.8645833333333334 0.2240740740740743 0.8645833333333334 0.2240740740740743 0.8942708333333333 0.7138888888888891 0.8942708333333333
0 0.7148148148148148 0.4296875 0.1962962962962964 0.4296875 0.1962962962962964 0.4640625 0.7148148148148148 0.4640625
0 0.7101851851851853 0.4640625 0.19722222222222233 0.4640625 0.19722222222222233 0.4942708333333333 0.7101851851851854 0.4942708333333333
0 0.7129629629629631 0.6546875 0.20648148148148163 0.6546875 0.20648148148148163 0.6838541666666667 0.7129629629629631 0.6838541666666667
0 0.7157407407407408 0.36302083333333335 0.19166666666666676 0.36302083333333335 0.19166666666666676 0.39479166666666665 0.7157407407407408 0.39479166666666665
0 0.7157407407407409 0.8932291666666666 0.227777777777778 0.8932291666666666 0.227777777777778 0.9229166666666667 0.7157407407407409 0.9229166666666667
0 0.7157407407407409 0.5598958333333334 0.20092592592592604 0.5598958333333334 0.20092592592592604 0.590625 0.7157407407407409 0.590625
0 0.714814814814815 0.5276041666666667 0.19722222222222233 0.5276041666666667 0.19722222222222233 0.5572916666666666 0.714814814814815 0.5572916666666666
0 0.7129629629629631 0.8364583333333333 0.22129629629629646 0.8364583333333333 0.2212962962962965 0.8645833333333334 0.7129629629629631 0.8645833333333334
0 0.7166666666666667 0.29375 0.18611111111111117 0.29375 0.18611111111111117 0.3265625 0.7166666666666667 0.3265625
0 0.7129629629629631 0.7166666666666667 0.2120370370370372 0.7166666666666667 0.2120370370370372 0.7458333333333333 0.7129629629629631 0.7458333333333333
0 0.7148148148148148 0.25625000000000003 0.18333333333333338 0.25625 0.18333333333333338 0.2916666666666667 0.7148148148148148 0.2916666666666667
0 0.7138888888888891 0.9239583333333333 0.22685185185185205 0.9239583333333333 0.22685185185185205 0.9526041666666667 0.7138888888888891 0.9526041666666667
0 0.7194444444444444 0.22031250000000002 0.1805555555555556 0.2203125 0.1805555555555556 0.2557291666666667 0.7194444444444444 0.25572916666666673
0 0.7148148148148148 0.1494791666666667 0.17870370370370375 0.14947916666666666 0.17870370370370375 0.18645833333333336 0.7148148148148148 0.1864583333333334
0 0.7175925925925926 0.18802083333333336 0.17777777777777784 0.18802083333333333 0.17777777777777784 0.2197916666666667 0.7175925925925926 0.21979166666666672
0 0.7185185185185186 0.11562500000000003 0.1814814814814815 0.115625 0.18148148148148152 0.14895833333333336 0.7185185185185186 0.1489583333333334