0 0.6555989583333335 0.50634765625 0.32421875000000006 0.50634765625 0.32421875000000006 0.5390625 0.6555989583333335 0.5390625
0 0.6549479166666666 0.40429687500000006 0.30924479166666674 0.404296875 0.30924479166666674 0.43847656250000006 0.6549479166666666 0.4384765625000001
0 0.6555989583333335 0.5400390625 0.3255208333333334 0.5400390625 0.3255208333333334 0.5712890625 0.6555989583333335 0.5712890625
0 0.6529947916666669 0.60546875 0.3216145833333334 0.60546875 0.3216145833333334 0.6357421875 0.6529947916666669 0.6357421875
0 0.6510416666666669 0.6689453125 0.32226562500000006 0.6689453125 0.3222656250000001 0.6982421875 0.6510416666666669 0.6982421875
0 0.6503906250000001 0.76318359375 0.3268229166666668 0.76318359375 0.3268229166666668 0.79150390625 0.6503906250000001 0.79150390625
0 0.6549479166666669 0.57275390625 0.32421875000000006 0.57275390625 0.32421875000000006 0.60400390625 0.6549479166666669 0.60400390625
0 0.6555989583333334 0.33203125000000006 0.30533854166666674 0.33203125 0.30533854166666674 0.36816406250000006 0.6555989583333334 0.3681640625000001
0 0.6516927083333335 0.6376953125 0.3216145833333334 0.6376953125 0.3216145833333334 0.66748046875 0.6516927083333335 0.66748046875
0 0.6490885416666669 0.79296875 0.32812500000000017 0.79296875 0.32812500000000017 0.8212890625 0.6490885416666669 0.8212890625
0 0.6490885416666669 0.822265625 0.3307291666666668 0.822265625 0.3307291666666668 0.85009765625 0.6490885416666669 0.85009765625
0 0.6516927083333335 0.732421875 0.3248697916666668 0.732421875 0.3248697916666668 0.76171875 0.6516927083333335 0.76171875
0 0.6503906250000001 0.70068359375 0.3235677083333335 0.70068359375 0.3235677083333335 0.73046875 0.6503906250000001 0.73046875
0 0.6536458333333334 0.44042968750000006 0.32226562500000006 0.4404296875 0.32226562500000006 0.47216796875000006 0.6536458333333335 0.4721679687500001
0 0.6529947916666669 0.47314453125000006 0.32226562500000006 0.47314453125 0.32226562500000006 0.50439453125 0.6529947916666669 0.50439453125
0 0.654296875 0.36718750000000006 0.30664062500000006 0.3671875 0.30664062500000006 0.40234375000000006 0.654296875 0.4023437500000001
0 0.658203125 0.25878906250000006 0.30273437500000006 0.2587890625 0.30273437500000006 0.29638671875000006 0.658203125 0.2963867187500001
0 0.6588541666666666 0.29589843750000006 0.3040364583333334 0.2958984375 0.3040364583333334 0.33105468750000006 0.6588541666666666 0.3310546875000001
0 0.6619998259543322 0.2546408156597418 0.6614827473958335 0.21725512695312496 0.3060236115456679 0.22002056129338315 0.3065406901041667 0.25740624999999995