0 0.28125 0.26458333333333334 0.046093750000000024 0.26458333333333334 0.04609375000000003 0.30520833333333336 0.28125 0.30520833333333336
0 0.56171875 0.66875 0.3468750000000001 0.66875 0.3468750000000001 0.70625 0.56171875 0.70625
0 0.8328125 0.7197916666666668 0.6203125 0.7197916666666667 0.6203125 0.7572916666666668 0.8328125 0.7572916666666669
0 0.5625 0.5927083333333333 0.34843750000000007 0.5927083333333333 0.34843750000000007 0.628125 0.5625 0.628125
0 0.5625 0.6302083333333334 0.3476562500000001 0.6302083333333334 0.3476562500000001 0.665625 0.5625 0.665625
0 0.27812500000000007 0.8072916666666666 0.06328125000000007 0.8072916666666666 0.06328125000000007 0.84375 0.27812500000000007 0.84375
0 0.2789062500000001 0.7708333333333334 0.061718750000000065 0.7708333333333334 0.061718750000000065 0.8052083333333333 0.2789062500000001 0.8052083333333333
0 0.565625 0.5552083333333333 0.3468750000000001 0.5552083333333333 0.3468750000000001 0.5916666666666667 0.565625 0.5916666666666667
0 0.2796875000000001 0.734375 0.061718750000000065 0.734375 0.061718750000000065 0.76875 0.2796875000000001 0.76875
0 0.55625 0.7822916666666667 0.3453125000000001 0.7822916666666667 0.3453125000000001 0.815625 0.55625 0.815625
0 0.57109375 0.39791666666666675 0.34609375 0.39791666666666664 0.34609375 0.43541666666666673 0.57109375 0.4354166666666668
0 0.8546875 0.45729166666666676 0.63046875 0.45729166666666676 0.63046875 0.49583333333333346 0.8546875 0.49583333333333346
0 0.2804687500000001 0.6229166666666667 0.05937500000000007 0.6229166666666667 0.05937500000000007 0.6604166666666667 0.2804687500000001 0.6604166666666667
0 0.2804687500000001 0.5072916666666667 0.055468750000000046 0.5072916666666667 0.055468750000000046 0.54375 0.2804687500000001 0.54375
0 0.578125 0.1843750000000001 0.34765625 0.18437500000000007 0.34765625 0.22604166666666675 0.578125 0.22604166666666678
0 0.28125000000000006 0.46875 0.055468750000000046 0.46875 0.055468750000000046 0.50625 0.2812500000000001 0.50625
0 0.2828125 0.30625 0.048437500000000036 0.30625 0.048437500000000036 0.3458333333333333 0.2828125 0.3458333333333333
0 0.28046875 0.3489583333333333 0.048437500000000036 0.3489583333333333 0.048437500000000036 0.3875 0.28046875 0.3875
0 0.8375 0.6864583333333335 0.62265625 0.6864583333333333 0.62265625 0.7239583333333335 0.8375 0.7239583333333336
0 0.840625 0.6489583333333334 0.62265625 0.6489583333333333 0.62265625 0.6854166666666668 0.840625 0.6854166666666669
0 0.83046875 0.7562500000000001 0.61796875 0.75625 0.61796875 0.7927083333333335 0.83046875 0.7927083333333336
0 0.2812500000000001 0.5447916666666667 0.057812500000000044 0.5447916666666667 0.057812500000000044 0.5822916666666667 0.2812500000000001 0.5822916666666667
0 0.2804687500000001 0.5833333333333334 0.059375000000000046 0.5833333333333334 0.05937500000000005 0.6197916666666666 0.2804687500000001 0.6197916666666666
0 0.28125 0.38645833333333335 0.05312500000000005 0.38645833333333335 0.05312500000000005 0.42604166666666665 0.28125 0.42604166666666665
0 0.2773437500000001 0.8458333333333333 0.06406250000000006 0.8458333333333333 0.06406250000000008 0.878125 0.2773437500000001 0.878125
0 0.5765625 0.27083333333333337 0.346875 0.2708333333333333 0.346875 0.31250000000000006 0.5765625 0.3125000000000001
0 0.8609375 0.3750000000000001 0.63828125 0.3750000000000001 0.63828125 0.41458333333333347 0.8609375 0.41458333333333347
0 0.28125 0.428125 0.05468750000000004 0.428125 0.05468750000000004 0.465625 0.28125 0.465625
0 0.84765625 0.5354166666666668 0.62890625 0.5354166666666667 0.62890625 0.5729166666666667 0.84765625 0.5729166666666669
0 0.56796875 0.5166666666666667 0.3476562500000001 0.5166666666666667 0.3476562500000001 0.5520833333333334 0.56796875 0.5520833333333334
0 0.56953125 0.47500000000000003 0.34921875 0.475 0.34921875 0.5125000000000001 0.56953125 0.5125000000000001
0 0.8234375 0.8645833333333335 0.61171875 0.8645833333333334 0.61171875 0.9000000000000001 0.8234375 0.9000000000000002
0 0.8421875 0.6104166666666668 0.62421875 0.6104166666666667 0.62421875 0.6468750000000001 0.8421875 0.6468750000000002
0 0.8453125 0.5729166666666667 0.6265625 0.5729166666666666 0.6265625 0.6104166666666668 0.8453125 0.6104166666666669
0 0.57578125 0.3552083333333334 0.346875 0.35520833333333335 0.346875 0.3947916666666667 0.57578125 0.39479166666666676
0 0.57734375 0.22812500000000008 0.3453125 0.22812500000000005 0.3453125 0.27083333333333337 0.57734375 0.2708333333333334
0 0.553125 0.8520833333333333 0.3453125000000001 0.8520833333333333 0.3453125000000001 0.884375 0.553125 0.884375
0 0.57109375 0.4364583333333334 0.34921875 0.43645833333333334 0.34921875 0.47395833333333337 0.57109375 0.4739583333333334
0 0.5578125 0.74375 0.3460937500000001 0.74375 0.3460937500000001 0.7770833333333333 0.5578125 0.7770833333333333
0 0.2796875000000001 0.696875 0.06093750000000007 0.696875 0.06093750000000007 0.7322916666666667 0.2796875000000001 0.7322916666666667
0 0.57421875 0.31250000000000006 0.346875 0.3125 0.346875 0.35104166666666675 0.57421875 0.3510416666666668
0 0.828125 0.7927083333333335 0.61796875 0.7927083333333333 0.61796875 0.8291666666666668 0.828125 0.8291666666666669
0 0.87265625 0.25208333333333344 0.6421875 0.25208333333333344 0.6421875 0.29583333333333345 0.87265625 0.29583333333333345
0 0.85546875 0.41562500000000013 0.63515625 0.41562500000000013 0.63515625 0.4562500000000001 0.85546875 0.4562500000000001
0 0.55546875 0.8177083333333334 0.3437500000000001 0.8177083333333334 0.3437500000000001 0.8520833333333333 0.55546875 0.8520833333333333
0 0.8234375 0.8291666666666668 0.615625 0.8291666666666667 0.615625 0.8645833333333335 0.8234375 0.8645833333333336
0 0.865625 0.3354166666666668 0.640625 0.3354166666666668 0.640625 0.3781250000000001 0.865625 0.3781250000000001
0 0.5578125 0.7072916666666667 0.3460937500000001 0.7072916666666667 0.3460937500000001 0.740625 0.5578125 0.740625
0 0.86953125 0.29270833333333346 0.640625 0.29270833333333346 0.640625 0.3354166666666668 0.86953125 0.3354166666666668
0 0.853125 0.49583333333333346 0.63125 0.49583333333333346 0.63125 0.5364583333333335 0.853125 0.5364583333333336
0 0.2765625000000001 0.88125 0.06484375000000009 0.88125 0.06484375000000009 0.9135416666666667 0.2765625000000001 0.9135416666666667
0 0.8765625 0.20937500000000012 0.64609375 0.20937500000000012 0.64609375 0.25416666666666676 0.8765625 0.25416666666666676
0 0.2796875000000001 0.6625 0.060156250000000064 0.6625 0.060156250000000064 0.696875 0.2796875000000001 0.696875
0 0.5515625 0.890625 0.3453125000000001 0.890625 0.3453125000000001 0.9208333333333333 0.5515625 0.9208333333333333
0 0.87890625 0.1656250000000001 0.64609375 0.1656250000000001 0.64609375 0.21041666666666678 0.87890625 0.21041666666666678
0 0.8176045089213997 0.907920628232029 0.6135133564335475 0.8944069948869623 0.6122835937500002 0.927425 0.8163747462378522 0.9409386333450668