0 0.8681602370679956 0.20381598676743745 0.8646599670138889 0.15255171728515626 0.08294569580475822 0.1694397815776657 0.08644596585886494 0.2207040510599469
0 0.8579333626452121 0.2526527875679071 0.854403355626655 0.20530624792611016 0.08848279687499998 0.2233744985351562 0.09201280389355712 0.27072103817695314
0 0.8480565877863673 0.2978695751240387 0.8443770363392226 0.25283965930203606 0.09665260243055557 0.2721718188476563 0.10033215387770028 0.31720173466965895
0 0.8492454255328404 0.34645094540046445 0.8459744618055556 0.2999631040039062 0.10548889623901002 0.31644844740024375 0.10875985996629495 0.362936288796802
0 0.8486570948259201 0.3891000588657313 0.846026984375 0.34774926123046873 0.11737390486426771 0.3624133794766389 0.12000401531518778 0.40376417711190143
0 0.8432904911420586 0.43131989673506405 0.8405061657675481 0.39036287085711907 0.13007435416666666 0.40564412597656246 0.13285867954117705 0.44660115185450744
0 0.8420475612748825 0.4709093477197898 0.8390408782258676 0.4311228411870352 0.14162600520833335 0.44779869580078124 0.14463268825734812 0.48758520233353586
0 0.8342296127551122 0.5120967617788962 0.8317149322916665 0.4739159677734375 0.14456568022997576 0.48823566989068573 0.14708036069342137 0.5264164638961445
0 0.8314536971480861 0.550102084167488 0.8292932421874999 0.5136612387695313 0.14831066120837524 0.5264355599100748 0.15047111616896142 0.5628764053080315
0 0.8286437688684934 0.5867939317212325 0.8259396848953262 0.5499349432869386 0.16254811545138892 0.5653339165039063 0.16525219942455618 0.6021929049382002
0 0.8286544126009826 0.6319917091792299 0.8265503784722221 0.5902950004882812 0.1692157399460742 0.6007900037125845 0.17131977407483465 0.6424867124035332