0 0.9790205130208331 0.7808165141601564 0.9760265092308489 0.7255590919897064 0.13373621756418227 0.7399991378881438 0.13673022135416668 0.7952565600585938
0 0.9534825824652781 0.7320183491210939 0.9533219834476946 0.6839356966100785 0.15198539323826454 0.6847825622135026 0.15214599225584796 0.732865214724518
0 0.9431730772569443 0.6858554467773438 0.942949051574229 0.6359984837683609 0.16176417410345542 0.6371091175272439 0.16198819978617082 0.6869660805362268
0 0.9293104375000001 0.6350146650390625 0.9276660972265464 0.5925403329343105 0.17418581597654623 0.601769915942123 0.17583015624999998 0.644244248046875
0 0.9091221727430554 0.5937052519531248 0.90734070415196 0.55120767581949 0.1784041485964046 0.5608759463273025 0.18018561718749998 0.6033735224609373
0 0.8989298862847223 0.550375208984375 0.8967850059620878 0.5107620563758075 0.19508827158708777 0.5227835427039326 0.19723315190972224 0.5623966953125
0 0.8807331076388889 0.5165987602539064 0.8794926012198129 0.47602210332601536 0.19981217847675722 0.4825967522517965 0.20105268489583336 0.5231734091796875
0 0.8707361918402776 0.47799031201171877 0.8684564465210529 0.442966073616537 0.2080473918335531 0.4565672259602869 0.21032713715277776 0.4915914643554687
0 0.8626526197916667 0.44502633740234376 0.8606374413471045 0.41187107104299625 0.2069053849234933 0.4244431130351838 0.20892056336805556 0.4575983793945313
0 0.8578877161458334 0.4110737885742188 0.8557213188290717 0.37798844372032003 0.21746945598184939 0.3912117357125075 0.21963585329861113 0.42429708056640625
0 0.8481252578125001 0.37813154931640625 0.8463787538624398 0.3497375578880698 0.23007975907077302 0.3617319885521324 0.23182626302083337 0.3901259799804688
0 0.8425708758680555 0.3499583979492188 0.8407738893971591 0.3233005682695918 0.23767541977910353 0.336163894929748 0.23947240625 0.362821724609375
0 0.8414651909722223 0.3232369970703126 0.8392458834152776 0.2902958469471018 0.24219450667916645 0.3030231238025705 0.24441381423611114 0.3359642739257813