0 0.8625 0.6239583333333335 0.64609375 0.6239583333333333 0.64609375 0.6593750000000002 0.8625 0.6593750000000003
0 0.859375 0.7343750000000001 0.646875 0.734375 0.646875 0.7666666666666668 0.859375 0.7666666666666669
0 0.86171875 0.6625000000000001 0.64609375 0.6625 0.64609375 0.6958333333333334 0.86171875 0.6958333333333335
0 0.85703125 0.8062500000000001 0.646875 0.80625 0.646875 0.8375000000000001 0.85703125 0.8375000000000002
0 0.85859375 0.6968750000000001 0.64453125 0.696875 0.64453125 0.7312500000000001 0.85859375 0.7312500000000003
0 0.86484375 0.5520833333333335 0.64609375 0.5520833333333334 0.64609375 0.5843750000000001 0.86484375 0.5843750000000002
0 0.3203125000000001 0.859375 0.11562500000000009 0.859375 0.11562500000000009 0.890625 0.3203125000000001 0.890625
0 0.58671875 0.6677083333333333 0.3750000000000001 0.6677083333333333 0.3750000000000001 0.703125 0.58671875 0.703125
0 0.865625 0.5135416666666668 0.646875 0.5135416666666668 0.646875 0.5489583333333334 0.865625 0.5489583333333335
0 0.85703125 0.7708333333333335 0.646875 0.7708333333333334 0.646875 0.8031250000000001 0.85703125 0.8031250000000002
0 0.58359375 0.5166666666666668 0.3695312500000001 0.5166666666666668 0.3695312500000001 0.5541666666666667 0.58359375 0.5541666666666667
0 0.58671875 0.7020833333333333 0.37578125000000007 0.7020833333333333 0.37578125000000007 0.7375 0.58671875 0.7375
0 0.3125000000000001 0.715625 0.10234375000000004 0.715625 0.10234375000000007 0.75 0.3125000000000001 0.75
0 0.86875 0.43645833333333345 0.6453125 0.43645833333333345 0.6453125 0.4718750000000001 0.86875 0.4718750000000001
0 0.865625 0.4739583333333334 0.646875 0.4739583333333334 0.646875 0.5114583333333335 0.865625 0.5114583333333335
0 0.5859375 0.5927083333333333 0.3734375000000001 0.5927083333333333 0.3734375000000001 0.628125 0.5859375 0.628125
0 0.578125 0.27916666666666673 0.35703125 0.2791666666666667 0.35703125 0.31875000000000003 0.578125 0.31875000000000014
0 0.3156250000000001 0.7895833333333333 0.10937500000000008 0.7895833333333333 0.10937500000000008 0.8208333333333333 0.3156250000000001 0.8208333333333333
0 0.87578125 0.23125000000000012 0.646875 0.23125000000000012 0.646875 0.2708333333333334 0.87578125 0.2708333333333334
0 0.5890625 0.8114583333333333 0.3820312500000001 0.8114583333333333 0.3820312500000001 0.8458333333333333 0.5890625 0.8458333333333333
0 0.8734375 0.2708333333333334 0.646875 0.2708333333333334 0.646875 0.3135416666666668 0.8734375 0.3135416666666668
0 0.86328125 0.5875000000000001 0.64609375 0.5875 0.64609375 0.6208333333333335 0.86328125 0.6208333333333336
0 0.3148437500000001 0.753125 0.10703125000000009 0.753125 0.10703125000000009 0.7864583333333334 0.3148437500000001 0.7864583333333334
0 0.58828125 0.7760416666666666 0.3804687500000001 0.7760416666666666 0.3804687500000001 0.8083333333333333 0.58828125 0.8083333333333333
0 0.58125 0.3614583333333334 0.36015625 0.3614583333333333 0.36015625 0.4000000000000001 0.58125 0.40000000000000013
0 0.58828125 0.740625 0.3804687500000001 0.740625 0.3804687500000001 0.7739583333333333 0.58828125 0.7739583333333333
0 0.57890625 0.31875000000000003 0.35859375 0.31875 0.35859375 0.35937500000000006 0.57890625 0.3593750000000001
0 0.31718750000000007 0.821875 0.10703125000000009 0.821875 0.10703125000000009 0.853125 0.31718750000000007 0.853125
0 0.58359375 0.4760416666666668 0.36875 0.4760416666666668 0.36875 0.5145833333333335 0.58359375 0.5145833333333335
0 0.58515625 0.63125 0.3750000000000001 0.63125 0.3750000000000001 0.6677083333333333 0.58515625 0.6677083333333333
0 0.58515625 0.5552083333333333 0.3734375000000001 0.5552083333333333 0.3734375000000001 0.5927083333333333 0.58515625 0.5927083333333333
0 0.87734375 0.18958333333333346 0.64375 0.18958333333333346 0.64375 0.23229166666666679 0.87734375 0.23229166666666679
0 0.3109375000000001 0.6072916666666667 0.09609375000000006 0.6072916666666667 0.09609375000000006 0.64375 0.3109375000000001 0.64375
0 0.8703125 0.35520833333333346 0.6453125 0.35520833333333346 0.6453125 0.3937500000000001 0.8703125 0.3937500000000001
0 0.57890625 0.15000000000000008 0.3484375 0.15000000000000005 0.3484375 0.19479166666666675 0.57890625 0.19479166666666678
0 0.57890625 0.23541666666666675 0.35390625 0.23541666666666672 0.35390625 0.27812500000000007 0.57890625 0.2781250000000001
0 0.58203125 0.39895833333333347 0.3640625 0.39895833333333347 0.3640625 0.4375000000000001 0.58203125 0.4375000000000001
0 0.87265625 0.3135416666666668 0.646875 0.3135416666666668 0.646875 0.35208333333333347 0.87265625 0.35208333333333347
0 0.578125 0.19479166666666675 0.35078125 0.19479166666666672 0.35078125 0.2375000000000001 0.578125 0.23750000000000013
0 0.5828125 0.43958333333333344 0.36484375 0.43958333333333344 0.36484375 0.4760416666666668 0.5828125 0.4760416666666668
0 0.878125 0.1447916666666668 0.6453125 0.1447916666666668 0.6453125 0.18958333333333346 0.878125 0.18958333333333346
0 0.3023437500000001 0.49270833333333336 0.08515625000000004 0.49270833333333336 0.08515625000000004 0.5322916666666667 0.3023437500000001 0.5322916666666667
0 0.3125000000000001 0.6802083333333333 0.10234375000000004 0.6802083333333333 0.10234375000000004 0.7166666666666667 0.3125000000000001 0.7166666666666667
0 0.30937500000000007 0.5697916666666667 0.09375000000000004 0.5697916666666667 0.09375000000000006 0.60625 0.30937500000000007 0.60625
0 0.3046875000000001 0.5333333333333333 0.08984375000000004 0.5333333333333333 0.08984375000000004 0.5697916666666667 0.3046875000000001 0.5697916666666667
0 0.86953125 0.39687500000000014 0.64375 0.39687500000000014 0.64375 0.4354166666666668 0.86953125 0.4354166666666668
0 0.296875 0.41770833333333335 0.07812500000000004 0.41770833333333335 0.07812500000000004 0.45729166666666665 0.296875 0.45729166666666665
0 0.3117187500000001 0.6447916666666667 0.09921875000000006 0.6447916666666667 0.09921875000000006 0.6802083333333333 0.3117187500000001 0.6802083333333333
0 0.29609375 0.378125 0.07343750000000004 0.378125 0.07343750000000004 0.42083333333333334 0.29609375 0.42083333333333334
0 0.30078125000000006 0.45625 0.08203125000000004 0.45625 0.08203125000000004 0.4947916666666667 0.3007812500000001 0.4947916666666667
0 0.29453125 0.3385416666666667 0.06953125000000002 0.3385416666666667 0.06953125000000003 0.3802083333333333 0.29453125 0.3802083333333333
0 0.29375 0.296875 0.06406250000000002 0.296875 0.06406250000000002 0.33958333333333335 0.29375 0.33958333333333335
0 0.58984375 0.8479166666666667 0.3820312500000001 0.8479166666666667 0.3820312500000001 0.878125 0.58984375 0.878125
0 0.85625 0.8416666666666668 0.64453125 0.8416666666666667 0.64453125 0.8708333333333335 0.85625 0.8708333333333336
0 0.8796875 0.1010416666666668 0.64453125 0.10104166666666678 0.64453125 0.1447916666666668 0.8796875 0.1447916666666668
0 0.29375 0.25312500000000004 0.06250000000000003 0.253125 0.06250000000000003 0.30104166666666665 0.29375 0.30104166666666665