0 0.9043866313016891 0.14549752936147978 0.9009918734561256 0.0730224295128621 -0.00339475784556339 0.08642595874513233 0 0.15890105859375
0 0.8996138173527162 0.208682965073125 0.8968736921252215 0.14244810350664774 -0.002082887380272558 0.15421515210539774 0.0006572378472222232 0.220450013671875
0 0.8927950903147668 0.2687033793482871 0.8897540763989714 0.20406860653943718 -0.003041013915795492 0.2173593424255251 -1.5419764230904951e-18 0.281994115234375
0 0.8839687889741618 0.32429582248983163 0.8807919214484942 0.2649674302072758 -0.0007283792611596014 0.2799027283770158 0.0024484882645080777 0.3392311206595716
0 0.870845825452776 0.3788162583715955 0.8682732309027779 0.32232918798828125 0.010747727001478621 0.3346862262927794 0.013320321551476689 0.39117329667609363
0 0.862274361702625 0.42766035342820957 0.8592959800786643 0.3729214372081044 0.019031315972222226 0.38738733203125003 0.022009697596182987 0.4421262482513552
0 0.8519023940249215 0.4787858503716627 0.8484105676944361 0.4236878808610844 0.027218776041666663 0.4401545854492188 0.030710602372152094 0.49525255495979714
0 0.8456337213566648 0.5220869362089506 0.8423929244791666 0.47505950244140627 0.034219424302687186 0.49268129931310684 0.037460221180185424 0.5397087330806513
0 0.8386580863244155 0.5678199708736178 0.8354224980146969 0.5250690468758993 0.05272028559027778 0.5438124897460938 0.05595587389999627 0.5865634137438123
0 0.8287810651414987 0.6107044873157635 0.8256738576388888 0.5681453618164063 0.06147085858638642 0.5857988833887174 0.0645780660889964 0.6283580088880747
0 0.8239846818677083 0.6534647560561129 0.8210539369167614 0.6098122204736225 0.06686321614583333 0.6258334111328125 0.06979396109678028 0.6694859467153029
0 0.8198614493105351 0.6924404907674631 0.8162842408969383 0.6499057652784686 0.08214642534722222 0.6694412080078125 0.08572363376081901 0.711975933496807
0 0.8133543965722085 0.7330181676195956 0.8109674991319444 0.69415739453125 0.08533594354111264 0.7082594863108459 0.08772284098137671 0.7471202593991915
0 0.8114187805740927 0.7704804168146061 0.8091100130208333 0.7331259951171875 0.09452431702594387 0.7471005365368499 0.09683308457920324 0.7844549582342686
0 0.8000059015647929 0.8046585839466668 0.7978854624979207 0.7706829905698902 0.10130376128472222 0.7844384741210938 0.10342420035159433 0.8184140674978704
0 0.7915026891864329 0.8407528204457335 0.7893011006944444 0.8056188627929688 0.111594525456234 0.8190556619519734 0.11379611394822252 0.8541896196047382
0 0.787826804012985 0.8760198651212892 0.7860656163194445 0.8423586494140625 0.11710493865860766 0.8534330821319912 0.11886612635214816 0.8870942978392179
0 0.7852858953730982 0.9082860815651624 0.7841311076388888 0.8775835864257813 0.12894012015338177 0.8853808364322951 0.13009490788759115 0.9160833315716763
0 0.7782660199659761 0.9382888567447684 0.7767543546199288 0.907479988626176 0.1352141154513889 0.9174397485351563 0.13672578079743622 0.9482486166537487
0 0.7653773897746443 0.9624547467385173 0.7640669305555554 0.9377602241210935 0.1435639353086361 0.948178882816827 0.144874394527725 0.9728734054342508
0 0.7754249914473119 0.992799482901313 0.7738949618055555 0.9621812583007813 0.1467753481629788 0.9720967733396945 0.14830537780473518 1.0027149979402261