0 0.7362263333333333 0.10107850000000006 0.25589 0.10023725000000003 0.25574972396528095 0.14529052530040232 0.7360860572986142 0.14613177530040233
0 0.7349070000000002 0.14710700000000002 0.25905566666666674 0.14574350000000003 0.2588471093323035 0.186685036977392 0.7346984426656369 0.188048536977392
0 0.7263303333333333 0.19066075000000005 0.2601110000000001 0.18848000000000004 0.2597608278654548 0.23059031675102337 0.7259801611987879 0.23277106675102338
0 0.719073 0.23415525000000004 0.26538700000000004 0.23002900000000007 0.2647859365758797 0.2672032887870236 0.7184719365758796 0.2713295387870236
0 0.7131353333333333 0.2742445000000001 0.26912345175851465 0.26978336995778746 0.26844203697032254 0.3079324254434046 0.7124539185451413 0.31239355548561726
0 0.7131353333333333 0.31433375 0.26908033333333337 0.30798324999999993 0.2681219613993577 0.3456783984358918 0.7121769613993577 0.3520288984358919
0 0.7078573333333332 0.354829 0.2733013333333334 0.34636675 0.2720153157413399 0.3835142281112956 0.7065713157413397 0.3919764781112956
0 0.7032390000000001 0.39145375 0.27479978363939106 0.38433556727246515 0.2737016728308917 0.42151380301843916 0.7021408891915007 0.428631985745974
0 0.6992803333333334 0.4290685000000001 0.27277366666666675 0.42194675000000004 0.27174246770722266 0.45668469255066885 0.6982491343738894 0.4638064425506689
0 0.6953220000000001 0.46513900000000014 0.27506133333333344 0.4577152500000001 0.27392514866228856 0.49389510810563997 0.6941858153289552 0.50131885810564
0 0.6907036666666668 0.5042385 0.2784930357072943 0.4927462275309864 0.2769706042166598 0.523462857027841 0.6891812351760324 0.5349551294968546
0 0.6893843333333335 0.5383885 0.27963266666666675 0.5244345 0.2776873818223659 0.5565657587960579 0.6874390484890327 0.5705197587960579
0 0.6557370000000001 0.9316497500000002 0.29089533333333345 0.9138325000000002 0.2889382384331945 0.9363747970952436 0.6537799050998612 0.9541920470952436
0 0.6577163333333335 0.90145925 0.288916 0.8861165 0.28684613890293226 0.9141032085552244 0.6556464722362656 0.9294459585552245
0 0.6610150000000001 0.8757230000000001 0.2891293333333335 0.8568280000000001 0.2867415445754868 0.883263100974593 0.6586272112421534 0.902158100974593
0 0.6662930000000001 0.8475120000000002 0.2864913333333335 0.8311070000000002 0.2844553778651954 0.8576207668413651 0.6642570445318622 0.8740257668413651
0 0.6702513333333336 0.8202910000000001 0.2864913333333335 0.8006377500000001 0.28396523146912067 0.8283836433722566 0.6677252314691208 0.8480368933722565
0 0.6768490000000003 0.7891105000000002 0.2822706666666668 0.7725425 0.28006885851514984 0.8020386375720807 0.6746471918484834 0.8186066375720809
0 0.6801476666666666 0.75941475 0.2822706666666668 0.74523875 0.28043275181692806 0.7742551175403204 0.678309751816928 0.7884311175403205
0 0.6748696666666668 0.730273 0.27593933333333354 0.71437375 0.273924777121014 0.742806727309049 0.6728551104543472 0.7587059773090489
0 0.6788283333333333 0.7010722499999998 0.27488400000000013 0.6858827499999999 0.27305561299652376 0.7132334656372471 0.6769999463298569 0.7284229656372471
0 0.6781683333333334 0.66747625 0.27701334414853135 0.6521324676903255 0.2748582072776062 0.6838264749773353 0.6760131964624083 0.6991702572870098
0 0.6827866666666668 0.6358007500000001 0.2763806666666668 0.6184782500000001 0.2739966680559613 0.6499396515530431 0.6804026680559613 0.6672621515530431
0 0.6814673333333333 0.6026404999999999 0.27804966666666675 0.5885389999999999 0.2762625235058172 0.6172978470887095 0.6796801901724837 0.6313993470887096
0 0.6847660000000003 0.5689855 0.28016000000000013 0.55648675 0.27839292622869405 0.5886635569447831 0.6829989262286942 0.6011623069447831