0 0.7453883003472221 0.20834741943359375 0.7449190747175067 0.16563336606661244 0.1170886435741327 0.16781558518211215 0.11755786920384802 0.21052963854909346
0 0.7464246863492631 0.2503683326831878 0.7454753816973207 0.207798591354699 0.12194763107638888 0.21219811279296874 0.12289693572833123 0.2547678541214576
0 0.7420997421761739 0.29438334347407424 0.7417261588952466 0.2546367589264808 0.1220235920662949 0.256479719163344 0.12239717534722222 0.29622630371093744
0 0.7448695536171371 0.3315708015772187 0.7439134009107121 0.2935433360908346 0.12753426822916666 0.2984470244140625 0.1284904209355917 0.3364744899004466
0 0.7432101601075414 0.37007454064033546 0.741643469171978 0.33089813404112794 0.13121464409722222 0.3386220727539063 0.13278133503278555 0.37779847935311384
0 0.7419961452998306 0.4086984931569701 0.7399862992565216 0.3701047061181276 0.1409978159722222 0.37997451904296875 0.1430076620155311 0.4185683060818112
0 0.7418408130373009 0.44617349100851944 0.7400530440616591 0.40985429466050644 0.14636787425352485 0.419100774355112 0.14815564322916666 0.455419970703125
0 0.7401282147967159 0.48310349946858183 0.7385104296874999 0.45032072460937494 0.15008154822411737 0.45950858012126183 0.15169933333333332 0.4922913549804687
0 0.7417279746765463 0.5176290841696649 0.7398910205138908 0.4846797534206386 0.15080547743055553 0.49507117919921867 0.15264243159321098 0.528020509948245
0 0.7358880148413073 0.5557492439382136 0.7342547508680555 0.5229959018554687 0.1583682742600585 0.5320821102897237 0.1600015382333102 0.5648354523724686
0 0.7399323298611111 0.5886492324218751 0.7381918353754617 0.5591192960646774 0.15693093836805555 0.5699592216796875 0.15867143285370502 0.5994891580368852
0 0.7378792841305958 0.6237826866284262 0.7353524058192804 0.5902957525655178 0.16741492534722224 0.6038555913085938 0.1699418036585376 0.6373425253715022
0 0.7365606745341859 0.6544544251167336 0.7331414710105203 0.6227676471633711 0.17192718536522322 0.641928756226325 0.17534638888888887 0.6736155341796874
0 0.7383888354858168 0.6918476082529876 0.7358574287321883 0.6612491531651231 0.17518540227414933 0.6759254462793229 0.17771680902777778 0.7065239013671875
0 0.7346260068852993 0.724827073461368 0.7324010841863742 0.6959064896481255 0.17983314066913042 0.7093569952883202 0.18205806336805558 0.7382775791015627
0 0.7369744309962347 0.7590195893584499 0.7346585997764155 0.7283821533740291 0.18316430246073642 0.7415720249530793 0.18548013368055558 0.7722094609375001
0 0.7361343055555556 0.7895137304687501 0.7331155483979823 0.7583090715871587 0.18660600520833334 0.775037361328125 0.18962476236590664 0.8062420202097164
0 0.7381343285189144 0.8223678705773754 0.7357273333333333 0.7926329780273438 0.19278713241858558 0.8065390957312183 0.19519412760416663 0.8362739882812499
0 0.7358376097680073 0.8524911697713614 0.7326252735303078 0.8218841224450149 0.19641652834563383 0.8396906201541222 0.19962886458333337 0.8702976674804688
0 0.726789329956946 0.9955603844074732 0.7245718940972223 0.9716023813476563 0.20914992523478013 0.986696523287589 0.2113673610945039 1.0106545263474058
0 0.7282051212485915 0.9694916141137202 0.7249463116319446 0.9416374228515625 0.20114757854567727 0.9610274283881148 0.20440638816232432 0.9888816196502725
0 0.7394168843413368 0.9401896125032831 0.7356649557639904 0.9114130561380787 0.20371294121432026 0.9333579382637018 0.20746486979166665 0.9621344946289063
0 0.7394458167665879 0.9102248527871424 0.7361010316627936 0.8830686135209668 0.20585438069481682 0.903732955558043 0.2091991657986111 0.9308891948242186
0 0.7325609620238751 0.8831492426276745 0.7290842309392629 0.8530962034954569 0.19849670815149892 0.872517793875595 0.20197343923611114 0.9025708330078126