0 0.7546296296296298 0.4796875 0.23981481481481493 0.4796875 0.23981481481481493 0.5104166666666666 0.7546296296296299 0.5104166666666666
0 0.7555555555555558 0.5776041666666667 0.2425925925925927 0.5776041666666667 0.2425925925925927 0.6078125 0.7555555555555558 0.6078125
0 0.7574074074074074 0.4473958333333333 0.23425925925925936 0.4473958333333333 0.23425925925925936 0.478125 0.7574074074074074 0.478125
0 0.7564814814814816 0.5119791666666667 0.2425925925925927 0.5119791666666667 0.2425925925925927 0.5421875 0.7564814814814816 0.5421875
0 0.7537037037037039 0.6083333333333333 0.2453703703703705 0.6083333333333333 0.2453703703703705 0.6364583333333333 0.7537037037037039 0.6364583333333333
0 0.7574074074074074 0.27395833333333336 0.2157407407407408 0.27395833333333336 0.2157407407407408 0.30885416666666665 0.7574074074074074 0.30885416666666665
0 0.7583333333333335 0.5453125 0.24351851851851863 0.5453125 0.24351851851851863 0.575 0.7583333333333335 0.575
0 0.7583333333333335 0.640625 0.24444444444444455 0.640625 0.24444444444444455 0.671875 0.7583333333333335 0.671875
0 0.7555555555555555 0.20052083333333337 0.21388888888888893 0.20052083333333334 0.21388888888888893 0.23802083333333338 0.7555555555555555 0.2380208333333334
0 0.7537037037037037 0.23645833333333335 0.21481481481481488 0.23645833333333333 0.21481481481481488 0.27395833333333336 0.7537037037037037 0.27395833333333336
0 0.7583333333333333 0.41354166666666664 0.23796296296296307 0.41354166666666664 0.23796296296296307 0.4453125 0.7583333333333333 0.4453125
0 0.7509259259259261 0.7942708333333334 0.2546296296296298 0.7942708333333334 0.2546296296296298 0.8223958333333333 0.7509259259259261 0.8223958333333333
0 0.7546296296296297 0.30833333333333335 0.22222222222222227 0.30833333333333335 0.22222222222222227 0.3416666666666667 0.7546296296296297 0.3416666666666667
0 0.7537037037037039 0.7661458333333333 0.25185185185185205 0.7661458333333333 0.25185185185185205 0.7927083333333333 0.7537037037037039 0.7927083333333333
0 0.7555555555555558 0.703125 0.2453703703703705 0.703125 0.24537037037037052 0.7328125 0.7555555555555558 0.7328125
0 0.7583333333333335 0.671875 0.2453703703703705 0.671875 0.2453703703703705 0.7010416666666667 0.7583333333333335 0.7010416666666667
0 0.7472222222222225 0.825 0.25370370370370393 0.825 0.25370370370370393 0.8510416666666667 0.7472222222222225 0.8510416666666667
0 0.7546296296296297 0.16406250000000003 0.21111111111111117 0.1640625 0.21111111111111117 0.1994791666666667 0.7546296296296297 0.19947916666666674
0 0.7592592592592593 0.34479166666666666 0.22592592592592597 0.34479166666666666 0.225925925925926 0.378125 0.7592592592592593 0.378125
0 0.7453703703703706 0.8541666666666666 0.2564814814814817 0.8541666666666666 0.2564814814814817 0.8786458333333333 0.7453703703703706 0.8786458333333333
0 0.7444444444444447 0.88125 0.25740740740740764 0.88125 0.25740740740740764 0.9083333333333333 0.7444444444444447 0.9083333333333333
0 0.7537037037037039 0.734375 0.24907407407407428 0.734375 0.24907407407407428 0.7635416666666667 0.7537037037037039 0.7635416666666667
0 0.7583333333333333 0.08906250000000003 0.21296296296296297 0.0890625 0.212962962962963 0.12656250000000002 0.7583333333333333 0.12656250000000005
0 0.7518518518518519 0.12708333333333335 0.21018518518518522 0.12708333333333333 0.21018518518518522 0.16302083333333336 0.7518518518518519 0.1630208333333334
0 0.7574074074074074 0.37864583333333335 0.22962962962962974 0.37864583333333335 0.22962962962962974 0.4114583333333333 0.7574074074074074 0.4114583333333333
0 0.7472222222222225 0.9104166666666667 0.26111111111111135 0.9104166666666667 0.26111111111111135 0.9395833333333333 0.7472222222222225 0.9395833333333333
0 0.7595472222222222 0.08015260416666674 0.7572623468689237 0.038344544187831946 0.20149290242447931 0.04795496085449854 0.20377777777777778 0.08976302083333333