0 0.9282667786458334 0.17908935937500006 0.3277719427083333 0.14953758349609378 0.3210567894562872 0.1927120196613528 0.9215516253937872 0.22226379554025907
0 0.9178976137152777 0.22208397265625004 0.31686981944444453 0.1959588051757813 0.31140595176230007 0.2357311045775169 0.9124337460331332 0.2618562720579856
0 0.9105024836925176 0.2659195321311981 0.31233195052083335 0.2330255791015625 0.3056698752867816 0.2713577604073505 0.9038404084584659 0.3042517134369861
0 0.9005949587520544 0.30263564811714405 0.30372602690972234 0.2725717851562501 0.29783591798405706 0.30957185725394987 0.8947048498263891 0.33963572021484384
0 0.8976605155556334 0.34401360902487277 0.2994017890625001 0.30826783984375006 0.2915279219517236 0.34996414091053524 0.8897866484448568 0.38570991009165795
0 0.884341607638889 0.38258945263671884 0.28925174565972234 0.3498508320312501 0.2830581226922062 0.385472314738778 0.878147984671373 0.41821093534424675
0 0.877953739855287 0.42306796568257926 0.28217126996527786 0.38748309472656256 0.2755961420128438 0.42231454740423446 0.871378611902853 0.45789941836025116
0 0.8699264996795417 0.4598284769342536 0.27531674131944456 0.4236626547851562 0.2677063068389679 0.4632529003002773 0.8623160651990651 0.49941872244937474
0 0.8602306467013892 0.49800111621093757 0.27400656163194465 0.46365024609375005 0.26767584733552 0.49783430932118555 0.8538999324049645 0.5321851794383731
0 0.8541077925347225 0.5352286020507814 0.2608666704325697 0.5009175477406974 0.2550259239047919 0.5328704710805412 0.8482670460069446 0.5671815253906252
0 0.7992503914930558 0.9068623266601563 0.20886004774305578 0.8746125522460939 0.20330679244571956 0.9067791595910029 0.7936971361957195 0.9390289340050653
0 0.8054638903387263 0.8701392875849974 0.2164652850211216 0.8376932815767388 0.21050441059027794 0.8719312548828126 0.7995030159078828 0.9043772608910712
0 0.8163072743055557 0.8287494433593751 0.21551023183385032 0.7996703318910813 0.20914687724986641 0.8412688472909919 0.8099439197215719 0.8703479587592857
0 0.8156613220486114 0.7950387148437502 0.21770820138888908 0.7624873393554689 0.2109977514276993 0.8014900227633721 0.8089508720874216 0.8340413982516535
0 0.8226343064236112 0.7556577114257813 0.21970303125000018 0.7259860322265625 0.2135207989579223 0.7657341035159143 0.8164520741315333 0.7954057827151331
0 0.8246157239583335 0.7192425815429688 0.2311102092013891 0.6921023681640625 0.22605882608046185 0.7270539522049698 0.8195643408374064 0.7541941655838762
0 0.8238167526041669 0.6794959306640627 0.23162834982638905 0.6493133334960938 0.22500804223168888 0.6904118846906742 0.8171964450094668 0.7205944818586429
0 0.8347381362847223 0.64083344921875 0.24422079340277789 0.6078091201171874 0.23716598451217552 0.6477234608555147 0.8276833273941199 0.6807477899570773
0 0.8412209799554199 0.6048256846907433 0.2489718229166668 0.5693718486328124 0.24147388070821257 0.609002240016464 0.8337230377469657 0.6444560760743948
0 0.8481946411450543 0.5665159968665199 0.258368959201389 0.5326268002929688 0.2510411279521681 0.5729804591881676 0.8408668098958335 0.6068696557617187