0 0.7949572986111111 0.10597794140625003 0.045279302951388906 0.10352205859375 0.04471960210454964 0.15758107525850137 0.7943975977642719 0.1600369580710014
0 0.7812762730681266 0.1612401745063262 0.061087145833333384 0.15870686279296878 0.060582114952706885 0.2041345803764864 0.7807712421875002 0.20666789208984382
0 0.7818623090277778 0.21035171582031253 0.0663228758680556 0.20583088232421876 0.06540213148990576 0.2519413141991608 0.7809415646496279 0.2564621476952546
0 0.7742235295138888 0.26069681396484373 0.07504967361111115 0.25540955859375 0.07400624706726103 0.29906735663661166 0.7731801029700387 0.3043546120077054
0 0.7665851848958334 0.3065973037109376 0.07801612239583339 0.2992296567382812 0.07651742338582002 0.34354745455105584 0.7650864858858201 0.3509151015237122
0 0.7600374730902778 0.3532583334960937 0.08783703732638896 0.3458909311523437 0.08638643809049572 0.3877680601424221 0.7585868738543846 0.3951354624861721
0 0.751307625 0.3986916665039063 0.08988496701388896 0.3830377451171875 0.0869833604090813 0.42182950692620585 0.7484060183951924 0.43748342831292464
0 0.7491250546875 0.4398272060546875 0.09424836631944453 0.42623480371093747 0.09190223558293782 0.461999996669252 0.7467789239509934 0.47559239901300204
0 0.7382130720486113 0.4797348037109375 0.09861176475694458 0.46795955859375 0.09664437670327931 0.5017718396236017 0.736245683994946 0.5135470847407893
0 0.7316653593750002 0.5196426469726564 0.10747930295138902 0.5085911762695313 0.10548538724879801 0.5442236384784294 0.7296714436724092 0.5552751091815544
0 0.7273006536458335 0.5577083334960936 0.1129355121527779 0.5429732841796874 0.11036662516430625 0.5768627735479839 0.7247317666573618 0.5915978228643901
0 0.7273006536458335 0.59577401953125 0.11184444444444457 0.57919705859375 0.10937865505426075 0.6081633754210141 0.7248348642556497 0.624740336358514
0 0.6859091868609112 0.881050496964145 0.13613681944444458 0.8542799018554688 0.13169647806964468 0.8831325909264802 0.6814688454861113 0.9099031860351564
0 0.6833532584214201 0.8535203306003893 0.13351851822916685 0.8238453432617188 0.1292038278970693 0.8491404385185995 0.6790385680893225 0.8788154258572701
0 0.6912162083995784 0.8216075369707767 0.1379807590955528 0.7914054276910524 0.13257777777777793 0.8227203432617187 0.6858132270818035 0.852922452541443
0 0.691905692713984 0.7920546029998514 0.12930413975694463 0.7625519609374999 0.12432350173046076 0.7926037304962422 0.6869250546875002 0.8221063725585938
0 0.6978370373263891 0.7619379902343751 0.13351851822916685 0.7359784311523438 0.1294034509050471 0.7642825076443593 0.6937219700022693 0.7902420667263906
0 0.700019607638889 0.7275561274414063 0.12821307204861127 0.7023835786132813 0.1235951027008117 0.7355744017007166 0.6954016382910895 0.7607469505288417
0 0.7054758168402778 0.6920196079101562 0.11948322482638904 0.6693029414062499 0.11525971772937682 0.7037748877678279 0.7012523097432656 0.7264915542717342
0 0.7104144802984493 0.6607276700266225 0.12057429166666683 0.6398325981445311 0.11672713168071756 0.6741943890554086 0.7065673203125001 0.6950894609375
0 0.7174793029513891 0.6263254902343751 0.11948322482638904 0.6097485292968751 0.11614044717105616 0.6479030467824496 0.7141365252960562 0.6644800077199496