0 0.2792968750000001 0.7962239583333334 0.09179687500000008 0.7962239583333334 0.09179687500000008 0.822265625 0.2792968750000001 0.822265625
0 0.91650390625 0.6080729166666669 0.7216796875 0.6080729166666669 0.7216796875 0.6347656250000001 0.91650390625 0.6347656250000001
0 0.70166015625 0.6393229166666669 0.51025390625 0.6393229166666669 0.51025390625 0.6660156250000001 0.70166015625 0.6660156250000001
0 0.2763671875000001 0.7096354166666666 0.08984375000000006 0.7096354166666666 0.08984375000000006 0.736328125 0.2763671875000001 0.736328125
0 0.70458984375 0.5533854166666669 0.5078125 0.5533854166666669 0.5078125 0.5800781250000001 0.70458984375 0.5800781250000001
0 0.9169921875 0.6373697916666669 0.72314453125 0.6373697916666669 0.72314453125 0.6647135416666669 0.9169921875 0.6647135416666669
0 0.70458984375 0.40234375000000017 0.5087890625 0.40234375000000017 0.5087890625 0.4309895833333335 0.70458984375 0.4309895833333335
0 0.91064453125 0.7252604166666669 0.72119140625 0.7252604166666666 0.72119140625 0.7513020833333335 0.91064453125 0.7513020833333336
0 0.70361328125 0.5833333333333335 0.5107421875 0.5833333333333335 0.5107421875 0.6093750000000001 0.70361328125 0.6093750000000001
0 0.9208984375 0.4576822916666668 0.7255859375 0.4576822916666668 0.7255859375 0.4856770833333335 0.9208984375 0.4856770833333335
0 0.7021484375 0.7825520833333334 0.51513671875 0.7825520833333334 0.51513671875 0.8072916666666666 0.7021484375 0.8072916666666666
0 0.703125 0.7265625 0.5107421875 0.7265625 0.5107421875 0.7526041666666666 0.703125 0.7526041666666666
0 0.701171875 0.8118489583333334 0.51416015625 0.8118489583333334 0.51416015625 0.8359375 0.701171875 0.8359375
0 0.70068359375 0.7545572916666666 0.51171875 0.7545572916666666 0.51171875 0.7799479166666666 0.70068359375 0.7799479166666666
0 0.91015625 0.7819010416666669 0.720703125 0.7819010416666666 0.720703125 0.8072916666666669 0.91015625 0.807291666666667
0 0.705078125 0.6106770833333335 0.5107421875 0.6106770833333335 0.5107421875 0.6367187500000001 0.705078125 0.6367187500000001
0 0.91796875 0.5781250000000001 0.72509765625 0.5781250000000001 0.72509765625 0.6041666666666669 0.91796875 0.6041666666666669
0 0.7001953125 0.6692708333333334 0.509765625 0.6692708333333334 0.509765625 0.6946614583333334 0.7001953125 0.6946614583333334
0 0.2749023437500001 0.6809895833333334 0.08544921875000006 0.6809895833333334 0.08544921875000006 0.70703125 0.2749023437500001 0.70703125
0 0.919921875 0.5481770833333335 0.72412109375 0.5481770833333335 0.72412109375 0.5755208333333335 0.919921875 0.5755208333333335
0 0.27099609375 0.5618489583333334 0.08154296875000006 0.5618489583333334 0.08154296875000006 0.5891927083333334 0.27099609375 0.5891927083333334
0 0.26953125 0.5319010416666666 0.07861328125000006 0.5319010416666666 0.07861328125000006 0.5592447916666666 0.26953125 0.5592447916666666
0 0.4897460937500001 0.830078125 0.2958984375000001 0.830078125 0.2958984375000001 0.85546875 0.4897460937500001 0.85546875
0 0.27246093750000006 0.5930989583333334 0.08007812500000006 0.5930989583333334 0.08007812500000006 0.619140625 0.2724609375000001 0.619140625
0 0.2792968750000001 0.7662760416666666 0.09082031250000008 0.7662760416666666 0.09082031250000008 0.7916666666666666 0.2792968750000001 0.7916666666666666
0 0.27197265625 0.50390625 0.07373046875000006 0.50390625 0.07373046875000006 0.53125 0.27197265625 0.53125
0 0.2763671875000001 0.73828125 0.08886718750000006 0.73828125 0.08886718750000007 0.7649739583333334 0.2763671875000001 0.7649739583333334
0 0.71240234375 0.21354166666666677 0.50830078125 0.21354166666666674 0.50830078125 0.24348958333333345 0.71240234375 0.24348958333333348
0 0.27099609375 0.4720052083333333 0.07373046875000006 0.4720052083333333 0.07373046875000006 0.501953125 0.27099609375 0.501953125
0 0.4882812500000001 0.771484375 0.2939453125000001 0.771484375 0.2939453125000001 0.7981770833333334 0.4882812500000001 0.7981770833333334
0 0.2817382812500001 0.85546875 0.09277343750000008 0.85546875 0.09277343750000008 0.8802083333333334 0.2817382812500001 0.8802083333333334
0 0.70703125 0.3385416666666668 0.5078125 0.3385416666666668 0.5078125 0.3678385416666668 0.70703125 0.3678385416666668
0 0.91796875 0.4889322916666668 0.72216796875 0.4889322916666668 0.72216796875 0.5156250000000001 0.91796875 0.5156250000000001
0 0.91845703125 0.5182291666666669 0.72216796875 0.5182291666666669 0.72216796875 0.5468750000000001 0.91845703125 0.5468750000000001
0 0.708984375 0.37109375000000017 0.5087890625 0.37109375000000017 0.5087890625 0.40039062500000017 0.708984375 0.40039062500000017
0 0.27099609375 0.44140625 0.07177734375000003 0.44140625 0.07177734375000004 0.470703125 0.27099609375 0.470703125
0 0.71337890625 0.1796875000000001 0.51025390625 0.17968750000000008 0.51025390625 0.2109375000000001 0.71337890625 0.21093750000000014
0 0.71240234375 0.24479166666666677 0.509765625 0.24479166666666674 0.509765625 0.2747395833333334 0.71240234375 0.2747395833333335
0 0.4921875 0.5279947916666667 0.2880859375 0.5279947916666666 0.2880859375 0.5566406250000001 0.4921875 0.5566406250000001
0 0.9111328125 0.7545572916666669 0.7197265625 0.7545572916666666 0.7197265625 0.7786458333333335 0.9111328125 0.7786458333333336
0 0.2758789062500001 0.6217447916666666 0.08251953125000006 0.6217447916666666 0.08251953125000006 0.6490885416666666 0.2758789062500001 0.6490885416666666
0 0.708984375 0.2766927083333334 0.50927734375 0.2766927083333334 0.50927734375 0.3066406250000001 0.708984375 0.30664062500000017
0 0.49267578125000006 0.5898437500000001 0.2880859375 0.58984375 0.28808593750000006 0.6178385416666667 0.4926757812500001 0.6178385416666669
0 0.6982421875 0.697265625 0.51318359375 0.697265625 0.51318359375 0.7239583333333334 0.6982421875 0.7239583333333334
0 0.70849609375 0.3092447916666668 0.51123046875 0.30924479166666674 0.51123046875 0.3385416666666668 0.70849609375 0.3385416666666668
0 0.91162109375 0.6966145833333335 0.7197265625 0.6966145833333334 0.7197265625 0.7220052083333335 0.91162109375 0.7220052083333336
0 0.91259765625 0.6666666666666669 0.71923828125 0.6666666666666666 0.71923828125 0.6940104166666669 0.91259765625 0.694010416666667
0 0.4926757812500001 0.6503906250000001 0.2939453125000001 0.650390625 0.2939453125000001 0.6790364583333334 0.4926757812500001 0.6790364583333334
0 0.4902343750000001 0.6197916666666667 0.2910156250000001 0.6197916666666666 0.2910156250000001 0.6490885416666667 0.4902343750000001 0.6490885416666669
0 0.7060546875 0.4329427083333335 0.50927734375 0.4329427083333335 0.50927734375 0.4615885416666668 0.7060546875 0.4615885416666668
0 0.4921875000000001 0.6809895833333334 0.2924804687500001 0.6809895833333334 0.2924804687500001 0.708984375 0.4921875000000001 0.708984375
0 0.93408203125 0.14453125000000014 0.7353515625 0.1445312500000001 0.7353515625 0.17643229166666682 0.93408203125 0.17643229166666682
0 0.70654296875 0.4635416666666668 0.5107421875 0.4635416666666668 0.5107421875 0.4915364583333335 0.70654296875 0.4915364583333335
0 0.9248046875 0.30273437500000017 0.732421875 0.30273437500000017 0.732421875 0.3326822916666668 0.9248046875 0.3326822916666668
0 0.4931640625000001 0.7415364583333334 0.2963867187500001 0.7415364583333334 0.2963867187500001 0.7682291666666666 0.4931640625000001 0.7682291666666666
0 0.71533203125 0.07877604166666675 0.50439453125 0.07877604166666674 0.50439453125 0.1093750000000001 0.71533203125 0.10937500000000011
0 0.49072265625 0.5585937500000001 0.28857421875 0.55859375 0.28857421875 0.5872395833333334 0.49072265625 0.5872395833333335
0 0.7099609375 0.14778645833333343 0.5068359375 0.1477864583333334 0.5068359375 0.17838541666666677 0.7099609375 0.17838541666666682
0 0.7041015625 0.4934895833333335 0.51318359375 0.4934895833333335 0.51318359375 0.5208333333333335 0.7041015625 0.5208333333333335
0 0.70556640625 0.5234375000000001 0.51171875 0.5234375000000001 0.51171875 0.5507812500000001 0.70556640625 0.5507812500000001
0 0.26953125 0.4108072916666667 0.06982421875000003 0.4108072916666667 0.06982421875000003 0.439453125 0.26953125 0.439453125
0 0.9267578125 0.2721354166666668 0.7333984375 0.2721354166666668 0.7333984375 0.3014322916666668 0.9267578125 0.3014322916666668
0 0.4980468750000001 0.859375 0.3017578125000001 0.859375 0.3017578125000001 0.8893229166666666 0.4980468750000001 0.8893229166666666
0 0.931640625 0.23958333333333348 0.73583984375 0.23958333333333348 0.73583984375 0.2701822916666668 0.931640625 0.2701822916666668
0 0.267578125 0.34765625 0.06396484375000003 0.34765625 0.06396484375000003 0.376953125 0.267578125 0.376953125
0 0.9248046875 0.3346354166666668 0.73046875 0.3346354166666668 0.73046875 0.3645833333333335 0.9248046875 0.3645833333333335
0 0.92236328125 0.3971354166666668 0.72900390625 0.3971354166666668 0.72900390625 0.42578125000000017 0.92236328125 0.42578125000000017
0 0.92041015625 0.4290364583333335 0.7294921875 0.4290364583333335 0.7294921875 0.4563802083333335 0.92041015625 0.4563802083333335
0 0.4916992187500001 0.7122395833333334 0.2954101562500001 0.7122395833333334 0.2954101562500001 0.7389322916666666 0.4916992187500001 0.7389322916666666
0 0.90625 0.8092447916666666 0.71826171875 0.8092447916666666 0.71826171875 0.8359375 0.90625 0.8359375
0 0.93896484375 0.11132812500000012 0.7373046875 0.11132812500000011 0.7373046875 0.14062500000000014 0.93896484375 0.14062500000000014
0 0.9326171875 0.20833333333333348 0.73291015625 0.20833333333333348 0.73291015625 0.23828125000000014 0.9326171875 0.23828125000000014
0 0.4921875000000001 0.8014322916666666 0.2973632812500001 0.8014322916666666 0.2973632812500001 0.8268229166666666 0.4921875000000001 0.8268229166666666
0 0.923828125 0.36718750000000017 0.728515625 0.36718750000000017 0.728515625 0.3958333333333335 0.923828125 0.3958333333333335
0 0.705078125 0.8404947916666666 0.51318359375 0.8404947916666666 0.51318359375 0.8626302083333334 0.705078125 0.8626302083333334
0 0.931640625 0.17773437500000014 0.73486328125 0.17773437500000014 0.73486328125 0.20703125000000014 0.931640625 0.20703125000000014
0 0.2763671875000001 0.650390625 0.08154296875000006 0.650390625 0.08154296875000006 0.677734375 0.2763671875000001 0.677734375
0 0.2666015625 0.3802083333333333 0.06738281250000003 0.3802083333333333 0.06738281250000003 0.4095052083333333 0.2666015625 0.4095052083333333
0 0.7138671875 0.11263020833333343 0.50927734375 0.11263020833333341 0.50927734375 0.14518229166666677 0.7138671875 0.14518229166666677
0 0.2758789062500001 0.8235677083333334 0.09619140625000008 0.8235677083333334 0.09619140625000008 0.8489583333333334 0.2758789062500001 0.8489583333333334
0 0.908203125 0.8385416666666669 0.7177734375 0.8385416666666666 0.7177734375 0.8645833333333335 0.908203125 0.8645833333333336
0 0.48779296875 0.49869791666666674 0.28564453125 0.4986979166666667 0.28564453125 0.5247395833333334 0.48779296875 0.5247395833333335
0 0.2705078125 0.3151041666666667 0.06250000000000003 0.3151041666666667 0.06250000000000003 0.345703125 0.2705078125 0.345703125