0 0.718682546144875 0.7197714924679699 0.3004609890113109 0.7084132610930739 0.2986573333333335 0.7457702500000001 0.7168788904668976 0.7571284813748961
0 0.7167147583574157 0.6851438464829127 0.3075234374885651 0.6750601106609893 0.30604867913114936 0.7087227641780766 0.71524 0.7188065
0 0.7141289513481067 0.6508907116232486 0.31538154067873764 0.6391371299848746 0.3134943333333335 0.6751510000000001 0.7122417440027027 0.6869045816383741
0 0.7087749794948562 0.6182685716523925 0.31955884724083455 0.6078587844956564 0.3180345344126451 0.6399174628432641 0.7072506666666669 0.6503272500000001
0 0.7086151897748483 0.5870946655895961 0.3269626888367106 0.5756830519522879 0.3252386666666668 0.608116 0.7068911676048044 0.6195276136373082
0 0.7075078853033618 0.557115303669637 0.3325236706763874 0.5446118512536963 0.33072300000000004 0.5749885000000001 0.7057072146269746 0.5874919524159409
0 0.7058469702560521 0.5293444466805309 0.3380991605333141 0.5157841051273393 0.33620733333333347 0.5446432500000001 0.7039551430560715 0.5582035915531918
0 0.7041711238680454 0.5005848934753818 0.34362192288292004 0.48700766956098024 0.3416916666666667 0.51584075 0.7022408676517921 0.5294179739144016
0 0.7019139496865816 0.47246467302122047 0.344931241682628 0.45654756433573374 0.3424593333333334 0.487732 0.6994420413372869 0.5036491086854867
0 0.6989060718468562 0.44548905960088947 0.3499138193654601 0.43248629708885156 0.3481214141852707 0.45954698748796213 0.6971136666666666 0.47254975000000005
0 0.6973551641475878 0.4205896561782033 0.35337072773755446 0.4094201426677411 0.3519728969233002 0.43363498648953785 0.6959573333333334 0.44480450000000005
0 0.6929620448408422 0.3956263920691223 0.35748708283497593 0.383305998752813 0.35582903799413385 0.4087013566836907 0.691304 0.42102175
0 0.6930100628239759 0.3708081709140659 0.360545027643671 0.35848339847481403 0.3588682981530283 0.38392547756074813 0.6913333333333332 0.39625025
0 0.6912166477915815 0.3465163424810304 0.3618424710021106 0.3353639641778047 0.36038748987719565 0.3595353716967743 0.6897616666666666 0.37068775000000004
0 0.6919686843728297 0.32571615141015886 0.36523123039140737 0.31219547111031337 0.36356700000000003 0.3348177500000001 0.6903044539814224 0.34833843029984557
0 0.6913421507766898 0.3079697389058222 0.36455662826158514 0.29760169989075347 0.36339181081822886 0.3182529609849314 0.6901773333333335 0.3286210000000001