0 0.7515106125911577 0.12221334460675456 0.7449598264833871 0.08397580670000851 0.16820521180555556 0.115239453125 0.1747559979133261 0.15347699103174609
0 0.7530727894168626 0.1632333892709185 0.7466638366402477 0.12554348049226655 0.18385426822916665 0.15582436181640624 0.1902632210057816 0.19351427059505819
0 0.7536267103383744 0.20350439883423938 0.7474077994791667 0.1661722353515625 0.19029926342733477 0.1955362910462539 0.19651817428654247 0.23286845452893076
0 0.7516354798570011 0.23882609929219886 0.7462318064236112 0.20496804931640622 0.20219985802928087 0.23244044995222826 0.20760353146267085 0.2662984999280209
0 0.7623363517114733 0.2754354657833692 0.7561795071603801 0.2394464584143327 0.21402867447916668 0.2687927685546875 0.22018551903025999 0.30478177592372396
0 0.7597505338541668 0.3120367895507813 0.7550276690066849 0.2788665534994162 0.22753342968342777 0.30263056370879515 0.2322562945309097 0.33580079976016025
0 0.7585197779436037 0.3411072976327626 0.7530521420076535 0.31073748638630294 0.23443972222222223 0.34027986523437503 0.23990735815817243 0.3706496764808347
0 0.764703612544046 0.37936052930576625 0.7596869314236111 0.3447015551757812 0.2408692214353082 0.36846233218618873 0.245885902555743 0.40312130631617377
0 0.7618864318188324 0.4073398087904751 0.757546099826389 0.37930717138671877 0.2554687115959656 0.4039037503328608 0.25980904358840917 0.43193638773661713
0 0.766003388384126 0.4399143489496258 0.7614190208333333 0.4083008896484375 0.2646769446593744 0.43109294077636146 0.269261312210167 0.4627064000775497
0 0.7700867002935098 0.4677312270373458 0.7648949670138889 0.43831783496093757 0.2714177232239231 0.4658778496564531 0.276609456503544 0.4952912417328614
0 0.7769433990629719 0.4957512646604205 0.7717591631596401 0.46561422719463064 0.2828270572916667 0.4922262451171875 0.2880112931949986 0.5223632825829774
0 0.771322255160483 0.5228423906674201 0.7659520541263024 0.495291877005431 0.29043824131944446 0.5246189711914062 0.2958084423536252 0.5521694848533953
0 0.7757866611779858 0.5530961556206779 0.7709849085863248 0.526477906405393 0.29776548263888886 0.5534881132812499 0.30256723523054974 0.5801063624965348
0 0.7745888783546264 0.578832218901756 0.770292174318408 0.5552137979211077 0.29899771788194446 0.5823420595703125 0.3032944219181628 0.6059604805509607
0 0.7721709284933121 0.6081683343613211 0.7671566805555555 0.5791101030273438 0.30418475098243575 0.6043877323742695 0.3091989989201924 0.6334459637082468
0 0.7800091678853148 0.633222238171851 0.7740625793988201 0.6039298416792518 0.3162347153329496 0.6333374872964633 0.3221813038194445 0.6626298837890625
0 0.7854960179178838 0.6590484504198322 0.7809966361306923 0.6352772311386503 0.3207939090114195 0.662838272906318 0.32529329079861113 0.6866094921875
0 0.7813270005321923 0.6853964174418821 0.7772310078124999 0.6616448696289062 0.3254971323042856 0.6862936237515362 0.3295931250239781 0.7100451715645121
0 0.7896142311950352 0.7093090677997113 0.7856409196530993 0.6871060451795519 0.3340170651041666 0.7126779125976563 0.33799037664610243 0.7348809352178157
0 0.7842111575473356 0.7377756010404983 0.7802295399305555 0.7104186884765624 0.34093344141099774 0.7306486411470017 0.34491505902777786 0.7580055537109376
0 0.7841739232867123 0.7595040984325329 0.7802361996527778 0.7361899648437501 0.34622609978896246 0.7593837078802378 0.350163823422897 0.7826978414690205
0 0.7844233674355668 0.780568439773299 0.7808155460069445 0.7596268007812501 0.3506320896706116 0.7830762757461724 0.354239911099234 0.8040179147382214
0 0.7842233949580127 0.8043628992476544 0.7808142361111112 0.7812272338867188 0.35302333541226116 0.8011725920582428 0.3564324942591626 0.8243082574191783
0 0.7895419141137423 0.8228750576345759 0.7861261883680556 0.8031858193359375 0.3574758367543133 0.8267147568185491 0.3608915625 0.8464039951171876
0 0.7449482171531072 0.08418099567736347 0.738703521701389 0.040242922851562515 0.1522940495263107 0.06661329683993379 0.158538744978029 0.11055136966573474
0 0.7862262563700048 0.8498004797057617 0.7828816770833333 0.826106171875 0.36628323161731885 0.844712478256766 0.3696278109039902 0.8684067860875276