0 0.39895833333333336 0.7574074074074074 0.26562500000000006 0.7574074074074074 0.26562500000000006 0.7805555555555556 0.39895833333333336 0.7805555555555556
0 0.396875 0.26574074074074083 0.25416666666666665 0.26574074074074083 0.25416666666666665 0.2925925925925927 0.396875 0.2925925925925927
0 0.3958333333333333 0.23796296296296307 0.2546875 0.23796296296296307 0.2546875 0.263888888888889 0.3958333333333333 0.263888888888889
0 0.3984375 0.5018518518518519 0.25260416666666674 0.5018518518518519 0.25260416666666674 0.5268518518518519 0.3984375 0.5268518518518519
0 0.39791666666666664 0.587037037037037 0.2567708333333334 0.587037037037037 0.2567708333333334 0.6101851851851852 0.39791666666666664 0.6101851851851852
0 0.3963541666666667 0.325925925925926 0.25625 0.325925925925926 0.25625 0.35185185185185197 0.3963541666666667 0.35185185185185197
0 0.696875 0.7592592592592595 0.5640625 0.7592592592592595 0.5640625 0.7851851851851854 0.696875 0.7851851851851854
0 0.6994791666666667 0.7324074074074076 0.5630208333333333 0.7324074074074076 0.5630208333333333 0.7574074074074076 0.6994791666666667 0.7574074074074076
0 0.7020833333333333 0.388888888888889 0.5651041666666666 0.388888888888889 0.5651041666666666 0.4129629629629631 0.7020833333333333 0.4129629629629631
0 0.3958333333333333 0.14814814814814822 0.25416666666666665 0.1481481481481482 0.25416666666666665 0.1722222222222223 0.3958333333333333 0.17222222222222233
0 0.39739583333333334 0.7851851851851852 0.26406250000000003 0.7851851851851852 0.26406250000000003 0.8083333333333333 0.39739583333333334 0.8083333333333333
0 0.39791666666666664 0.674074074074074 0.26093750000000004 0.674074074074074 0.26093750000000004 0.6972222222222222 0.39791666666666664 0.6972222222222222
0 0.7015625 0.7870370370370372 0.5645833333333333 0.7870370370370372 0.5645833333333333 0.8138888888888891 0.7015625 0.8138888888888891
0 0.5520833333333334 0.6712962962962964 0.41354166666666664 0.6712962962962963 0.41354166666666664 0.6935185185185186 0.5520833333333334 0.6935185185185188
0 0.7052083333333333 0.47407407407407426 0.5661458333333333 0.47407407407407426 0.5661458333333333 0.49814814814814834 0.7052083333333333 0.49814814814814834
0 0.5453125 0.6148148148148149 0.41510416666666666 0.6148148148148148 0.41510416666666666 0.6379629629629631 0.5453125 0.6379629629629632
0 0.39947916666666666 0.5574074074074075 0.2593750000000001 0.5574074074074075 0.2593750000000001 0.5824074074074074 0.39947916666666666 0.5824074074074074
0 0.3958333333333333 0.20740740740740748 0.253125 0.20740740740740746 0.253125 0.23518518518518527 0.3958333333333333 0.2351851851851853
0 0.3958333333333333 0.17685185185185193 0.25364583333333335 0.1768518518518519 0.25364583333333335 0.20370370370370378 0.3958333333333333 0.2037037037037038
0 0.39791666666666664 0.44166666666666676 0.25625000000000003 0.44166666666666676 0.25625000000000003 0.4666666666666668 0.39791666666666664 0.4666666666666668
0 0.5489583333333333 0.5314814814814816 0.41458333333333336 0.5314814814814814 0.41458333333333336 0.5546296296296297 0.5489583333333333 0.5546296296296298
0 0.7135416666666666 0.23796296296296307 0.5677083333333334 0.23796296296296307 0.5677083333333334 0.26296296296296306 0.7135416666666666 0.26296296296296306
0 0.3984375 0.5296296296296297 0.25625000000000003 0.5296296296296297 0.25625000000000003 0.5537037037037037 0.3984375 0.5537037037037037
0 0.7 0.6490740740740742 0.5635416666666667 0.6490740740740742 0.5635416666666667 0.6722222222222224 0.7 0.6722222222222224
0 0.3932291666666667 0.413888888888889 0.25729166666666664 0.413888888888889 0.2572916666666667 0.4407407407407408 0.3932291666666667 0.4407407407407408
0 0.39791666666666664 0.7 0.26406250000000003 0.7 0.26406250000000003 0.7240740740740741 0.39791666666666664 0.7240740740740741
0 0.55 0.587962962962963 0.4140625 0.5879629629629629 0.4140625 0.6111111111111113 0.55 0.6111111111111113
0 0.7010416666666667 0.8175925925925928 0.5635416666666667 0.8175925925925928 0.5635416666666667 0.8444444444444447 0.7010416666666667 0.8444444444444447
0 0.39739583333333334 0.29444444444444456 0.25364583333333335 0.29444444444444456 0.25364583333333335 0.32314814814814824 0.39739583333333334 0.32314814814814824
0 0.5505208333333333 0.6435185185185186 0.41302083333333334 0.6435185185185185 0.41302083333333334 0.6657407407407409 0.5505208333333333 0.665740740740741
0 0.5489583333333333 0.6981481481481483 0.4109375 0.6981481481481482 0.4109375 0.7212962962962964 0.5489583333333333 0.7212962962962965
0 0.5494791666666666 0.44537037037037047 0.4114583333333333 0.44537037037037047 0.4114583333333333 0.46944444444444455 0.5494791666666666 0.46944444444444455
0 0.7114583333333333 0.2675925925925927 0.5682291666666667 0.2675925925925927 0.5682291666666667 0.29444444444444456 0.7114583333333333 0.29444444444444456
0 0.7010416666666667 0.7037037037037039 0.5635416666666667 0.7037037037037039 0.5635416666666667 0.728703703703704 0.7010416666666667 0.728703703703704
0 0.5510416666666667 0.3592592592592594 0.41302083333333334 0.3592592592592594 0.41302083333333334 0.3833333333333334 0.5510416666666667 0.3833333333333334
0 0.39739583333333334 0.6148148148148148 0.26250000000000007 0.6148148148148148 0.26250000000000007 0.6388888888888888 0.39739583333333334 0.6388888888888888
0 0.703125 0.6759259259259262 0.5640625 0.6759259259259262 0.5640625 0.7009259259259262 0.703125 0.7009259259259262
0 0.70625 0.4175925925925927 0.5645833333333333 0.4175925925925927 0.5645833333333333 0.44351851851851865 0.70625 0.44351851851851865
0 0.5541666666666667 0.15092592592592602 0.41302083333333334 0.15092592592592602 0.41302083333333334 0.17685185185185195 0.5541666666666667 0.17685185185185195
0 0.7005208333333334 0.6194444444444447 0.5630208333333333 0.6194444444444447 0.5630208333333333 0.6435185185185187 0.7005208333333334 0.6435185185185187
0 0.7036458333333333 0.44722222222222235 0.5661458333333333 0.44722222222222235 0.5661458333333333 0.4703703703703705 0.7036458333333333 0.4703703703703705
0 0.5510416666666667 0.5592592592592593 0.4119791666666667 0.5592592592592592 0.4119791666666667 0.5833333333333335 0.5510416666666667 0.5833333333333336
0 0.7130208333333333 0.17870370370370384 0.5677083333333334 0.1787037037037038 0.5677083333333334 0.20462962962962977 0.7130208333333333 0.2046296296296298
0 0.3932291666666667 0.38425925925925936 0.25833333333333336 0.38425925925925936 0.25833333333333336 0.4111111111111112 0.3932291666666667 0.4111111111111112
0 0.3958333333333333 0.35462962962962974 0.25729166666666664 0.35462962962962974 0.25729166666666664 0.3814814814814816 0.3958333333333333 0.3814814814814816
0 0.5484375 0.501851851851852 0.4140625 0.5018518518518519 0.4140625 0.525925925925926 0.5484375 0.5259259259259261
0 0.70625 0.502777777777778 0.5671875 0.502777777777778 0.5671875 0.527777777777778 0.70625 0.527777777777778
0 0.39947916666666666 0.6444444444444445 0.26562500000000006 0.6444444444444445 0.26562500000000006 0.6685185185185185 0.39947916666666666 0.6685185185185185
0 0.7145833333333333 0.20833333333333345 0.5682291666666667 0.20833333333333343 0.5682291666666667 0.23518518518518533 0.7145833333333333 0.23518518518518533
0 0.39947916666666666 0.8138888888888889 0.2614583333333334 0.8138888888888889 0.2614583333333334 0.8398148148148148 0.39947916666666666 0.8398148148148148
0 0.396875 0.4712962962962964 0.2593750000000001 0.4712962962962964 0.2593750000000001 0.4962962962962963 0.396875 0.4962962962962963
0 0.7078125 0.3601851851851853 0.565625 0.3601851851851853 0.565625 0.3851851851851853 0.7078125 0.3851851851851853
0 0.7026041666666667 0.8462962962962965 0.5635416666666667 0.8462962962962965 0.5635416666666667 0.8712962962962965 0.7026041666666667 0.8712962962962965
0 0.7140625 0.14722222222222237 0.5697916666666667 0.14722222222222234 0.5697916666666667 0.17407407407407421 0.7140625 0.17407407407407424
0 0.5520833333333334 0.24074074074074084 0.4166666666666667 0.24074074074074084 0.4166666666666667 0.26574074074074083 0.5520833333333334 0.26574074074074083
0 0.5489583333333333 0.726851851851852 0.41354166666666664 0.7268518518518519 0.41354166666666664 0.7500000000000001 0.5489583333333333 0.7500000000000002
0 0.5479166666666667 0.4750000000000001 0.4109375 0.475 0.4109375 0.49907407407407417 0.5479166666666667 0.4990740740740743
0 0.703125 0.5907407407407409 0.565625 0.5907407407407409 0.565625 0.6157407407407409 0.703125 0.6157407407407409
0 0.5505208333333333 0.33055555555555566 0.41458333333333336 0.33055555555555566 0.41458333333333336 0.3555555555555557 0.5505208333333333 0.3555555555555557
0 0.5494791666666666 0.8425925925925927 0.4125 0.8425925925925926 0.41250000000000003 0.8648148148148149 0.5494791666666666 0.864814814814815
0 0.39791666666666664 0.7287037037037037 0.2671875 0.7287037037037037 0.2671875 0.75 0.39791666666666664 0.75
0 0.70625 0.5324074074074077 0.5682291666666667 0.5324074074074077 0.5682291666666667 0.5601851851851853 0.70625 0.5601851851851853
0 0.5505208333333333 0.4166666666666668 0.4125 0.4166666666666668 0.4125 0.43981481481481494 0.5505208333333333 0.43981481481481494
0 0.4000000000000001 0.8435185185185186 0.2614583333333334 0.8435185185185186 0.2614583333333334 0.8666666666666667 0.40000000000000013 0.8666666666666667
0 0.5526041666666667 0.30277777777777787 0.4140625 0.30277777777777787 0.4140625 0.325925925925926 0.5526041666666667 0.325925925925926
0 0.5484375 0.26944444444444454 0.41510416666666666 0.26944444444444454 0.41510416666666666 0.2962962962962964 0.5484375 0.2962962962962964
0 0.5489583333333333 0.388888888888889 0.4119791666666667 0.388888888888889 0.4119791666666667 0.41203703703703715 0.5489583333333333 0.41203703703703715
0 0.7088541666666667 0.3296296296296297 0.56875 0.3296296296296297 0.56875 0.35648148148148157 0.7088541666666667 0.35648148148148157
0 0.5505208333333333 0.7824074074074076 0.41302083333333334 0.7824074074074074 0.41302083333333334 0.8092592592592593 0.5505208333333333 0.8092592592592595
0 0.7036458333333333 0.5638888888888891 0.5625 0.5638888888888891 0.5625 0.5888888888888891 0.7036458333333333 0.5888888888888891
0 0.5520833333333334 0.18240740740740752 0.41302083333333334 0.18240740740740752 0.41302083333333334 0.20555555555555566 0.5520833333333334 0.20555555555555566
0 0.5523177083333334 0.23491759259259262 0.5522927484058027 0.21215379201885823 0.4154917046888139 0.21262786249024476 0.4155166646163447 0.23539166306397916
0 0.5470085286934122 0.8367536191776426 0.546984375 0.8149398148148148 0.41149147130658786 0.8154139734149499 0.411515625 0.8372277777777777
0 0.5480510416666667 0.7812694444444445 0.548023266121813 0.7561352767519574 0.4122888972411757 0.7566093471664987 0.41231667278602946 0.7817435148589859
0 0.7116098958333335 0.32459537037037034 0.7115616208332999 0.3013531217255249 0.5669879591359678 0.30230216991941194 0.5670362341360012 0.32554441856425737
0 0.7028408888823213 0.8775728085406609 0.5628078124999999 0.8723250000000001 0.5625101527843452 0.8974281173852653 0.7025432291666667 0.902675925925926
0 0.5502142419939235 0.8713760520125057 0.412342355846555 0.8708945160333832 0.4123124888526315 0.8979212417986554 0.5501843750000001 0.8984027777777779
0 0.3993338541666668 0.8698768518518518 0.2614656250000001 0.8698768518518518 0.2614656250000001 0.8978555555555555 0.3993338541666668 0.8978555555555555
0 0.39568185719629345 0.11504846796320053 0.25266562499999995 0.11361203703703708 0.2525842886370398 0.13920616166642924 0.39560052083333325 0.14064259259259268
0 0.5544510416666667 0.11825925925925938 0.4102872814987879 0.11635638315695601 0.41018229166666664 0.14149537037037047 0.5543460518345456 0.14339824647267385
0 0.715034375 0.11624907407407423 0.569165625 0.11624907407407421 0.569165625 0.14090833333333347 0.715034375 0.1409083333333335