0 0.6884765625 0.6139322916666669 0.58447265625 0.6139322916666669 0.58447265625 0.6308593750000001 0.6884765625 0.6308593750000001
0 0.546875 0.6686197916666666 0.4433593750000001 0.6686197916666666 0.4433593750000001 0.685546875 0.546875 0.685546875
0 0.54736328125 0.5358072916666667 0.44384765625 0.5358072916666666 0.44384765625 0.5527343750000001 0.54736328125 0.5527343750000001
0 0.2568359375 0.4973958333333333 0.14306640625000006 0.4973958333333333 0.14306640625000006 0.515625 0.2568359375 0.515625
0 0.5458984375 0.5735677083333334 0.4443359375 0.5735677083333334 0.4443359375 0.5911458333333334 0.5458984375 0.5911458333333335
0 0.54736328125 0.6119791666666667 0.4448242187500001 0.6119791666666666 0.4448242187500001 0.6282552083333334 0.54736328125 0.6282552083333335
0 0.828125 0.5566406250000001 0.72998046875 0.5566406250000001 0.72998046875 0.5735677083333335 0.828125 0.5735677083333335
0 0.2612304687500001 0.6354166666666666 0.15039062500000006 0.6354166666666666 0.15039062500000006 0.6536458333333334 0.2612304687500001 0.6536458333333334
0 0.83251953125 0.4778645833333335 0.72998046875 0.4778645833333335 0.72998046875 0.4967447916666668 0.83251953125 0.4967447916666668
0 0.68408203125 0.7454427083333334 0.58349609375 0.7454427083333334 0.58349609375 0.76171875 0.68408203125 0.76171875
0 0.4082031250000001 0.748046875 0.3022460937500001 0.748046875 0.3022460937500001 0.7649739583333334 0.4082031250000001 0.7649739583333334
0 0.54541015625 0.7057291666666666 0.4453125000000001 0.7057291666666666 0.4453125000000001 0.7220052083333334 0.54541015625 0.7220052083333334
0 0.2578125 0.517578125 0.14501953125000006 0.517578125 0.14501953125000006 0.537109375 0.2578125 0.537109375
0 0.5478515625 0.6308593750000001 0.4438476562500001 0.630859375 0.4438476562500001 0.6477864583333334 0.5478515625 0.6477864583333335
0 0.4067382812500001 0.7291666666666666 0.3022460937500001 0.7291666666666666 0.3022460937500001 0.74609375 0.4067382812500001 0.74609375
0 0.40576171875 0.5735677083333334 0.30029296875 0.5735677083333334 0.30029296875 0.5911458333333334 0.40576171875 0.5911458333333334
0 0.68994140625 0.5755208333333335 0.5849609375 0.5755208333333335 0.5849609375 0.5924479166666669 0.68994140625 0.5924479166666669
0 0.69140625 0.5371093750000001 0.58642578125 0.5371093750000001 0.58642578125 0.5546875000000001 0.69140625 0.5546875000000001
0 0.4072265625000001 0.6139322916666666 0.3002929687500001 0.6139322916666666 0.3002929687500001 0.6302083333333334 0.4072265625000001 0.6302083333333334
0 0.68505859375 0.6901041666666666 0.5830078125 0.6901041666666666 0.5830078125 0.70703125 0.68505859375 0.70703125
0 0.82568359375 0.6510416666666669 0.7275390625 0.6510416666666669 0.7275390625 0.66796875 0.82568359375 0.66796875
0 0.40576171875 0.4739583333333333 0.294921875 0.4739583333333333 0.294921875 0.4928385416666667 0.40576171875 0.4928385416666667
0 0.54833984375 0.49414062500000006 0.443359375 0.494140625 0.443359375 0.5123697916666667 0.54833984375 0.5123697916666669
0 0.69140625 0.4973958333333335 0.5888671875 0.4973958333333335 0.5888671875 0.5156250000000001 0.69140625 0.5156250000000001
0 0.25830078125 0.578125 0.14599609375000006 0.578125 0.14599609375000006 0.595703125 0.25830078125 0.595703125
0 0.4067382812500001 0.6529947916666666 0.3027343750000001 0.6529947916666666 0.3027343750000001 0.6705729166666666 0.4067382812500001 0.6705729166666666
0 0.828125 0.6139322916666669 0.72900390625 0.6139322916666669 0.72900390625 0.6302083333333335 0.828125 0.6302083333333335
0 0.40771484375 0.5345052083333334 0.29638671875 0.5345052083333334 0.29638671875 0.5520833333333334 0.40771484375 0.5520833333333334
0 0.68505859375 0.6712239583333334 0.5830078125 0.6712239583333334 0.5830078125 0.6881510416666666 0.68505859375 0.6881510416666666
0 0.6865234375 0.6523437500000001 0.58349609375 0.6523437500000001 0.58349609375 0.6692708333333334 0.6865234375 0.6692708333333334
0 0.68994140625 0.5566406250000001 0.5849609375 0.5566406250000001 0.5849609375 0.5742187500000001 0.68994140625 0.5742187500000001
0 0.2578125 0.4772135416666667 0.14160156250000006 0.4772135416666667 0.14160156250000006 0.4967447916666667 0.2578125 0.4967447916666667
0 0.548828125 0.47526041666666674 0.44384765625 0.4752604166666667 0.44384765625 0.49283854166666674 0.548828125 0.4928385416666668
0 0.25830078125 0.5579427083333334 0.14550781250000006 0.5579427083333334 0.14550781250000006 0.5755208333333334 0.25830078125 0.5755208333333334
0 0.82763671875 0.5755208333333335 0.73046875 0.5755208333333335 0.73046875 0.5924479166666669 0.82763671875 0.5924479166666669
0 0.40625 0.494140625 0.29736328125 0.494140625 0.29736328125 0.5130208333333334 0.40625 0.5130208333333334
0 0.2622070312500001 0.67578125 0.15185546875000006 0.67578125 0.15185546875000006 0.6927083333333334 0.2622070312500001 0.6927083333333334
0 0.26025390625000006 0.59765625 0.14941406250000006 0.59765625 0.14941406250000006 0.6158854166666666 0.2602539062500001 0.6158854166666666
0 0.822265625 0.6888020833333334 0.72509765625 0.6888020833333334 0.72509765625 0.705078125 0.822265625 0.705078125
0 0.693359375 0.4772135416666668 0.58837890625 0.4772135416666668 0.58837890625 0.4954427083333335 0.693359375 0.4954427083333335
0 0.2631835937500001 0.7141927083333334 0.15283203125000006 0.7141927083333334 0.15283203125000006 0.7317708333333334 0.2631835937500001 0.7317708333333334
0 0.83056640625 0.5175781250000001 0.72998046875 0.5175781250000001 0.72998046875 0.5345052083333335 0.83056640625 0.5345052083333335
0 0.83056640625 0.5371093750000001 0.73046875 0.5371093750000001 0.73046875 0.5546875000000001 0.83056640625 0.5546875000000001
0 0.4072265625000001 0.6907552083333334 0.3032226562500001 0.6907552083333334 0.3032226562500001 0.7083333333333334 0.4072265625000001 0.7083333333333334
0 0.40673828125 0.5149739583333334 0.296875 0.5149739583333334 0.296875 0.5325520833333334 0.40673828125 0.5325520833333334
0 0.4057617187500001 0.6328125 0.3017578125000001 0.6328125 0.3017578125000001 0.650390625 0.4057617187500001 0.650390625
0 0.2626953125000001 0.6946614583333334 0.15185546875000006 0.6946614583333334 0.15185546875000006 0.712890625 0.2626953125000001 0.712890625
0 0.54541015625 0.7434895833333334 0.4448242187500001 0.7434895833333334 0.4448242187500001 0.759765625 0.54541015625 0.759765625
0 0.68408203125 0.7102864583333334 0.58349609375 0.7102864583333334 0.58349609375 0.7252604166666666 0.68408203125 0.7252604166666666
0 0.5458984375 0.7252604166666666 0.4453125000000001 0.7252604166666666 0.4453125000000001 0.7415364583333334 0.5458984375 0.7415364583333334
0 0.8271484375 0.6321614583333335 0.72705078125 0.6321614583333335 0.72705078125 0.6497395833333335 0.8271484375 0.6497395833333335
0 0.82080078125 0.70703125 0.724609375 0.70703125 0.724609375 0.7233072916666666 0.82080078125 0.7233072916666666
0 0.54541015625 0.6868489583333334 0.4448242187500001 0.6868489583333334 0.4448242187500001 0.7037760416666666 0.54541015625 0.7037760416666666
0 0.4077148437500001 0.7109375 0.3032226562500001 0.7109375 0.3032226562500001 0.7272135416666666 0.4077148437500001 0.7272135416666666
0 0.2617187500000001 0.6569010416666666 0.15087890625000006 0.6569010416666666 0.15087890625000006 0.6744791666666666 0.2617187500000001 0.6744791666666666
0 0.54638671875 0.5937500000000001 0.4443359375 0.59375 0.44433593750000006 0.6100260416666667 0.54638671875 0.6100260416666669
0 0.8232421875 0.669921875 0.7255859375 0.669921875 0.7255859375 0.6868489583333334 0.8232421875 0.6868489583333334
0 0.8193359375 0.7252604166666666 0.7236328125 0.7252604166666666 0.7236328125 0.7408854166666666 0.8193359375 0.7408854166666666
0 0.818359375 0.7434895833333334 0.72265625 0.7434895833333334 0.72265625 0.7591145833333334 0.818359375 0.7591145833333334
0 0.2612304687500001 0.6171875 0.14941406250000006 0.6171875 0.14941406250000006 0.6354166666666666 0.2612304687500001 0.6354166666666666
0 0.40576171875000006 0.59375 0.30029296875 0.59375 0.30029296875000006 0.6119791666666666 0.4057617187500001 0.6119791666666666
0 0.69091796875 0.5175781250000001 0.58740234375 0.5175781250000001 0.58740234375 0.5351562500000001 0.69091796875 0.5351562500000001
0 0.25634765625 0.5390625 0.14501953125000006 0.5390625 0.14501953125000006 0.5559895833333334 0.25634765625 0.5559895833333334
0 0.2646484375000001 0.7526041666666666 0.15576171875000006 0.7526041666666666 0.15576171875000006 0.76953125 0.2646484375000001 0.76953125
0 0.6845703125 0.7272135416666666 0.58349609375 0.7272135416666666 0.58349609375 0.7434895833333334 0.6845703125 0.7434895833333334
0 0.54736328125 0.6490885416666667 0.4443359375000001 0.6490885416666666 0.4443359375000001 0.6666666666666666 0.54736328125 0.6666666666666666
0 0.54833984375 0.5149739583333334 0.44287109375 0.5149739583333334 0.44287109375 0.5332031250000001 0.54833984375 0.5332031250000001
0 0.54833984375 0.5553385416666667 0.4443359375 0.5553385416666666 0.4443359375 0.5729166666666667 0.54833984375 0.5729166666666669
0 0.2641601562500001 0.7350260416666666 0.15283203125000006 0.7350260416666666 0.15283203125000006 0.7513020833333334 0.2641601562500001 0.7513020833333334
0 0.6884765625 0.6328125000000001 0.58349609375 0.6328125000000001 0.58349609375 0.6503906250000001 0.6884765625 0.6503906250000001
0 0.8330078125 0.49804687500000017 0.73046875 0.49804687500000017 0.73046875 0.5156250000000001 0.8330078125 0.5156250000000001
0 0.4072265625000001 0.6725260416666666 0.3022460937500001 0.6725260416666666 0.3022460937500001 0.6888020833333334 0.4072265625000001 0.6888020833333334
0 0.4052734375 0.5533854166666666 0.298828125 0.5533854166666666 0.298828125 0.5716145833333334 0.4052734375 0.5716145833333334
0 0.68994140625 0.5944010416666669 0.583984375 0.5944010416666669 0.583984375 0.6113281250000001 0.68994140625 0.6113281250000001
0 0.2578125 0.4576822916666667 0.13574218750000006 0.4576822916666667 0.13574218750000006 0.4752604166666667 0.2578125 0.4752604166666667
0 0.828125 0.5944010416666669 0.7294921875 0.5944010416666669 0.7294921875 0.6113281250000001 0.828125 0.6113281250000001
0 0.69677734375 0.45703125000000017 0.58935546875 0.45703125000000017 0.58935546875 0.4752604166666668 0.69677734375 0.4752604166666668
0 0.546875 0.76171875 0.4423828125000001 0.76171875 0.4423828125000001 0.77734375 0.546875 0.77734375
0 0.68505859375 0.7643229166666666 0.58203125 0.7643229166666666 0.58203125 0.7799479166666666 0.68505859375 0.7799479166666666
0 0.4052734375 0.4537760416666667 0.2939453125 0.4537760416666667 0.2939453125 0.4700520833333333 0.4052734375 0.4700520833333333
0 0.8359375 0.4576822916666668 0.73095703125 0.4576822916666668 0.73095703125 0.4752604166666668 0.8359375 0.4752604166666668
0 0.8203125 0.7610677083333334 0.72216796875 0.7610677083333334 0.72216796875 0.7786458333333334 0.8203125 0.7786458333333334
0 0.4096679687500001 0.7688802083333334 0.3032226562500001 0.7688802083333334 0.3032226562500001 0.7838541666666666 0.4096679687500001 0.7838541666666666
0 0.55029296875 0.4563802083333334 0.44482421875 0.4563802083333333 0.44482421875 0.47265625000000006 0.55029296875 0.47265625000000017
0 0.2641601562500001 0.7734375 0.15673828125000006 0.7734375 0.15673828125000006 0.7884114583333334 0.2641601562500001 0.7884114583333334