0 0.7952027777777778 0.21409555322265622 0.7951874005794112 0.17999483071308145 0.2627952712391332 0.18007079165058149 0.2628106484374999 0.21417151416015626
0 0.802236997345453 0.041380572732641924 0.25651701225293294 0.040511262104033816 0.25634768489583337 0.07414437402343753 0.8020676699883533 0.07501368465204564
0 0.7954458710894932 0.07954345701228276 0.26200277777777775 0.07825402636718752 0.26175968446606235 0.11007461232365481 0.7952027777777777 0.11136404296875005
0 0.8042912039930559 0.8934588891601563 0.24895054228640762 0.8907318690189764 0.24847083333333359 0.9216415131835938 0.8038114950399817 0.9243685333247736
0 0.8055538627068378 0.8555867803843735 0.25331805555555575 0.8543813344726563 0.2530891928487182 0.8875552640492204 0.8053250000000003 0.8887607099609376
0 0.8002518515625001 0.8507428061523439 0.800159894434149 0.818027430348675 0.2540339690869267 0.8185131339619562 0.25412592621527774 0.8512285097656251
0 0.8008578706597222 0.8165393208007814 0.8008286622081539 0.7786995305187859 0.2516731066525984 0.7788336525890983 0.2517023151041667 0.8166734428710938
0 0.8025762994540436 0.7480325865569731 0.2539937155260998 0.7433789177223042 0.2530831565234452 0.7773414205207999 0.801665740451389 0.7819950893554688
0 0.8018270955085047 0.7127255252511902 0.2507079196186065 0.7086350399024707 0.24988425954861126 0.7437477011718752 0.8010034354385094 0.7478381865205946
0 0.809138426215278 0.6764895957031251 0.2520945169884205 0.6704474903251774 0.2508944444444446 0.7054543930664062 0.8079383536713021 0.7114964984443539
0 0.8064283876644548 0.6401769627114313 0.2532245120856277 0.6328493664159994 0.25170231510416685 0.6692106821289062 0.804906190682994 0.6765382784243381
0 0.8065234955117738 0.602316743613798 0.25149647724280944 0.5989951097174994 0.2508799261754802 0.6315920223537014 0.8059069444444446 0.63491365625
0 0.801463888888889 0.5641006787109375 0.2502884262152779 0.563213607421875 0.250101135083357 0.6000344413396083 0.801276597756968 0.6009215126286708
0 0.7988379626736113 0.531825158203125 0.26321435156250017 0.5282540849609375 0.2625343776936907 0.5605240304893996 0.7981579888048018 0.5640951037315871
0 0.7995259031416788 0.49740438567014095 0.25399325389179 0.4934892585980322 0.2532518515625001 0.526176169921875 0.7987845008123888 0.5300912969939837
0 0.7984652253718575 0.45947941056373415 0.2547319444444445 0.45540653417968757 0.2538713474971589 0.49175863732576336 0.7976046284245718 0.49583151370980993
0 0.7976263888888888 0.11189204687500004 0.2620027777777778 0.11189204687500003 0.2620027777777778 0.143719509765625 0.7976263888888888 0.14371950976562503
0 0.7976263888888888 0.14910035986328127 0.2628106484375 0.14553193066406253 0.2620730575161193 0.18050934587473286 0.7968887979675082 0.1840777750739516
0 0.7968185182291667 0.2486052680664063 0.7967096762120264 0.21360011356068986 0.2620027777777778 0.2141261616210938 0.2621116197949182 0.24913131612681022
0 0.8055708631316522 0.42722079743458397 0.25788299867663006 0.42314229169959205 0.25715555555555564 0.4540506640625 0.8048434200105777 0.4581291697974919
0 0.7911634262152778 0.3837713969726564 0.7910603645129579 0.35150048249779625 0.25624462319351354 0.35204090730248366 0.25634768489583337 0.3843118217773438
0 0.8040893515624998 0.3511024995117187 0.8039244591504106 0.3183502721926892 0.26199534074718983 0.31921354362980775 0.26216023315927917 0.35196577094883724
0 0.8029731355635571 0.28655262568436984 0.2652342595486112 0.2838812680664063 0.26472761420865765 0.3161504911649698 0.8024664902236036 0.31882184878293335
0 0.7992421293402778 0.2500529619140625 0.2668500000000001 0.2500529619140625 0.2668500000000001 0.28050895166015627 0.7992421293402778 0.28050895166015627
0 0.7981195210203554 0.0044058958114523514 0.25199444444444447 0.003695752929687505 0.25186743790518856 0.03459995368096912 0.7979925144810995 0.03531009656273396
0 0.8016376908552184 0.9302716882532422 0.25008657378472243 0.92710148828125 0.24945913370188288 0.9616410182855557 0.801010250772379 0.9648112182575479
0 0.7977430555555556 0.38671875 0.2595486111111112 0.38671875 0.2595486111111112 0.42138671875 0.7977430555555556 0.42138671875