0 0.7314814814814817 0.7536458333333333 0.2425925925925928 0.7536458333333333 0.2425925925925928 0.7796875 0.7314814814814817 0.7796875
0 0.7333333333333335 0.725 0.2453703703703705 0.725 0.24537037037037052 0.7489583333333333 0.7333333333333335 0.7489583333333333
0 0.7305555555555557 0.5677083333333334 0.24814814814814826 0.5677083333333334 0.24814814814814826 0.596875 0.7305555555555557 0.596875
0 0.7685185185185185 0.0869791666666667 0.24074074074074073 0.08697916666666669 0.24074074074074073 0.12083333333333338 0.7685185185185185 0.12083333333333339
0 0.7296296296296299 0.8453125 0.2500000000000002 0.8453125 0.2500000000000002 0.8713541666666667 0.7296296296296299 0.8713541666666667
0 0.7490740740740741 0.4401041666666667 0.2453703703703705 0.4401041666666667 0.2453703703703705 0.46927083333333336 0.7490740740740741 0.46927083333333336
0 0.7314814814814817 0.6317708333333333 0.23703703703703713 0.6317708333333333 0.23703703703703713 0.6583333333333333 0.7314814814814817 0.6583333333333333
0 0.774074074074074 0.16250000000000003 0.23703703703703705 0.1625 0.23703703703703705 0.19687500000000002 0.774074074074074 0.19687500000000005
0 0.7472222222222222 0.40729166666666666 0.24722222222222232 0.40729166666666666 0.24722222222222232 0.43697916666666664 0.7472222222222222 0.43697916666666664
0 0.7472222222222225 0.6619791666666667 0.2425925925925927 0.6619791666666667 0.2425925925925927 0.6890625 0.7472222222222225 0.6890625
0 0.7703703703703704 0.2338541666666667 0.24074074074074073 0.23385416666666667 0.24074074074074078 0.26666666666666666 0.7703703703703704 0.26666666666666666
0 0.775 0.19687500000000002 0.2388888888888889 0.196875 0.2388888888888889 0.23125000000000004 0.775 0.23125000000000007
0 0.7666666666666667 0.26875 0.23888888888888898 0.26875 0.23888888888888898 0.3020833333333333 0.7666666666666667 0.3020833333333333
0 0.7342592592592595 0.6005208333333333 0.2462962962962964 0.6005208333333333 0.2462962962962964 0.628125 0.7342592592592595 0.628125
0 0.7324074074074076 0.815625 0.25092592592592616 0.815625 0.25092592592592616 0.8432291666666667 0.7324074074074076 0.8432291666666667
0 0.7564814814814815 0.303125 0.24166666666666678 0.303125 0.24166666666666678 0.33489583333333334 0.7564814814814815 0.33489583333333334
0 0.7768518518518519 0.12447916666666671 0.23796296296296296 0.1244791666666667 0.23796296296296296 0.15520833333333336 0.7768518518518519 0.1552083333333334
0 0.7472222222222223 0.471875 0.2453703703703705 0.471875 0.2453703703703705 0.5026041666666666 0.7472222222222225 0.5026041666666666
0 0.7555555555555555 0.3390625 0.2453703703703705 0.3390625 0.2453703703703705 0.3703125 0.7555555555555555 0.3703125
0 0.7537037037037037 0.3734375 0.24166666666666678 0.3734375 0.24166666666666678 0.4036458333333333 0.7537037037037037 0.4036458333333333
0 0.7296296296296299 0.784375 0.24074074074074095 0.784375 0.24074074074074095 0.8119791666666667 0.7296296296296299 0.8119791666666667
0 0.7240740740740743 0.8734375 0.25185185185185205 0.8734375 0.25185185185185205 0.8963541666666667 0.7240740740740743 0.8963541666666667
0 0.7351851851851854 0.69375 0.2462962962962964 0.69375 0.2462962962962964 0.7203125 0.7351851851851854 0.7203125
0 0.7444444444444447 0.5036458333333333 0.24722222222222232 0.5036458333333333 0.24722222222222232 0.5328125 0.7444444444444447 0.5328125
0 0.7388888888888892 0.5369791666666667 0.24814814814814826 0.5369791666666667 0.24814814814814826 0.565625 0.7388888888888892 0.565625
0 0.7753564814814815 0.05294479166666673 0.2374664033567705 0.05188115680513825 0.23726721746177484 0.0837528110265491 0.7751572955864858 0.08481644588807757
0 0.7200890374858889 0.9056096937279683 0.2513703703703706 0.9001869791666665 0.25038044390937747 0.9272604223120419 0.7190991110248959 0.9326831368733437