0 0.8002636631944443 0.9769594619140625 0.7965825994417819 0.9274391170795079 0.1745492331223375 0.9420692547748203 0.178230296875 0.9915895996093749
0 0.7883893085541511 0.9235112550286861 0.7844237054138811 0.8811100842385026 0.1747822241166744 0.8991506837020039 0.17874782725694444 0.9415518544921875
0 0.7866824421073886 0.8858623106652449 0.7841194359438342 0.843277573955096 0.18179834019061225 0.8547477164148511 0.18436134635416668 0.8973324531250001
0 0.7923962161458333 0.8406759169921875 0.7899793899733665 0.8031761012878315 0.18111315820253304 0.8155921447448627 0.183529984375 0.8530919604492188
0 0.7773365633680556 0.801778505859375 0.7756555635707408 0.7650654748689707 0.18615817641796303 0.7736057990877205 0.18783917621527776 0.8103188300781249
0 0.7825233133680556 0.7644010766601562 0.781492382217846 0.7282019289443351 0.19109493690534596 0.7335220417373038 0.19212586805555554 0.769721189453125
0 0.7709308758680555 0.7234818540039064 0.769387689959148 0.6837009609568616 0.19227659534109243 0.6907844658396739 0.19381978124999996 0.7305653588867187
0 0.7652664157986111 0.6881976630859377 0.7650642383239605 0.6555788789625479 0.21080112113646055 0.6566658701734853 0.2110032986111111 0.6892846542968751
0 0.7603323026675405 0.6208551250957718 0.21126001460701413 0.6153888810306936 0.21009603385416684 0.65238288671875 0.7591683219146933 0.6578491307838282
0 0.7590679279987946 0.5874658108018714 0.2107935755208335 0.5849407299804689 0.2103397220488435 0.6161212506531428 0.7586140745268046 0.6186463314745454
0 0.7557763544485665 0.5549277067361484 0.213305428526395 0.5486964128176286 0.21211951822916678 0.5813623500976564 0.7545904441513382 0.5875936440161762
0 0.7502191805555557 0.5229308188476562 0.2192540052083335 0.5146662827148437 0.21779223956671542 0.5443809148610586 0.7487574149139377 0.5526454509938711
0 0.7578309620395837 0.4898168140691073 0.22430110949595328 0.48285612176563514 0.22316477604166673 0.5104147207031249 0.7566946285852971 0.5173754130065971
0 0.741636001281601 0.45852621744630223 0.22488629253950274 0.450158813851813 0.22350979774305563 0.477056142578125 0.7402595064851538 0.48542354617261424
0 0.7425269274715789 0.42815154688889007 0.22597372216137238 0.41613182757325157 0.22383981684027787 0.44514805419921877 0.7403930221504844 0.45716777351485727
0 0.7350778430673404 0.3989900693378486 0.2321736206597223 0.3871586572265625 0.2301815729755813 0.41394993848239237 0.7330857953831994 0.42578135059367844
0 0.7360722215505349 0.3700971254322705 0.23201193586357638 0.35662762861884084 0.22961791059027784 0.384974484375 0.7336781962772363 0.39844398118842966
0 0.7159830203516775 0.11249281861087425 0.2583768059420569 0.08403408251019145 0.2530748402777778 0.11100888476562501 0.7106810546873983 0.13946762086630782
0 0.7091031414930555 0.1364331884765625 0.24144483593750005 0.11387190429687503 0.23764960408819683 0.13876323996012127 0.7053079096437522 0.16132452413980874
0 0.7185757506562838 0.16156621250542208 0.2489231553819445 0.1385533388671875 0.2449086077966735 0.1644764748140788 0.7145612030710128 0.18748934845231338
0 0.7156480053280366 0.1845073837731958 0.24866813975694443 0.16320971142578125 0.2452473974497411 0.1869415522619605 0.7122272630208333 0.20823922460937505
0 0.7177042419209637 0.2090467568664961 0.2419611805555556 0.18856999462890628 0.23833079735971097 0.21525754408473097 0.714073858725119 0.23573430632232079
0 0.7242823849231362 0.23398494290519 0.24263634259679356 0.2139409685815046 0.23882087065972227 0.24295028369140628 0.720466912986065 0.2629942580150917
0 0.7248396792444469 0.2620991389707757 0.22980571093750005 0.2421957568359375 0.2266196064948588 0.2672691540501237 0.7216535748018056 0.28717253618496186
0 0.7294893125856167 0.28661890060756434 0.23671376826041227 0.2726642019270794 0.23390131939007347 0.30408797807732757 0.7266768637152778 0.3180426767578125
0 0.734528450787337 0.3196106446693176 0.233080279513889 0.299497873046875 0.22951770023685533 0.3276015872600567 0.7309658715103033 0.34771435888249935
0 0.7332668062040091 0.34543688606661904 0.23538054079861118 0.326338171875 0.23196627006359152 0.35450053056492986 0.7298525354689894 0.3735992447565489