0 1.0104085081795047 0.9112164907738118 1 0.85574401953125 0.20480672445938403 0.9029534462379073 0.2152152326388889 0.958425917480469
0 1.0014123288366503 0.8527873649814182 0.9895215217371816 0.793461583094344 0.2107966729352534 0.8428467981910508 0.22268748003472222 0.902172580078125
0 0.9862709409722221 0.7947404926757813 0.9744672797978811 0.7387746217443895 0.2049672789298256 0.7901254137365771 0.21677094010416667 0.8460912846679689
0 0.9652762265625001 0.7455742666015623 0.9548963939455327 0.6929041601839409 0.2069597620010882 0.7395417407503472 0.21733959461805552 0.7922118471679687
0 0.9477976866319445 0.6971614790039063 0.9383832579978358 0.6501522694546019 0.20192703664366912 0.6968185306850706 0.21134146527777778 0.743827740234375
0 0.9304946354166668 0.6496884541015625 0.9200096854829307 0.6008824508090459 0.20450806829543067 0.6495174361606083 0.21499301822916664 0.6983234394531249
0 0.9157394088541666 0.6068224389648437 0.9061217255304536 0.5597596806014855 0.20135390174573134 0.6053302250350794 0.21097158506944444 0.6523929833984375
0 0.8972924262152778 0.562262734375 0.888095823800224 0.5184946990589738 0.19656662501550193 0.5644701433949114 0.20576322743055556 0.6082381787109375
0 0.8758563072916666 0.519769591308594 0.8667810744738786 0.4791918091055969 0.1951176430502676 0.5267216352774717 0.2041928758680556 0.5672994174804689
0 0.8524842595486111 0.48498305517578133 0.8430935719439024 0.44271616246832685 0.19552439572862468 0.4882388919605143 0.2049150833333333 0.5305057846679688
0 0.8460250755208334 0.4452020771484375 0.8367078576803488 0.4066339010717204 0.19116870490257093 0.4559768146459392 0.20048592274305557 0.4945449907226563
0 0.8324761666666667 0.4069834897460939 0.8216940938367496 0.3676213373144655 0.1894165122395274 0.4224207948339967 0.20019858506944443 0.4617829472656251
0 0.8141253365995722 0.3762456457387881 0.8040399895833333 0.33711743212890627 0.18611570246292775 0.3875117004526182 0.19620104947916664 0.4266399140625
0 0.8032023927142188 0.3353892010736043 0.7921245558446528 0.2987750966834958 0.18660245740126735 0.35674220029739145 0.19768029427083336 0.3933563046875
0 0.7915582274305555 0.3046135244140625 0.7827650049208112 0.27218558275158655 0.18427781655275563 0.32353418089611785 0.1930710390625 0.3559621225585938
0 0.7792094366319444 0.27282403759765633 0.7695590968320151 0.2387570954518129 0.18120533728340404 0.29149137767837535 0.19085567708333334 0.3255583198242188
0 0.7697992916666665 0.24303547851562501 0.7615811360485321 0.21091164609780194 0.18517202320130996 0.25756930039467696 0.19339017881944442 0.28969313281250003
0 0.7547790069444444 0.21067334423828132 0.7443992617668237 0.17579090892620486 0.17820895621126814 0.22909829369182977 0.1885887013888889 0.26398072900390623
0 0.7406496527777777 0.178505189453125 0.7339325506680485 0.15562805799499663 0.18124221559860407 0.2069741395379654 0.18795931770833332 0.22985127099609376
0 0.7329232512291889 0.15674861617402036 0.7244799183597999 0.1282571479715799 0.18103458553338875 0.17921369586005956 0.18947791840277778 0.2077051640625
0 0.7154130153533529 0.12971333980661578 0.7084381974795821 0.10640838445093498 0.17641003629289587 0.15678909298416294 0.18338485416666664 0.18009404833984377
0 0.7178279279513888 0.10647351464843752 0.7082625522667516 0.07507261968590714 0.17424148889869606 0.12654371929528216 0.18380686458333334 0.15794461425781253