0 0.72509765625 0.6315104166666669 0.5224609375 0.6315104166666669 0.5224609375 0.6582031250000001 0.72509765625 0.6582031250000001
0 0.2583007812500001 0.787109375 0.05859375000000007 0.787109375 0.05859375000000007 0.814453125 0.2583007812500001 0.814453125
0 0.2543945312500001 0.638671875 0.055175781250000056 0.638671875 0.055175781250000056 0.666015625 0.2543945312500001 0.666015625
0 0.4902343750000001 0.7858072916666666 0.2880859375000001 0.7858072916666666 0.2880859375000001 0.8125 0.4902343750000001 0.8125
0 0.7236328125 0.8118489583333334 0.5234375 0.8118489583333334 0.5234375 0.837890625 0.7236328125 0.837890625
0 0.724609375 0.48046875000000017 0.5224609375 0.48046875000000017 0.5224609375 0.5091145833333335 0.724609375 0.5091145833333335
0 0.7236328125 0.6621093750000001 0.5234375 0.6621093750000001 0.5234375 0.689453125 0.7236328125 0.689453125
0 0.2519531250000001 0.6692708333333334 0.057617187500000056 0.6692708333333334 0.05761718750000006 0.6959635416666666 0.2519531250000001 0.6959635416666666
0 0.72509765625 0.6015625000000001 0.5244140625 0.6015625000000001 0.5244140625 0.6276041666666669 0.72509765625 0.6276041666666669
0 0.724609375 0.7819010416666666 0.52392578125 0.7819010416666666 0.52392578125 0.80859375 0.724609375 0.80859375
0 0.4873046875000001 0.7565104166666666 0.2885742187500001 0.7565104166666666 0.2885742187500001 0.7825520833333334 0.4873046875000001 0.7825520833333334
0 0.72265625 0.7220052083333334 0.5244140625 0.7220052083333334 0.5244140625 0.7486979166666666 0.72265625 0.7486979166666666
0 0.9423828125 0.7825520833333335 0.73779296875 0.7825520833333334 0.73779296875 0.8092447916666669 0.9423828125 0.809244791666667
0 0.25585937500000006 0.578125 0.054687500000000056 0.578125 0.054687500000000056 0.6067708333333334 0.2558593750000001 0.6067708333333334
0 0.7255859375 0.7513020833333334 0.52490234375 0.7513020833333334 0.52490234375 0.7786458333333334 0.7255859375 0.7786458333333334
0 0.7265625 0.3587239583333335 0.52294921875 0.3587239583333335 0.52294921875 0.3860677083333335 0.7265625 0.3860677083333335
0 0.72705078125 0.23372395833333345 0.52197265625 0.2337239583333334 0.52197265625 0.2623697916666668 0.72705078125 0.2623697916666668
0 0.25244140625 0.5475260416666666 0.050292968750000056 0.5475260416666666 0.050292968750000056 0.5755208333333334 0.25244140625 0.5755208333333334
0 0.2519531250000001 0.6087239583333334 0.054199218750000056 0.6087239583333334 0.054199218750000056 0.6360677083333334 0.2519531250000001 0.6360677083333334
0 0.2509765625 0.4895833333333333 0.05126953125000004 0.4895833333333333 0.05126953125000004 0.517578125 0.2509765625 0.517578125
0 0.7255859375 0.2962239583333334 0.521484375 0.2962239583333334 0.521484375 0.3248697916666668 0.7255859375 0.3248697916666668
0 0.7255859375 0.4505208333333335 0.52392578125 0.4505208333333335 0.52392578125 0.4798177083333335 0.7255859375 0.4798177083333335
0 0.72607421875 0.3268229166666668 0.525390625 0.32682291666666674 0.525390625 0.3561197916666668 0.72607421875 0.3561197916666668
0 0.2573242187500001 0.818359375 0.05957031250000007 0.818359375 0.059570312500000076 0.8450520833333334 0.2573242187500001 0.8450520833333334
0 0.48681640625 0.5104166666666667 0.2861328125 0.5104166666666666 0.2861328125 0.5397135416666667 0.48681640625 0.5397135416666669
0 0.9423828125 0.6627604166666669 0.740234375 0.6627604166666669 0.740234375 0.6894531250000001 0.9423828125 0.6894531250000003
0 0.72705078125 0.2656250000000001 0.5244140625 0.26562500000000006 0.5244140625 0.2949218750000001 0.72705078125 0.29492187500000017
0 0.9423828125 0.7220052083333335 0.74169921875 0.7220052083333334 0.74169921875 0.7506510416666669 0.9423828125 0.750651041666667
0 0.72607421875 0.5117187500000001 0.5224609375 0.5117187500000001 0.5224609375 0.5397135416666669 0.72607421875 0.5397135416666669
0 0.7275390625 0.2011718750000001 0.52294921875 0.20117187500000008 0.52294921875 0.23111979166666677 0.7275390625 0.23111979166666682
0 0.95068359375 0.2897135416666668 0.75244140625 0.2897135416666668 0.75244140625 0.3190104166666668 0.95068359375 0.3190104166666668
0 0.94921875 0.3216145833333335 0.74755859375 0.3216145833333335 0.74755859375 0.3509114583333335 0.94921875 0.3509114583333335
0 0.7265625 0.3893229166666668 0.5263671875 0.3893229166666668 0.5263671875 0.41796875000000017 0.7265625 0.41796875000000017
0 0.94970703125 0.3522135416666668 0.74755859375 0.3522135416666668 0.74755859375 0.3821614583333335 0.94970703125 0.3821614583333335
0 0.95654296875 0.1647135416666668 0.75048828125 0.16471354166666677 0.75048828125 0.19401041666666682 0.95654296875 0.19401041666666682
0 0.2529296875 0.5188802083333334 0.05322265625000004 0.5188802083333334 0.05322265625000005 0.5455729166666666 0.2529296875 0.5455729166666666
0 0.9521484375 0.38671875000000017 0.74658203125 0.38671875000000017 0.74658203125 0.41601562500000017 0.9521484375 0.41601562500000017
0 0.7275390625 0.10481770833333343 0.515625 0.10481770833333341 0.515625 0.13476562500000008 0.7275390625 0.1347656250000001
0 0.9541015625 0.19596354166666682 0.7490234375 0.19596354166666682 0.7490234375 0.22526041666666682 0.9541015625 0.22526041666666682
0 0.953125 0.22721354166666682 0.74853515625 0.22721354166666682 0.74853515625 0.2565104166666668 0.953125 0.2565104166666668
0 0.724609375 0.6927083333333334 0.52490234375 0.6927083333333334 0.52490234375 0.720703125 0.724609375 0.720703125
0 0.95556640625 0.13281250000000014 0.75390625 0.1328125000000001 0.75390625 0.1627604166666668 0.95556640625 0.16276041666666682
0 0.94775390625 0.4459635416666668 0.744140625 0.4459635416666668 0.744140625 0.47460937500000017 0.94775390625 0.47460937500000017
0 0.9501953125 0.4153645833333335 0.74609375 0.4153645833333335 0.74609375 0.4440104166666668 0.9501953125 0.4440104166666668
0 0.72607421875 0.41992187500000017 0.5244140625 0.41992187500000017 0.5244140625 0.4479166666666668 0.72607421875 0.4479166666666668
0 0.953125 0.25781250000000017 0.75048828125 0.25781250000000017 0.75048828125 0.28710937500000017 0.953125 0.28710937500000017
0 0.728515625 0.16861979166666677 0.5224609375 0.16861979166666674 0.5224609375 0.1992187500000001 0.728515625 0.19921875000000014
0 0.48681640625 0.5410156250000001 0.28515625 0.541015625 0.28515625 0.5696614583333334 0.48681640625 0.5696614583333335
0 0.48779296875000006 0.6015625000000001 0.287109375 0.6015625 0.28710937500000006 0.6302083333333334 0.4877929687500001 0.6302083333333335
0 0.72412109375 0.5729166666666669 0.5234375 0.5729166666666669 0.5234375 0.6002604166666669 0.72412109375 0.6002604166666669
0 0.94384765625 0.7526041666666669 0.74072265625 0.7526041666666666 0.74072265625 0.7786458333333335 0.94384765625 0.7786458333333336
0 0.73193359375 0.0722656250000001 0.51611328125 0.0722656250000001 0.51611328125 0.10416666666666675 0.73193359375 0.10416666666666678
0 0.9482421875 0.4772135416666668 0.74609375 0.4772135416666668 0.74609375 0.5058593750000001 0.9482421875 0.5058593750000001
0 0.48779296875 0.5722656250000001 0.2880859375 0.572265625 0.2880859375 0.6015625000000001 0.48779296875 0.6015625000000001
0 0.2568359375 0.4576822916666667 0.05126953125000004 0.4576822916666667 0.05126953125000004 0.4869791666666667 0.2568359375 0.4869791666666667
0 0.9619140625 0.036458333333333474 0.75 0.036458333333333454 0.75 0.06510416666666681 0.9619140625 0.06510416666666681
0 0.4853515625000001 0.6341145833333334 0.2851562500000001 0.6341145833333334 0.2851562500000001 0.6621093750000001 0.4853515625000001 0.6621093750000001
0 0.94482421875 0.6927083333333335 0.73974609375 0.6927083333333334 0.73974609375 0.7200520833333335 0.94482421875 0.7200520833333336
0 0.72900390625 0.13736979166666677 0.5185546875 0.13736979166666674 0.5185546875 0.16731770833333345 0.72900390625 0.16731770833333348
0 0.947265625 0.5390625000000001 0.74365234375 0.5390625000000001 0.74365234375 0.5664062500000001 0.947265625 0.5664062500000001
0 0.94580078125 0.6002604166666669 0.74072265625 0.6002604166666669 0.74072265625 0.6269531250000001 0.94580078125 0.6269531250000001
0 0.9453125 0.5078125000000001 0.74365234375 0.5078125000000001 0.74365234375 0.5364583333333335 0.9453125 0.5364583333333335
0 0.251953125 0.396484375 0.04980468750000004 0.396484375 0.04980468750000004 0.4251302083333333 0.251953125 0.4251302083333333
0 0.7236328125 0.5416666666666669 0.5224609375 0.5416666666666669 0.5224609375 0.5703125000000001 0.7236328125 0.5703125000000001
0 0.4887695312500001 0.6959635416666666 0.2856445312500001 0.6959635416666666 0.2856445312500001 0.72265625 0.4887695312500001 0.72265625
0 0.2529296875 0.427734375 0.04785156250000004 0.427734375 0.04785156250000004 0.4544270833333333 0.2529296875 0.4544270833333333
0 0.9580078125 0.10091145833333347 0.7548828125 0.10091145833333344 0.7548828125 0.13085937500000014 0.9580078125 0.13085937500000014
0 0.4877929687500001 0.6647135416666667 0.2880859375000001 0.6647135416666666 0.2880859375000001 0.6920572916666666 0.4877929687500001 0.6920572916666666
0 0.94384765625 0.6315104166666669 0.73779296875 0.6315104166666669 0.73779296875 0.6595052083333335 0.94384765625 0.6595052083333335
0 0.4892578125000001 0.81640625 0.2900390625000001 0.81640625 0.2900390625000001 0.84375 0.4892578125000001 0.84375
0 0.2539062500000001 0.7278645833333334 0.05712890625000007 0.7278645833333334 0.05712890625000007 0.7552083333333334 0.2539062500000001 0.7552083333333334
0 0.94580078125 0.5696614583333335 0.744140625 0.5696614583333335 0.744140625 0.5970052083333335 0.94580078125 0.5970052083333335
0 0.2578125000000001 0.6979166666666666 0.05810546875000007 0.6979166666666666 0.05810546875000007 0.7252604166666666 0.2578125000000001 0.7252604166666666
0 0.95849609375 0.06901041666666681 0.75244140625 0.0690104166666668 0.75244140625 0.1002604166666668 0.95849609375 0.10026041666666681
0 0.2529296875000001 0.7584635416666666 0.05810546875000007 0.7584635416666666 0.05810546875000007 0.7858072916666666 0.2529296875000001 0.7858072916666666
0 0.4921875000000001 0.7252604166666666 0.2880859375000001 0.7252604166666666 0.2880859375000001 0.7526041666666666 0.4921875000000001 0.7526041666666666
0 0.25341796875 0.3645833333333333 0.04638671875000003 0.3645833333333333 0.046386718750000035 0.3919270833333333 0.25341796875 0.3919270833333333
0 0.4902343750000001 0.84375 0.2895507812500001 0.84375 0.2895507812500001 0.8776041666666666 0.4902343750000001 0.8776041666666666
0 0.48828125 0.48111979166666674 0.2822265625 0.4811197916666667 0.2822265625 0.5071614583333334 0.48828125 0.5071614583333335
0 0.2607421875000001 0.8489583333333334 0.06103515625000008 0.8489583333333334 0.06103515625000008 0.880859375 0.2607421875000001 0.880859375
0 0.94287109375 0.8437500000000001 0.7373046875 0.84375 0.7373046875 0.8743489583333335 0.94287109375 0.8743489583333336
0 0.72314453125 0.8424479166666666 0.5205078125 0.8424479166666666 0.5205078125 0.8743489583333334 0.72314453125 0.8743489583333334
0 0.94140625 0.8118489583333335 0.74072265625 0.8118489583333334 0.74072265625 0.8378906250000001 0.94140625 0.8378906250000003