0 0.76513671875 0.5859375000000001 0.62890625 0.5859375000000001 0.62890625 0.6093750000000001 0.76513671875 0.6093750000000001
0 0.4072265625000001 0.6399739583333334 0.2568359375000001 0.6399739583333334 0.2568359375000001 0.6627604166666666 0.4072265625000001 0.6627604166666666
0 0.93408203125 0.6093750000000001 0.8095703125 0.6093750000000001 0.8095703125 0.6315104166666669 0.93408203125 0.6315104166666669
0 0.92822265625 0.6822916666666669 0.80810546875 0.6822916666666666 0.80810546875 0.7031250000000001 0.92822265625 0.7031250000000003
0 0.93212890625 0.6341145833333335 0.80859375 0.6341145833333335 0.80859375 0.6555989583333335 0.93212890625 0.6555989583333335
0 0.93994140625 0.48632812500000017 0.8115234375 0.48632812500000017 0.8115234375 0.5091145833333335 0.93994140625 0.5091145833333335
0 0.5869140625 0.5091145833333334 0.447265625 0.5091145833333334 0.447265625 0.5305989583333334 0.5869140625 0.5305989583333335
0 0.9296875 0.6582031250000001 0.80712890625 0.6582031250000001 0.80712890625 0.6796875000000001 0.9296875 0.6796875000000003
0 0.5869140625 0.5332031250000001 0.44482421875 0.533203125 0.44482421875 0.5559895833333334 0.5869140625 0.5559895833333335
0 0.40576171875 0.4524739583333333 0.25439453125 0.4524739583333333 0.25439453125 0.4765625 0.40576171875 0.4765625
0 0.76806640625 0.48437500000000017 0.63037109375 0.48437500000000017 0.63037109375 0.5078125000000001 0.76806640625 0.5078125000000001
0 0.58154296875 0.6341145833333334 0.4467773437500001 0.6341145833333334 0.4467773437500001 0.6569010416666667 0.58154296875 0.6569010416666669
0 0.76513671875 0.5605468750000001 0.62939453125 0.5605468750000001 0.62939453125 0.5833333333333335 0.76513671875 0.5833333333333335
0 0.4052734375000001 0.6640625 0.2548828125000001 0.6640625 0.2548828125000001 0.6875 0.4052734375000001 0.6875
0 0.7666015625 0.5097656250000001 0.63037109375 0.5097656250000001 0.63037109375 0.5319010416666669 0.7666015625 0.5319010416666669
0 0.58837890625 0.48437500000000006 0.44921875 0.484375 0.44921875 0.5065104166666667 0.58837890625 0.5065104166666669
0 0.4072265625000001 0.6126302083333334 0.2553710937500001 0.6126302083333334 0.2553710937500001 0.6354166666666666 0.4072265625000001 0.6354166666666666
0 0.40673828125000006 0.5865885416666666 0.2548828125 0.5865885416666666 0.25488281250000006 0.6100260416666666 0.4067382812500001 0.6100260416666666
0 0.58154296875 0.6087239583333334 0.4472656250000001 0.6087239583333334 0.4472656250000001 0.6308593750000001 0.58154296875 0.6308593750000001
0 0.58984375 0.35026041666666674 0.44970703125 0.3502604166666667 0.44970703125 0.37565104166666674 0.58984375 0.3756510416666668
0 0.93994140625 0.4602864583333335 0.81201171875 0.4602864583333335 0.81201171875 0.4837239583333335 0.93994140625 0.4837239583333335
0 0.20507812500000006 0.6158854166666666 0.050781250000000056 0.6158854166666666 0.050781250000000056 0.640625 0.20507812500000006 0.640625
0 0.20605468750000006 0.5084635416666666 0.04882812500000004 0.5084635416666666 0.04882812500000005 0.5338541666666666 0.20605468750000006 0.5338541666666666
0 0.77099609375 0.4069010416666668 0.6337890625 0.4069010416666668 0.6337890625 0.4322916666666668 0.77099609375 0.4322916666666668
0 0.4033203125 0.3984375 0.25 0.3984375 0.25 0.4231770833333333 0.4033203125 0.4231770833333333
0 0.7744140625 0.3815104166666668 0.63525390625 0.3815104166666668 0.63525390625 0.4055989583333335 0.7744140625 0.4055989583333335
0 0.94921875 0.3587239583333335 0.81787109375 0.3587239583333335 0.81787109375 0.3834635416666668 0.94921875 0.3834635416666668
0 0.20312500000000006 0.3424479166666667 0.04345703125000003 0.3424479166666667 0.04345703125000003 0.369140625 0.20312500000000006 0.369140625
0 0.9345703125 0.5852864583333335 0.81103515625 0.5852864583333335 0.81103515625 0.6074218750000001 0.9345703125 0.6074218750000001
0 0.5888671875 0.4055989583333334 0.44873046875 0.4055989583333333 0.44873046875 0.43033854166666674 0.5888671875 0.4303385416666668
0 0.20458984375000006 0.6705729166666666 0.047363281250000056 0.6705729166666666 0.04736328125000006 0.6940104166666666 0.20458984375000006 0.6940104166666666
0 0.5830078125 0.6601562500000001 0.4448242187500001 0.66015625 0.4448242187500001 0.681640625 0.5830078125 0.681640625
0 0.20458984375000006 0.453125 0.04443359375000004 0.453125 0.04443359375000004 0.4778645833333333 0.20458984375000006 0.4778645833333333
0 0.20605468750000006 0.4811197916666667 0.04833984375000004 0.4811197916666667 0.04833984375000004 0.5065104166666666 0.20605468750000006 0.5065104166666666
0 0.20458984375000006 0.6432291666666666 0.049804687500000056 0.6432291666666666 0.049804687500000056 0.6666666666666666 0.20458984375000006 0.6666666666666666
0 0.20605468750000006 0.5625 0.049804687500000056 0.5625 0.049804687500000056 0.5865885416666666 0.20605468750000006 0.5865885416666666
0 0.20458984375000006 0.3977864583333333 0.04638671875000004 0.3977864583333333 0.04638671875000004 0.423828125 0.20458984375000006 0.423828125
0 0.94189453125 0.43554687500000017 0.81396484375 0.43554687500000017 0.81396484375 0.4583333333333335 0.94189453125 0.4583333333333335
0 0.40576171875 0.34375 0.24951171875000006 0.34375 0.24951171875000006 0.3684895833333333 0.40576171875 0.3684895833333333
0 0.40673828125 0.5592447916666666 0.2548828125 0.5592447916666666 0.2548828125 0.583984375 0.40673828125 0.583984375
0 0.76953125 0.43359375000000017 0.6328125 0.43359375000000017 0.6328125 0.4576822916666668 0.76953125 0.4576822916666668
0 0.9384765625 0.5110677083333335 0.8115234375 0.5110677083333335 0.8115234375 0.5332031250000001 0.9384765625 0.5332031250000001
0 0.58349609375 0.5839843750000001 0.4482421875 0.583984375 0.44824218750000006 0.6067708333333334 0.58349609375 0.6067708333333335
0 0.58984375 0.43229166666666674 0.44921875 0.4322916666666667 0.44921875 0.45572916666666674 0.58984375 0.4557291666666668
0 0.4033203125 0.5325520833333334 0.2529296875 0.5325520833333334 0.2529296875 0.556640625 0.4033203125 0.556640625
0 0.76318359375 0.6119791666666669 0.6279296875 0.6119791666666669 0.6279296875 0.6347656250000001 0.76318359375 0.6347656250000001
0 0.93603515625 0.5605468750000001 0.8095703125 0.5605468750000001 0.8095703125 0.5826822916666669 0.93603515625 0.5826822916666669
0 0.40380859375 0.478515625 0.25439453125 0.478515625 0.25439453125 0.50390625 0.40380859375 0.50390625
0 0.40771484375 0.5065104166666666 0.2548828125 0.5065104166666666 0.2548828125 0.5305989583333334 0.40771484375 0.5305989583333334
0 0.9462890625 0.3854166666666668 0.81640625 0.3854166666666668 0.81640625 0.40820312500000017 0.9462890625 0.40820312500000017
0 0.4057617187500001 0.6907552083333334 0.2558593750000001 0.6907552083333334 0.2558593750000001 0.7135416666666666 0.4057617187500001 0.7135416666666666
0 0.5849609375 0.5585937500000001 0.4453125 0.55859375 0.4453125 0.5807291666666667 0.5849609375 0.5807291666666669
0 0.763671875 0.6367187500000001 0.626953125 0.6367187500000001 0.626953125 0.6595052083333335 0.763671875 0.6595052083333335
0 0.7626953125 0.6614583333333335 0.6279296875 0.6614583333333335 0.6279296875 0.68359375 0.7626953125 0.68359375
0 0.76171875 0.6868489583333334 0.626953125 0.6868489583333334 0.626953125 0.7076822916666666 0.76171875 0.7076822916666666
0 0.7685546875 0.4596354166666668 0.630859375 0.4596354166666668 0.630859375 0.4837239583333335 0.7685546875 0.4837239583333335
0 0.59130859375 0.32486979166666674 0.44921875 0.32486979166666674 0.44921875 0.35026041666666674 0.59130859375 0.3502604166666668
0 0.7763671875 0.3300781250000001 0.6357421875 0.33007812500000006 0.6357421875 0.3548177083333335 0.7763671875 0.3548177083333335
0 0.20556640625000006 0.6966145833333334 0.05078125000000007 0.6966145833333334 0.05078125000000007 0.720703125 0.20556640625000006 0.720703125
0 0.9365234375 0.5371093750000001 0.8115234375 0.5371093750000001 0.8115234375 0.5592447916666669 0.9365234375 0.5592447916666669
0 0.59033203125 0.37565104166666674 0.44873046875 0.3756510416666667 0.44873046875 0.40299479166666674 0.59033203125 0.4029947916666668
0 0.58984375 0.4583333333333334 0.45068359375 0.4583333333333333 0.45068359375 0.4817708333333334 0.58984375 0.4817708333333335
0 0.20605468750000006 0.5358072916666666 0.049804687500000056 0.5358072916666666 0.049804687500000056 0.560546875 0.20605468750000006 0.560546875
0 0.7666015625 0.5351562500000001 0.6279296875 0.5351562500000001 0.6279296875 0.5585937500000001 0.7666015625 0.5585937500000001
0 0.404296875 0.31510416666666674 0.25 0.31510416666666674 0.25 0.3411458333333333 0.404296875 0.3411458333333333
0 0.4052734375 0.4244791666666667 0.2529296875 0.4244791666666667 0.2529296875 0.4505208333333333 0.4052734375 0.4505208333333333
0 0.20214843750000006 0.3717447916666667 0.04492187500000003 0.3717447916666667 0.044921875000000035 0.3977864583333333 0.20214843750000006 0.3977864583333333
0 0.94873046875 0.3346354166666668 0.81591796875 0.3346354166666668 0.81591796875 0.3587239583333335 0.94873046875 0.3587239583333335
0 0.404296875 0.37109375 0.251953125 0.37109375 0.251953125 0.3951822916666667 0.404296875 0.3951822916666667
0 0.77392578125 0.3561197916666668 0.63427734375 0.3561197916666668 0.63427734375 0.38085937500000017 0.77392578125 0.38085937500000017
0 0.9453125 0.41015625000000017 0.814453125 0.41015625000000017 0.814453125 0.4342447916666668 0.9453125 0.4342447916666668
0 0.7783203125 0.3033854166666668 0.6357421875 0.30338541666666674 0.6357421875 0.3268229166666668 0.7783203125 0.3268229166666668
0 0.20214843750000006 0.3157552083333333 0.04345703125000003 0.3157552083333333 0.04345703125000003 0.3424479166666667 0.20214843750000006 0.3424479166666667
0 0.5830078125 0.6842447916666666 0.4462890625000001 0.6842447916666666 0.4462890625000001 0.70703125 0.5830078125 0.70703125
0 0.95361328125 0.30859375000000017 0.81591796875 0.30859375000000017 0.81591796875 0.3307291666666668 0.95361328125 0.3307291666666668
0 0.76318359375 0.7122395833333334 0.62353515625 0.7122395833333334 0.62353515625 0.7317708333333334 0.76318359375 0.7317708333333334
0 0.20605468750000006 0.5891927083333334 0.050781250000000056 0.5891927083333334 0.050781250000000056 0.6145833333333334 0.20605468750000006 0.6145833333333334
0 0.20458984375000006 0.4264322916666667 0.04785156250000004 0.4264322916666667 0.04785156250000004 0.451171875 0.20458984375000006 0.451171875
0 0.20556640625000003 0.2864583333333333 0.04150390625000003 0.2864583333333333 0.04150390625000003 0.3118489583333333 0.20556640625000006 0.3118489583333333
0 0.20654296875000006 0.72265625 0.05322265625000007 0.72265625 0.05322265625000007 0.7447916666666666 0.20654296875000006 0.7447916666666666
0 0.40283203125 0.28776041666666674 0.248046875 0.28776041666666674 0.24804687500000003 0.31119791666666674 0.40283203125 0.31119791666666674
0 0.583984375 0.7096354166666666 0.4477539062500001 0.7096354166666666 0.4477539062500001 0.73046875 0.583984375 0.73046875
0 0.92822265625 0.7076822916666669 0.8056640625 0.7076822916666666 0.8056640625 0.7278645833333335 0.92822265625 0.7278645833333336
0 0.4052734375000001 0.71875 0.2563476562500001 0.71875 0.2563476562500001 0.7389322916666666 0.4052734375000001 0.7389322916666666
0 0.591796875 0.29752604166666674 0.44677734375 0.29752604166666674 0.44677734375 0.32226562500000006 0.591796875 0.32226562500000006