0 0.9116527230902776 0.000724754882812493 0.12273115451388887 0.0004843139648437584 0.12270388003541677 0.02879999168751255 0.9116254486118053 0.029040432605481285
0 0.9150208939035404 0.07987858416349128 0.9145918975097422 0.028731247004187725 0.10800130729166665 0.03087181396484375 0.10843030368546475 0.0820191511241473
0 0.9216252839066511 0.13444373867101128 0.9214692812499998 0.07968504882812498 0.1153517130995637 0.08041169398822194 0.11550771575621493 0.13517038383110824
0 0.9132217713547028 0.18613035053087276 0.9126344227430556 0.13600637255859374 0.12640955674983803 0.1389213972972632 0.1269969053614851 0.1890453752695422
0 0.9054815327971026 0.23445706218496357 0.904781263888889 0.18735833349609374 0.12395824862576212 0.19103160744784883 0.12465851753397583 0.23813033613671866
0 0.9052035878448093 0.28352815646172635 0.904781263888889 0.23650147070312502 0.13744215448559 0.23868185844484882 0.13786447844151029 0.2857085442034501
0 0.8220682541221314 0.9874788830360872 0.8213424835069445 0.9609487744140626 0.23312487087513192 0.9660402472404421 0.23385064149031873 0.9925703558624668
0 0.8255633108571447 0.9585305401177513 0.8248553376736111 0.9316840688476562 0.2208810595415133 0.9367236343599595 0.22158903272504696 0.9635701056300546
0 0.8339496771434807 0.9294513247893867 0.8330020378446492 0.9010290903256868 0.21847538107638886 0.907512009765625 0.21942302037522043 0.9359342442293249
0 0.8365798333046356 0.9012302255507376 0.8360666666666667 0.8665274511718749 0.2135234335596753 0.8694402385762812 0.2140366001976442 0.9041430129551439
0 0.8347468480826271 0.8660058005586528 0.8341037039930556 0.8367102939453125 0.21597042911671885 0.8410040211278811 0.2166135732062904 0.8702995277412214
0 0.8427167430136548 0.834999765433531 0.8420405225694444 0.8033102939453125 0.2049468765137888 0.8076118107889649 0.2056230969579992 0.8393012822771835
0 0.8493183051060925 0.8017652645874036 0.8483992690810845 0.7692045392386833 0.20006318055555555 0.7749946079101563 0.20098221658056356 0.8075553332588766
0 0.8471996455808832 0.7701379166154175 0.8469503263888889 0.734247548828125 0.19513410713601173 0.7356802249359602 0.1953834263280061 0.7715705927232527
0 0.8526073272586031 0.7341209734350049 0.8518414794121757 0.6974417532449737 0.19392549045138888 0.7017882353515624 0.19469133829781626 0.7384674555415937
0 0.8612134945052146 0.6968921249693002 0.8606078428819445 0.6616723037109374 0.1890048216412472 0.6653265131300148 0.1896104732645174 0.7005463343883775
0 0.8651240645442068 0.6610755845660292 0.8645229484210081 0.6251078442690219 0.1841054470486111 0.6287058823242188 0.18470656317180986 0.6646736226212261
0 0.8609280037790649 0.6245080751190716 0.8602775147569445 0.5852203203125 0.18160689489704276 0.5887757071738399 0.1822573839191631 0.6280634619804114
0 0.8706456469295069 0.5858671384520289 0.8702727664930556 0.547212009765625 0.17303894527556393 0.5493400800821818 0.17341182571201516 0.5879952087685857
0 0.8701445405393172 0.545755814989634 0.8695195946180555 0.5071673061523437 0.1681394328166822 0.5107613467030161 0.16876437873794395 0.5493498555403064
0 0.8758617615945034 0.5050415539321591 0.8753324618055557 0.4634433823242187 0.15585475280560182 0.4663399913210518 0.15638405259454957 0.5079381629289921
0 0.873423400905008 0.46368243001069503 0.8727251258680554 0.4195420009765625 0.15949249619675987 0.42311198459641264 0.16019077123371248 0.46725241363054515
0 0.8893780301420606 0.42153128355726505 0.8886849670138888 0.3767100488281249 0.1521824958381417 0.38031341369758015 0.1528755589663134 0.4251346484267203
0 0.8924368665153318 0.3773469520206443 0.8920200434027777 0.3320267158203125 0.14726477395619864 0.33419401200224863 0.14768159706875272 0.3795142482025804
0 0.9006366654638565 0.3296428333224623 0.8997324618055558 0.2869286762695312 0.14472807994667714 0.29198562959712404 0.14563228360497785 0.3346997866500551