0 0.6321614583333335 0.68359375 0.4114583333333335 0.68359375 0.4114583333333335 0.70361328125 0.6321614583333335 0.70361328125
0 0.6256510416666666 0.33935546875000006 0.3997395833333333 0.33935546875 0.3997395833333333 0.36230468750000006 0.6256510416666666 0.3623046875000001
0 0.3346354166666668 0.482421875 0.11197916666666674 0.482421875 0.11197916666666674 0.50439453125 0.3346354166666668 0.50439453125
0 0.9212239583333334 0.4125976562500001 0.6946614583333334 0.4125976562500001 0.6946614583333334 0.4345703125000001 0.9212239583333334 0.4345703125000001
0 0.33398437500000017 0.458984375 0.11067708333333341 0.458984375 0.11067708333333341 0.4814453125 0.33398437500000017 0.4814453125
0 0.9225260416666666 0.3657226562500001 0.6953125 0.3657226562500001 0.6953125 0.3886718750000001 0.9225260416666666 0.3886718750000001
0 0.33268229166666674 0.4140625 0.11002604166666674 0.4140625 0.11002604166666674 0.435546875 0.33268229166666674 0.435546875
0 0.9205729166666666 0.4355468750000001 0.6946614583333334 0.4355468750000001 0.6946614583333334 0.4580078125000001 0.9205729166666666 0.4580078125000001
0 0.916015625 0.5703125 0.6920572916666666 0.5703125 0.6920572916666666 0.591796875 0.916015625 0.591796875
0 0.33072916666666674 0.36865234375 0.10742187500000007 0.36865234375 0.10742187500000007 0.3896484375 0.33072916666666674 0.3896484375
0 0.919921875 0.50390625 0.6959635416666666 0.50390625 0.6959635416666666 0.52490234375 0.919921875 0.52490234375
0 0.6289062500000001 0.47900390625000006 0.40429687500000017 0.47900390625 0.40429687500000017 0.5009765625 0.6289062500000001 0.5009765625
0 0.6295572916666669 0.6376953125 0.4095052083333335 0.6376953125 0.4095052083333335 0.65966796875 0.6295572916666669 0.65966796875
0 0.33398437500000017 0.6376953125 0.12044270833333344 0.6376953125 0.12044270833333344 0.6591796875 0.33398437500000017 0.6591796875
0 0.6256510416666666 0.36328125000000006 0.3984375 0.36328125 0.3984375 0.38525390625000006 0.6256510416666666 0.3852539062500001
0 0.33268229166666674 0.34619140625 0.10351562500000007 0.34619140625 0.10351562500000007 0.36865234375 0.33268229166666674 0.36865234375
0 0.9140625 0.63671875 0.6946614583333334 0.63671875 0.6946614583333334 0.65869140625 0.9140625 0.65869140625
0 0.6289062500000001 0.43310546875000006 0.4036458333333333 0.43310546875 0.4036458333333334 0.45507812500000006 0.6289062500000001 0.4550781250000001
0 0.3352864583333335 0.5712890625 0.11523437500000011 0.5712890625 0.11523437500000011 0.591796875 0.3352864583333335 0.591796875
0 0.921875 0.3891601562500001 0.6979166666666666 0.3891601562500001 0.6979166666666666 0.4116210937500001 0.921875 0.4116210937500001
0 0.9205729166666666 0.4809570312500001 0.6959635416666666 0.4809570312500001 0.6959635416666666 0.5029296875 0.9205729166666666 0.5029296875
0 0.33593750000000017 0.52685546875 0.11263020833333341 0.52685546875 0.11263020833333341 0.548828125 0.33593750000000017 0.548828125
0 0.6289062500000001 0.525390625 0.4055989583333335 0.525390625 0.4055989583333335 0.54638671875 0.6289062500000001 0.54638671875
0 0.9264322916666666 0.3422851562500001 0.6966145833333334 0.3422851562500001 0.6966145833333334 0.3652343750000001 0.9264322916666666 0.3652343750000001
0 0.6289062500000001 0.66015625 0.4075520833333335 0.66015625 0.4075520833333335 0.6806640625 0.6289062500000001 0.6806640625
0 0.9166666666666666 0.54736328125 0.6953125 0.54736328125 0.6953125 0.56884765625 0.9166666666666666 0.56884765625
0 0.33268229166666674 0.4365234375 0.11067708333333341 0.4365234375 0.11067708333333341 0.4580078125 0.33268229166666674 0.4580078125
0 0.6295572916666669 0.5703125 0.4055989583333335 0.5703125 0.4055989583333335 0.5908203125 0.6295572916666669 0.5908203125
0 0.9186197916666666 0.52587890625 0.69140625 0.52587890625 0.69140625 0.546875 0.9186197916666666 0.546875
0 0.9147135416666666 0.66015625 0.6946614583333334 0.66015625 0.6946614583333334 0.6806640625 0.9147135416666666 0.6806640625
0 0.3346354166666668 0.6162109375 0.11914062500000011 0.6162109375 0.11914062500000011 0.63720703125 0.3346354166666668 0.63720703125
0 0.9147135416666666 0.5927734375 0.6927083333333334 0.5927734375 0.6927083333333334 0.6142578125 0.9147135416666666 0.6142578125
0 0.6263020833333334 0.38623046875000006 0.400390625 0.38623046875 0.400390625 0.40869140625000006 0.6263020833333334 0.4086914062500001
0 0.6289062500000001 0.45556640625000006 0.40429687500000017 0.45556640625 0.40429687500000017 0.47705078125000006 0.6289062500000001 0.4770507812500001
0 0.3365885416666668 0.66015625 0.12044270833333344 0.66015625 0.12044270833333344 0.6806640625 0.3365885416666668 0.6806640625
0 0.6289062500000001 0.5927734375 0.4088541666666668 0.5927734375 0.4088541666666668 0.6142578125 0.6289062500000001 0.6142578125
0 0.3313802083333334 0.39111328125 0.11002604166666674 0.39111328125 0.11002604166666674 0.4130859375 0.3313802083333334 0.4130859375
0 0.9127604166666666 0.615234375 0.6946614583333334 0.615234375 0.6946614583333334 0.6357421875 0.9127604166666666 0.6357421875
0 0.6289062500000001 0.50341796875 0.4049479166666668 0.50341796875 0.4049479166666668 0.5244140625 0.6289062500000001 0.5244140625
0 0.3333333333333335 0.5927734375 0.11718750000000011 0.5927734375 0.11718750000000011 0.6142578125 0.3333333333333335 0.6142578125
0 0.33593750000000017 0.55029296875 0.11653645833333341 0.55029296875 0.11653645833333343 0.5703125 0.33593750000000017 0.5703125
0 0.6295572916666669 0.54833984375 0.40820312500000017 0.54833984375 0.40820312500000017 0.5693359375 0.6295572916666669 0.5693359375
0 0.6295572916666669 0.61572265625 0.4075520833333335 0.61572265625 0.4075520833333335 0.63671875 0.6295572916666669 0.63671875
0 0.921875 0.4584960937500001 0.6959635416666666 0.4584960937500001 0.6959635416666666 0.4799804687500001 0.921875 0.4799804687500001
0 0.9127604166666666 0.681640625 0.693359375 0.681640625 0.693359375 0.7001953125 0.9127604166666666 0.7001953125
0 0.33593750000000017 0.5048828125 0.11523437500000007 0.5048828125 0.11523437500000007 0.525390625 0.33593750000000017 0.525390625
0 0.6282552083333334 0.40966796875000006 0.4016927083333333 0.40966796875 0.4016927083333333 0.43212890625000006 0.6282552083333334 0.4321289062500001
0 0.3424479166666668 0.68212890625 0.12174479166666678 0.68212890625 0.12174479166666678 0.70263671875 0.3424479166666668 0.70263671875
0 0.33072916666666674 0.32177734375 0.1041666666666667 0.32177734375 0.10416666666666673 0.34326171875 0.33072916666666674 0.34326171875
0 0.6282552083333334 0.31591796875000006 0.4016927083333333 0.31591796875 0.4016927083333333 0.33691406250000006 0.6282552083333334 0.3369140625000001
0 0.9234274915364584 0.34122167968750006 0.9232495026041668 0.3182763671875001 0.6933090433386435 0.31927968134893786 0.6934870322709351 0.34222499384893784