0 0.6516927083333334 0.38916015625000006 0.26432291666666674 0.38916015625 0.26432291666666674 0.42187500000000006 0.6516927083333334 0.4218750000000001
0 0.6432291666666667 0.42138671875000006 0.26627604166666674 0.42138671875 0.26627604166666674 0.45556640625000006 0.6432291666666669 0.4555664062500001
0 0.6308593750000001 0.685546875 0.2669270833333335 0.685546875 0.2669270833333335 0.71484375 0.6308593750000001 0.71484375
0 0.6419270833333335 0.7490234375 0.26757812500000017 0.7490234375 0.26757812500000017 0.77783203125 0.6419270833333335 0.77783203125
0 0.6432291666666669 0.6533203125 0.2591145833333334 0.6533203125 0.2591145833333334 0.68359375 0.6432291666666669 0.68359375
0 0.6406250000000001 0.77880859375 0.2701822916666668 0.77880859375 0.2701822916666668 0.80712890625 0.6406250000000001 0.80712890625
0 0.6588541666666666 0.31787109375000006 0.26367187500000006 0.31787109375 0.26367187500000006 0.35205078125000006 0.6588541666666666 0.3520507812500001
0 0.6399739583333335 0.71728515625 0.2649739583333335 0.71728515625 0.2649739583333335 0.7470703125 0.6399739583333335 0.7470703125
0 0.6464843750000001 0.5224609375 0.26236979166666674 0.5224609375 0.26236979166666674 0.5537109375 0.6464843750000001 0.5537109375
0 0.6529947916666669 0.5556640625 0.26562500000000006 0.5556640625 0.26562500000000006 0.5859375 0.6529947916666669 0.5859375
0 0.6510416666666669 0.587890625 0.26432291666666674 0.587890625 0.26432291666666674 0.61865234375 0.6510416666666669 0.61865234375
0 0.6419270833333335 0.8095703125 0.26171875000000017 0.8095703125 0.26171875000000017 0.8388671875 0.6419270833333335 0.8388671875
0 0.6529947916666666 0.35302734375000006 0.25976562500000006 0.35302734375 0.25976562500000006 0.38720703125000006 0.6529947916666666 0.3872070312500001
0 0.6516927083333335 0.6201171875 0.26367187500000006 0.6201171875 0.26367187500000006 0.6513671875 0.6516927083333335 0.6513671875
0 0.6516927083333335 0.49023437500000006 0.25846354166666674 0.490234375 0.25846354166666674 0.521484375 0.6516927083333335 0.521484375
0 0.6529947916666669 0.45605468750000006 0.26041666666666674 0.4560546875 0.26041666666666674 0.48828125000000006 0.6529947916666669 0.4882812500000001
0 0.6595052083333334 0.24316406250000003 0.25585937500000006 0.2431640625 0.25585937500000006 0.28125000000000006 0.6595052083333334 0.2812500000000001
0 0.6666666666666666 0.16992187500000003 0.2604166666666667 0.169921875 0.2604166666666667 0.20898437500000003 0.6666666666666666 0.20898437500000006
0 0.6510416666666666 0.27978515625000006 0.2610677083333334 0.27978515625 0.2610677083333334 0.31591796875000006 0.6510416666666666 0.3159179687500001
0 0.6614583333333334 0.20800781250000003 0.25 0.2080078125 0.25000000000000006 0.24511718750000003 0.6614583333333334 0.24511718750000006
0 0.6477864583333335 0.8408203125 0.27148437500000017 0.8408203125 0.27148437500000017 0.87109375 0.6477864583333335 0.87109375
0 0.681256187624557 0.02729323451657643 0.25197038213056094 0.011191330499794592 0.2494638689851706 0.048780420201968225 0.6787496744791667 0.06488232421875006
0 0.6816640844861684 0.06522290288653518 0.2533899739583333 0.03512597656250002 0.24757038373278686 0.08170759881404667 0.6758444942606222 0.11180452513808181
0 0.6794137223817343 0.10266629847524175 0.25338997395833335 0.08611303710937501 0.25075451011979305 0.12426613662032676 0.676778258543194 0.14081939798619353
0 0.6751033269535412 0.14011872157657357 0.25338997395833335 0.12551196289062505 0.2511534407626757 0.16183326198810458 0.6728667937578838 0.17644002067405312