0 0.7779731484375 0.2586502602539063 0.23784166666666678 0.25051875 0.23622564454593029 0.2844828907444263 0.7763571263167636 0.2926144009983325
0 0.7772101848958335 0.2942750000000001 0.23936712934027785 0.28649479150390633 0.23788982141856593 0.3188080243608938 0.7757328769741215 0.32658823285698757
0 0.7711074071180556 0.3299000000000001 0.2416018515625001 0.32052369775390627 0.2397697572214976 0.35326016490438206 0.7692753127770531 0.3626364671504758
0 0.7314379626736113 0.5851033852539063 0.24389027777777786 0.5801244790039063 0.2429747689331086 0.6084899988809914 0.7305224538289421 0.6134689051309914
0 0.7390666666666666 0.5559679687499999 0.24504081034195183 0.549201538367192 0.24379308246159162 0.5780255878557183 0.7378189387863066 0.5847920182385262
0 0.7405925928819446 0.52549375 0.24558842621527788 0.5197651040039063 0.24451650729447205 0.5490715975587133 0.7395206739611387 0.554800243554807
0 0.7466953706597224 0.4941609375 0.24611481510416683 0.4877536459960938 0.24493314381517817 0.5169642966099259 0.7455136993707338 0.5233715881138321
0 0.7527986111111112 0.4624760415039063 0.2448254626736112 0.4558083334960938 0.24357140243543662 0.4860376017634853 0.7515445508729367 0.49270530977129784
0 0.7550870373263892 0.4298557290039063 0.24306342621527793 0.4233986977539063 0.2418140914770781 0.45474461403660993 0.7538377025881893 0.4612016452866099
0 0.7604273151041667 0.3633786459960939 0.24171944444444454 0.3540882812500001 0.23988414208849484 0.38651050126059344 0.7585920127482171 0.39580086600668724
0 0.7634787039930556 0.39680625 0.2424824071180557 0.38976770849609377 0.24106593166650045 0.4229423368650746 0.7620622285415004 0.42998087836898086
0 0.7848388888888889 0.22045026025390627 0.2325212960069445 0.21014895849609375 0.23032674095544362 0.2473785525800641 0.782644333837388 0.2576798543378766
0 0.7268606484375001 0.6160067709960939 0.2440152777777779 0.6099505209960938 0.24273866765841629 0.642154357546636 0.7255840383181386 0.6482106075466361