0 0.9458333333333333 0.3585937500000001 0.7020833333333333 0.3585937500000001 0.7020833333333333 0.3828125000000001 0.9458333333333333 0.3828125000000001
0 0.61875 0.6234375 0.37916666666666676 0.6234375 0.37916666666666676 0.64765625 0.61875 0.64765625
0 0.3020833333333334 0.6 0.05729166666666677 0.6 0.05729166666666677 0.6234375 0.3020833333333334 0.6234375
0 0.3000000000000001 0.64921875 0.056250000000000105 0.64921875 0.056250000000000105 0.671875 0.3000000000000001 0.671875
0 0.9354166666666667 0.459375 0.6979166666666666 0.459375 0.6979166666666666 0.4828125 0.9354166666666667 0.4828125
0 0.6197916666666666 0.525 0.38333333333333347 0.525 0.38333333333333347 0.54921875 0.6197916666666666 0.54921875
0 0.621875 0.47578125 0.3854166666666668 0.47578125 0.3854166666666668 0.49921875 0.621875 0.49921875
0 0.625 0.37500000000000006 0.3760416666666668 0.375 0.3760416666666668 0.39921875000000007 0.625 0.39921875000000007
0 0.6208333333333333 0.57421875 0.37916666666666676 0.57421875 0.37916666666666676 0.5984375 0.6208333333333333 0.5984375
0 0.6166666666666667 0.64921875 0.3854166666666668 0.64921875 0.3854166666666668 0.67109375 0.6166666666666667 0.67109375
0 0.6208333333333333 0.45 0.37916666666666676 0.45 0.37916666666666676 0.47421875 0.6208333333333333 0.47421875
0 0.6177083333333333 0.671875 0.37916666666666676 0.671875 0.37916666666666676 0.6953125 0.6177083333333333 0.6953125
0 0.6020833333333335 0.79375 0.37395833333333345 0.79375 0.37395833333333345 0.8140625 0.6020833333333335 0.8140625
0 0.6166666666666669 0.76953125 0.37708333333333344 0.76953125 0.37708333333333344 0.78984375 0.6166666666666669 0.78984375
0 0.9322916666666666 0.4828125 0.6947916666666667 0.4828125 0.6947916666666667 0.50703125 0.9322916666666666 0.50703125
0 0.6197916666666666 0.6 0.37708333333333344 0.6 0.37708333333333344 0.62265625 0.6197916666666666 0.62265625
0 0.2979166666666668 0.696875 0.059375000000000115 0.696875 0.059375000000000115 0.7203125 0.2979166666666668 0.7203125
0 0.9302083333333333 0.50859375 0.696875 0.50859375 0.696875 0.53203125 0.9302083333333333 0.53203125
0 0.6125000000000003 0.7453125 0.3729166666666668 0.7453125 0.3729166666666668 0.76640625 0.6125000000000003 0.76640625
0 0.925 0.60546875 0.6833333333333333 0.60546875 0.6833333333333333 0.628125 0.925 0.628125
0 0.3041666666666668 0.57578125 0.05416666666666676 0.57578125 0.054166666666666766 0.6 0.3041666666666668 0.6
0 0.6239583333333333 0.4 0.38333333333333347 0.4 0.38333333333333347 0.425 0.6239583333333333 0.425
0 0.3020833333333334 0.4765625 0.05625000000000007 0.4765625 0.056250000000000085 0.50078125 0.3020833333333334 0.50078125
0 0.6197916666666666 0.5 0.3802083333333334 0.5 0.3802083333333334 0.52421875 0.6197916666666666 0.52421875
0 0.3041666666666668 0.625 0.05416666666666677 0.625 0.05416666666666677 0.6484375 0.3041666666666668 0.6484375
0 0.9135416666666669 0.74609375 0.6833333333333336 0.74609375 0.6833333333333336 0.76875 0.9135416666666669 0.76875
0 0.6145833333333334 0.696875 0.38437500000000013 0.696875 0.38437500000000013 0.71875 0.6145833333333334 0.71875
0 0.2968750000000001 0.77109375 0.05312500000000013 0.77109375 0.05312500000000013 0.7921875 0.2968750000000001 0.7921875
0 0.30520833333333347 0.4265625 0.04791666666666674 0.4265625 0.04791666666666674 0.45 0.30520833333333347 0.45
0 0.9177083333333333 0.7 0.6822916666666666 0.7 0.6822916666666666 0.7234375 0.9177083333333333 0.7234375
0 0.2979166666666668 0.74609375 0.06250000000000012 0.74609375 0.06250000000000012 0.76875 0.2979166666666668 0.76875
0 0.9427083333333334 0.38359375000000007 0.6989583333333333 0.38359375000000007 0.6989583333333333 0.40859375 0.9427083333333334 0.40859375
0 0.9385416666666667 0.43515625 0.696875 0.43515625 0.696875 0.459375 0.9385416666666667 0.459375
0 0.9302083333333333 0.53203125 0.6927083333333334 0.53203125 0.6927083333333334 0.55546875 0.9302083333333333 0.55546875
0 0.30520833333333347 0.52578125 0.05312500000000009 0.52578125 0.05312500000000009 0.55 0.30520833333333347 0.55
0 0.6166666666666668 0.721875 0.3781250000000001 0.721875 0.3781250000000001 0.74296875 0.6166666666666669 0.74296875
0 0.3041666666666668 0.45078125 0.05416666666666674 0.45078125 0.05416666666666674 0.47578125 0.3041666666666668 0.47578125
0 0.9208333333333333 0.65234375 0.6822916666666666 0.65234375 0.6822916666666666 0.67578125 0.9208333333333333 0.67578125
0 0.9291666666666667 0.55703125 0.69375 0.55703125 0.69375 0.58125 0.9291666666666667 0.58125
0 0.29895833333333344 0.6734375 0.0531250000000001 0.6734375 0.05312500000000011 0.69609375 0.29895833333333344 0.69609375
0 0.9145833333333334 0.725 0.6833333333333333 0.725 0.6833333333333335 0.74609375 0.9145833333333335 0.74609375
0 0.9166666666666666 0.67734375 0.6833333333333333 0.67734375 0.6833333333333333 0.6984375 0.9166666666666666 0.6984375
0 0.9135416666666669 0.77109375 0.6812500000000002 0.77109375 0.6812500000000002 0.79140625 0.9135416666666669 0.79140625
0 0.6208333333333333 0.425 0.3781250000000001 0.425 0.3781250000000001 0.44921875 0.6208333333333333 0.44921875
0 0.9270833333333334 0.58203125 0.6885416666666667 0.58203125 0.6885416666666667 0.603125 0.9270833333333334 0.603125
0 0.3020833333333334 0.55078125 0.05208333333333342 0.55078125 0.05208333333333342 0.57421875 0.3020833333333334 0.57421875
0 0.61875 0.55 0.3802083333333334 0.55 0.3802083333333334 0.5734375 0.61875 0.5734375
0 0.2979166666666668 0.721875 0.05312500000000012 0.721875 0.05312500000000012 0.74375 0.2979166666666668 0.74375
0 0.30625000000000013 0.5015625 0.05208333333333342 0.5015625 0.05208333333333342 0.525 0.30625000000000013 0.525
0 0.925 0.628125 0.6864583333333333 0.628125 0.6864583333333333 0.65078125 0.925 0.65078125
0 0.9395833333333333 0.4109375 0.6958333333333333 0.4109375 0.6958333333333333 0.43359375 0.9395833333333333 0.43359375
0 0.9093750000000003 0.7953125 0.6802083333333335 0.7953125 0.6802083333333335 0.81484375 0.9093750000000003 0.81484375
0 0.29062500000000013 0.7953125 0.0604166666666668 0.7953125 0.0604166666666668 0.815625 0.29062500000000013 0.815625
0 0.30625000000000013 0.40078125 0.05000000000000006 0.40078125 0.050000000000000065 0.42421875 0.30625000000000013 0.42421875
0 0.625 0.34609375000000003 0.37604166666666666 0.34609375 0.3760416666666667 0.37343750000000003 0.625 0.3734375000000001
0 0.9375 0.3335937500000001 0.7114583333333333 0.3335937500000001 0.7114583333333333 0.35625000000000007 0.9375 0.35625000000000007