0 0.8453703703703705 0.6734375 0.4750000000000002 0.6734375 0.4750000000000002 0.6973958333333333 0.8453703703703705 0.6973958333333333
0 0.8518518518518521 0.5338541666666666 0.47592592592592614 0.5338541666666666 0.47592592592592614 0.5583333333333333 0.8518518518518521 0.5583333333333333
0 0.8481481481481482 0.46458333333333335 0.46944444444444455 0.46458333333333335 0.46944444444444455 0.4869791666666667 0.8481481481481483 0.4869791666666667
0 0.8453703703703703 0.3734375 0.4703703703703705 0.3734375 0.4703703703703705 0.3958333333333333 0.8453703703703703 0.3958333333333333
0 0.45370370370370383 0.46979166666666666 0.09166666666666677 0.46979166666666666 0.09166666666666677 0.4921875 0.45370370370370383 0.4921875
0 0.4583333333333334 0.33229166666666665 0.09074074074074082 0.33229166666666665 0.09074074074074082 0.35625 0.4583333333333334 0.35625
0 0.8518518518518521 0.5114583333333333 0.4722222222222223 0.5114583333333333 0.4722222222222223 0.534375 0.8518518518518521 0.534375
0 0.8462962962962965 0.6026041666666667 0.4750000000000002 0.6026041666666667 0.4750000000000002 0.628125 0.8462962962962965 0.628125
0 0.8490740740740741 0.2536458333333334 0.4703703703703705 0.2536458333333334 0.4703703703703705 0.27708333333333335 0.8490740740740741 0.27708333333333335
0 0.8453703703703703 0.41875 0.4722222222222223 0.41875 0.4722222222222223 0.4421875 0.8453703703703703 0.4421875
0 0.8435185185185188 0.7442708333333333 0.47407407407407426 0.7442708333333333 0.47407407407407426 0.7661458333333333 0.8435185185185188 0.7661458333333333
0 0.8462962962962963 0.3953125 0.4703703703703705 0.3953125 0.4703703703703705 0.41822916666666665 0.8462962962962963 0.41822916666666665
0 0.8453703703703703 0.4421875 0.4740740740740741 0.4421875 0.4740740740740741 0.46458333333333335 0.8453703703703703 0.46458333333333335
0 0.4574074074074075 0.2354166666666667 0.08796296296296302 0.23541666666666666 0.08796296296296302 0.259375 0.45740740740740754 0.2593750000000001
0 0.850925925925926 0.278125 0.4685185185185186 0.278125 0.4685185185185186 0.3015625 0.850925925925926 0.3015625
0 0.4546296296296297 0.425 0.0925925925925927 0.425 0.0925925925925927 0.4479166666666667 0.4546296296296297 0.4479166666666667
0 0.4564814814814816 0.259375 0.08611111111111117 0.259375 0.08611111111111117 0.28229166666666666 0.4564814814814816 0.28229166666666666
0 0.4509259259259261 0.740625 0.09259259259259275 0.740625 0.09259259259259275 0.7625 0.4509259259259261 0.7625
0 0.8453703703703703 0.35 0.46944444444444455 0.35 0.46944444444444455 0.3723958333333333 0.8453703703703703 0.3723958333333333
0 0.452777777777778 0.7630208333333334 0.09444444444444461 0.7630208333333334 0.09444444444444461 0.7854166666666667 0.452777777777778 0.7854166666666667
0 0.8509259259259261 0.48802083333333335 0.4712962962962964 0.48802083333333335 0.4712962962962964 0.5104166666666666 0.8509259259259261 0.5104166666666666
0 0.4546296296296297 0.5375 0.09074074074074084 0.5375 0.09074074074074086 0.559375 0.4546296296296297 0.559375
0 0.4564814814814816 0.40208333333333335 0.09259259259259267 0.40208333333333335 0.09259259259259268 0.425 0.4564814814814816 0.425
0 0.45740740740740754 0.30572916666666666 0.09074074074074082 0.30572916666666666 0.09074074074074082 0.33229166666666665 0.45740740740740754 0.33229166666666665
0 0.45740740740740754 0.35572916666666665 0.09074074074074082 0.35572916666666665 0.09074074074074082 0.378125 0.45740740740740754 0.378125
0 0.45185185185185195 0.6052083333333333 0.08703703703703716 0.6052083333333333 0.08703703703703716 0.628125 0.45185185185185195 0.628125
0 0.45370370370370383 0.4479166666666667 0.09166666666666677 0.4479166666666667 0.09166666666666677 0.46927083333333336 0.45370370370370383 0.46927083333333336
0 0.45185185185185195 0.6708333333333333 0.08888888888888904 0.6708333333333333 0.08888888888888904 0.6958333333333333 0.45185185185185195 0.6958333333333333
0 0.4546296296296297 0.49166666666666664 0.09166666666666677 0.49166666666666664 0.09166666666666677 0.5161458333333333 0.4546296296296297 0.5161458333333333
0 0.4527777777777779 0.5151041666666667 0.09166666666666677 0.5151041666666667 0.09166666666666677 0.5369791666666667 0.4527777777777779 0.5369791666666667
0 0.45740740740740754 0.2833333333333333 0.08888888888888895 0.2833333333333333 0.08888888888888895 0.30572916666666666 0.45740740740740754 0.30572916666666666
0 0.4527777777777779 0.5598958333333334 0.08981481481481494 0.5598958333333334 0.08981481481481494 0.5833333333333334 0.4527777777777779 0.5833333333333334
0 0.450925925925926 0.65 0.08981481481481494 0.65 0.08981481481481496 0.6713541666666667 0.450925925925926 0.6713541666666667
0 0.45185185185185195 0.5828125 0.08888888888888902 0.5828125 0.08888888888888902 0.6057291666666667 0.45185185185185195 0.6057291666666667
0 0.8472222222222222 0.30104166666666665 0.4703703703703705 0.30104166666666665 0.4703703703703705 0.325 0.8472222222222222 0.325
0 0.8444444444444447 0.65 0.47407407407407426 0.65 0.47407407407407426 0.6744791666666666 0.8444444444444447 0.6744791666666666
0 0.8472222222222222 0.2291666666666667 0.46944444444444444 0.2291666666666667 0.4694444444444445 0.25312500000000004 0.8472222222222222 0.25312500000000004
0 0.8472222222222224 0.5578125 0.4768518518518521 0.5578125 0.4768518518518521 0.58125 0.8472222222222224 0.58125
0 0.4564814814814816 0.37864583333333335 0.09074074074074082 0.37864583333333335 0.09074074074074082 0.4010416666666667 0.4564814814814816 0.4010416666666667
0 0.4500000000000001 0.6953125 0.09166666666666683 0.6953125 0.09166666666666683 0.7177083333333333 0.4500000000000001 0.7177083333333333
0 0.4500000000000002 0.7182291666666667 0.09259259259259275 0.7182291666666667 0.09259259259259275 0.740625 0.45000000000000023 0.740625
0 0.450925925925926 0.6276041666666666 0.08981481481481494 0.6276041666666666 0.08981481481481494 0.65 0.450925925925926 0.65
0 0.8453703703703703 0.3260416666666667 0.4703703703703705 0.3260416666666667 0.4703703703703705 0.3489583333333333 0.8453703703703703 0.3489583333333333
0 0.8425925925925928 0.7666666666666667 0.47592592592592614 0.7666666666666667 0.47592592592592614 0.7880208333333333 0.8425925925925928 0.7880208333333333
0 0.8425925925925928 0.696875 0.4750000000000002 0.696875 0.4750000000000002 0.7197916666666667 0.8425925925925928 0.7197916666666667
0 0.8472222222222224 0.58125 0.4722222222222223 0.58125 0.4722222222222223 0.6020833333333333 0.8472222222222224 0.6020833333333333
0 0.8425925925925928 0.7192708333333333 0.47592592592592614 0.7192708333333333 0.47592592592592614 0.7442708333333333 0.8425925925925928 0.7442708333333333
0 0.8425925925925928 0.6270833333333333 0.4768518518518521 0.6270833333333333 0.4768518518518521 0.6505208333333333 0.8425925925925928 0.6505208333333333
0 0.8435185185185188 0.7880208333333333 0.4768518518518521 0.7880208333333333 0.4768518518518521 0.8104166666666667 0.8435185185185188 0.8104166666666667
0 0.452777777777778 0.7859375 0.0972222222222224 0.7859375 0.0972222222222224 0.8078125 0.452777777777778 0.8078125
0 0.4579935185185185 0.20960312500000006 0.09010833333333337 0.20960312500000003 0.09010833333333337 0.2347557291666667 0.4579935185185185 0.23475572916666673
0 0.8518214565806252 0.22663553910643627 0.8514203703703703 0.20028385416666666 0.46892113601196733 0.20212591922689707 0.46932222222222225 0.22847760416666668
0 0.45189629629629646 0.80830625 0.09731111111111128 0.8080322916666667 0.09725247626817443 0.8320447647359612 0.4518376614533596 0.8323187230692946
0 0.8410055555555556 0.8121203124999999 0.47645594914914935 0.8091047367117118 0.47580502322322343 0.8340026533783785 0.8403546296296297 0.8370182291666667