0 0.8900094756944443 0.36873648144531257 0.16348036979166672 0.3388967822265625 0.15739911486355831 0.3857454062034718 0.8839282207663359 0.4155851054222218
0 0.8734621935763889 0.41283309375000005 0.17650498524305563 0.3876110058593751 0.17132229504355861 0.4329242736031249 0.8682795033768919 0.4581463614937499
0 0.8763522265625002 0.4565863388671876 0.1745045312500001 0.43974242578125006 0.171290734028372 0.48211290840222976 0.873138429340872 0.4989568214881673
0 0.8576443237847224 0.4974358779296875 0.1689337048611112 0.487296166015625 0.16711991421415462 0.5262763042326656 0.8558305331377658 0.5364160161467282
0 0.8509594939236113 0.5405917124023438 0.17268805989583347 0.5323216840820314 0.17124181432183105 0.5698521215246706 0.8495132483496088 0.578122149844983
0 0.8407719592013891 0.5802770546875 0.158421834201389 0.5731120400390625 0.1570211459702303 0.6153182860513449 0.8393712709702303 0.6224833006997824
0 0.8302714522569445 0.6216386831054687 0.16414291562235622 0.6179055526477607 0.16343557204861126 0.6578411640625 0.8295641086831995 0.661574294520208
0 0.8224612446161463 0.6943492425674562 0.8212873062102317 0.6571528600600807 0.1555768029135297 0.6638006160277806 0.15675074131944444 0.7009969985351562
0 0.8156346093573834 0.7306365053161663 0.8135982725371886 0.6954979236173431 0.1510530077978608 0.7076465169339893 0.15308934461805557 0.7427850986328125
0 0.8081979047540566 0.770395541380868 0.8071899418402777 0.7376898291015626 0.15595782265682454 0.7440402397111032 0.15696578557060334 0.7767459519904086
0 0.7779005911458335 0.78332573828125 0.13020423590009694 0.7797908463244606 0.12956601128472242 0.816791884765625 0.777262366530459 0.8203267767224144
0 0.7684954516257801 0.8502267342663636 0.765825373522274 0.8096371839730799 0.11812420748677156 0.82311841210906 0.12079428559027777 0.8637079624023437