0 0.37060546875 0.5286458333333334 0.24414062500000006 0.5286458333333334 0.24414062500000006 0.5546875 0.37060546875 0.5546875
0 0.82666015625 0.6490885416666669 0.75732421875 0.6490885416666669 0.75732421875 0.6673177083333334 0.82666015625 0.6673177083333334
0 0.36962890625 0.55078125 0.24365234375000006 0.55078125 0.24365234375000006 0.576171875 0.36962890625 0.576171875
0 0.6259765625 0.6373697916666669 0.5390625 0.6373697916666669 0.5390625 0.6588541666666669 0.6259765625 0.6588541666666669
0 0.62451171875 0.5983072916666669 0.54052734375 0.5983072916666669 0.54052734375 0.6204427083333335 0.62451171875 0.6204427083333335
0 0.7353515625 0.6074218750000001 0.6572265625 0.6074218750000001 0.6572265625 0.6269531250000001 0.7353515625 0.6269531250000001
0 0.73486328125 0.5891927083333335 0.65673828125 0.5891927083333335 0.65673828125 0.6093750000000001 0.73486328125 0.6093750000000001
0 0.37060546875 0.5071614583333334 0.24658203125000006 0.5071614583333334 0.24658203125000006 0.5338541666666666 0.37060546875 0.5338541666666666
0 0.8251953125 0.5996093750000001 0.7578125 0.5996093750000001 0.7578125 0.6171875000000001 0.8251953125 0.6171875000000001
0 0.6259765625 0.5598958333333335 0.54150390625 0.5598958333333335 0.54150390625 0.5807291666666669 0.6259765625 0.5807291666666669
0 0.5087890625 0.5690104166666667 0.4072265625 0.5690104166666666 0.4072265625 0.5917968750000001 0.5087890625 0.5917968750000001
0 0.62451171875 0.5416666666666669 0.541015625 0.5416666666666669 0.541015625 0.5631510416666669 0.62451171875 0.5631510416666669
0 0.73486328125 0.6425781250000001 0.65625 0.6425781250000001 0.65625 0.6621093750000001 0.73486328125 0.6621093750000001
0 0.8251953125 0.5839843750000001 0.7578125 0.5839843750000001 0.7578125 0.6015625000000001 0.8251953125 0.6015625000000001
0 0.62548828125 0.6184895833333335 0.53955078125 0.6184895833333335 0.53955078125 0.6393229166666669 0.62548828125 0.6393229166666669
0 0.509765625 0.6315104166666667 0.4047851562500001 0.6315104166666666 0.4047851562500001 0.6555989583333334 0.509765625 0.6555989583333335
0 0.8291015625 0.6165364583333335 0.75830078125 0.6165364583333335 0.75830078125 0.6341145833333335 0.8291015625 0.6341145833333335
0 0.36816406250000006 0.5950520833333334 0.24121093750000006 0.5950520833333334 0.24121093750000006 0.6204427083333334 0.3681640625000001 0.6204427083333334
0 0.36865234375 0.5729166666666666 0.24218750000000006 0.5729166666666666 0.24218750000000006 0.5983072916666666 0.36865234375 0.5983072916666666
0 0.7353515625 0.6256510416666669 0.65771484375 0.6256510416666669 0.65771484375 0.6445312500000001 0.7353515625 0.6445312500000001
0 0.50732421875 0.6093750000000001 0.4062500000000001 0.609375 0.4062500000000001 0.6341145833333334 0.50732421875 0.6341145833333335
0 0.5078125 0.5891927083333334 0.40673828125 0.5891927083333334 0.40673828125000006 0.6119791666666667 0.5078125 0.6119791666666669
0 0.82958984375 0.6334635416666669 0.75830078125 0.6334635416666669 0.75830078125 0.6510416666666669 0.82958984375 0.6510416666666669
0 0.62353515625 0.5227864583333335 0.54150390625 0.5227864583333335 0.54150390625 0.5429687500000001 0.62353515625 0.5429687500000001
0 0.72802734375 0.5195312500000001 0.6533203125 0.5195312500000001 0.6533203125 0.5384114583333335 0.72802734375 0.5384114583333335
0 0.7333984375 0.5527343750000001 0.65625 0.5527343750000001 0.65625 0.5735677083333335 0.7333984375 0.5735677083333335
0 0.3686523437500001 0.6165364583333334 0.23925781250000006 0.6165364583333334 0.23925781250000006 0.6438802083333334 0.3686523437500001 0.6438802083333334
0 0.7333984375 0.5729166666666669 0.65625 0.5729166666666669 0.65625 0.5917968750000001 0.7333984375 0.5917968750000001
0 0.50927734375 0.6529947916666667 0.4038085937500001 0.6529947916666666 0.4038085937500001 0.6764322916666666 0.50927734375 0.6764322916666666
0 0.509765625 0.5475260416666667 0.40966796875 0.5475260416666666 0.40966796875 0.5716145833333334 0.509765625 0.5716145833333335
0 0.3764648437500001 0.6412760416666666 0.23535156250000006 0.6412760416666666 0.23535156250000006 0.6686197916666666 0.3764648437500001 0.6686197916666666
0 0.62841796875 0.6575520833333335 0.53857421875 0.6575520833333335 0.53857421875 0.677734375 0.62841796875 0.677734375
0 0.62548828125 0.5794270833333335 0.5400390625 0.5794270833333335 0.5400390625 0.6009114583333335 0.62548828125 0.6009114583333335
0 0.73681640625 0.6608072916666669 0.6572265625 0.6608072916666669 0.6572265625 0.6809895833333334 0.73681640625 0.6809895833333334
0 0.73046875 0.5364583333333335 0.65576171875 0.5364583333333335 0.65576171875 0.5566406250000001 0.73046875 0.5566406250000001
0 0.828125 0.6666666666666666 0.75634765625 0.6666666666666666 0.75634765625 0.6842447916666666 0.828125 0.6842447916666666
0 0.8209385959805555 0.5709768415801535 0.7600090200195313 0.5625663873697918 0.758840720954221 0.5776130508281927 0.8197702969152452 0.5860235050385544
0 0.8194101199354785 0.5557845046544868 0.7580527905273439 0.5469974505208336 0.7568203595621901 0.5622964567485648 0.8181776889703247 0.5710835108822181
0 0.8185025611456138 0.5402899661249229 0.7587096293945312 0.530117015625 0.7572339173826967 0.5455369314294627 0.8170268491337793 0.5557098819293854
0 0.8182535835665521 0.5243115971231816 0.7569906064453125 0.5136992239583335 0.7556825537247586 0.5271234206469652 0.8169455308459982 0.5377357938118135
0 0.8162818807383349 0.5085522864432184 0.7561515463867188 0.4964967063802084 0.7546395920709048 0.5099033989099134 0.8147699264225209 0.5219589789729233
0 0.815928025167197 0.493851826980912 0.7554756000976562 0.4812743391927085 0.7539555253731001 0.4942629359524274 0.8144079504426407 0.506840423740631
0 0.8155977122140633 0.4784309041005563 0.7541782607421875 0.4651628144531252 0.7526126797463931 0.47804680953561407 0.8140321312182689 0.49131489918304516
0 0.8148244721608583 0.46433717646189027 0.754605634765625 0.44884496158854176 0.7527698408511778 0.4615308315063917 0.8129886782464111 0.47702304637974
0 0.8142892257401736 0.4479108947520268 0.7543736669921874 0.43308693815104177 0.7525795106548528 0.4459787285385614 0.812495069402839 0.4608026851395464
0 0.8135022889321396 0.43345079596619535 0.7523946997070312 0.4183768411458335 0.7507022545441991 0.4305740376455178 0.8118098437693075 0.44564799246587966
0 0.8117530331209287 0.4203954707998601 0.7493051748046876 0.40504787434895856 0.7478642251798527 0.415471131413682 0.8103120834960938 0.43081872786458364
0 0.7273197590682037 0.39820586616275655 0.651575484375 0.3804605338541667 0.6500133031211062 0.3923147971695702 0.7257575778143098 0.4100601294781599
0 0.7279087484268892 0.4119693008379941 0.6527380722656249 0.3948987532552084 0.6510351505323142 0.4082300736370919 0.7262058266935786 0.4253006212198776
0 0.7291603161678063 0.42716435476317827 0.653641203125 0.41189351367187516 0.6520076983090616 0.42625474954190246 0.7275268113518679 0.44152559063320557
0 0.7296665182693511 0.4433200450608769 0.6543522246093751 0.42886402083333347 0.6528243240158054 0.44301547642349853 0.7281386176757814 0.45747150065104186
0 0.7289043959146073 0.4594536061396963 0.6544862143554687 0.4458073346354167 0.6528738016658955 0.4614394850965447 0.7272919832250341 0.47508575660082436
0 0.7286064394844347 0.4759212809539964 0.6553830312500001 0.46304315950520847 0.6538451318312138 0.47858859271325 0.7270685400656485 0.4914667141620379
0 0.7286772717190402 0.49182471659828075 0.6556956845703126 0.4805240859375002 0.6543491806198177 0.49598359605732134 0.7273307677685453 0.5072842267181019
0 0.729196560348504 0.5079546701625804 0.6559816127929686 0.49901610416666675 0.6549359162139958 0.5142431293165864 0.7281508637695312 0.5231816953125
0 0.6254365858724306 0.37297085519164463 0.5388904638671875 0.35514298307291686 0.5369438574869445 0.3719427678552307 0.6234899794921875 0.3897706399739585
0 0.6245190317996476 0.3903830274446565 0.5391341171875002 0.3723669622395835 0.5373153900753526 0.38769075315430196 0.6227003046875 0.40570681835937505
0 0.624938569217005 0.40784494873038374 0.5397180200195313 0.3905347571614584 0.5378875045134638 0.4065558943685747 0.6231080537109375 0.4238660859375001
0 0.6246806481482943 0.4255739781682985 0.5424141088867187 0.40900805533854173 0.5406074815373976 0.42495779680253326 0.6228740207989731 0.4415237196322899
0 0.6236364512681171 0.4419596139843391 0.5419399414062501 0.4271125794270835 0.5402553141688948 0.4435921190720075 0.6219518240307618 0.4584391536292631
0 0.6221025871989037 0.4580365061103853 0.5421837270507813 0.44477921679687515 0.540567219906986 0.4621032755741787 0.6204860800551083 0.4753605648876888
0 0.623266478848762 0.4762464383178824 0.5422199301757812 0.4636279960937501 0.5407828637308818 0.4800370334558493 0.6218294124038626 0.49265547567998164
0 0.6231471363817302 0.49458535035742285 0.5427982827148438 0.4820170214843751 0.5412377569046951 0.49975281312446507 0.6215866105715816 0.5123211419975128
0 0.6234454389648438 0.5121582272135418 0.5410701806640625 0.5007836523437501 0.5397575241290987 0.5176837881275828 0.62213278242988 0.5290583629973743
0 0.5160009099823611 0.34546538632804613 0.41366389062500003 0.32149522981770834 0.41135886931451404 0.3389902445313289 0.5136958886718752 0.3629604010416667
0 0.5155156994294122 0.3637346613722609 0.4146086108398438 0.3399241145833334 0.4121938327828408 0.3581172269218605 0.5131009213724091 0.381927773710788
0 0.5124232025569709 0.38259359566073714 0.41502017822265624 0.36054925455729175 0.4126695758998859 0.37901351653793247 0.5100726002342005 0.40105785764137775
0 0.5125793605744061 0.40057531240074923 0.41544834326171876 0.3805406666666667 0.4133030030612671 0.3990312202733178 0.5104340203739544 0.41906586600740026
0 0.5124579731252075 0.42089185326383155 0.4151381733398439 0.4014683437500002 0.41322215333963647 0.4185351011632521 0.5105419531250001 0.43795861067708347
0 0.5144061459580228 0.43930414114779354 0.4148533940429687 0.42142656054687516 0.41310128423349696 0.4387719205964525 0.512654036148551 0.45664950119737086
0 0.5151047551587377 0.45774131764526804 0.4136512260742187 0.4400727343750001 0.4116705200048075 0.4602918863513448 0.5131240490893264 0.4779604696216128
0 0.5124418158859532 0.4769100190585944 0.4138495478515625 0.4597550852864583 0.41190433524550996 0.47962968361222486 0.5104966032799005 0.4967846173843609
0 0.5115715462895565 0.49582315898879975 0.41331052246093747 0.48033596484375 0.41151694992127835 0.5005663877518282 0.5097779737498973 0.5160535818968779
0 0.5130318489122783 0.5151653775791825 0.41394263769531253 0.5016250924479168 0.41237989662129054 0.5219562947474906 0.5114691078382563 0.5354965798787564
0 0.5099296240234374 0.534017279296875 0.4117312827148438 0.5224642486979167 0.41034872403790007 0.5433557318921255 0.5085470653464937 0.5549087624910838
0 0.38267060583425505 0.3098804176747913 0.2606608979492188 0.28148533528645836 0.2579634670890009 0.3020906403753579 0.37997317497403715 0.3304857227636908
0 0.37941793445877386 0.3305345961609742 0.2610841538085938 0.3044903984375001 0.25863733471590356 0.32425450059981853 0.37697111536608363 0.3502986983232926
0 0.37805564848239354 0.35040701920231493 0.2611339584960938 0.3260937669270834 0.25899919742844135 0.34434443534053255 0.3759208874147411 0.3686576876157641
0 0.3752894154080776 0.3697308118398519 0.2601733115234374 0.3471028789062501 0.2579342641923212 0.36735320154382944 0.37305036807696135 0.3899811344774313
0 0.3745914198100781 0.38997692131459033 0.258371189453125 0.3689102356770833 0.2564055015766407 0.3881889269927013 0.37262573193359383 0.40925561263020843
0 0.3736848066603169 0.41099641509890344 0.25843507324218756 0.3899667259114583 0.25635241116639035 0.4102577215517422 0.3716021445845197 0.4312874107391873
0 0.3762483890202127 0.4315481297246954 0.25763667187500006 0.4126253430989583 0.2557530059993186 0.43361589436384634 0.37436472314453123 0.45253868098958344
0 0.3751355439514778 0.45219622071668303 0.25605358203125 0.4338953639322917 0.2543326438237107 0.45380289071694446 0.3734146057439385 0.4721037475013358
0 0.3752555678710938 0.47336039648437506 0.2553953980498501 0.45518162257551226 0.2534566582031251 0.4779068014322918 0.3733168280243688 0.4960855753411546
0 0.3720337666015625 0.4945378313802083 0.2522163735351563 0.4785607493489583 0.2506350610813639 0.4996430287974569 0.3704524541477701 0.515620110828707