0 0.7984791961805555 0.8732841054687501 0.7943778022708765 0.8429171394419791 0.36150025365976535 0.8614157961802603 0.3656016475694444 0.8917827622070313
0 0.7907919088541666 0.844485439453125 0.7872797155596758 0.8164207609336039 0.3615662511499535 0.8332777799765726 0.3650784444444444 0.8613424584960937
0 0.7835831770833335 0.8147544155273437 0.7800841910274829 0.7881224182914162 0.3573387578677607 0.8056960877250099 0.3608377439236112 0.8323280849609375
0 0.7748254513888888 0.7859950161132812 0.771269599218939 0.7600721105250903 0.35675920425366114 0.7780624972438402 0.3603150564236111 0.8039854028320311
0 0.7709630486111111 0.7583284648437502 0.7672861538488109 0.7321834625873309 0.35547776582797763 0.7505079889545182 0.35915466059027773 0.7766529912109374
0 0.7622592239583333 0.7304372866210938 0.7585518370780263 0.7048329702577689 0.3518065176335818 0.7234676675233939 0.3555139045138888 0.7490719838867187
0 0.7563472161458332 0.7043194658203125 0.7526143220288019 0.6777899236028196 0.34798273348713527 0.6958043630559446 0.3517156276041667 0.7223339052734374
0 0.7529452960069444 0.6754368833007812 0.7492287571486543 0.6510560606813793 0.3456383239889322 0.6705220391970045 0.3493548628472223 0.6949028618164064
0 0.6600709644097221 0.28519164062500013 0.657062240779399 0.2661663540337545 0.309578403105788 0.2835535981743794 0.3125871267361111 0.30257888476562506
0 0.6677712708333333 0.30555913330078127 0.6639728745619796 0.2824820461107499 0.31150491709670175 0.30083829659903116 0.31530331336805556 0.32391538378906254
0 0.6711670373263889 0.32570917333984367 0.6679111499537829 0.30550584331079483 0.31206598068294944 0.32365065825220113 0.3153218680555556 0.34385398828124997
0 0.6768743489583333 0.34852978515625 0.6738266584130609 0.32651222533490104 0.31539710112139435 0.34221045043255727 0.31844479166666667 0.3642280102539062
0 0.743894363715278 0.650587966796875 0.7405313545302006 0.626809595785521 0.34252033803714493 0.6446205054534897 0.34588334722222225 0.6683988764648437
0 0.7400689184027778 0.6235241811523438 0.7363107447813395 0.5993050921449201 0.33891578818411733 0.618816402691795 0.34267396180555554 0.6430354916992187
0 0.7353957560763889 0.6000797631835938 0.7318045562999053 0.5745132368999968 0.3386884347721275 0.591984879966403 0.34227963454861116 0.61755140625
0 0.7300008402777778 0.5736502998046876 0.7263245167280478 0.5489370722717938 0.3369263127349923 0.5672654174866375 0.3406026362847222 0.5919786450195313
0 0.6797138550347221 0.36835304541015623 0.6766134138760621 0.34788630033504536 0.31731442168856216 0.3651079902764517 0.32041486284722226 0.38557473535156256
0 0.6863430390624999 0.3887413178710938 0.6827946969783275 0.36771915640781744 0.31441453638804984 0.3873930084585987 0.3179628784722222 0.40841516992187504
0 0.692585671875 0.4115514140625 0.6894353144443381 0.39069436195357665 0.31974380402767133 0.4083625265043579 0.32289416145833333 0.42921957861328125
0 0.6982731432291667 0.43405242919921877 0.6952028843097666 0.412931646227197 0.32396807094171115 0.43000656859047826 0.3270383298611111 0.4511273515625
0 0.7012634592013889 0.4563049379882813 0.6973572795679246 0.4326327299622999 0.3234841432832024 0.4521528622865186 0.32739032291666664 0.4758250703125
0 0.7064140303819444 0.4787985190429688 0.7031500601439155 0.45811759974063865 0.32875480815972224 0.47681373046875 0.3320187783977511 0.4974946497710801
0 0.7109936267361111 0.500735783203125 0.7067786993118711 0.4772088734137224 0.3285110265688156 0.4986510809332537 0.3327259539930556 0.5221779907226562
0 0.7190108723958333 0.5262084975585938 0.7157040532228408 0.5032509668735565 0.33172073030617405 0.5207511538852753 0.3350275494791666 0.5437086845703125
0 0.7236840347222222 0.5496529155273437 0.7202182377759887 0.5264095492432515 0.3340314678107111 0.5446294720948139 0.33749726475694447 0.5678728383789062
0 0.807386123263889 0.9044542832031249 0.8034537131752768 0.8744568602020032 0.36244405432111 0.8927491473113781 0.36637646440972227 0.9227465703124998
0 0.6561961944444444 0.2659742280273438 0.6528345874788166 0.2445487200051149 0.3068210249788167 0.2617259836769899 0.3101826319444444 0.28315149169921877