0 0.6758563333333334 0.18304450000000005 0.2500666666666667 0.17853875000000002 0.24933676684405814 0.21733714953832675 0.6751264335107249 0.22184289953832678
0 0.6660940000000001 0.22190625000000005 0.2508176666666667 0.21683725000000004 0.2499875993284791 0.2550889501085127 0.6652639326618125 0.2601579501085127
0 0.6638410000000001 0.2596415000000001 0.25607433333333335 0.25513575000000005 0.25536656250948814 0.29116538083878146 0.6631332291761549 0.2956711308387815
0 0.662339 0.2951240000000001 0.2560743333333334 0.2911815000000001 0.25543251984731635 0.3283837079522825 0.661697186513983 0.3323262079522825
0 0.6600863333333334 0.33229600000000004 0.25607433333333335 0.324411 0.2548455746442249 0.35982554739645456 0.658857574644225 0.36771054739645453
0 0.6563316666666668 0.366652 0.2620820000000001 0.35933025 0.26092982157973993 0.39422810248704876 0.6551794882464066 0.4015498524870487
0 0.6525766666666667 0.40044475 0.2620820000000001 0.39368625 0.26098802393296394 0.4292407959120678 0.6514826905996305 0.4359992959120678
0 0.6480710000000002 0.43536400000000003 0.26287769179179094 0.4258935152949377 0.2613760251251243 0.46024951529493774 0.6465693333333334 0.4697200000000001
0 0.6465693333333334 0.46915700000000005 0.2635840000000001 0.45958225 0.2622362729532734 0.4899057390603975 0.6452216062866067 0.49948048906039755
0 0.6450673333333334 0.49844400000000005 0.2635840000000001 0.4888695 0.262098797717019 0.5221559592033072 0.6435821310503523 0.5317304592033072
0 0.6394290000000001 0.5306125 0.26442000000000004 0.52210575 0.2631165290302509 0.5544280242531818 0.6381255290302509 0.5629347742531818
0 0.6398691986834472 0.5620060325685045 0.26512900000000006 0.55400625 0.26397980131655313 0.5842872174314956 0.6387200000000002 0.592287
0 0.6366161807600723 0.5933875040036586 0.26512900000000006 0.5837802499999999 0.2636884859065945 0.6151119959963413 0.6351756666666667 0.62471925
0 0.6347432054247613 0.6252837568982579 0.2658380000000001 0.61302225 0.26392953612571585 0.6453203821284283 0.632834741550477 0.6575818890266862
0 0.6351756666666668 0.652898 0.26867366666666676 0.644923 0.2675011209005992 0.6752338410281953 0.6340031209005992 0.6832088410281952
0 0.6344666666666668 0.684267 0.2680432900588358 0.6736955656394249 0.2666252900588358 0.701342565639425 0.6330486666666668 0.711914
0 0.6335613367815084 0.7126315775661308 0.2696573333333334 0.70262425 0.26812466321849165 0.7339744224338691 0.6320286666666666 0.74398175
0 0.6340569154501126 0.744045665544656 0.2714753333333334 0.73261975 0.2699768464237154 0.7593676819880544 0.6325584285404945 0.7707935975327104
0 0.6314226666666667 0.769887 0.27147533333333346 0.759434 0.27007144317377 0.7866267836090708 0.6300187765071033 0.7970797836090707
0 0.631022255905288 0.7971783702279184 0.27147533333333346 0.7871572499999999 0.27005774409471234 0.8157668797720815 0.6296046666666669 0.825788
0 0.6296096705085431 0.8253335133519948 0.27294233333333345 0.8142355 0.27135499615812375 0.8429307366480053 0.6280223333333333 0.8540287500000001
0 0.6270020000000002 0.8544115 0.2744730000000002 0.84025425 0.2726567279294591 0.8656943831067212 0.625185727929459 0.8798516331067212
0 0.6234310000000002 0.8785172499999999 0.27651366666666677 0.8658902499999999 0.27480453861611537 0.892303567249755 0.6217218719494487 0.9049305672497551
0 0.6193493333333334 0.9060665000000001 0.27600333333333354 0.8942050000000001 0.27442569715669884 0.9198924954491705 0.6177716971566988 0.9317539954491705
0 0.6183290000000002 0.93361575 0.2775340000000001 0.919841 0.27581211621618823 0.943803705570599 0.6166071162161882 0.957578455570599