0 0.4836935668269646 0.49276995739590673 0.4804424227430555 0.4687885063476562 0.06909738823492283 0.4864331166987263 0.072348532318832 0.5104145677469769
0 0.48822069118087746 0.5187476033766186 0.4851835026041667 0.49446110644531255 0.07482482092800091 0.5106984717066618 0.07786200950471173 0.534984968637968
0 0.5100568361972392 0.7962399089737842 0.5077844262152778 0.7759876801757813 0.1347732511483884 0.789230508828359 0.13704566113034977 0.8094827376263618
0 0.5077042208498441 0.7745379217890686 0.5050886293402779 0.7543023520507813 0.13062738064996965 0.7696169788185514 0.13324297215953596 0.7898525485568386
0 0.5080156248147388 0.7533167614446761 0.5056207760416667 0.7336525239257813 0.12385815666868129 0.7483634305347708 0.12625300544175344 0.7680276680536656
0 0.5075842734549401 0.7341595554823592 0.5049091814236112 0.711308046875 0.12179976825151935 0.7254983517945516 0.12447486028284832 0.7483498604019108
0 0.505655912060812 0.710407935534771 0.5032773732638889 0.6898714194335938 0.11667740585963284 0.7040388253202027 0.11905594465655593 0.7245753414213799
0 0.5019977195262179 0.6878878926786237 0.4993738107638889 0.6667808403320313 0.11199659786646252 0.6820178683573594 0.11462050662879143 0.7031249207039518
0 0.5004674060621848 0.664999179790236 0.49811225000000003 0.6441674438476562 0.1080256053902206 0.6581214967073001 0.11038076145240529 0.67895323264988
0 0.4918957230059544 0.5435880223224867 0.4888965381944444 0.5201741435546876 0.07947867713557816 0.5367677849887257 0.08247786194708816 0.5601816637565248
0 0.49355073454419696 0.5670363618007064 0.4895804539126456 0.5427658203832356 0.08631336111111111 0.5636385659179688 0.09028364174266251 0.5879091073354396
0 0.49471793135840536 0.5919720545538057 0.49057187354268755 0.5675899898666842 0.09204954340277778 0.5890318564453125 0.09619560121849552 0.6134139211324341
0 0.49755523871527774 0.6189113710937502 0.49430691902177215 0.5937597703294527 0.09798720538017852 0.6099548788820846 0.10123552507368412 0.635106479646382
0 0.5002869490785513 0.6432095533029959 0.4971490477430555 0.6197990024414064 0.10425468424503774 0.6364618224472034 0.10739258558053352 0.6598723733087929
0 0.9499246993231046 0.1566880517069271 0.9475915526267019 0.12603779821336325 0.4934926397569444 0.13697493115234374 0.49582578645334724 0.1676251846459076
0 0.8951103664211855 0.7532612285373903 0.8923334628799439 0.7336256201119301 0.5303594835069444 0.7498227788085937 0.5331363870481861 0.7694583872340539
0 0.8976713349992915 0.73431376556322 0.8951996067708333 0.7150814013671875 0.5274558429520972 0.7300354370734989 0.5299275711805554 0.7492678012695315
0 0.8984410234690228 0.7135037573331966 0.8958803471824479 0.6929053583045212 0.5264458948939806 0.7074366312447622 0.5290065711805556 0.7280350302734376
0 0.9039778771704299 0.6944153553383974 0.9010473194334276 0.6723188467553376 0.5264289040685535 0.6880391457138152 0.5293594618055556 0.710135654296875
0 0.9057436603107539 0.673125439590216 0.9035543680555556 0.6509457836914062 0.524125486390635 0.6627959481050965 0.5263147786458333 0.6849756040039062
0 0.904829177185489 0.6502614705239168 0.9023454140624998 0.629326755859375 0.5244577588769364 0.6435124596442265 0.5269415219999255 0.6644471743087683
0 0.9083474340731124 0.6277804695470598 0.9060321302083333 0.6064902700195312 0.523927987733432 0.6196381298281415 0.5262432915982109 0.6409283293556701
0 0.9078762625558711 0.6047752290028193 0.9057699200130076 0.5852652333626678 0.522350447387692 0.5983628129535985 0.5244567899305554 0.61787280859375
0 0.9415468157577701 0.18736661683916078 0.9394980320103818 0.15886196826128374 0.49988588454861116 0.1688595546875 0.5019346682959993 0.19736420326537704
0 0.9436192295043703 0.21735764690538809 0.9415754566066895 0.1885474961430917 0.5021181284722221 0.19841140087890624 0.5041619013699028 0.22722155164120264
0 0.9400193650821014 0.24689741817678623 0.9373744485464349 0.21710506373507724 0.5032986555129447 0.22929826567547848 0.5059435720486111 0.2590906201171875
0 0.9391853529494695 0.27499621506805333 0.9367341293227276 0.24725084640660222 0.505250522901036 0.25931235936589264 0.5077017465277778 0.28705772802734375
0 0.9343426979166668 0.30411341748046883 0.932302342277702 0.2766487353935604 0.504734482902702 0.2866990903740291 0.5067748385416667 0.3141637724609375
0 0.9345104622559881 0.3307307991718407 0.9315403587744265 0.3016913802829484 0.5101375961712161 0.3153286079665765 0.5131076996527777 0.3443680268554688
0 0.9308806957938714 0.35793493899366546 0.9282245303819445 0.33094018505859374 0.5120298823311288 0.3438975678422721 0.5146860477430555 0.3708923217773438
0 0.9103815885371209 0.5840030611796684 0.9080921475694443 0.5610262954101564 0.5180551840323235 0.5733230745625193 0.5203446250000001 0.5962998403320313
0 0.911521520697128 0.5612645573346386 0.9092936493055556 0.53728642578125 0.5185803395277175 0.5487726697777164 0.52080821091929 0.5727508013311051
0 0.9140579659576513 0.5367903278598855 0.911621160961304 0.5130352260740183 0.5191026788194445 0.52577521484375 0.521539483815792 0.5495303166296172
0 0.9308799380034648 0.3845482221353926 0.9282141702627116 0.3584021207711446 0.5102380534398026 0.3718859079130957 0.5129038211805557 0.3980320092773437
0 0.9277628986564963 0.41252565290861715 0.9256386567037828 0.3870806802210606 0.5103336961805555 0.39805087060546873 0.5124579381332689 0.42349584329302525
0 0.9231785947287854 0.4373230057057163 0.9205181266551113 0.4128004483633398 0.5132730425347223 0.4267799985351563 0.5159335106083964 0.4513025558775328
0 0.9179310181417863 0.5123270728921537 0.9159942786458333 0.4909724062500001 0.517016598655902 0.5024215251919542 0.5189533381518552 0.5237761918341078
0 0.9203001818449513 0.4892105040858906 0.9182115703124999 0.4658578203125 0.5157906583204751 0.4772457943339656 0.5178792698529264 0.5005984781073562
0 0.9216749157768257 0.4627471761705839 0.9190330657388885 0.43893273006429645 0.515183212462063 0.45310804315152503 0.5178250625 0.4769224892578125
0 0.47964084809027774 0.46649562304687503 0.4762903495125632 0.44134692744379517 0.06154261631944444 0.45883021289062503 0.06489311489715902 0.4839789084937049
0 0.9512571438887267 0.12806242364948198 0.9496004218749999 0.09517373730468749 0.4914667753821064 0.10247571258098677 0.4931234973958332 0.13536439892578125
0 0.8960435785770867 0.7749442763395735 0.8931423802083334 0.7538330825195313 0.532078175301718 0.7695328825486049 0.5349793736704714 0.7906440763686471