0 0.8123387204861111 0.19011617724609375 0.22679817881944445 0.15742414013671877 0.22014188435131615 0.1951459539333836 0.8056824260179829 0.2278379910427586
0 0.800512654513889 0.22732032910156252 0.2259285147569445 0.19946046142578125 0.22015486955230168 0.23713689020835443 0.7947390093092461 0.26499675788413574
0 0.7946807118055556 0.2662794594726563 0.22672208420138892 0.23880032714843752 0.22099335260545888 0.27626459193986513 0.7889519802096255 0.30374372426408397
0 0.7919461145833334 0.3013107890625001 0.22589917795138895 0.2785764946289063 0.22130138518206607 0.3147979095028794 0.7873483218140105 0.33753220393647315
0 0.7831477517361111 0.3379113325195312 0.22670253038194454 0.31746452929687496 0.22248273128306362 0.3538002541563323 0.7789279526372302 0.37424705737898856
0 0.7743947751736111 0.37231811816406246 0.2194970217013889 0.3549174228515625 0.216244551851558 0.3877348626282356 0.7711423053237803 0.4051355579407355
0 0.7676521067708334 0.4067448842773438 0.22600076909722222 0.3902445380859375 0.22270276811616072 0.4244994297162734 0.7643541057897719 0.4409997759076797
0 0.7148758419785793 0.8542612070505731 0.712471643467912 0.8264538931610527 0.21749966232638884 0.8399944633789063 0.21990386083705615 0.8678017772684267
0 0.7219135569203536 0.8258523032240448 0.7203023081597223 0.8006972700195313 0.2210266395582011 0.8108159335975076 0.22263788831883252 0.8359709668020211
0 0.7278771819611012 0.7976796647331523 0.7258998958333335 0.7730450073242188 0.21934616776414337 0.7859095265992049 0.221323453891911 0.8105441840081383
0 0.7251980483036338 0.7666116172547429 0.7234042722680577 0.7424202187340582 0.22329485156250004 0.7541534418945314 0.22508862759807613 0.7783448404152161
0 0.7333298871527111 0.7373472191814202 0.7306698705278283 0.7093893188262931 0.21707834882650617 0.7248505010120604 0.2197383654513889 0.7528084013671875
0 0.7354036657859138 0.7124727188516732 0.7334830398499367 0.6804957371676584 0.21543289055707848 0.6903408835503604 0.21735351649305562 0.7223178652343751
0 0.7387024923607134 0.682098351758187 0.737289883571881 0.6547440980299661 0.2145860014542232 0.6632848834788104 0.21599861024305556 0.6906391372070313
0 0.7384504123263889 0.6522282436523439 0.7372123397946277 0.6221589450692459 0.2174253936140721 0.6289305749520582 0.21866346614583335 0.6589998735351562
0 0.7452361390599579 0.6223427809443589 0.744664249447881 0.5934098492046258 0.21369078211805556 0.5967306103515625 0.21426267173013233 0.6256635420912956
0 0.749711739817943 0.5901095359188681 0.749352923611111 0.5624955126953124 0.21465889646677916 0.5646938420108192 0.21501771267361108 0.5923078652343748
0 0.7552450635818281 0.5619164655477568 0.7550206866319443 0.5314511879882812 0.22049094157111968 0.5326968207777797 0.2207153185210034 0.5631620983372553
0 0.7546826336805557 0.49921698486328137 0.22140124913194456 0.4959894213867188 0.22076899024014487 0.529043239344744 0.754050374788756 0.5322708028213065
0 0.7563925632144763 0.46513986469126606 0.22274639241462882 0.4616466447427153 0.22211098697916676 0.4923597299804687 0.7557571577790143 0.49585294992901946
0 0.7629436814236111 0.43999283056640626 0.21873914930555563 0.4304096650390624 0.21707041871848612 0.4603933112341232 0.7612749508365416 0.46997647676146703