0 0.7307052447916665 0.057627332031250075 0.2964226790364583 0.04316872412109377 0.293959391206221 0.08478695377625718 0.7282419569614292 0.09924556168641348
0 0.7301838678385417 0.0955790727539063 0.29742597330729165 0.08294876025390628 0.29534801021267043 0.12299772184767775 0.7281059047439205 0.13562803434767776
0 0.7200299166666668 0.13325742480468755 0.29665574934895833 0.12331055273437504 0.2946154973088708 0.17215825846512614 0.7179896646265793 0.18210513053543864
0 0.72232191015625 0.18021194287109374 0.29890774934895836 0.17095723876953126 0.2972877700125793 0.2126475217150763 0.7207019308198709 0.2219022258166388
0 0.7204590078124999 0.2174332475585938 0.30351554817708337 0.2122273471679688 0.30264169840930616 0.25159509892990517 0.7195851580447227 0.25680099932053013
0 0.7168542962239584 0.2551449555664063 0.30280843164062504 0.2507188725585938 0.3020821983354286 0.28893332009997397 0.716128062918762 0.29335940310778647
0 0.7170265384114584 0.2930053247070312 0.304015642578125 0.28549683056640623 0.30280081462194464 0.3230845492022656 0.715811710455278 0.33059304334289064
0 0.7122214596354165 0.32972385742187504 0.3085043444010417 0.3216665776367188 0.3069797038653704 0.3646378987369333 0.7106968190997452 0.37269517852208955
0 0.7168733951822918 0.3629381108398438 0.3160027194989465 0.36008088577360614 0.3154392433981412 0.4045499370432514 0.7163099190814864 0.407407162109489
0 0.7117228977864584 0.4078608305664063 0.30800195312500006 0.3920523876953125 0.30562465822739227 0.4262029431399771 0.7093456028888506 0.44201138601107093
0 0.7072255592447919 0.440802166015625 0.30823574804687504 0.4263050776367187 0.30602968498712385 0.46045749649774437 0.7050194961850407 0.47495458487665065
0 0.7052561393229168 0.4739672158203126 0.30850612825520846 0.45996882519531257 0.3063753635929104 0.4939389272501019 0.7031253746606189 0.507937317875102
0 0.7032274153645833 0.5066253974609375 0.30713268033854174 0.49474873974609374 0.3054315687448364 0.5266611907236043 0.7015263037708781 0.5385378484384481
0 0.6988442194010419 0.5391908125000001 0.3066541660156251 0.5277924311523439 0.3050187313377532 0.5594450116072961 0.6972087847231698 0.5708433929549523
0 0.6958015371093752 0.5701010810546875 0.30632776888020835 0.55865601953125 0.3046199993358987 0.5913457900544635 0.6940937675650655 0.602790851577901
0 0.69496369140625 0.6011540458984375 0.3028798997395834 0.5907263701171875 0.3013329771675017 0.6234440480650411 0.6934167688341683 0.633871723846291
0 0.6919488196614584 0.6321217172851562 0.3038222050781251 0.6224233959960938 0.30241678785697595 0.6540610778353739 0.6905434024403093 0.6637593991244364
0 0.6911109733072918 0.6631746821289063 0.3025861699218751 0.6540348266601561 0.30130832209606845 0.6845897421124536 0.689833125481485 0.6937295975812038
0 0.6838437949218753 0.6923392700195314 0.30362994921875014 0.6840983442382814 0.30228271613600405 0.7190620285789202 0.6824965618391291 0.7273029543601702
0 0.6789260454923104 0.7250447920463781 0.3039236185100079 0.7163489973958754 0.3027103659864477 0.7457795578885599 0.6777127929687502 0.7544753525390625
0 0.6767305683593752 0.7544572788085936 0.30642954101562503 0.7455892822265624 0.3051223447441415 0.7762931245497241 0.6754233720878916 0.7851611211317553
0 0.6751084394531252 0.7851535791015627 0.30557883429275207 0.7769125529190405 0.30448896807849846 0.8044018516286184 0.6740185732388714 0.8126428778111405
0 0.6719872031250002 0.8106439868164063 0.305307409354431 0.8038853530317266 0.30434080550346515 0.8333837972457857 0.6710205992740343 0.8401424310304654
0 0.6725076093750001 0.84260948828125 0.3029925413484041 0.8332322399825903 0.3016658528645835 0.8626390708007814 0.6711809208911794 0.8720163190994411
0 0.6687967571614585 0.8733035493164063 0.30162700325520847 0.863264462890625 0.3003478095859494 0.8895811691835337 0.6675175634921994 0.899620255609315
0 0.6666889036458334 0.8959354370117187 0.3022249895833335 0.89400795703125 0.30196866622427726 0.9212710654968727 0.6664325802867772 0.9231985454773414
0 0.6650586601562501 0.922178921875 0.29983719401041686 0.91899161328125 0.29939340136371756 0.947596142912671 0.6646148675095509 0.950783451506421
0 0.6589763105468752 0.9506577856445313 0.2999895787760419 0.9434481650390625 0.2989481191981649 0.9726177957600691 0.6579348509689983 0.9798274163655379