0 0.40185546875 0.2552083333333334 0.29345703125 0.2552083333333334 0.29345703125 0.27994791666666674 0.40185546875 0.27994791666666674
0 0.69189453125 0.35546875000000017 0.583984375 0.35546875000000017 0.583984375 0.3802083333333335 0.69189453125 0.3802083333333335
0 0.54296875 0.5058593750000001 0.43505859375 0.505859375 0.43505859375 0.5292968750000001 0.54296875 0.5292968750000001
0 0.70166015625 0.2324218750000001 0.5888671875 0.23242187500000008 0.5888671875 0.2571614583333334 0.70166015625 0.2571614583333335
0 0.40185546875 0.27539062500000006 0.29345703125 0.27539062500000006 0.29345703125 0.3001302083333334 0.40185546875 0.3001302083333334
0 0.400390625 0.376953125 0.291015625 0.376953125 0.291015625 0.4016927083333333 0.400390625 0.4016927083333333
0 0.55126953125 0.26236979166666674 0.43994140625 0.26236979166666674 0.43994140625 0.2864583333333334 0.55126953125 0.2864583333333334
0 0.69384765625 0.3144531250000001 0.58544921875 0.31445312500000006 0.58544921875 0.33984375000000017 0.69384765625 0.33984375000000017
0 0.6962890625 0.2949218750000001 0.5859375 0.29492187500000006 0.5859375 0.3190104166666668 0.6962890625 0.3190104166666668
0 0.54345703125 0.4661458333333334 0.43603515625 0.4661458333333333 0.43603515625 0.48893229166666674 0.54345703125 0.4889322916666668
0 0.69921875 0.2519531250000001 0.587890625 0.25195312500000006 0.587890625 0.2773437500000001 0.69921875 0.27734375000000017
0 0.3994140625 0.31640625000000006 0.291015625 0.31640625000000006 0.291015625 0.3411458333333333 0.3994140625 0.3411458333333333
0 0.68994140625 0.3951822916666668 0.58251953125 0.3951822916666668 0.58251953125 0.41992187500000017 0.68994140625 0.41992187500000017
0 0.54541015625 0.42643229166666674 0.43603515625 0.4264322916666667 0.43603515625 0.4505208333333334 0.54541015625 0.4505208333333335
0 0.54638671875 0.3860677083333334 0.43798828125 0.3860677083333333 0.43798828125 0.41015625000000006 0.54638671875 0.41015625000000017
0 0.54833984375 0.32421875000000006 0.43896484375 0.32421875000000006 0.43896484375 0.34960937500000006 0.54833984375 0.34960937500000017
0 0.39990234375 0.4173177083333333 0.2900390625 0.4173177083333333 0.2900390625 0.4407552083333333 0.39990234375 0.4407552083333333
0 0.68896484375 0.4153645833333335 0.5810546875 0.4153645833333335 0.5810546875 0.4388020833333335 0.68896484375 0.4388020833333335
0 0.3974609375 0.45703125 0.29052734375 0.45703125 0.29052734375 0.48046875 0.3974609375 0.48046875
0 0.6845703125 0.49414062500000017 0.57861328125 0.49414062500000017 0.57861328125 0.5175781250000001 0.6845703125 0.5175781250000001
0 0.3984375 0.49609375 0.2900390625 0.49609375 0.2900390625 0.51953125 0.3984375 0.51953125
0 0.40087890625 0.3977864583333333 0.29150390625 0.3977864583333333 0.29150390625 0.4212239583333333 0.40087890625 0.4212239583333333
0 0.68505859375 0.4557291666666668 0.57861328125 0.4557291666666668 0.57861328125 0.4791666666666668 0.68505859375 0.4791666666666668
0 0.40087890625 0.3567708333333333 0.29052734375 0.3567708333333333 0.29052734375 0.3815104166666667 0.40087890625 0.3815104166666667
0 0.6845703125 0.5143229166666669 0.5771484375 0.5143229166666669 0.5771484375 0.5377604166666669 0.6845703125 0.5377604166666669
0 0.4033203125 0.2122395833333334 0.2890625 0.2122395833333334 0.2890625 0.23893229166666674 0.4033203125 0.23893229166666674
0 0.6943359375 0.33593750000000017 0.5859375 0.33593750000000017 0.5859375 0.3600260416666668 0.6943359375 0.3600260416666668
0 0.546875 0.3665364583333334 0.4375 0.3665364583333333 0.4375 0.39062500000000006 0.546875 0.39062500000000017
0 0.39794921875 0.4368489583333333 0.2900390625 0.4368489583333333 0.2900390625 0.4615885416666667 0.39794921875 0.4615885416666667
0 0.6845703125 0.4759114583333335 0.57958984375 0.4759114583333335 0.57958984375 0.4993489583333335 0.6845703125 0.4993489583333335
0 0.54443359375 0.44531250000000006 0.435546875 0.4453125 0.435546875 0.46875000000000006 0.54443359375 0.46875000000000017
0 0.6865234375 0.4368489583333335 0.57958984375 0.4368489583333335 0.57958984375 0.4602864583333335 0.6865234375 0.4602864583333335
0 0.39892578125 0.4765625 0.29052734375 0.4765625 0.29052734375 0.5 0.39892578125 0.5
0 0.55419921875 0.21744791666666674 0.44091796875 0.21744791666666674 0.44091796875 0.24414062500000008 0.55419921875 0.24414062500000008
0 0.40087890625 0.3365885416666667 0.291015625 0.3365885416666667 0.291015625 0.361328125 0.40087890625 0.361328125
0 0.54248046875 0.4856770833333334 0.435546875 0.4856770833333333 0.435546875 0.5091145833333334 0.54248046875 0.5091145833333335
0 0.40087890625 0.29557291666666674 0.2919921875 0.29557291666666674 0.2919921875 0.32031250000000006 0.40087890625 0.32031250000000006
0 0.54736328125 0.34440104166666674 0.43896484375 0.3444010416666667 0.43896484375 0.36979166666666674 0.54736328125 0.3697916666666668
0 0.5517578125 0.28190104166666674 0.43896484375 0.28190104166666674 0.43896484375 0.30729166666666674 0.5517578125 0.30729166666666674
0 0.5546875 0.1966145833333334 0.44140625 0.1966145833333334 0.44140625 0.22070312500000008 0.5546875 0.22070312500000008
0 0.69873046875 0.2734375000000001 0.5869140625 0.27343750000000006 0.5869140625 0.2988281250000001 0.69873046875 0.29882812500000017
0 0.5517578125 0.24088541666666674 0.439453125 0.24088541666666674 0.439453125 0.26627604166666674 0.5517578125 0.26627604166666674
0 0.54638671875 0.40625000000000006 0.4365234375 0.40625 0.4365234375 0.43033854166666674 0.54638671875 0.4303385416666668
0 0.69287109375 0.3763020833333335 0.58251953125 0.3763020833333335 0.58251953125 0.39843750000000017 0.69287109375 0.39843750000000017
0 0.7041015625 0.21158854166666677 0.5908203125 0.21158854166666674 0.5908203125 0.23567708333333345 0.7041015625 0.23567708333333348
0 0.4033203125 0.2337239583333334 0.28955078125 0.2337239583333334 0.28955078125 0.25976562500000006 0.4033203125 0.25976562500000006
0 0.55029296875 0.30338541666666674 0.43896484375 0.30338541666666674 0.43896484375 0.32877604166666674 0.55029296875 0.32877604166666674
0 0.68359375 0.5338541666666669 0.57470703125 0.5338541666666669 0.57470703125 0.5572916666666669 0.68359375 0.5572916666666669
0 0.3984375 0.515625 0.29150390625 0.515625 0.29150390625 0.5390625 0.3984375 0.5390625
0 0.54296875 0.5260416666666667 0.43310546875 0.5260416666666666 0.43310546875 0.5468750000000001 0.54296875 0.5468750000000001
0 0.40234375 0.1907552083333334 0.2861328125 0.1907552083333334 0.2861328125 0.2161458333333334 0.40234375 0.2161458333333334