0 0.8143652777777777 0.09805963525390629 0.14105925954861115 0.08390963525390624 0.13809791374147243 0.12849478550631901 0.8114039319706391 0.14264478550631907
0 0.8100222222222223 0.14506302099609383 0.13959351822916669 0.13148203125000002 0.1367322104324011 0.17617413626675937 0.8071609144254567 0.1897551260128532
0 0.8035074071180556 0.19267734375000004 0.14484629600694446 0.18230677099609371 0.1427836873816886 0.22375644916995308 0.8014447984927996 0.2341270219238594
0 0.7948208333333334 0.23605156249999998 0.14883657378472226 0.22530546874999996 0.14647778700766023 0.27017019775715784 0.7924620465562714 0.28091629150715786
0 0.7904777777777778 0.2769458334960938 0.15261303898599113 0.27054202457947873 0.151313353365894 0.31150331197800574 0.7891780921576806 0.3179071208946208
0 0.7010709837264095 0.9516859629519958 0.6999717595486111 0.9285041665039063 0.20881099834506314 0.9358731553895345 0.2099102225228616 0.959054951837624
0 0.7000779108369983 0.926527061567992 0.6988719134505306 0.9031543835971383 0.2055231484375 0.9112088540039062 0.20672914582396776 0.9345815319747599
0 0.7055137710861983 0.9021639873054823 0.7042410111252005 0.8769476684567762 0.20215046267361111 0.8849661459960937 0.20342322263460882 0.9101824648447998
0 0.7142316470358944 0.8752685450819679 0.7128574435596665 0.8473875934906264 0.1941879626736111 0.8554763022460937 0.1955621661498389 0.8833572538374352
0 0.714806327561551 0.849080942935254 0.7140434416493723 0.8199683719511631 0.19076666666666664 0.82430703125 0.19152955257884535 0.853419602234091
0 0.7151726848958334 0.7965848959960937 0.18821620399305572 0.7964630209960938 0.18819637756990995 0.8235867593215294 0.7151528584726876 0.8237086343215293
0 0.7238148383222782 0.7924352350265474 0.7233959191562527 0.7639306852669823 0.19091435156250003 0.7664067709960939 0.1913332707285256 0.7949113207556591
0 0.7226311640163944 0.7643823947857498 0.722304214482548 0.7345976110327141 0.18806851822916665 0.736453125 0.18839546776301302 0.7662379087530357
0 0.7311065209252097 0.7350688534708373 0.7310027777777777 0.7063661459960937 0.18443060250149054 0.7069912166752318 0.18453434564892246 0.7356939241499754
0 0.7861342595486112 0.31845104150390624 0.15640046267361118 0.3113770834960938 0.1549583016422565 0.35199833825542504 0.7846920985172564 0.3590722962632375
0 0.7785337960069446 0.358734375 0.15542962934027785 0.3532783852539062 0.15441837425319793 0.38982043317633935 0.7775225409198646 0.39527642292243315
0 0.7709333333333334 0.39962864599609377 0.1581611111111112 0.39326328124999993 0.1570565357672883 0.42690794356429146 0.7698287579895104 0.4332733083103853
0 0.7622467595486112 0.43628307275390626 0.16074398177083346 0.43082395849609373 0.15973014192547197 0.4661691112069459 0.7612329197032497 0.4716282254647584
0 0.7546462960069446 0.47164270849609374 0.1648384283025496 0.4668456451019617 0.16397424221844192 0.5004648490594581 0.7537821099228368 0.5052619124535901
0 0.7513888888888889 0.50894453125 0.16613981510416675 0.50364921875 0.1652036338443007 0.5363873689666786 0.7504527076290228 0.5416826814666786
0 0.7492171293402777 0.5412859375000002 0.17127222222222233 0.5412294272460939 0.17126259375381783 0.5723868441623136 0.7492075008718733 0.5724433544162199
0 0.7416166666666668 0.5761075522460938 0.1727694444444446 0.5742177084960938 0.17243318784323913 0.6062424487141974 0.7412804100654613 0.6081322924641974
0 0.7357860088040836 0.7039328576278736 0.7353352053901383 0.6720512376837227 0.17973287065972224 0.6745369790039064 0.18018367407366756 0.7064185989480574
0 0.7331745373263892 0.6404247397460937 0.18124166666666683 0.6404247397460937 0.18124166666666683 0.6728028647460937 0.7331745373263892 0.6728028647460937
0 0.7407750000000001 0.6093049477539061 0.178428240451389 0.6086789062499999 0.17831858202842138 0.6398454124633618 0.7406653415770325 0.640471453967268
0 0.8284805555555557 0.04861276025390626 0.1328148151041667 0.031686979003906254 0.12894433480392756 0.0820210210213164 0.8246100752553165 0.09894680227131641
0 0.7051328226370545 0.976649733713905 0.7032291666666667 0.9498859375000002 0.20915464317866717 0.961005258421897 0.21105829914905494 0.9877690546358018