0 0.3149414062500001 0.630859375 0.16210937500000006 0.630859375 0.16210937500000006 0.6666666666666666 0.3149414062500001 0.6666666666666666
0 0.52783203125 0.6015625000000001 0.35986328125 0.6015625 0.35986328125000006 0.6412760416666667 0.52783203125 0.6412760416666669
0 0.7841796875 0.6289062500000001 0.58203125 0.6289062500000001 0.58203125 0.6686197916666666 0.7841796875 0.6686197916666666
0 0.53076171875 0.6354166666666667 0.3525390625000001 0.6354166666666666 0.3525390625000001 0.6744791666666666 0.53076171875 0.6744791666666666
0 0.7812673261718751 0.5967125240885419 0.5868069163942587 0.5935594529165026 0.5864796698122275 0.6294392530467109 0.7809400795898439 0.6325923242187502
0 0.7817522942647429 0.5946819274938755 0.78162586328125 0.559808609375 0.5873411444028549 0.5610608170498611 0.5874675753863478 0.5959341351687365
0 0.7827582533486217 0.5587899820766149 0.782399646484375 0.52189878515625 0.5889409312216907 0.5252419795119267 0.5892995380859374 0.5621331764322917
0 0.7835163390398964 0.5198425164060989 0.7827581835937498 0.4849948704427083 0.5896052688702597 0.49246560924494265 0.5903634243164062 0.5273132552083333
0 0.7803175400627522 0.4837212911038448 0.7792770688476561 0.447912140625 0.5895944611562033 0.4577102218748465 0.5906349323712994 0.49351937235369125
0 0.7777412080078125 0.44784061458333335 0.7764922514838022 0.4144036831290445 0.5903960722845836 0.4267613315665446 0.5916450288085939 0.46019826302083344
0 0.7787290830181547 0.4145164738082548 0.7775025971679689 0.38014203906250005 0.5906832084857517 0.3919922586136202 0.5919096943359375 0.426366693359375
0 0.7804071406235298 0.3795937963996527 0.7789191577148438 0.3463641145833333 0.5906237949233454 0.3613536736524306 0.5921117778320314 0.39458335546874995
0 0.7799082853363287 0.3457071823622388 0.7780788632812501 0.3109427278645834 0.5900848181792965 0.32853006373151133 0.5919142402343751 0.3632945182291667
0 0.7786241092433595 0.31025924369759483 0.7767607309570312 0.27857580598958337 0.5922353531589843 0.29786891906282187 0.5940987314453126 0.32955235677083333
0 0.777234180589641 0.27577151972530206 0.7748313559570313 0.24105288085937504 0.5918823448009841 0.2635624366549063 0.5942851694335938 0.2982810755208333
0 0.7771540897389315 0.24131736435327666 0.7746651196289063 0.20873960351562504 0.5926802756564034 0.23345747924044868 0.5951692457664286 0.2660352400781003
0 0.7787429758033853 0.20630300778971433 0.7760660346679686 0.175473736328125 0.5920123845481771 0.20388545249674397 0.5946893256835937 0.23471472395833334
0 0.780132607256257 0.17252370091241132 0.7774669501953124 0.142207869140625 0.5926566539742117 0.17109726262925543 0.5953223110351563 0.20141309440104171
0 0.7810068141379404 0.14034041776300285 0.7780999248046874 0.10890656510416667 0.5910347073464345 0.1396605503359555 0.5939415966796875 0.1710944029947917
0 0.7816230701482435 0.10790477874447292 0.7787172641601563 0.07611699218750002 0.5916531305353503 0.10651704417219378 0.5945589365234375 0.1383048307291667
0 0.5399850169027098 0.1446307517403957 0.5373173779296875 0.11538693750000001 0.3703385993082277 0.14246588562939605 0.37300623828125 0.1717096998697917
0 0.5400629977117285 0.17639818020695355 0.5374458837890626 0.14713615169270836 0.3727414373468654 0.17332407109512984 0.3753585512695313 0.20258609960937504
0 0.5385677149841919 0.2089272243009884 0.5361564106445312 0.17735427343750002 0.3739113909728394 0.19938281280838668 0.3763226953125 0.23095576367187506
0 0.535997280547366 0.24081253553187906 0.5337103198242188 0.20947226627604162 0.3701567751166965 0.23068972748895422 0.37244373583984375 0.26202999674479166
0 0.537812994234501 0.2719043179260961 0.5356969731445312 0.24033131119791662 0.3719933978553427 0.2598360297301539 0.37410941894531247 0.2914090364583333
0 0.536379014429565 0.3032295242269651 0.534308583670226 0.27262681694456387 0.369607807521911 0.2924363382905155 0.3716782382812501 0.3230390455729167
0 0.5361749536476725 0.33740705219134165 0.534416806640625 0.3061999153645833 0.3704440658835773 0.32262283582949164 0.37220221289062494 0.35382997265624994
0 0.5357571863025129 0.3693600780944731 0.5341945429687501 0.33744444205729174 0.3704619958263935 0.3516962135721937 0.37202463916015627 0.38361184960937506
0 0.5345756953956088 0.4022100860230797 0.5331506097889956 0.3699095627192646 0.3674370335340119 0.38290727617535164 0.36886211914062506 0.4152077994791668
0 0.5336304480883871 0.43584689458464504 0.5325125623413661 0.4022090202002275 0.3686487773389166 0.41189022327183245 0.3697666630859375 0.44552809765624996
0 0.5317004757435102 0.46919019358622305 0.5307236556734315 0.436695446927178 0.3696347883283587 0.44530428263783 0.3706116083984375 0.47779902929687507
0 0.5337472432863414 0.503358860022636 0.5330968686523438 0.4692504192708334 0.36791062194803364 0.47484996875340585 0.36856099658203123 0.5089584095052084
0 0.5336125592640797 0.5351304642005378 0.533210474609375 0.5014872923177084 0.36651865948592033 0.5050289967369623 0.36692074414062503 0.5386721686197917
0 0.5299777510149974 0.5696577194659388 0.529973455078125 0.5355215345052082 0.3619404794537525 0.5355591281903112 0.3619447753906249 0.5696953131510417
0 0.5307332004078892 0.604384384702244 0.5307290004882812 0.5707184173177083 0.3622058508006895 0.5707557928098418 0.3622100507202975 0.6044217601943774
0 0.3354232969250343 0.17697296554733963 0.3328256416015625 0.14955832617187495 0.1802286874499657 0.17526360541620203 0.18282634277343748 0.2026782447916667
0 0.3321412935014644 0.20782831824661796 0.32987564941406256 0.17981118684895833 0.1784721498579107 0.201577326284632 0.18073779394531253 0.2295944576822917
0 0.32846370800893354 0.2360452799092181 0.32618783593750006 0.20935465950520835 0.180883628905129 0.23138112634078198 0.1831595009765625 0.2580717467447917
0 0.32356183753698814 0.2672254921445704 0.3215193061523437 0.23783926692708335 0.18208317076379305 0.25506896814188795 0.1841257021484375 0.284455193359375
0 0.32366510996213704 0.29567564826401344 0.3218770419921875 0.26757081705729163 0.18227209902223793 0.28336078728286157 0.18406016699218747 0.31146561848958326
0 0.32167982364795716 0.3268696987746907 0.31973697460937495 0.29617317578124996 0.17888344441844903 0.31202192817843427 0.18082629345703127 0.342718451171875
0 0.3240790094483159 0.3564328064232692 0.3226128657226563 0.3263598372395834 0.17779813312980913 0.3389111877173559 0.17926427685546875 0.3689841569010417
0 0.3208554568070754 0.3868635602958612 0.3196319599609375 0.3576244511718751 0.17843948215776836 0.3681277990791389 0.17966297900390626 0.39736690820312504
0 0.3205653337880072 0.4156373959138026 0.31946314404296877 0.388007158203125 0.1776953732432428 0.3980608768726557 0.17879756298828126 0.4256911145833333
0 0.31842037300559595 0.44654484054303417 0.3173233208007813 0.4166095286458333 0.17678358597877905 0.42576583068092405 0.17788063818359373 0.455701142578125
0 0.3160677395744421 0.4768530408526213 0.31511113964843745 0.4475721028645833 0.1750163336677453 0.4557087384442536 0.17597293359375 0.4849896764322916
0 0.3153509668658714 0.507911116119057 0.31467930175781256 0.47828007421875 0.1734141693645974 0.48397277450594295 0.17408583447265621 0.51360381640625
0 0.31303360118068013 0.5374950616675559 0.3124673647460938 0.5092426601562501 0.17111650917088247 0.514279038592861 0.1716827456054688 0.5425314401041668
0 0.312994188228283 0.5682996251183154 0.31255151708984374 0.5396371477864582 0.1703334470256232 0.5435419562618927 0.1707761181640625 0.57220443359375
0 0.308547620327008 0.6001653158427559 0.3083474697265625 0.5694940930989585 0.16789954861830458 0.5711234588968277 0.16809969921875004 0.6017946816406251
0 0.30611492675781254 0.601131072265625 0.16514603723234003 0.5995249945190385 0.16494723212117307 0.6305464187450338 0.3059161216466456 0.6321524964916203