0 0.7344917630208333 0.7499530078125 0.7337356446511748 0.7125885497892981 0.3153273093647165 0.7173512577971106 0.316083427734375 0.7547157158203125
0 0.7302136178385418 0.7132442338867189 0.7296887374555375 0.6795720210288388 0.32033850698678756 0.6831612920249325 0.32086338736979164 0.7168335048828125
0 0.7249450520833335 0.6787132543945313 0.7241519524610583 0.6426885912714748 0.3251790930860583 0.6476293505488185 0.32597219270833333 0.6836540136718751
0 0.7174566640624999 0.6451167661132813 0.7170330720679834 0.6130380539131024 0.32761746725027524 0.6159305094795087 0.32804105924479166 0.6480092216796876
0 0.7148866953124998 0.6106629760742187 0.7140381750228119 0.5782188309126745 0.3321741229394788 0.583836513529862 0.3330226432291667 0.6162806586914062
0 0.711528912109375 0.5822426953124998 0.7114202619644359 0.5518355672101253 0.33607913110506077 0.5525899705304378 0.33618778125 0.5829970986328123
0 0.7077332740885417 0.5523073676757813 0.7077074034819341 0.5234166771214576 0.3395211977527673 0.5236021321995825 0.3395470683593751 0.5524928227539062
0 0.7041504859970771 0.49564208541608956 0.3431535534962558 0.4946605607227211 0.34301401041666674 0.5235296518554687 0.704010942917488 0.5245111765488373
0 0.6994612832031248 0.49481572509765637 0.6993668615740655 0.46359183527839315 0.3417247391782323 0.46420018830573684 0.34181916080729174 0.49542407812500006
0 0.6950398053368718 0.4407885983101829 0.3456158367960058 0.4399776269731097 0.34550404708413396 0.4670715286629269 0.6949280156250001 0.4678825000000001
0 0.6918371679687502 0.4402071757812501 0.6917894457085915 0.41597517926684024 0.3474913786512998 0.4163565864934027 0.3475391009114584 0.44058858300781256
0 0.6856115036944933 0.3911863633458968 0.34973339806671344 0.3905853538117224 0.3496525161170118 0.4160111447627006 0.6855306217447916 0.41661215429687504
0 0.683927976053193 0.3663929912749005 0.351050083992036 0.36568256475076644 0.35095343606384316 0.3911556096086785 0.683831328125 0.39186603613281257
0 0.6805240555788106 0.3421975901001123 0.350806153880373 0.3418446899281662 0.3507601295515624 0.3660327282460227 0.68047803125 0.3663856284179688
0 0.679471955078125 0.34092984863281256 0.6793481583286937 0.3182877754034732 0.352103552208902 0.31929421583316064 0.35222734895833335 0.3419362890625
0 0.6780747832753905 0.30374994776907266 0.35096604516651847 0.3027037408857102 0.35084891879216973 0.32330300942523144 0.6779576569010418 0.32434921630859387