0 0.6782577012098366 0.2331418337285619 0.35808171440972225 0.22610539941406252 0.35668408250155487 0.2462275307611615 0.6768600693016692 0.2532639650756609
0 0.6768478567708334 0.2548877436523438 0.3569995425347223 0.24817636474609375 0.3556713611976546 0.26820423339881877 0.6755196754337657 0.2749156123050688
0 0.6322209317939259 0.67979968061348 0.35387847135416683 0.6732975170898439 0.3527077919259341 0.6891539178885309 0.6310502523656932 0.695656081412167
0 0.6321339444444445 0.6637343886718748 0.3538137282986112 0.6581638212890623 0.3528426711308798 0.673514768313296 0.6311628872767131 0.6790853356961086
0 0.63409484375 0.6477116791992188 0.35453142013888894 0.6417364389648438 0.3535399080769756 0.656414477885871 0.6331033316880866 0.662389718120246
0 0.6355955950184342 0.6307853268960958 0.3542874215839052 0.6246321683755325 0.3531509921875001 0.6410710307617189 0.6344591656220291 0.6472241892822822
0 0.6384613914930557 0.6138642856445312 0.3548105034722223 0.6085510361328125 0.353874802005418 0.6243564655767255 0.6375256900262514 0.6296697150884443
0 0.6404264713541667 0.5976395244140625 0.3545884157986112 0.591868841796875 0.3536378818960898 0.6067660718569864 0.6394759374516453 0.6125367544741739
0 0.6751950815972223 0.27571241943359387 0.35918632291666674 0.26834807519531256 0.3576585801521004 0.2890905383894361 0.673667338832656 0.2964548826277174
0 0.6702839557291669 0.29649156396484383 0.35727324305555563 0.2897809038085938 0.35588102618626677 0.31032778458809057 0.6688917388598778 0.3170384447443406
0 0.6702884157986112 0.3159715029296875 0.3575546015625 0.3106706640625 0.35643858079851415 0.3315034603554873 0.6691723950346253 0.3368042992226748
0 0.6670062725694446 0.33679398486328127 0.3575146510416667 0.33169295361328127 0.3565479592825114 0.35025064645475695 0.6660395808102891 0.35535167770475695
0 0.6655335902448571 0.35600527440490964 0.3571046571180556 0.34927237304687503 0.3556840215291291 0.36986352310663617 0.6641129546559307 0.3765964244646708
0 0.6624615121635784 0.3770466934930742 0.35522052777777785 0.37073830029296867 0.35398306509864413 0.3898077234662336 0.6612240494844447 0.3961161166663391
0 0.6600773671875 0.3960406909179688 0.35560496527777796 0.3901146723632813 0.3544635099952265 0.4086708654199068 0.6589359119049486 0.4145968839745943
0 0.6448646961805556 0.5800230849609374 0.35529382986111124 0.5746472885742187 0.35432551561898334 0.5911506886325538 0.6438963819384278 0.5965264850192725
0 0.6463235612800149 0.5621959508229697 0.3549839444444445 0.5565240551757813 0.35395559670609633 0.573237130231718 0.6452952135416667 0.5789090258789064
0 0.6448552086067852 0.5450046332114724 0.3550136710069446 0.5382564931640628 0.3537679884418262 0.5551854024330592 0.6436095260416669 0.5619335424804689
0 0.6572119123263889 0.4163951049804688 0.3552293567708334 0.4096802075195312 0.353988705768854 0.4273339649548953 0.6559712613244094 0.43404886241583285
0 0.6523388880208335 0.4353549995117188 0.35546576388888895 0.42849025390625006 0.3541596450842924 0.4463622956757416 0.6510327692162368 0.45322704128121033
0 0.6537514049980132 0.45367634928758344 0.35461021788194447 0.4487386123046875 0.3536577335369391 0.46699652642446904 0.6527989206530079 0.471934263407365
0 0.6539959626736113 0.4733867397460938 0.3556500052083334 0.4666973881835938 0.3544133869723554 0.4841482482738386 0.6527593444376333 0.4908375998363386
0 0.6447952968285652 0.5266780477416035 0.356913500491876 0.5203249884909976 0.35568533994803303 0.537933858718144 0.6435671362847223 0.54428691796875
0 0.6479827207161106 0.5095121459047163 0.3543056918402778 0.5028269106445312 0.3531205761588896 0.5192993941343463 0.6467976050347224 0.5259846293945314
0 0.6507801831597222 0.4910013774414062 0.3533830347222223 0.4855404125976562 0.35236361324832866 0.5031061445222795 0.6497607616858284 0.5085671093660296
0 0.6293518127981934 0.6967029547717135 0.35499104253472236 0.6908939677734376 0.3538799671187479 0.7074978712851431 0.6282407373822189 0.713306858283419
0 0.6822620173611111 0.20979381347656254 0.3571709826388889 0.20313956396484378 0.3557483434169618 0.22513060266954205 0.680839378139184 0.2317848521812608