0 0.93798828125 0.4928385416666668 0.81640625 0.4928385416666668 0.81640625 0.5156250000000001 0.93798828125 0.5156250000000001
0 0.765625 0.2968750000000001 0.6337890625 0.29687500000000006 0.6337890625 0.3183593750000001 0.765625 0.31835937500000017
0 0.935546875 0.4680989583333335 0.81640625 0.4680989583333335 0.81640625 0.49023437500000017 0.935546875 0.49023437500000017
0 0.59326171875 0.42187500000000017 0.455078125 0.42187500000000017 0.455078125 0.44531250000000017 0.59326171875 0.44531250000000017
0 0.76904296875 0.4440104166666668 0.63525390625 0.4440104166666668 0.63525390625 0.4674479166666668 0.76904296875 0.4674479166666668
0 0.76611328125 0.3216145833333334 0.63427734375 0.3216145833333334 0.63427734375 0.3430989583333335 0.76611328125 0.3430989583333335
0 0.59130859375 0.2981770833333334 0.45654296875 0.2981770833333334 0.45654296875 0.32031250000000006 0.59130859375 0.32031250000000006
0 0.21728515625000006 0.607421875 0.054687500000000056 0.607421875 0.054687500000000056 0.6328125 0.21728515625000006 0.6328125
0 0.591796875 0.3977864583333335 0.45654296875 0.3977864583333335 0.45654296875 0.4192708333333335 0.591796875 0.4192708333333335
0 0.4140625000000001 0.662109375 0.2636718750000001 0.662109375 0.2636718750000001 0.6875 0.4140625000000001 0.6875
0 0.77783203125 0.5690104166666669 0.64111328125 0.5690104166666669 0.64111328125 0.5944010416666669 0.77783203125 0.5944010416666669
0 0.93603515625 0.41992187500000017 0.8134765625 0.41992187500000017 0.8134765625 0.4420572916666668 0.93603515625 0.4420572916666668
0 0.77099609375 0.46875000000000017 0.63671875 0.46875000000000017 0.63671875 0.4928385416666668 0.77099609375 0.4928385416666668
0 0.21875000000000006 0.4440104166666667 0.05761718750000004 0.4440104166666667 0.05761718750000004 0.46875 0.21875000000000006 0.46875
0 0.4140625000000001 0.607421875 0.2631835937500001 0.607421875 0.2631835937500001 0.6315104166666666 0.4140625000000001 0.6315104166666666
0 0.7666015625 0.34570312500000017 0.634765625 0.34570312500000017 0.634765625 0.3678385416666668 0.7666015625 0.3678385416666668
0 0.9404296875 0.5169270833333335 0.81689453125 0.5169270833333335 0.81689453125 0.5403645833333335 0.9404296875 0.5403645833333335
0 0.21777343750000006 0.3365885416666667 0.05908203125000003 0.3365885416666667 0.05908203125000003 0.361328125 0.21777343750000006 0.361328125
0 0.59765625 0.5455729166666669 0.4580078125 0.5455729166666669 0.4580078125 0.5703125000000001 0.59765625 0.5703125000000001
0 0.21728515625000006 0.3098958333333333 0.05712890625000003 0.3098958333333333 0.05712890625000003 0.3346354166666667 0.21728515625000006 0.3346354166666667
0 0.591796875 0.32291666666666674 0.4560546875 0.32291666666666674 0.4560546875 0.3450520833333335 0.591796875 0.3450520833333335
0 0.9365234375 0.44335937500000017 0.8154296875 0.44335937500000017 0.8154296875 0.4654947916666668 0.9365234375 0.4654947916666668
0 0.59765625 0.4720052083333335 0.45849609375 0.4720052083333335 0.45849609375 0.49414062500000017 0.59765625 0.49414062500000017
0 0.595703125 0.5214843750000001 0.45947265625 0.5214843750000001 0.45947265625 0.5442708333333335 0.595703125 0.5442708333333335
0 0.767578125 0.3704427083333335 0.63427734375 0.3704427083333335 0.63427734375 0.39257812500000017 0.767578125 0.39257812500000017
0 0.412109375 0.29101562500000006 0.2666015625 0.29101562500000006 0.2666015625 0.31315104166666674 0.412109375 0.31315104166666674
0 0.59375 0.4479166666666668 0.4560546875 0.4479166666666668 0.4560546875 0.47070312500000017 0.59375 0.47070312500000017
0 0.21728515625000006 0.5533854166666666 0.056152343750000056 0.5533854166666666 0.056152343750000056 0.578125 0.21728515625000006 0.578125
0 0.4130859375 0.3430989583333333 0.2666015625 0.3430989583333333 0.2666015625 0.365234375 0.4130859375 0.365234375
0 0.76904296875 0.4192708333333335 0.63623046875 0.4192708333333335 0.63623046875 0.4420572916666668 0.76904296875 0.4420572916666668
0 0.59765625 0.5729166666666669 0.45849609375 0.5729166666666669 0.45849609375 0.5970052083333335 0.59765625 0.5970052083333335
0 0.59814453125 0.5983072916666669 0.458984375 0.5983072916666669 0.45898437500000006 0.6256510416666669 0.59814453125 0.6256510416666669
0 0.94677734375 0.6165364583333335 0.82177734375 0.6165364583333335 0.82177734375 0.6406250000000001 0.94677734375 0.6406250000000001
0 0.77685546875 0.5442708333333335 0.63916015625 0.5442708333333335 0.63916015625 0.5683593750000001 0.77685546875 0.5683593750000001
0 0.416015625 0.4993489583333333 0.26513671875 0.4993489583333333 0.26513671875 0.5247395833333334 0.416015625 0.5247395833333334
0 0.21777343750000006 0.6907552083333334 0.04785156250000007 0.6907552083333334 0.04785156250000007 0.7161458333333334 0.21777343750000006 0.7161458333333334
0 0.21679687500000006 0.3639322916666667 0.05859375000000003 0.3639322916666667 0.058593750000000035 0.388671875 0.21679687500000006 0.388671875
0 0.21826171875000006 0.3912760416666667 0.05859375000000004 0.3912760416666667 0.05859375000000004 0.4147135416666667 0.21826171875000006 0.4147135416666667
0 0.41357421875 0.5540364583333334 0.26416015625 0.5540364583333334 0.26416015625 0.578125 0.41357421875 0.578125
0 0.93017578125 0.3255208333333335 0.81201171875 0.3255208333333335 0.81201171875 0.3463541666666668 0.93017578125 0.3463541666666668
0 0.41455078125 0.369140625 0.26611328125 0.369140625 0.26611328125 0.3919270833333333 0.41455078125 0.3919270833333333
0 0.591796875 0.34765625000000017 0.45556640625 0.34765625000000017 0.45556640625 0.3704427083333335 0.591796875 0.3704427083333335
0 0.6025390625 0.6783854166666666 0.4604492187500001 0.6783854166666666 0.4604492187500001 0.703125 0.6025390625 0.703125
0 0.21728515625 0.2565104166666667 0.05371093750000003 0.2565104166666667 0.05371093750000003 0.2805989583333333 0.21728515625 0.2805989583333333
0 0.21875000000000006 0.498046875 0.05712890625000004 0.498046875 0.05712890625000004 0.5234375 0.21875000000000006 0.5234375
0 0.7734375 0.49414062500000017 0.63623046875 0.49414062500000017 0.63623046875 0.5175781250000001 0.7734375 0.5175781250000001
0 0.779296875 0.5957031250000001 0.64208984375 0.5957031250000001 0.64208984375 0.6197916666666669 0.779296875 0.6197916666666669
0 0.943359375 0.5924479166666669 0.8212890625 0.5924479166666669 0.8212890625 0.6145833333333335 0.943359375 0.6145833333333335
0 0.4150390625 0.4479166666666667 0.265625 0.4479166666666667 0.265625 0.4720052083333333 0.4150390625 0.4720052083333333
0 0.59130859375 0.3717447916666668 0.455078125 0.3717447916666668 0.455078125 0.3951822916666668 0.59130859375 0.3951822916666668
0 0.59521484375 0.4967447916666668 0.4599609375 0.4967447916666668 0.4599609375 0.5195312500000001 0.59521484375 0.5195312500000001
0 0.599609375 0.6523437500000001 0.4609375000000001 0.6523437500000001 0.4609375000000001 0.677734375 0.599609375 0.677734375
0 0.599609375 0.6276041666666669 0.4609375000000001 0.6276041666666669 0.4609375000000001 0.6516927083333335 0.599609375 0.6516927083333335
0 0.4150390625000001 0.6334635416666666 0.2651367187500001 0.6334635416666666 0.2651367187500001 0.6595052083333334 0.4150390625000001 0.6595052083333334
0 0.9345703125 0.3723958333333335 0.81396484375 0.3723958333333335 0.81396484375 0.3932291666666668 0.9345703125 0.3932291666666668
0 0.41552734375 0.5787760416666666 0.26513671875 0.5787760416666666 0.26513671875 0.603515625 0.41552734375 0.603515625
0 0.21826171875000006 0.5807291666666666 0.055664062500000056 0.5807291666666666 0.055664062500000056 0.6048177083333334 0.21826171875000006 0.6048177083333334
0 0.4125976562500001 0.6907552083333334 0.2612304687500001 0.6907552083333334 0.2612304687500001 0.7135416666666666 0.4125976562500001 0.7135416666666666
0 0.935546875 0.3971354166666668 0.8134765625 0.3971354166666668 0.8134765625 0.4173177083333335 0.935546875 0.4173177083333335
0 0.21777343750000006 0.525390625 0.05859375000000004 0.525390625 0.05859375000000005 0.55078125 0.21777343750000006 0.55078125
0 0.94287109375 0.5423177083333335 0.81787109375 0.5423177083333335 0.81787109375 0.5651041666666669 0.94287109375 0.5651041666666669
0 0.779296875 0.6191406250000001 0.642578125 0.6191406250000001 0.642578125 0.6438802083333335 0.779296875 0.6438802083333335
0 0.767578125 0.39453125000000017 0.63427734375 0.39453125000000017 0.63427734375 0.4166666666666668 0.767578125 0.4166666666666668
0 0.41455078125 0.4739583333333333 0.26318359375 0.4739583333333333 0.26318359375 0.4967447916666667 0.41455078125 0.4967447916666667
0 0.21923828125000006 0.6627604166666666 0.055175781250000056 0.6627604166666666 0.05517578125000006 0.689453125 0.21923828125000006 0.689453125
0 0.41259765625 0.31640625000000006 0.26416015625 0.31640625000000006 0.26416015625 0.33984375 0.41259765625 0.33984375
0 0.9482421875 0.6406250000000001 0.822265625 0.6406250000000001 0.822265625 0.6653645833333335 0.9482421875 0.6653645833333335
0 0.94384765625 0.5664062500000001 0.81884765625 0.5664062500000001 0.81884765625 0.5898437500000001 0.94384765625 0.5898437500000001
0 0.41455078125 0.525390625 0.265625 0.525390625 0.265625 0.5520833333333334 0.41455078125 0.5520833333333334
0 0.21728515625000006 0.4166666666666667 0.06054687500000004 0.4166666666666667 0.06054687500000004 0.4427083333333333 0.21728515625000006 0.4427083333333333
0 0.21533203125000006 0.6341145833333334 0.056152343750000056 0.6341145833333334 0.056152343750000056 0.6595052083333334 0.21533203125000006 0.6595052083333334
0 0.21972656250000006 0.4713541666666667 0.05810546875000004 0.4713541666666667 0.05810546875000004 0.4967447916666667 0.21972656250000006 0.4967447916666667
0 0.93408203125 0.3489583333333335 0.8115234375 0.3489583333333335 0.8115234375 0.3697916666666668 0.93408203125 0.3697916666666668
0 0.4140625 0.419921875 0.26513671875 0.419921875 0.26513671875 0.4446614583333333 0.4140625 0.4446614583333333
0 0.21777343750000003 0.2838541666666667 0.05957031250000003 0.2838541666666667 0.05957031250000003 0.30859375 0.21777343750000006 0.30859375
0 0.7802734375 0.6451822916666669 0.64306640625 0.6451822916666669 0.64306640625 0.6705729166666666 0.7802734375 0.6705729166666666
0 0.77392578125 0.5182291666666669 0.63720703125 0.5182291666666669 0.63720703125 0.5416666666666669 0.77392578125 0.5416666666666669
0 0.41357421875 0.39453125 0.26416015625 0.39453125 0.26416015625 0.4173177083333333 0.41357421875 0.4173177083333333
0 0.92822265625 0.3014322916666668 0.81005859375 0.3014322916666668 0.81005859375 0.3229166666666668 0.92822265625 0.3229166666666668
0 0.783203125 0.6731770833333334 0.64306640625 0.6731770833333334 0.64306640625 0.697265625 0.783203125 0.697265625
0 0.765625 0.2721354166666668 0.63232421875 0.27213541666666674 0.63232421875 0.2929687500000001 0.765625 0.29296875000000017
0 0.94873046875 0.6686197916666669 0.82275390625 0.6686197916666666 0.82275390625 0.6907552083333335 0.94873046875 0.6907552083333336
0 0.41015625 0.26627604166666674 0.26708984375 0.26627604166666674 0.26708984375 0.2864583333333334 0.41015625 0.2864583333333334
0 0.92431640625 0.2760416666666668 0.80859375 0.2760416666666668 0.80859375 0.29882812500000017 0.92431640625 0.29882812500000017
0 0.591796875 0.27408854166666674 0.45556640625 0.27408854166666674 0.45556640625 0.29361979166666674 0.591796875 0.29361979166666674