0 0.8261091194040282 0.10902392972667736 0.8216230746527776 0.05832530908203125 0.07236381371168288 0.07930236960029344 0.07684985846293338 0.13000099024493955
0 0.8324985493587224 0.1572453998699362 0.8276975008189299 0.10942743745222014 0.07786333767361112 0.1332481806640625 0.08266438621340357 0.18106614308177854
0 0.8329305000682933 0.2062468833185948 0.8283982014323183 0.16115029101752648 0.0918848611111111 0.1845710229492188 0.09641715974708613 0.22966761525028712
0 0.831445705261302 0.25476580284593314 0.8273458566963602 0.21077497386188904 0.10550917708333335 0.23206075878906252 0.1096090256482752 0.2760515877731066
0 0.8307698996262166 0.30160054089986504 0.8268180928819445 0.2580266372070312 0.11419309562615937 0.27847579069987527 0.11814490237043145 0.32204969439270914
0 0.8315541082658684 0.34617134696654334 0.8278628829116232 0.3054464853902362 0.12390423090277777 0.32563494335937493 0.12759545625702295 0.36635980493568204
0 0.8229342567362126 0.3916233747951105 0.8193468237847222 0.3508730439453125 0.13333337971323062 0.3699817083942769 0.136920812664721 0.4107320392440749
0 0.8290264413979805 0.43172114069650364 0.8253308782360318 0.3931525933758378 0.1417469201388889 0.41387710302734376 0.14544248330083762 0.4524456503480096
0 0.8348256769983577 0.9905319003972717 0.8326492555911268 0.9644953210840554 0.26030324392361104 0.9796331215820311 0.2624796653308421 1.0056697008952473
0 0.8381680723222442 0.9598631855299378 0.835866870862328 0.9359567228786926 0.25374710329861117 0.953686232421875 0.25604830475852736 0.9775926950731202
0 0.8394677558022956 0.9353174359893909 0.8364889083110869 0.9043577938539635 0.2524169678819444 0.9221391030273436 0.25539581537315315 0.9530987451627709
0 0.8350742727534173 0.901692828414679 0.8327224364926553 0.8756277231676087 0.24353748784722226 0.8924484321289062 0.24588932410798417 0.9185135373759765
0 0.8378679526846722 0.8706298836065778 0.8354898202012367 0.8424125745620844 0.23421217621527785 0.8584465258789062 0.2365903086987132 0.8866638349233996
0 0.8408375879351824 0.837323222814648 0.8382055833753816 0.8090821637795637 0.2319204626736111 0.826960521484375 0.23455246723341178 0.8552015805194594
0 0.8406222745561315 0.8046792779845681 0.8376981751124529 0.7742524585193141 0.2197011605902778 0.79304419921875 0.2226252600339563 0.823471018684004
0 0.8406777676265066 0.7736818525665068 0.8379400635621911 0.7389868292018891 0.20992289670138886 0.7546664619140625 0.21266060076570442 0.7893614852786802
0 0.8390832467537559 0.7361726016919946 0.8366602447916667 0.7044697705078123 0.20727616876512725 0.7196898360260597 0.20969917072721644 0.751392667210242
0 0.8345461424022569 0.7025363677200679 0.8320696423611111 0.6675951518554689 0.19764170207599946 0.6818226219354785 0.2001182021171451 0.7167638378000775
0 0.8380002636584016 0.6638321421990965 0.8350587109375 0.6291906342773438 0.2016372841069342 0.6462089921508644 0.20457883682783592 0.680850500072617
0 0.834210661481816 0.6252622602206143 0.8311162157366959 0.5910569798317021 0.18136529687499997 0.6096556406249999 0.18445974262012 0.643860921013912
0 0.8311312042332761 0.5900219765552777 0.8281463862847223 0.5549389477539064 0.18527996520757348 0.5722445438367314 0.18826478315612746 0.6073275726381027
0 0.8324534277279232 0.4729605781536839 0.8289594809027777 0.4343915673828125 0.15458742152218197 0.4537211471704909 0.15808136834732744 0.4922901579413623
0 0.8290168317803563 0.5133556358823799 0.8255243724778947 0.4758820121212278 0.16373245225694444 0.4953971748046875 0.16722491155940605 0.5328707985658395
0 0.830630226370159 0.5525187548510242 0.8271883619034198 0.5155880076407117 0.17362309635416664 0.534860580078125 0.17706496082090595 0.5717913272884375