0 0.7075840742956659 0.8056550605374017 0.2733451592173248 0.7900855954082663 0.27068799804687516 0.8317720991210937 0.7049269131252164 0.8473415642502291
0 0.7026689136360263 0.7676597193797032 0.2789472242698811 0.750177425828164 0.2760118261718751 0.7901969409179688 0.6997335155380203 0.807679234469508
0 0.7003460990833089 0.7308355583100056 0.2861829410263536 0.7136506306025424 0.28348129181283654 0.7502754287378495 0.6976444498697919 0.7674603564453126
0 0.7050670909367655 0.696598879033055 0.29309761749482327 0.6743213336500176 0.28940856315104174 0.7126951752929688 0.7013780365929841 0.7349727206760062
0 0.7046022664344654 0.6639089467876407 0.2996607188476426 0.6377003632026483 0.29530117447916676 0.6755892998046876 0.7002427220659895 0.70179788338968
0 0.7032586088861604 0.6286766063072262 0.3036160819287976 0.6038308091145417 0.29966823632812517 0.639549986328125 0.6993107632854879 0.6643957835208095
0 0.7050845492955778 0.5992370570372094 0.31099364041862226 0.5717220112654853 0.30698343619791674 0.6040303920898437 0.7010743450748724 0.6315454378615678
0 0.706727794421854 0.5671082665797293 0.31790899252532256 0.537558200278326 0.3134876419270834 0.5702821923828126 0.7023064438236147 0.599832258684216
0 0.7032849649161518 0.5379743204212215 0.32332103993795247 0.5081477602497181 0.3191726987197174 0.5378737410980279 0.6991366236979166 0.5677003012695314
0 0.7044857459621151 0.5087242109292143 0.32687237086579574 0.478056824961794 0.3225960611979168 0.5076752719726563 0.7002094362942363 0.5383426579400765
0 0.7039919196933947 0.4809297288807962 0.3315906121083348 0.44715556484403396 0.3267473880208334 0.4771944409179688 0.6991486956058933 0.5109686049547311
0 0.7040602314442818 0.4507735592665937 0.33868962617210235 0.41745522130471746 0.33379511217573704 0.44764656047562384 0.6991657174479166 0.4809648984375
0 0.7049019665756985 0.42535011793747884 0.34294326236979167 0.3888896279296875 0.33771944766907813 0.41806032543865884 0.6996781518749847 0.4545208154464502
0 0.7034857681132555 0.3992803043693307 0.3485581790364583 0.3607866245117188 0.3434681187770803 0.38718612925703266 0.6983957078538775 0.4256798091146446
0 0.7040866104603457 0.37059204121438566 0.3534200585937501 0.3326608671875 0.34785138237819613 0.3616191331020207 0.6985179342447919 0.3995503071289064
0 0.7027363614017346 0.3459776767435237 0.3559203230048215 0.30552378111520684 0.35040628712392 0.3321145526138707 0.6972223255208331 0.37256844824218754
0 0.7032361732348934 0.32358832632348145 0.36146207486979165 0.28088141406250006 0.35612556460110384 0.3049040605154334 0.6978996629662055 0.3476109727764148
0 0.7036013389045109 0.2987675710542271 0.3684956875 0.25508384033203124 0.36252003416700157 0.2808690075535385 0.6976256855715125 0.3245527382757343
0 0.7024367244937371 0.27378216300932406 0.3701913470052083 0.23081958593750002 0.3648023538295191 0.2542618084276107 0.6970477313180479 0.29722438549943475
0 0.7039620867095318 0.2526197909424374 0.37718909765624997 0.2084471928710938 0.37166849403895136 0.2314193775759711 0.6984414830922332 0.27559197564731475
0 0.7069261344694224 0.23066005062707914 0.38000944152154253 0.18355990560908664 0.3737718157552084 0.20791314257812504 0.7006885087030884 0.2550132875961175
0 0.7058722462207662 0.20469599398725147 0.38429304301514006 0.15893010930876036 0.3780098905443738 0.18376408309494646 0.6995890937499999 0.22952996777343757