0 0.5312500000000001 0.72607421875 0.19466145833333348 0.72607421875 0.19466145833333348 0.75244140625 0.5312500000000001 0.75244140625
0 0.5279947916666669 0.783203125 0.19466145833333348 0.783203125 0.19466145833333348 0.80810546875 0.5279947916666669 0.80810546875
0 0.9381510416666666 0.24707031250000008 0.5703125 0.24707031250000006 0.5703125 0.27783203125000006 0.9381510416666666 0.2778320312500001
0 0.5312500000000001 0.669921875 0.19010416666666674 0.669921875 0.19010416666666677 0.6962890625 0.5312500000000001 0.6962890625
0 0.5312500000000001 0.61474609375 0.18815104166666674 0.61474609375 0.18815104166666674 0.64111328125 0.5312500000000001 0.64111328125
0 0.9127604166666666 0.46630859375000006 0.5585937500000001 0.46630859375 0.5585937500000001 0.49365234375000006 0.9127604166666666 0.4936523437500001
0 0.5266927083333335 0.7548828125 0.19270833333333348 0.7548828125 0.19270833333333348 0.77978515625 0.5266927083333335 0.77978515625
0 0.9016927083333334 0.6416015625 0.5559895833333335 0.6416015625 0.5559895833333335 0.66845703125 0.9016927083333334 0.66845703125
0 0.5338541666666666 0.21728515625000003 0.16341145833333337 0.21728515625 0.16341145833333337 0.24951171875000003 0.5338541666666666 0.24951171875000006
0 0.9010416666666666 0.61328125 0.5566406250000001 0.61328125 0.5566406250000001 0.64111328125 0.9010416666666666 0.64111328125
0 0.90234375 0.6708984375 0.5572916666666669 0.6708984375 0.5572916666666669 0.69775390625 0.90234375 0.69775390625
0 0.5286458333333335 0.69775390625 0.19205729166666682 0.69775390625 0.19205729166666682 0.724609375 0.5286458333333335 0.724609375
0 0.5332031250000001 0.642578125 0.1907552083333334 0.642578125 0.1907552083333334 0.66796875 0.5332031250000001 0.66796875
0 0.916015625 0.43603515625000006 0.5651041666666666 0.43603515625 0.5651041666666667 0.46337890625000006 0.916015625 0.4633789062500001
0 0.9309895833333334 0.27929687500000006 0.5748697916666666 0.279296875 0.5748697916666666 0.31005859375000006 0.9309895833333334 0.3100585937500001
0 0.537109375 0.14990234375000003 0.1588541666666667 0.14990234375 0.1588541666666667 0.18261718750000003 0.537109375 0.18261718750000006
0 0.5299479166666669 0.83544921875 0.19986979166666682 0.83544921875 0.19986979166666682 0.85986328125 0.5299479166666669 0.85986328125
0 0.8990885416666666 0.81201171875 0.5507812500000001 0.81201171875 0.5507812500000001 0.83642578125 0.8990885416666666 0.83642578125
0 0.888671875 0.78564453125 0.5514322916666669 0.78564453125 0.5514322916666669 0.81005859375 0.888671875 0.81005859375
0 0.9095052083333334 0.52490234375 0.5651041666666669 0.52490234375 0.5651041666666669 0.55322265625 0.9095052083333334 0.55322265625
0 0.90625 0.5849609375 0.5605468750000001 0.5849609375 0.5605468750000001 0.6123046875 0.90625 0.6123046875
0 0.5358072916666669 0.55615234375 0.17643229166666674 0.55615234375 0.17643229166666674 0.58447265625 0.5358072916666669 0.58447265625
0 0.8997395833333334 0.7001953125 0.5527343750000001 0.7001953125 0.5527343750000001 0.72705078125 0.8997395833333334 0.72705078125
0 0.5319010416666666 0.31494140625 0.1673177083333334 0.31494140625 0.1673177083333334 0.345703125 0.5319010416666666 0.345703125
0 0.9251302083333334 0.37402343750000006 0.5703125 0.3740234375 0.5703125 0.40380859375000006 0.9251302083333334 0.4038085937500001
0 0.5299479166666667 0.43798828125 0.18229166666666674 0.43798828125 0.18229166666666674 0.466796875 0.5299479166666669 0.466796875
0 0.5325520833333334 0.376953125 0.17057291666666674 0.376953125 0.17057291666666674 0.40625 0.5325520833333334 0.40625
0 0.8912760416666666 0.75732421875 0.5546875000000001 0.75732421875 0.5546875000000001 0.78369140625 0.8912760416666666 0.78369140625
0 0.537109375 0.40673828125 0.1712239583333334 0.40673828125 0.1712239583333334 0.43505859375 0.537109375 0.43505859375
0 0.9088541666666666 0.49511718750000006 0.5598958333333335 0.4951171875 0.5598958333333335 0.5234375 0.9088541666666666 0.5234375
0 0.5305989583333335 0.5859375 0.1809895833333334 0.5859375 0.1809895833333334 0.61376953125 0.5305989583333335 0.61376953125
0 0.529296875 0.2822265625 0.16666666666666674 0.2822265625 0.16666666666666674 0.3134765625 0.529296875 0.3134765625
0 0.5325520833333334 0.34619140625 0.17187500000000008 0.34619140625 0.17187500000000008 0.37646484375 0.5325520833333334 0.37646484375
0 0.9069010416666666 0.5546875 0.5625000000000001 0.5546875 0.5625000000000001 0.5830078125 0.9069010416666666 0.5830078125
0 0.9322916666666666 0.31103515625000006 0.576171875 0.31103515625 0.576171875 0.34130859375000006 0.9322916666666666 0.3413085937500001
0 0.5266927083333335 0.80810546875 0.19791666666666682 0.80810546875 0.19791666666666682 0.833984375 0.5266927083333335 0.833984375
0 0.8880208333333334 0.837890625 0.5546875000000001 0.837890625 0.5546875000000001 0.86376953125 0.8880208333333334 0.86376953125
0 0.9270833333333334 0.34228515625000006 0.5657552083333334 0.34228515625 0.5657552083333334 0.37255859375000006 0.9270833333333334 0.3725585937500001
0 0.919921875 0.40429687500000006 0.5611979166666666 0.404296875 0.5611979166666666 0.43359375000000006 0.919921875 0.4335937500000001
0 0.5325520833333335 0.46728515625 0.1790364583333334 0.46728515625 0.1790364583333334 0.49560546875 0.5325520833333335 0.49560546875
0 0.9407552083333334 0.18115234375000008 0.572265625 0.18115234375000006 0.572265625 0.21337890625000008 0.9407552083333334 0.2133789062500001
0 0.5279947916666669 0.52734375 0.18359375000000008 0.52734375 0.18359375000000008 0.5546875 0.5279947916666669 0.5546875
0 0.53515625 0.25048828125 0.16796875000000008 0.25048828125 0.16796875000000008 0.2822265625 0.53515625 0.2822265625
0 0.9388020833333334 0.21582031250000008 0.5716145833333334 0.21582031250000006 0.5716145833333334 0.24560546875000008 0.9388020833333334 0.2456054687500001
0 0.537109375 0.18408203125000003 0.1588541666666667 0.18408203125 0.1588541666666667 0.21630859375000003 0.537109375 0.21630859375000006
0 0.8919270833333334 0.728515625 0.5540364583333335 0.728515625 0.5540364583333335 0.75537109375 0.8919270833333334 0.75537109375
0 0.5299479166666669 0.4990234375 0.1809895833333334 0.4990234375 0.1809895833333334 0.5263671875 0.5299479166666669 0.5263671875
0 0.5312500000000001 0.86328125 0.19856770833333348 0.86328125 0.19856770833333348 0.888671875 0.5312500000000001 0.888671875
0 0.9459635416666666 0.14599609375000008 0.5709635416666666 0.14599609375000006 0.5709635416666666 0.18017578125000008 0.9459635416666666 0.1801757812500001
0 0.8912760416666666 0.86669921875 0.5540364583333335 0.86669921875 0.5540364583333335 0.89013671875 0.8912760416666666 0.89013671875
0 0.5331110026041667 0.11431982421875003 0.15240950520833335 0.10949145507812501 0.15153787136334848 0.1481495752259282 0.5322393687591819 0.1529779443665532