0 0.4023437500000001 0.7981770833333334 0.21386718750000006 0.7981770833333334 0.21386718750000006 0.8235677083333334 0.4023437500000001 0.8235677083333334
0 0.40869140625 0.4895833333333333 0.21240234375000006 0.4895833333333333 0.21240234375000006 0.517578125 0.40869140625 0.517578125
0 0.4096679687500001 0.615234375 0.21240234375000006 0.615234375 0.21240234375000006 0.640625 0.4096679687500001 0.640625
0 0.85400390625 0.6477864583333335 0.64794921875 0.6477864583333335 0.64794921875 0.6751302083333334 0.85400390625 0.6751302083333334
0 0.40576171875 0.5221354166666666 0.21191406250000006 0.5221354166666666 0.21191406250000006 0.5494791666666666 0.40576171875 0.5494791666666666
0 0.41162109375 0.27539062500000006 0.2080078125 0.275390625 0.20800781250000003 0.3033854166666667 0.41162109375 0.30338541666666674
0 0.4067382812500001 0.7669270833333334 0.21191406250000006 0.7669270833333334 0.21191406250000006 0.79296875 0.4067382812500001 0.79296875
0 0.861328125 0.04427083333333346 0.65283203125 0.04427083333333345 0.65283203125 0.0748697916666668 0.861328125 0.07486979166666681
0 0.4072265625000001 0.7356770833333334 0.21240234375000006 0.7356770833333334 0.21240234375000006 0.7630208333333334 0.4072265625000001 0.7630208333333334
0 0.4082031250000001 0.7037760416666666 0.21289062500000006 0.7037760416666666 0.21289062500000006 0.732421875 0.4082031250000001 0.732421875
0 0.861328125 0.14388020833333345 0.65234375 0.14388020833333345 0.65234375 0.17447916666666677 0.861328125 0.17447916666666682
0 0.4047851562500001 0.64453125 0.21093750000000006 0.64453125 0.21093750000000006 0.6725260416666666 0.4047851562500001 0.6725260416666666
0 0.861328125 0.11263020833333347 0.654296875 0.11263020833333344 0.654296875 0.1432291666666668 0.861328125 0.14322916666666682
0 0.63134765625 0.6809895833333334 0.4238281250000001 0.6809895833333334 0.4238281250000001 0.7096354166666666 0.63134765625 0.7096354166666666
0 0.85400390625 0.4934895833333335 0.65087890625 0.4934895833333335 0.65087890625 0.5227864583333335 0.85400390625 0.5227864583333335
0 0.6298828125 0.7760416666666666 0.4233398437500001 0.7760416666666666 0.4233398437500001 0.8053385416666666 0.6298828125 0.8053385416666666
0 0.857421875 0.4622395833333335 0.65185546875 0.4622395833333335 0.65185546875 0.4915364583333335 0.857421875 0.4915364583333335
0 0.8583984375 0.3684895833333335 0.65380859375 0.3684895833333335 0.65380859375 0.3977864583333335 0.8583984375 0.3977864583333335
0 0.6328125 0.7122395833333334 0.4223632812500001 0.7122395833333334 0.4223632812500001 0.7415364583333334 0.6328125 0.7415364583333334
0 0.85693359375 0.4309895833333335 0.6533203125 0.4309895833333335 0.6533203125 0.4602864583333335 0.85693359375 0.4602864583333335
0 0.85205078125 0.5566406250000001 0.650390625 0.5566406250000001 0.650390625 0.5846354166666669 0.85205078125 0.5846354166666669
0 0.857421875 0.3990885416666668 0.65185546875 0.3990885416666668 0.65185546875 0.4283854166666668 0.857421875 0.4283854166666668
0 0.63134765625 0.744140625 0.4233398437500001 0.744140625 0.4233398437500001 0.7734375 0.63134765625 0.7734375
0 0.85205078125 0.6790364583333334 0.65087890625 0.6790364583333334 0.65087890625 0.7063802083333334 0.85205078125 0.7063802083333334
0 0.4077148437500001 0.673828125 0.21142578125000006 0.673828125 0.21142578125000006 0.701171875 0.4077148437500001 0.701171875
0 0.845703125 0.07812500000000012 0.654296875 0.07812500000000011 0.654296875 0.1100260416666668 0.845703125 0.11002604166666681
0 0.85302734375 0.5247395833333335 0.64990234375 0.5247395833333335 0.64990234375 0.5540364583333335 0.85302734375 0.5540364583333335
0 0.40869140625 0.5540364583333334 0.21142578125000006 0.5540364583333334 0.21142578125000006 0.5813802083333334 0.40869140625 0.5813802083333334
0 0.4091796875 0.30664062500000006 0.20751953125000006 0.306640625 0.20751953125000006 0.3359375 0.4091796875 0.3359375
0 0.40771484375000006 0.5846354166666666 0.21142578125000006 0.5846354166666666 0.21142578125000006 0.6126302083333334 0.4077148437500001 0.6126302083333334
0 0.857421875 0.33593750000000017 0.6513671875 0.33593750000000017 0.6513671875 0.36523437500000017 0.857421875 0.36523437500000017
0 0.634765625 0.6490885416666667 0.4233398437500001 0.6490885416666666 0.4233398437500001 0.6783854166666666 0.634765625 0.6783854166666666
0 0.63525390625 0.48828125000000006 0.423828125 0.48828125 0.423828125 0.5175781250000001 0.63525390625 0.5175781250000001
0 0.63232421875 0.5540364583333334 0.42236328125 0.5540364583333334 0.42236328125 0.5820312500000001 0.63232421875 0.5820312500000001
0 0.85107421875 0.5865885416666669 0.6474609375 0.5865885416666669 0.6474609375 0.6145833333333335 0.85107421875 0.6145833333333335
0 0.40869140625 0.3684895833333333 0.21240234375000006 0.3684895833333333 0.21240234375000006 0.3971354166666667 0.40869140625 0.3971354166666667
0 0.40771484375 0.400390625 0.21191406250000006 0.400390625 0.21191406250000006 0.4283854166666667 0.40771484375 0.4283854166666667
0 0.8603515625 0.17643229166666677 0.65234375 0.17643229166666674 0.65234375 0.2070312500000001 0.8603515625 0.20703125000000014
0 0.859375 0.3046875000000001 0.65478515625 0.30468750000000006 0.65478515625 0.33398437500000017 0.859375 0.33398437500000017
0 0.62939453125 0.8079427083333334 0.4238281250000001 0.8079427083333334 0.4238281250000001 0.8372395833333334 0.62939453125 0.8372395833333334
0 0.4091796875 0.3372395833333333 0.21142578125000006 0.3372395833333333 0.21142578125000006 0.3665364583333333 0.4091796875 0.3665364583333333
0 0.8544921875 0.6171875000000001 0.6484375 0.6171875000000001 0.6484375 0.6451822916666669 0.8544921875 0.6451822916666669
0 0.4052734375 0.4309895833333333 0.21435546875000006 0.4309895833333333 0.21435546875000006 0.4596354166666667 0.4052734375 0.4596354166666667
0 0.63134765625 0.5846354166666667 0.42431640625 0.5846354166666666 0.42431640625000006 0.6139322916666667 0.63134765625 0.6139322916666669
0 0.40869140625 0.4622395833333333 0.21582031250000006 0.4622395833333333 0.21582031250000006 0.490234375 0.40869140625 0.490234375
0 0.85791015625 0.2402343750000001 0.6552734375 0.24023437500000008 0.6552734375 0.2701822916666668 0.85791015625 0.2701822916666668
0 0.63330078125 0.6191406250000001 0.4208984375000001 0.619140625 0.4208984375000001 0.6484375000000001 0.63330078125 0.6484375000000001
0 0.85205078125 0.7415364583333334 0.6494140625 0.7415364583333334 0.6494140625 0.7688802083333334 0.85205078125 0.7688802083333334
0 0.85791015625 0.2708333333333334 0.65625 0.2708333333333334 0.65625 0.3007812500000001 0.85791015625 0.30078125000000017
0 0.6328125 0.5214843750000001 0.42529296875 0.521484375 0.42529296875 0.5507812500000001 0.6328125 0.5507812500000001
0 0.85107421875 0.8033854166666666 0.64892578125 0.8033854166666666 0.64892578125 0.8313802083333334 0.85107421875 0.8313802083333334
0 0.8623046875 0.2089843750000001 0.6494140625 0.20898437500000008 0.6494140625 0.2382812500000001 0.8623046875 0.23828125000000014
0 0.85205078125 0.7109375 0.64990234375 0.7109375 0.64990234375 0.7389322916666666 0.85205078125 0.7389322916666666
0 0.85009765625 0.7727864583333334 0.64990234375 0.7727864583333334 0.64990234375 0.8001302083333334 0.85009765625 0.8001302083333334
0 0.63427734375 0.45768229166666674 0.42578125 0.4576822916666667 0.42578125 0.48437500000000006 0.63427734375 0.48437500000000017
0 0.4052734375000001 0.828125 0.21289062500000006 0.828125 0.21289062500000006 0.8600260416666666 0.4052734375000001 0.8600260416666666
0 0.85107421875 0.8346354166666666 0.6474609375 0.8346354166666666 0.6474609375 0.865234375 0.85107421875 0.865234375
0 0.6298828125 0.8424479166666666 0.4228515625000001 0.8424479166666666 0.4228515625000001 0.869140625 0.6298828125 0.869140625