0 0.7945752890624999 0.1237428671875 0.2417983104972748 0.12052406648400193 0.24108977909692778 0.15902400319521554 0.7938667576621529 0.16224280389871362
0 0.725486244791667 0.8733649902343752 0.2745029895447567 0.8678712572310611 0.2736094678819447 0.8910795400390626 0.7245927231288549 0.8965732730423768
0 0.7253401163194446 0.8476789145507813 0.27432492968750016 0.8414331694335937 0.2732486978789293 0.8660231273722393 0.7242638845108736 0.8722688724894269
0 0.726247051215278 0.8197356450195312 0.2734527781777277 0.8154508683359956 0.2727031293402779 0.8405163271484375 0.7254974023778282 0.8448011038319732
0 0.7286925086805557 0.79601958203125 0.2676867560763891 0.7894207573242188 0.26653307616454186 0.8149225163203114 0.7275388287687085 0.8215213410273426
0 0.7328507786458336 0.7690042055664064 0.26865608891183806 0.7634518355604534 0.267710806979913 0.788456911562262 0.7319054967139086 0.794009281568215
0 0.7354412864583333 0.7418971225585936 0.267706513888889 0.7355887944335936 0.2665397438680299 0.7629613721880348 0.7342745164374742 0.7692697003130349
0 0.7379447647569446 0.7144013657226562 0.2644891154513891 0.7063056137695313 0.2629106957609697 0.7355127955219889 0.7363663450665252 0.7436085474751138
0 0.7404072630208334 0.6863311606445313 0.2612961560365477 0.6807591880714526 0.26039176562500016 0.7053644658203124 0.7395028726092859 0.710936438393391
0 0.7904564850869961 0.16392871434841494 0.24287423417799786 0.15461032535974342 0.2408641993284898 0.19198325709870892 0.788446450237488 0.20130164608738044
0 0.7876340833333334 0.1996594643554688 0.24322641579861118 0.19523466455078128 0.24234382589047054 0.2295931979640578 0.7867514934251928 0.23401799776874532
0 0.7813394988996334 0.2362139398389543 0.24551687896564742 0.23054362425957656 0.2443370121527778 0.2658206411132812 0.7801596320867639 0.27149095669265894
0 0.7778362699652779 0.2722535029296876 0.2451771493055556 0.26533688818359386 0.24378695379988435 0.29921168627233385 0.7764460744596066 0.3061283010184276
0 0.7766449079861112 0.307497435546875 0.24981429861111115 0.30206300439453126 0.24877867388228284 0.33382913918937057 0.775609283257283 0.3392635703417143
0 0.7772301631944444 0.3411908647460938 0.24874928993055567 0.3363835576171875 0.24774689100946576 0.3712504345537242 0.7762277642733545 0.37605774168263045
0 0.7447393151041669 0.6569087900390627 0.26120891232638904 0.6524412504882813 0.26038751130388965 0.6805703398667069 0.7439179140816674 0.6850378794174883
0 0.7481274444444445 0.6275097094726563 0.26628352951388895 0.6218744326171874 0.265271341353615 0.6492584667826924 0.7471152562841704 0.6548937436381612
0 0.7492076666666667 0.5971156845703125 0.2597509088541668 0.5930507041015625 0.25900066326860305 0.6216334776213143 0.748457421081103 0.6256984580900643
0 0.7534364253472224 0.5672169672851562 0.2573871883680557 0.5628473784179687 0.2565859484340762 0.5916274486690615 0.7526351854132429 0.595997037536249
0 0.7552145555555557 0.5358791293945313 0.25833782725694454 0.5322124614257814 0.2576601033117011 0.5612710794285244 0.7545368316103123 0.5649377473972743
0 0.7561480503472222 0.5064233906249999 0.2543667144097223 0.5006280415039062 0.25329951344930834 0.5298645940257276 0.7550808493868082 0.5356599431468213
0 0.7587867222222222 0.47458585156249994 0.25207415364583347 0.46813157617187495 0.25080384989997256 0.4996864768199916 0.7575164184763613 0.5061407522106166
0 0.7616291883680556 0.44186606445312493 0.2521994548611112 0.4374885556640624 0.2513253444724965 0.4696746735875475 0.7607550779794409 0.47405218237661
0 0.7650446684027778 0.409063869140625 0.2525109390717955 0.40359553696078254 0.25144660416666675 0.4351594560546874 0.7639803334976492 0.44062778823452986
0 0.7685520963541667 0.3758203217773437 0.2501334956597223 0.3710995688476562 0.24922504180010463 0.4026654002173104 0.7676436424945491 0.4073861531469979
0 0.7998886050347223 0.08525999951171881 0.2385742291666667 0.07922262744140625 0.2372488570069785 0.11821153987809957 0.7985632328750341 0.12424891194841213
0 0.7215317057291668 0.8987987924804687 0.27688148784722233 0.8920123242187499 0.2756099078112692 0.9183734189283794 0.7202601256932136 0.9251598871900982