0 0.95751953125 0.3444010416666668 0.810546875 0.3444010416666668 0.810546875 0.36718750000000017 0.95751953125 0.36718750000000017
0 0.76904296875 0.4694010416666668 0.6357421875 0.4694010416666668 0.6357421875 0.4915364583333335 0.76904296875 0.4915364583333335
0 0.9599609375 0.3697916666666668 0.81005859375 0.3697916666666668 0.81005859375 0.39257812500000017 0.9599609375 0.39257812500000017
0 0.974609375 0.2649739583333335 0.818359375 0.2649739583333335 0.818359375 0.2903645833333335 0.974609375 0.2903645833333335
0 0.611328125 0.3450520833333334 0.44384765625 0.3450520833333333 0.44384765625 0.3684895833333334 0.611328125 0.3684895833333335
0 0.81689453125 0.06445312500000012 0.64453125 0.06445312500000011 0.64453125 0.09114583333333347 0.81689453125 0.09114583333333348
0 0.43359375 0.341796875 0.25439453125 0.341796875 0.25439453125 0.3665364583333333 0.43359375 0.3665364583333333
0 0.60205078125 0.4446614583333334 0.44775390625 0.4446614583333333 0.44775390625 0.46549479166666674 0.60205078125 0.4654947916666668
0 0.6064453125 0.4192708333333334 0.4482421875 0.4192708333333333 0.4482421875 0.44205729166666674 0.6064453125 0.4420572916666668
0 0.60595703125 0.46875000000000006 0.4443359375 0.46875 0.4443359375 0.49023437500000006 0.60595703125 0.49023437500000017
0 0.43408203125 0.421875 0.26025390625 0.421875 0.26025390625 0.4453125 0.43408203125 0.4453125
0 0.77001953125 0.44531250000000017 0.63623046875 0.44531250000000017 0.63623046875 0.4674479166666668 0.77001953125 0.4674479166666668
0 0.609375 0.29101562500000006 0.4453125 0.29101562500000006 0.4453125 0.31445312500000006 0.609375 0.31445312500000006
0 0.779296875 0.3444010416666668 0.64111328125 0.3444010416666668 0.64111328125 0.3678385416666668 0.779296875 0.3678385416666668
0 0.7890625 0.2643229166666668 0.64599609375 0.26432291666666674 0.64599609375 0.2897135416666668 0.7890625 0.2897135416666668
0 0.78271484375 0.2916666666666668 0.64501953125 0.29166666666666674 0.64501953125 0.3157552083333334 0.78271484375 0.3157552083333335
0 0.794921875 0.1796875000000001 0.65087890625 0.17968750000000008 0.65087890625 0.2070312500000001 0.794921875 0.20703125000000014
0 0.431640625 0.369140625 0.25634765625 0.369140625 0.25634765625 0.3932291666666667 0.431640625 0.3932291666666667
0 0.77490234375 0.4212239583333335 0.6376953125 0.4212239583333335 0.6376953125 0.4420572916666668 0.77490234375 0.4420572916666668
0 0.6142578125 0.2649739583333334 0.44482421875 0.2649739583333334 0.44482421875 0.28971354166666674 0.6142578125 0.28971354166666674
0 0.9560546875 0.3938802083333335 0.80712890625 0.3938802083333335 0.80712890625 0.41601562500000017 0.9560546875 0.41601562500000017
0 0.43310546875 0.447265625 0.26171875 0.447265625 0.26171875 0.4694010416666667 0.43310546875 0.4694010416666667
0 0.22949218750000006 0.3430989583333333 0.05419921875000003 0.3430989583333333 0.05419921875000003 0.3671875 0.22949218750000006 0.3671875
0 0.98046875 0.21158854166666682 0.82373046875 0.21158854166666682 0.82373046875 0.23697916666666682 0.98046875 0.23697916666666682
0 0.6103515625 0.36979166666666674 0.44482421875 0.3697916666666667 0.44482421875 0.39322916666666674 0.6103515625 0.3932291666666668
0 0.619140625 0.18033854166666674 0.44970703125 0.18033854166666674 0.44970703125 0.20703125000000008 0.619140625 0.20703125000000008
0 0.77685546875 0.3704427083333335 0.63916015625 0.3704427083333335 0.63916015625 0.39257812500000017 0.77685546875 0.39257812500000017
0 0.22998046875000003 0.28710937500000006 0.04394531250000003 0.287109375 0.04394531250000003 0.31380208333333337 0.22998046875000006 0.3138020833333334
0 0.94775390625 0.46289062500000017 0.79833984375 0.46289062500000017 0.79833984375 0.4837239583333335 0.94775390625 0.4837239583333335
0 0.7802734375 0.3170572916666668 0.64306640625 0.31705729166666674 0.64306640625 0.34179687500000017 0.7802734375 0.34179687500000017
0 0.94873046875 0.4446614583333335 0.80224609375 0.4446614583333335 0.80224609375 0.46484375000000017 0.94873046875 0.46484375000000017
0 0.24218750000000006 0.451171875 0.06542968750000003 0.451171875 0.06542968750000004 0.4739583333333333 0.24218750000000006 0.4739583333333333
0 0.79345703125 0.20833333333333345 0.650390625 0.2083333333333334 0.650390625 0.2343750000000001 0.79345703125 0.23437500000000014
0 0.24023437500000006 0.421875 0.06347656250000003 0.421875 0.06347656250000003 0.4453125 0.24023437500000006 0.4453125
0 0.22900390625 0.25911458333333337 0.04541015625000003 0.2591145833333333 0.04541015625000003 0.2858072916666667 0.22900390625 0.28580729166666674
0 0.619140625 0.2083333333333334 0.44873046875 0.2083333333333334 0.44873046875 0.23437500000000008 0.619140625 0.23437500000000008
0 0.22119140625 0.20052083333333334 0.038085937500000014 0.20052083333333334 0.038085937500000014 0.2265625 0.22119140625 0.2265625
0 0.951171875 0.41796875000000017 0.8037109375 0.41796875000000017 0.8037109375 0.4388020833333335 0.951171875 0.4388020833333335
0 0.23486328125000006 0.3958333333333333 0.05957031250000004 0.3958333333333333 0.05957031250000004 0.419921875 0.23486328125000006 0.419921875
0 0.4267578125 0.25781250000000006 0.25048828125 0.25781250000000006 0.25048828125 0.2845052083333334 0.4267578125 0.2845052083333334
0 0.43212890625 0.4739583333333333 0.263671875 0.4739583333333333 0.263671875 0.4934895833333333 0.43212890625 0.4934895833333333
0 0.21484375 0.14257812500000003 0.032714843750000014 0.142578125 0.032714843750000014 0.169921875 0.21484375 0.169921875
0 0.80029296875 0.12239583333333347 0.65283203125 0.12239583333333344 0.65283203125 0.1510416666666668 0.80029296875 0.15104166666666682
0 0.62109375 0.09049479166666675 0.4453125 0.09049479166666674 0.4453125 0.11979166666666675 0.62109375 0.11979166666666678
0 0.61767578125 0.1210937500000001 0.44384765625 0.12109375000000007 0.44384765625 0.14843750000000008 0.61767578125 0.1484375000000001
0 0.22265625 0.171875 0.032714843750000014 0.171875 0.032714843750000014 0.19921875 0.22265625 0.19921875
0 0.42919921875 0.04752604166666672 0.23193359375 0.047526041666666706 0.23193359375 0.07486979166666673 0.42919921875 0.07486979166666674
0 0.24560546875000006 0.4752604166666667 0.06787109375000006 0.4752604166666667 0.06787109375000006 0.498046875 0.24560546875000006 0.498046875
0 0.9873046875 0.06901041666666681 0.8466796875 0.0690104166666668 0.8466796875 0.09505208333333348 0.9873046875 0.09505208333333348
0 0.22998046875000006 0.31575520833333337 0.05175781250000003 0.3157552083333333 0.05175781250000003 0.3404947916666667 0.22998046875000006 0.3404947916666667
0 0.42822265625 0.31510416666666674 0.25341796875 0.31510416666666674 0.25341796875 0.3391927083333333 0.42822265625 0.3391927083333333
0 0.43017578125 0.28580729166666674 0.25146484375 0.28580729166666674 0.25146484375 0.31119791666666674 0.43017578125 0.31119791666666674
0 0.42578125 0.11067708333333338 0.23876953125 0.11067708333333337 0.23876953125 0.1393229166666667 0.42578125 0.13932291666666674
0 0.9638671875 0.3177083333333335 0.814453125 0.3177083333333335 0.814453125 0.3411458333333335 0.9638671875 0.3411458333333335
0 0.21142578125 0.08138020833333336 0.021484375000000007 0.08138020833333333 0.021484375000000007 0.11132812500000001 0.21142578125 0.11132812500000004
0 0.4287109375 0.19986979166666674 0.24853515625 0.19986979166666674 0.24853515625 0.2278645833333334 0.4287109375 0.2278645833333334
0 0.98828125 0.15625000000000014 0.83056640625 0.15625000000000014 0.83056640625 0.18229166666666682 0.98828125 0.18229166666666682
0 0.61474609375 0.2376302083333334 0.447265625 0.2376302083333334 0.447265625 0.26236979166666674 0.61474609375 0.26236979166666674
0 0.7919921875 0.23697916666666677 0.64794921875 0.23697916666666674 0.64794921875 0.2623697916666668 0.7919921875 0.2623697916666668
0 0.4267578125 0.1412760416666667 0.2431640625 0.1412760416666667 0.2431640625 0.16861979166666674 0.4267578125 0.16861979166666674
0 0.42529296875 0.08007812500000006 0.2373046875 0.08007812500000004 0.2373046875 0.10937500000000006 0.42529296875 0.10937500000000007
0 0.77587890625 0.39648437500000017 0.63671875 0.39648437500000017 0.63671875 0.4192708333333335 0.77587890625 0.4192708333333335
0 0.4267578125 0.17187500000000008 0.24267578125 0.17187500000000008 0.24267578125 0.1985677083333334 0.4267578125 0.1985677083333334
0 0.21435546875 0.049479166666666685 0.017089843750000007 0.049479166666666664 0.017089843750000007 0.07682291666666669 0.21435546875 0.0768229166666667
0 0.4326171875 0.3958333333333333 0.2587890625 0.3958333333333333 0.2587890625 0.41796875 0.4326171875 0.41796875
0 0.21044921875 0.11197916666666669 0.027343750000000007 0.11197916666666667 0.02734375000000001 0.14127604166666669 0.21044921875 0.1412760416666667
0 0.6083984375 0.3958333333333334 0.4462890625 0.3958333333333333 0.4462890625 0.41796875000000006 0.6083984375 0.41796875000000017
0 0.6181640625 0.15039062500000008 0.4443359375 0.15039062500000008 0.4443359375 0.17773437500000008 0.6181640625 0.17773437500000008
0 0.22314453125 0.22916666666666666 0.04199218750000003 0.22916666666666666 0.04199218750000003 0.2571614583333333 0.22314453125 0.2571614583333333
0 0.99560546875 0.09960937500000015 0.83740234375 0.09960937500000015 0.83740234375 0.12695312500000014 0.99560546875 0.12695312500000014
0 0.42724609375 0.2298177083333334 0.24853515625 0.2298177083333334 0.24853515625 0.25651041666666674 0.42724609375 0.25651041666666674
0 0.96630859375 0.2916666666666668 0.81591796875 0.2916666666666668 0.81591796875 0.3151041666666668 0.96630859375 0.3151041666666668
0 0.81298828125 0.09309895833333347 0.64501953125 0.09309895833333344 0.64501953125 0.1217447916666668 0.81298828125 0.12174479166666681
0 0.79736328125 0.1510416666666668 0.65185546875 0.15104166666666677 0.65185546875 0.17838541666666677 0.79736328125 0.17838541666666682
0 0.611328125 0.3177083333333334 0.447265625 0.3177083333333334 0.447265625 0.3411458333333334 0.611328125 0.3411458333333335
0 0.99169921875 0.12760416666666682 0.83349609375 0.12760416666666682 0.83349609375 0.15429687500000014 0.99169921875 0.15429687500000014
0 0.98583984375 0.18359375000000014 0.82763671875 0.18359375000000014 0.82763671875 0.20963541666666682 0.98583984375 0.20963541666666682
0 0.97509765625 0.23958333333333348 0.8203125 0.23958333333333348 0.8203125 0.26367187500000017 0.97509765625 0.26367187500000017
0 0.23339843750000006 0.369140625 0.05566406250000003 0.369140625 0.055664062500000035 0.3938802083333333 0.23339843750000006 0.3938802083333333
0 0.24609375000000006 0.5026041666666666 0.07031250000000006 0.5026041666666666 0.07031250000000006 0.5240885416666666 0.24609375000000006 0.5240885416666666
0 0.60546875 0.4934895833333334 0.443359375 0.4934895833333333 0.443359375 0.5208333333333334 0.60546875 0.5208333333333335
0 0.4345703125 0.4986979166666667 0.26416015625 0.4986979166666667 0.26416015625 0.5227864583333334 0.4345703125 0.5227864583333334
0 0.78271484375 0.4954427083333335 0.62060546875 0.4954427083333335 0.62060546875 0.5156250000000001 0.78271484375 0.5156250000000001
0 0.9443359375 0.49023437500000017 0.79638671875 0.49023437500000017 0.79638671875 0.5143229166666669 0.9443359375 0.5143229166666669
0 0.62060546875 0.06184895833333342 0.443359375 0.061848958333333405 0.443359375 0.08723958333333343 0.62060546875 0.08723958333333344