0 0.6997520058787974 0.8790621382405015 0.6937914904513889 0.8483606469726562 0.2242100210309248 0.8772062982829358 0.23017053645833332 0.9079077895507811
0 0.7015402866431043 0.8459697460602318 0.6962426029814106 0.8183639692205247 0.22315450297025072 0.8470898349766991 0.22845218663194444 0.8746956118164062
0 0.6959487508680557 0.8180357182617188 0.6908686891804741 0.7895576471799577 0.22045587234019617 0.8161087531369889 0.22553593402777775 0.8445868242187501
0 0.6937081880226734 0.7899419018964059 0.6885330355902776 0.7598537109374998 0.2161462651023264 0.7855618031817189 0.2213214175347222 0.815649994140625
0 0.6890830499417554 0.7586240277091332 0.6839129171184216 0.7297182928281509 0.21660683419055507 0.7561645473455803 0.2217769670138889 0.7850702822265625
0 0.6897862257911709 0.7299398798218579 0.6855901145833333 0.7029730991210937 0.21795781413938464 0.7259963921507983 0.2221539253472222 0.7529631728515624
0 0.6871710833333332 0.7008857954101563 0.6826833205381052 0.6721212636330073 0.2134528318228275 0.6952847465431635 0.21794059461805557 0.7240492783203125
0 0.6854299114583334 0.6736203286132814 0.6814163542708083 0.6436119472571573 0.20963352093747473 0.6635771660071572 0.21364707812500003 0.6935855473632813
0 0.6809457942708333 0.6435689541015625 0.6774683747933781 0.6150017958578528 0.21326241211976693 0.6328809023031653 0.2167398315972222 0.661448060546875
0 0.6804995199652777 0.6139416591796876 0.677304230877297 0.5854993212792673 0.20923009632868597 0.6021374531152048 0.21242538541666672 0.6305797910156251
0 0.6769016785270434 0.5850398869761596 0.6739282291518749 0.5572432348882183 0.20858988482622032 0.5729932854120586 0.21156333420138887 0.6007899375
0 0.6757504557982472 0.5556565327061886 0.6729469800331513 0.5266761207447545 0.20919725947795972 0.540870649073722 0.21200073524305557 0.5698510610351561
0 0.6725728894209481 0.5245634168510015 0.6700421593827963 0.49668991258509737 0.20618755381944442 0.5100153408203125 0.20871828385759622 0.5378888450862166
0 0.6734049402264203 0.49547059075991323 0.671512216022366 0.470280599662707 0.20334912760416668 0.48141076318359377 0.20524185180822088 0.5066007542808
0 0.6761277144097222 0.4675632475585938 0.6744693757494428 0.4396989970631605 0.20143520734666492 0.44860665282487927 0.20309354600694443 0.47647090332031256
0 0.6689488729529228 0.43849527789827586 0.6678148194444444 0.41193431347656245 0.19624802548457718 0.41830487884000533 0.19738207899305554 0.44486584326171874
0 0.66831796875 0.4085309643554689 0.6669747412901453 0.37989442760349057 0.18909115535264526 0.3869868768222405 0.1904343828125 0.4156234135742188
0 0.6702972170036181 0.37874643908456906 0.6695651126527575 0.35352456797201554 0.1907392116213616 0.35792219480541515 0.19147131597222222 0.3831440659179687
0 0.6665954869791667 0.34897418408203124 0.6661109900446278 0.3230568871738963 0.19276037719740569 0.3258567021153025 0.19324487413194447 0.3517739990234374
0 0.6656141319816575 0.3176049826993738 0.6649142384819565 0.2889919334172368 0.1867914748263889 0.2926923642578125 0.18749136832608992 0.3213054135399495
0 0.6585522282847592 0.10477057036669411 0.17802138454861113 0.09691978515625002 0.17637217376708272 0.128859379212057 0.6569030175032309 0.13671016442250108
0 0.6561538855289315 0.1429754171543401 0.17854021267361114 0.13321242578125 0.1767985817818304 0.16017088198346496 0.6544122546371508 0.16993387335655505
0 0.6581204702146359 0.17198935473298618 0.18087786284722224 0.16526622363281251 0.17961977457703077 0.1935230769076389 0.6568623819444445 0.20024620800781257
0 0.6649448137291345 0.20158782803564274 0.1824358411458334 0.19537872802734374 0.18122895820908827 0.22505346918961455 0.6637379307923894 0.23126256919791355
0 0.6675033575482128 0.23150366182046334 0.18409493489583337 0.22744560742187497 0.18330645319375014 0.2571645273222017 0.6667148758461295 0.26122258172079005
0 0.6641697204861112 0.2627045405273438 0.18718937673611116 0.260990037109375 0.18684756310957196 0.29107826103740214 0.6638279068595719 0.29279276445537095