0 0.8401431692708334 0.08014869433593753 0.2946788437500001 0.07470734326171877 0.29347842009700226 0.11278228105386105 0.8389427456178356 0.11822363212807982
0 0.8356390034722222 0.11611919921875005 0.29224655034722224 0.11136014306640626 0.2912705487520466 0.14662063397508826 0.8346630018770466 0.15137969012743208
0 0.8323108940972221 0.1515341625976563 0.29021165104166674 0.14632630029296878 0.2891344035647058 0.18180599277968057 0.8312336466202613 0.1870138550843681
0 0.8267244531250001 0.1874516508789063 0.28305574317291415 0.1808971068496736 0.2817099987725698 0.21621538222199432 0.8253787087246558 0.22276992625122702
0 0.8223145381944444 0.2228133759765625 0.275591373100538 0.21169477964302078 0.27320214292285844 0.2488671758577858 0.8199253080167649 0.25998577219132757
0 0.8230089019097222 0.2604062407226563 0.2759695269097222 0.24753640673828128 0.27334739705006605 0.2828014882666578 0.820386772050066 0.29567132225103276
0 0.8165296284722223 0.2950527094726563 0.26923888107638894 0.2803003510742188 0.2661212540184678 0.3168956978465988 0.8134120014143013 0.33164805624503635
0 0.8087795772569444 0.33086372167968753 0.26694891232638895 0.3160408857421876 0.2637807875424556 0.3526829229227805 0.805611452473011 0.3675057588602804
0 0.8087919991319444 0.36582966162109376 0.26426673987981353 0.3525648397536346 0.2614042951586168 0.3897439309960375 0.8059295544107478 0.40300875286349663
0 0.8033002795138889 0.40113814843749995 0.2579283359375001 0.38454512109375 0.25447029070267113 0.4205070424359441 0.79984223427906 0.43710006977969407
0 0.7986017373997951 0.4370766278673721 0.2554986175271263 0.41660960385644896 0.250934779513889 0.4549276074218751 0.7940378993865578 0.47539463143279825
0 0.794790849826389 0.47330859130859376 0.25178172569444457 0.45267001123046874 0.24757299170520916 0.48770676355313386 0.7905821158371537 0.5083453436312588
0 0.788408938627911 0.506873669977515 0.24729443638718512 0.48583620153623547 0.2429253988009409 0.5213933176915329 0.7840399010416668 0.5424307861328125
0 0.7828573376736112 0.5429889487304689 0.23952755553409233 0.5215519178580623 0.2350968202910367 0.5570839242057184 0.7784266024305556 0.578520955078125
0 0.7789968034490443 0.5785462733540429 0.23758467795138896 0.5545062924804689 0.23277358370373363 0.5887896050639262 0.7741857092013891 0.6128295859375001
0 0.7787243914930557 0.6118202270507812 0.2324517196180557 0.58750816015625 0.22720118170451128 0.624836308311499 0.7734738535795114 0.6491483752060302
0 0.7729380677083335 0.649022845703125 0.22880577517361125 0.6215071337890625 0.22292292018144344 0.6583163816951927 0.7670552127161658 0.6858320936092551
0 0.7719585876736113 0.6834919785156252 0.2216154314236113 0.6571790405273439 0.21616092310966964 0.6932755235597143 0.7665040793596697 0.7195884615479956
0 0.7669818434650657 0.7208787354210969 0.2167446614583335 0.6894532001953126 0.21068346667204677 0.7230324157000567 0.760920648678779 0.754457950925841
0 0.7628112343750002 0.7563912446289063 0.21149208767361122 0.7222661118164062 0.20432181788935647 0.758919090564543 0.7556409645907455 0.7930442233770431
0 0.757215185763889 0.7923705087890626 0.2089054357638891 0.7600121845703126 0.2026397890858607 0.7936053478747542 0.7509495390858607 0.8259636720935042
0 0.7529742925347225 0.8266791396484378 0.2052599609375002 0.7940109360351565 0.19822284339162255 0.831341857504997 0.7459371749888448 0.8640100611182783
0 0.7468079102769907 0.8638926715561572 0.19835433246527798 0.8278494921875001 0.19094465371034955 0.8635242648312453 0.7393982315220621 0.8995674441999024
0 0.7427074279289803 0.8982687273547585 0.19633848437500015 0.86192844140625 0.18879080818213118 0.8978335280163353 0.7351597517361113 0.9341738139648438
0 0.7374503280144559 0.9356208352764687 0.18929071440972242 0.896683684082031 0.1809929161297546 0.9336452862359108 0.729152529734488 0.9725824374303484