0 0.9005751631944445 0.010656372558593757 0.13686274479166666 0.008660784179687507 0.13640739665240076 0.06379833944815234 0.9001198150551786 0.06579392782705859
0 0.8852313723958334 0.07307818603515631 0.13875032638888887 0.066001470703125 0.13723627151291015 0.11653431325814252 0.8837173175198546 0.12361102859017384
0 0.8828710243055554 0.12553921582031252 0.14913333333333334 0.11590931396484376 0.14711464563496582 0.16457615507519 0.8808523366071879 0.17420605693065874
0 0.862806099826389 0.17999240185546878 0.14873725520833336 0.16870318603515624 0.14654252283214866 0.21262729224954482 0.8606113674502044 0.22391650806985736
0 0.8521838776041666 0.22979705859375002 0.15762788628472227 0.21731740185546874 0.15528381677350803 0.25859554585043376 0.8498398080929523 0.27107520258871504
0 0.843922004340278 0.2781546567382813 0.1581795208333334 0.260888970703125 0.15494130605904882 0.30158274014136965 0.8406837895659933 0.318848426176526
0 0.8368400868055557 0.32397500000000007 0.1632915034722223 0.30439044140625005 0.15947714336518828 0.34589749297164574 0.8330257266985216 0.36548205156539576
0 0.8250374730902776 0.3684671567382813 0.16517908506944448 0.3489887255859375 0.16155997763544094 0.38778082607219305 0.8214183656562741 0.4072592572245368
0 0.8155952065972224 0.408975 0.17084226562500004 0.38668504882812493 0.16683110205465182 0.4233963384156706 0.811584043026874 0.44568628958754564
0 0.8061529409722223 0.44737156884765633 0.17273028298611118 0.4265049018554688 0.1684909042942843 0.4672230272287985 0.8019135622803953 0.488089694220986
0 0.7943498914930558 0.49053578417968763 0.17556165538194454 0.46632500000000005 0.17136546618958978 0.5002588633609099 0.7901537023007009 0.5244696475405974
0 0.7884488020833333 0.5250669116210938 0.18178518489583345 0.49717622558593744 0.17645870049822554 0.5338347066540645 0.7831223176857255 0.5617253926892208
0 0.7778261440972222 0.5629186274414063 0.18688845312500013 0.5353463237304688 0.18238241469906205 0.5659031736903818 0.7733201056712841 0.5934754774013193
0 0.7215143815349018 0.8115845221897423 0.20387843142361126 0.7721424018554688 0.19639704728062102 0.8032088201376241 0.7140329973919115 0.8426509404718976
0 0.727732275513386 0.7849523069412625 0.20482222222222235 0.7455955883789062 0.19826293108383652 0.7731702423751435 0.7211729843750002 0.8125269609374999
0 0.7349008698623071 0.7543093948674936 0.20010283246527794 0.7163943627929688 0.1934272143727012 0.7461874092421658 0.7282252517697304 0.7841024413166906
0 0.7445695312604068 0.7257567963244745 0.1982148151041668 0.6893166665039062 0.19222222238578263 0.7177452091417467 0.7385769385420226 0.754185338962315
0 0.7518952978068953 0.6957396668020946 0.19349542447916684 0.655337009765625 0.18577674648969925 0.6890908632543152 0.7441766198174278 0.7294935202907848
0 0.7554407503090023 0.6625969630403401 0.1916078428819446 0.6277286762695312 0.18566643892710907 0.6581273016080974 0.7494993463541668 0.6929955883789063
0 0.7624823532986111 0.630573529296875 0.18688845312500013 0.5964034311523436 0.18110165279888057 0.6272462105439163 0.7566955529724917 0.6614163086884477
0 0.7707433818306987 0.5975459887186904 0.18877603472222232 0.5640166665039062 0.18275957628011408 0.5970581713331921 0.7647269233885905 0.6305874935479762