0 0.7967144348958334 0.9563718911132814 0.7965636887133102 0.912697325425786 0.19526491721024594 0.9133540043803646 0.19541566339276917 0.95702857006786
0 0.7866947864583334 0.9146061796875 0.7864188787609573 0.8701432034208155 0.19671033796234622 0.8713010413114406 0.19698624565972223 0.9157640175781251
0 0.781315181423611 0.8713143627929686 0.7809891289722262 0.8319273831458428 0.19336028834342245 0.8334665402363445 0.1936863407948074 0.8728535198834703
0 0.7767761059027778 0.8347866181640625 0.7765951548690665 0.7913656092655108 0.19811345174406647 0.7921283831912921 0.19829440277777774 0.8355493920898438
0 0.7717327187500002 0.7942004794921876 0.7710033242394441 0.7536196259101073 0.19766473830194398 0.7568802260077636 0.19839413281249998 0.7974610795898439
0 0.7698173072916665 0.7550920859375 0.7686891359910147 0.7154246307903049 0.19908161776184816 0.7205504286418675 0.20020978906249998 0.7602178837890625
0 0.7643864479166668 0.7156471777343751 0.7634624934116965 0.6793278384757441 0.2039719534811409 0.6838313414054314 0.20489590798611113 0.7201506806640625
0 0.7552069262152779 0.6806457978515625 0.7539522176400896 0.643337400052286 0.20736570594218665 0.6491536120938485 0.20862041451737492 0.686462009893125
0 0.7523638368055555 0.6405608286132811 0.7501920566426404 0.605258255506728 0.20382057313569596 0.6158933800184467 0.2059923532986111 0.6511959531249999
0 0.7516446866319446 0.608849784667969 0.749912684811457 0.5707184832531784 0.20641252856145698 0.5785295696789595 0.20814453038194447 0.6166608710937501
0 0.7463983298611112 0.5708896484375 0.7438519304266422 0.534632747854606 0.20944024813497536 0.5465083831085122 0.21198664756944444 0.5827652836914062
0 0.7439121831597224 0.5336596337890626 0.7410999726314768 0.49928569637605963 0.2064032417286989 0.5131268130752785 0.20921545225694443 0.5475007504882814
0 0.7452050677083335 0.5029856694335939 0.7426014131826594 0.46850567446890384 0.2042893272451592 0.48136728482046626 0.20689298177083332 0.5158472797851563
0 0.7409831380208333 0.47119756396484375 0.738494834591821 0.43588256589815866 0.2115919682723766 0.44762937107393985 0.21408027170138888 0.48294436914062494
0 0.7416437664930555 0.43762301855468755 0.7388961407270548 0.4059536023431175 0.21232979437288807 0.42040852177671123 0.2150774201388889 0.4520779379882813
0 0.730035509548611 0.40902489941406256 0.7277934173608221 0.37380077638484993 0.21521185138860002 0.3841241421075062 0.21745394357638886 0.4193482651367188
0 0.7320929451768792 0.37635315544743503 0.7300895633680555 0.34464175537109376 0.21921818442918883 0.35485361732235887 0.22122156623801256 0.38656501739870014
0 0.7304260833333334 0.34734986962890635 0.7284587356254487 0.31294695517604404 0.22378274430600417 0.3220784859377627 0.22575009201388888 0.35648140039062504
0 0.7328225503472221 0.3147841855468751 0.7308122135713258 0.2832010283912534 0.2179775942751785 0.29352949059451605 0.21998793105107492 0.32511264775013776
0 0.7292367439139512 0.28478803170566597 0.7264617126736111 0.25063237109375 0.22051511632910434 0.26363870559902153 0.22329014756944446 0.2977943662109375
0 0.7331689843750001 0.250657505859375 0.7306688346734354 0.22271954633773366 0.21737800347222222 0.2372533701171875 0.2198781531737869 0.2651913296388288
0 0.7253343940972222 0.2264793237304688 0.7228956338972516 0.19285873513957236 0.21665513910558498 0.20447765408488477 0.21909389930555556 0.23809824267578122
0 0.7237039453125 0.193923515625 0.7211207001017685 0.16292127331822953 0.22071484593510185 0.17611416394322957 0.22329809114583332 0.20711640625000002
0 0.7181694570349167 0.1638841959830753 0.7147496293402776 0.13045332763671874 0.22292782855536084 0.14637209356770592 0.22634765624999995 0.17980296191406248
0 0.7159707560763889 0.13169146826171882 0.7111257437046722 0.09749822371583024 0.21826989735050548 0.11959452303223643 0.2231149097222222 0.153787767578125
0 0.7105404201388889 0.10742634033203127 0.7073330797168608 0.07562307872047089 0.21448982624463864 0.0913494044040647 0.21769716666666666 0.12315266601562506