0 0.5932291666666667 0.5194444444444446 0.43333333333333335 0.5194444444444445 0.43333333333333335 0.5518518518518519 0.5932291666666667 0.551851851851852
0 0.5921875 0.7953703703703705 0.4359375 0.7953703703703704 0.4359375 0.8231481481481483 0.5921875 0.8231481481481484
0 0.5953125 0.3935185185185186 0.4328125 0.3935185185185186 0.4328125 0.4250000000000001 0.5953125 0.4250000000000001
0 0.5947916666666667 0.42592592592592604 0.4322916666666667 0.42592592592592604 0.4322916666666667 0.45740740740740754 0.5947916666666667 0.45740740740740754
0 0.5921875 0.6750000000000002 0.4348958333333333 0.675 0.4348958333333333 0.7037037037037038 0.5921875 0.7037037037037039
0 0.6005208333333333 0.04351851851851863 0.42604166666666665 0.04351851851851861 0.42604166666666665 0.07962962962962974 0.6005208333333333 0.07962962962962976
0 0.59375 0.4898148148148149 0.43333333333333335 0.4898148148148148 0.43333333333333335 0.5194444444444446 0.59375 0.5194444444444447
0 0.590625 0.7037037037037038 0.434375 0.7037037037037037 0.434375 0.7333333333333334 0.590625 0.7333333333333335
0 0.5921875 0.5833333333333335 0.43385416666666665 0.5833333333333334 0.43385416666666665 0.612962962962963 0.5921875 0.6129629629629632
0 0.5932291666666667 0.550925925925926 0.43385416666666665 0.5509259259259259 0.43385416666666665 0.5824074074074075 0.5932291666666667 0.5824074074074076
0 0.5963541666666666 0.3277777777777779 0.4322916666666667 0.3277777777777779 0.4322916666666667 0.3574074074074075 0.5963541666666666 0.3574074074074075
0 0.6 0.08055555555555567 0.4276041666666667 0.08055555555555566 0.4276041666666667 0.11574074074074085 0.6 0.11574074074074087
0 0.5958333333333333 0.36203703703703716 0.4322916666666667 0.36203703703703716 0.4322916666666667 0.3916666666666668 0.5958333333333333 0.3916666666666668
0 0.5921875 0.8231481481481483 0.43697916666666664 0.8231481481481482 0.43697916666666664 0.8509259259259261 0.5921875 0.8509259259259261
0 0.5994791666666667 0.1175925925925927 0.428125 0.11759259259259269 0.428125 0.15092592592592602 0.5994791666666667 0.15092592592592602
0 0.5973958333333333 0.2601851851851853 0.43020833333333336 0.2601851851851853 0.43020833333333336 0.2916666666666668 0.5973958333333333 0.2916666666666668
0 0.5927083333333333 0.6453703703703705 0.4348958333333333 0.6453703703703704 0.4348958333333333 0.6722222222222223 0.5927083333333333 0.6722222222222224
0 0.5911458333333334 0.8500000000000001 0.43697916666666664 0.85 0.43697916666666675 0.8814814814814815 0.5911458333333334 0.8814814814814816
0 0.5921875 0.763888888888889 0.4359375 0.7638888888888888 0.4359375 0.7935185185185186 0.5921875 0.7935185185185187
0 0.5958333333333333 0.2925925925925927 0.43125 0.2925925925925927 0.43125 0.3240740740740742 0.5958333333333333 0.3240740740740742
0 0.5973958333333333 0.22314814814814826 0.43072916666666666 0.22314814814814826 0.43072916666666666 0.25740740740740753 0.5973958333333333 0.25740740740740753
0 0.5911458333333334 0.7342592592592594 0.4354166666666667 0.7342592592592593 0.4354166666666667 0.7629629629629631 0.5911458333333334 0.7629629629629632
0 0.5979166666666667 0.15277777777777787 0.43020833333333336 0.15277777777777787 0.43020833333333336 0.18518518518518529 0.5979166666666667 0.18518518518518529
0 0.5947916666666667 0.4583333333333334 0.43333333333333335 0.4583333333333334 0.43333333333333335 0.488888888888889 0.5947916666666667 0.4888888888888891
0 0.5979166666666667 0.188888888888889 0.43072916666666666 0.188888888888889 0.43072916666666666 0.2212962962962964 0.5979166666666667 0.2212962962962964
0 0.5921875 0.612962962962963 0.434375 0.6129629629629629 0.434375 0.6435185185185186 0.5921875 0.6435185185185187
0 0.5911458333333334 0.8833333333333334 0.43645833333333345 0.8833333333333333 0.43645833333333345 0.914814814814815 0.5911458333333334 0.9148148148148151