0 0.876759603515625 0.021386687988281326 0.2253408329555786 -0.014962853558824192 0.21988375284658568 0.040047468403507425 0.871302523406632 0.07639700995061294
0 0.8630322024739585 0.07416632519531258 0.23105686197916667 0.04314999267578126 0.22617637916560654 0.09908645589525533 0.8581517196603984 0.13010278841478665
0 0.8538471295572919 0.13116137353515636 0.22553821809895835 0.10234020605468754 0.22111533511947865 0.15657645257829128 0.8494242465778122 0.1853976200587601
0 0.8417532089843752 0.19000674609375012 0.22565216276041675 0.16017354638671877 0.22111647519947616 0.21286228098387627 0.8372175214234346 0.2426954806909076
0 0.8296940390624999 0.24282400244140626 0.2335228658854167 0.2174886875 0.22997341320124712 0.2644703719140448 0.8261445863783304 0.28980568685545105
0 0.8195333476562499 0.2951303374023438 0.23549926106770838 0.26715883154296877 0.23115615452186344 0.31816766106153166 0.815190241110405 0.3461391669209067
0 0.8118793398437499 0.3488891035156251 0.23294791080729174 0.31814480078125 0.2286023042778944 0.3641742106414943 0.8075337333143526 0.39491851337586936
0 0.7980409142642131 0.3989996785005908 0.23477069596354172 0.36945891259765623 0.23063171911567268 0.4138515106152345 0.7939019374163441 0.4433922765181691
0 0.792653649529866 0.44497070487241647 0.23447882747395843 0.4198358588867188 0.2309248415845148 0.4642306728210865 0.7890996636404224 0.48936551880678414
0 0.7788720364583334 0.4951074291992188 0.23691479492187506 0.4645732802734375 0.23271831628052042 0.5064706489119701 0.7746755578169787 0.5370047978377513
0 0.7703905071614584 0.5420192231445312 0.23599595572916673 0.5098622807617188 0.23142932463496355 0.5525502731297965 0.7658238760672552 0.584707215512609
0 0.7662173776041667 0.583609958984375 0.22997193294270848 0.5508514672851562 0.22543004526707966 0.5926728738292314 0.761675489928538 0.6254313655284501
0 0.7527098509114584 0.6253547187500001 0.22802460416666678 0.5953590063476564 0.22443673835551012 0.6306609315413084 0.7491219851003018 0.6606566439436522
0 0.7472256328125001 0.6645144404296877 0.23546196419270846 0.6337005073242189 0.231244266854874 0.673102687618259 0.7430079354746657 0.7039166207237277
0 0.7373020859375 0.7079337836914061 0.23593655664062504 0.6758567773437499 0.23192536887284274 0.71112277385805 0.7332908981697178 0.7431997802057062
0 0.7298027532552086 0.7474827778320314 0.2331231777343751 0.7178406093750002 0.22998889379581103 0.7473817455224357 0.7266684693166444 0.777023913979467
0 0.69584003125 0.9795149067382812 0.23532904492187515 0.9540248471679686 0.23251919988176425 0.982579313090097 0.6930301862098891 1.0080693726604095
0 0.707116459794238 0.9497326701208249 0.2436364728655548 0.9247192720877144 0.2411915507812501 0.9502019956054686 0.7046715377099333 0.975215393638579
0 0.7043519733072916 0.9165543603515625 0.23707755208333348 0.888028310546875 0.23342291576228738 0.9217024933344931 0.7006973369862456 0.9502285431391805
0 0.7136732981770835 0.8826978046875 0.24045479665601874 0.8551503409524289 0.23730749283854177 0.8855620825195313 0.7105259943596064 0.9131095462546024
0 0.7199758817379626 0.851346082328573 0.23932502853288287 0.8220338808296205 0.23576016861979177 0.8549149760742186 0.7164110218248715 0.8842271775731712
0 0.7271187480468754 0.8140515161132814 0.24017421652097246 0.7865719291890272 0.23657366346145725 0.8224609025401668 0.72351819498736 0.849940489464421
0 0.7304987604166668 0.7809028505859373 0.23336322591145844 0.7506999614257811 0.22946187585556677 0.7868212940890816 0.7265974103607751 0.8170241832492379