0 0.8782101744791668 0.10739628125000004 0.23764864756944448 0.09007038378906251 0.23373065989686076 0.1359028502920123 0.874292186806583 0.1532287477529498
0 0.8682313541666666 0.15306481445312503 0.2335597634553475 0.1360214566400675 0.22975525057249568 0.18084828472717907 0.8644268412838149 0.19789164254023658
0 0.8644307170138891 0.19750264892578134 0.2255916883680556 0.1760203393554688 0.2207731535580779 0.22135919186745978 0.8596121822039113 0.24284150143777233
0 0.8521278506944445 0.24109130126953132 0.22820329687500004 0.21907634814453128 0.22341502335563382 0.26201400254953106 0.8473395771750782 0.28402895567453107
0 0.8467334105902777 0.2845025034179688 0.22561959288194455 0.26065083886718754 0.2208738257743611 0.2997532892547232 0.8419876434826943 0.32360495380550447
0 0.8372340746527778 0.3263124311523438 0.2240126015625001 0.30129163769531253 0.21896692156230843 0.3404190416105109 0.8321883946525861 0.3654398350675422
0 0.8270644730902779 0.36658644921875005 0.22068511371527788 0.33737898388671883 0.21472184139240755 0.376551388900906 0.8211012007674074 0.4057588542329372
0 0.8110763098958333 0.4051971499023438 0.22123142013888897 0.37729836865234373 0.21552616807297667 0.41546400254598126 0.805371057829921 0.4433627837959813
0 0.8047473619791667 0.442276107421875 0.22083865885416676 0.41369761328125004 0.21494112694650122 0.4518235883947901 0.7988498300715012 0.48040208253541505
0 0.794870259548611 0.48019627050781255 0.21614232812500012 0.45149085009765627 0.2103239189477478 0.4886067371785454 0.7890518503713587 0.5173121575887016
0 0.7865945989583333 0.5190850947265625 0.21154179253472233 0.48851319335937504 0.20546028213212106 0.5247076269759423 0.7805130885557321 0.5552795283431298
0 0.7787313315972223 0.5546552304687499 0.21148449218750015 0.5222128515624999 0.2052011047628168 0.5569743336387762 0.7724479441725389 0.5894167125450263
0 0.7700147881944446 0.5901657163085938 0.21092832786641078 0.5588430706013101 0.20469687497793176 0.594035958508314 0.7637833353059656 0.6253586042155977
0 0.7585510581597223 0.6270015039062501 0.20604621187235592 0.5897277703042028 0.19827447656250013 0.6261776625976563 0.7507793228498666 0.6634513961997037
0 0.7527611093750003 0.6597394223632813 0.20573449565972238 0.6238852651367188 0.198626655970794 0.6581977061376093 0.7456532696860719 0.6940518633641718
0 0.6846405512152778 0.9793367001953125 0.17228908420138905 0.9322746474609375 0.16510932841371614 0.95700622639733 0.677460795427605 1.004068279131705
0 0.691753280070236 0.9491670583975435 0.17636490277777803 0.8994749155273437 0.167778234686709 0.9276533346688628 0.683166611979167 0.9773454775390625
0 0.7016793602430558 0.9184184389648438 0.18155500954861128 0.8715606645507813 0.17373425788671895 0.899028161099092 0.6938586085811634 0.9458859355131545
0 0.707348982638889 0.8866453388671875 0.1807622395833335 0.8414644482421875 0.17221830828026594 0.8729722377269212 0.6988050513358215 0.9181531283519213
0 0.715530099826389 0.8554471406250002 0.18757674218750015 0.8087833002929687 0.1789342976580039 0.8397216207206402 0.7068876552968928 0.8863854610526714
0 0.7282915312500003 0.8220208334960939 0.18185934201388906 0.7790591743164064 0.1733333452141808 0.81337112809873 0.7197655344502921 0.8563327872784176
0 0.7313834626736111 0.7902125371093751 0.19245519878472236 0.7473665600585938 0.18448032339058884 0.7791053137753311 0.7234085872794777 0.8219512908261124
0 0.7347222960069444 0.7564173149414063 0.19753646701388897 0.7152428276367186 0.18877625007584406 0.7514051457287122 0.7259620790688994 0.7925796330333998
0 0.7363973304097319 0.7230817693298023 0.2013725277777779 0.6843725200195313 0.1934693320007728 0.7189351641957266 0.7284941346327268 0.7576444135059975
0 0.7472358419221479 0.693467776883902 0.20306814756944458 0.6568745908203125 0.19591737422368563 0.6905203705770355 0.740085068576389 0.727113556640625