0 0.5723958333333333 0.638888888888889 0.45260416666666664 0.6388888888888888 0.45260416666666664 0.6592592592592593 0.5723958333333333 0.6592592592592594
0 0.44479166666666664 0.19814814814814824 0.31979166666666664 0.1981481481481482 0.31979166666666664 0.22407407407407415 0.44479166666666664 0.22407407407407418
0 0.44166666666666665 0.45925925925925937 0.3182291666666667 0.45925925925925937 0.3182291666666667 0.48148148148148145 0.44166666666666665 0.48148148148148145
0 0.43697916666666664 0.6324074074074074 0.3182291666666667 0.6324074074074074 0.3182291666666667 0.6537037037037037 0.43697916666666664 0.6537037037037037
0 0.7125 0.5472222222222224 0.5864583333333333 0.5472222222222224 0.5864583333333333 0.5666666666666669 0.7125 0.5666666666666669
0 0.4421875 0.4092592592592594 0.3182291666666667 0.4092592592592594 0.3182291666666667 0.43425925925925934 0.4421875 0.43425925925925934
0 0.4427083333333333 0.25462962962962976 0.31875 0.25462962962962976 0.31875 0.2787037037037038 0.4427083333333333 0.2787037037037038
0 0.44114583333333335 0.5342592592592592 0.3182291666666667 0.5342592592592592 0.3182291666666667 0.5546296296296296 0.44114583333333335 0.5546296296296296
0 0.4375 0.7787037037037037 0.31979166666666664 0.7787037037037037 0.31979166666666664 0.7972222222222223 0.4375 0.7972222222222223
0 0.4421875 0.3037037037037038 0.31927083333333334 0.3037037037037038 0.31927083333333334 0.3314814814814816 0.4421875 0.3314814814814816
0 0.4401041666666667 0.48518518518518516 0.31927083333333334 0.48518518518518516 0.31927083333333334 0.5064814814814815 0.4401041666666667 0.5064814814814815
0 0.5734375 0.7861111111111112 0.4505208333333333 0.7861111111111111 0.4505208333333333 0.8046296296296297 0.5734375 0.8046296296296298
0 0.44114583333333335 0.5805555555555556 0.3182291666666667 0.5805555555555556 0.3182291666666667 0.6074074074074074 0.44114583333333335 0.6074074074074074
0 0.571875 0.7361111111111113 0.4505208333333333 0.7361111111111112 0.4505208333333333 0.7583333333333334 0.571875 0.7583333333333335
0 0.4401041666666667 0.5064814814814815 0.3182291666666667 0.5064814814814815 0.3182291666666667 0.5305555555555556 0.4401041666666667 0.5305555555555556
0 0.7104166666666667 0.7185185185185188 0.5859375 0.7185185185185188 0.5859375 0.7388888888888892 0.7104166666666667 0.7388888888888892
0 0.7130208333333333 0.6703703703703706 0.5864583333333333 0.6703703703703706 0.5864583333333333 0.690740740740741 0.7130208333333333 0.690740740740741
0 0.44375 0.225925925925926 0.321875 0.22592592592592597 0.321875 0.25185185185185194 0.44375 0.25185185185185194
0 0.43697916666666664 0.6564814814814814 0.3171875 0.6564814814814814 0.3171875 0.6787037037037037 0.43697916666666664 0.6787037037037037
0 0.4390625 0.43333333333333346 0.31875 0.43333333333333346 0.31875 0.4546296296296297 0.4390625 0.4546296296296297
0 0.715625 0.49444444444444463 0.5890625 0.49444444444444463 0.5890625 0.5148148148148151 0.715625 0.5148148148148151
0 0.4359375 0.7046296296296296 0.31979166666666664 0.7046296296296296 0.31979166666666664 0.7268518518518519 0.4359375 0.7268518518518519
0 0.440625 0.35833333333333345 0.31875 0.35833333333333345 0.31875 0.38055555555555565 0.440625 0.38055555555555565
0 0.7109375 0.7685185185185187 0.584375 0.7685185185185187 0.584375 0.7888888888888891 0.7109375 0.7888888888888891
0 0.4375 0.6814814814814815 0.3182291666666667 0.6814814814814815 0.3182291666666667 0.7037037037037037 0.4375 0.7037037037037037
0 0.4390625 0.6064814814814815 0.3177083333333333 0.6064814814814815 0.3177083333333333 0.6305555555555555 0.4390625 0.6305555555555555
0 0.5734375 0.6879629629629631 0.453125 0.687962962962963 0.453125 0.7074074074074075 0.5734375 0.7074074074074076
0 0.7177083333333333 0.3916666666666668 0.5911458333333334 0.3916666666666668 0.5911458333333334 0.413888888888889 0.7177083333333333 0.413888888888889
0 0.44166666666666665 0.5583333333333333 0.31927083333333334 0.5583333333333333 0.31927083333333334 0.5805555555555556 0.44166666666666665 0.5805555555555556
0 0.44427083333333334 0.2787037037037038 0.32135416666666666 0.2787037037037038 0.32135416666666666 0.301851851851852 0.44427083333333334 0.301851851851852
0 0.5802083333333333 0.2564814814814816 0.453125 0.2564814814814816 0.453125 0.27962962962962973 0.5802083333333333 0.27962962962962973
0 0.7130208333333333 0.5712962962962965 0.5885416666666666 0.5712962962962965 0.5885416666666666 0.5907407407407409 0.7130208333333333 0.5907407407407409
0 0.5776041666666667 0.3601851851851853 0.45208333333333334 0.3601851851851853 0.45208333333333334 0.38240740740740753 0.5776041666666667 0.38240740740740753
0 0.4427083333333333 0.33055555555555566 0.3182291666666667 0.33055555555555566 0.3182291666666667 0.35648148148148157 0.4427083333333333 0.35648148148148157
0 0.43645833333333334 0.7527777777777778 0.31979166666666664 0.7527777777777778 0.31979166666666664 0.774074074074074 0.43645833333333334 0.774074074074074
0 0.5770833333333333 0.38796296296296306 0.45364583333333336 0.38796296296296306 0.45364583333333336 0.40833333333333344 0.5770833333333333 0.40833333333333344
0 0.7161458333333334 0.5203703703703706 0.5895833333333333 0.5203703703703706 0.5895833333333333 0.540740740740741 0.7161458333333334 0.540740740740741
0 0.5734375 0.5648148148148149 0.45208333333333334 0.5648148148148148 0.45208333333333334 0.5851851851851853 0.5734375 0.5851851851851854
0 0.709375 0.7416666666666669 0.5869791666666667 0.7416666666666669 0.5869791666666667 0.7638888888888891 0.709375 0.7638888888888891
0 0.7135416666666666 0.6222222222222225 0.5864583333333333 0.6222222222222225 0.5864583333333333 0.6407407407407409 0.7135416666666666 0.6407407407407409
0 0.7140625 0.5953703703703705 0.5869791666666667 0.5953703703703705 0.5869791666666667 0.6157407407407409 0.7140625 0.6157407407407409
0 0.7203125 0.313888888888889 0.5921875 0.313888888888889 0.5921875 0.3361111111111112 0.7203125 0.3361111111111112
0 0.5744791666666667 0.46574074074074084 0.45416666666666666 0.46574074074074084 0.45416666666666666 0.48333333333333345 0.5744791666666667 0.48333333333333356
0 0.5723958333333333 0.6175925925925927 0.45208333333333334 0.6175925925925926 0.45208333333333334 0.6351851851851853 0.5723958333333333 0.6351851851851854
0 0.5760416666666667 0.48796296296296304 0.45208333333333334 0.487962962962963 0.45208333333333334 0.5101851851851853 0.5760416666666667 0.5101851851851854
0 0.71875 0.41574074074074086 0.5895833333333333 0.41574074074074086 0.5895833333333333 0.43981481481481494 0.71875 0.43981481481481494
0 0.7145833333333333 0.44444444444444453 0.590625 0.44444444444444453 0.590625 0.463888888888889 0.7145833333333333 0.463888888888889
0 0.575 0.5166666666666667 0.45416666666666666 0.5166666666666667 0.45416666666666666 0.5333333333333334 0.575 0.5333333333333335
0 0.5723958333333333 0.7583333333333334 0.4510416666666667 0.7583333333333333 0.4510416666666667 0.7814814814814816 0.5723958333333333 0.7814814814814817
0 0.7109375 0.6944444444444446 0.5859375 0.6944444444444446 0.5859375 0.7175925925925928 0.7109375 0.7175925925925928
0 0.7203125 0.3648148148148149 0.5932291666666667 0.3648148148148149 0.5932291666666667 0.38611111111111124 0.7203125 0.38611111111111124
0 0.7114583333333333 0.6462962962962965 0.5869791666666667 0.6462962962962965 0.5869791666666667 0.665740740740741 0.7114583333333333 0.665740740740741
0 0.5755208333333334 0.41203703703703715 0.453125 0.41203703703703715 0.453125 0.4324074074074075 0.5755208333333334 0.4324074074074075
0 0.5802083333333333 0.20185185185185195 0.45260416666666664 0.20185185185185195 0.45260416666666664 0.22500000000000012 0.5802083333333333 0.22500000000000012
0 0.4354166666666667 0.7305555555555555 0.3177083333333333 0.7305555555555555 0.3177083333333333 0.7509259259259259 0.4354166666666667 0.7509259259259259
0 0.446875 0.17407407407407416 0.3177083333333333 0.17407407407407413 0.3177083333333333 0.1972222222222223 0.446875 0.19722222222222233
0 0.7166666666666667 0.4703703703703705 0.5895833333333333 0.4703703703703705 0.5895833333333333 0.490740740740741 0.7166666666666667 0.490740740740741
0 0.5744791666666667 0.5898148148148149 0.45364583333333336 0.5898148148148148 0.45364583333333336 0.6083333333333334 0.5744791666666667 0.6083333333333335
0 0.571875 0.712962962962963 0.45260416666666664 0.7129629629629629 0.45260416666666664 0.7333333333333334 0.571875 0.7333333333333335
0 0.5760416666666667 0.5407407407407409 0.45260416666666664 0.5407407407407407 0.45260416666666664 0.5592592592592593 0.5760416666666667 0.5592592592592595
0 0.5729166666666666 0.663888888888889 0.45208333333333334 0.6638888888888889 0.45208333333333334 0.6842592592592593 0.5729166666666666 0.6842592592592595
0 0.5796875 0.2814814814814816 0.453125 0.2814814814814816 0.453125 0.30462962962962975 0.5796875 0.30462962962962975
0 0.7229166666666667 0.34074074074074084 0.5927083333333333 0.34074074074074084 0.5927083333333333 0.36203703703703716 0.7229166666666667 0.36203703703703716
0 0.5802083333333333 0.22777777777777788 0.4546875 0.22777777777777788 0.4546875 0.2537037037037038 0.5802083333333333 0.2537037037037038
0 0.7223958333333333 0.2861111111111112 0.59375 0.2861111111111112 0.59375 0.30925925925925934 0.7223958333333333 0.30925925925925934
0 0.5796875 0.1740740740740742 0.4546875 0.1740740740740742 0.4546875 0.2000000000000001 0.5796875 0.2000000000000001
0 0.44204427083333336 0.38834166666666675 0.32018912878309813 0.3836620198591355 0.3199274014021197 0.40520148375516407 0.44178254345235496 0.4098811305626953
0 0.5750052083333332 0.4365157407407408 0.4537291666666666 0.4354407407407408 0.4536548117550231 0.4619520488868981 0.5749308534216896 0.4630270488868981
0 0.7241333333333333 0.2620092592592594 0.5936734617116224 0.26056888206466333 0.5935895755594749 0.2845818549486293 0.7240494471811858 0.2860222321432253
0 0.7261473958333333 0.17847685185185194 0.5967127594102638 0.17667065575758173 0.5965845055638729 0.2057183025042866 0.7260191419869424 0.20752449859855682
0 0.7258470599951651 0.20678279574948147 0.5924738591168981 0.20498650257476078 0.5923715907883997 0.22898518830676098 0.7257447916666668 0.23078148148148167
0 0.7269536458333333 0.23508055555555568 0.5929854166666666 0.2318564814814816 0.592802419700988 0.2558887982929585 0.7267706488676547 0.2591128723670326
0 0.7103333333333334 0.7923685185185187 0.5845992095774067 0.7887623372135302 0.5843976470774067 0.8109734483246412 0.7101317708333335 0.8145796296296298
0 0.7093260416666668 0.8181620370370372 0.5857026885974713 0.8127734825533489 0.5853703968891963 0.8368671377769136 0.7089937499583918 0.8422556922606018
0 0.5708755208333333 0.8107851851851853 0.4517874904459186 0.8075272849659617 0.4515856408508682 0.8308464589375026 0.570673671238283 0.8341043591567263
0 0.4375619791666667 0.8029277777777779 0.3203145833333334 0.8004203703703704 0.32015674194686866 0.8237471149717258 0.43740413778020204 0.8262545223791333
0 0.5778760416666665 0.3126000000000001 0.4544615565337658 0.3111661596257309 0.4543838541666666 0.3323037037037037 0.5777983392995674 0.33373754407797296
0 0.5806463541666668 0.3347222222222223 0.45316114982361083 0.33356670228418145 0.45309230901188224 0.35757068304514306 0.5805775133549382 0.358726202983184
0 0.44567704918175305 0.14778343188195492 0.31692286636872935 0.14376011107940775 0.3166645671869763 0.16988501253078625 0.44541875000000003 0.17390833333333344
0 0.5819052083333334 0.14613333333333348 0.45464756597100275 0.14505122688470756 0.45457812430108907 0.17086128547342067 0.5818357666634196 0.17194339192204658
0 0.73078125 0.1494592592592594 0.5947495187727807 0.14695002357310766 0.5945968749999999 0.17310370370370384 0.7306286062272193 0.1756129393898556