0 0.3930664062500001 0.6647135416666666 0.19970703125000006 0.6647135416666666 0.19970703125000006 0.6985677083333334 0.3930664062500001 0.6985677083333334
0 0.3920898437500001 0.6315104166666666 0.19824218750000006 0.6315104166666666 0.19824218750000006 0.666015625 0.3920898437500001 0.666015625
0 0.3930664062500001 0.6966145833333334 0.20117187500000006 0.6966145833333334 0.20117187500000006 0.7311197916666666 0.3930664062500001 0.7311197916666666
0 0.9013671875 0.6438802083333335 0.703125 0.6438802083333335 0.703125 0.6803385416666666 0.9013671875 0.6803385416666666
0 0.3876953125 0.4583333333333333 0.18896484375000006 0.4583333333333333 0.18896484375000006 0.4954427083333333 0.3876953125 0.4954427083333333
0 0.89990234375 0.6783854166666666 0.701171875 0.6783854166666666 0.701171875 0.712890625 0.89990234375 0.712890625
0 0.3999023437500001 0.9225260416666666 0.2060546875000001 0.9225260416666666 0.2060546875000001 0.953125 0.3999023437500001 0.953125
0 0.89892578125 0.7115885416666666 0.701171875 0.7115885416666666 0.701171875 0.74609375 0.89892578125 0.74609375
0 0.9130859375 0.47070312500000017 0.70703125 0.47070312500000017 0.70703125 0.5078125000000001 0.9130859375 0.5078125000000001
0 0.6455078125 0.5299479166666667 0.44384765625 0.5299479166666666 0.44384765625 0.5657552083333334 0.6455078125 0.5657552083333335
0 0.640625 0.7018229166666666 0.4458007812500001 0.7018229166666666 0.4458007812500001 0.7376302083333334 0.640625 0.7376302083333334
0 0.64013671875 0.6686197916666666 0.4448242187500001 0.6686197916666666 0.4448242187500001 0.7024739583333334 0.64013671875 0.7024739583333334
0 0.89013671875 0.8763020833333334 0.697265625 0.8763020833333334 0.697265625 0.91015625 0.89013671875 0.91015625
0 0.90966796875 0.5755208333333335 0.70361328125 0.5755208333333335 0.70361328125 0.6113281250000001 0.90966796875 0.6113281250000001
0 0.38671875 0.4231770833333333 0.18603515625000006 0.4231770833333333 0.18603515625000006 0.4602864583333333 0.38671875 0.4602864583333333
0 0.916015625 0.4348958333333335 0.70654296875 0.4348958333333335 0.70654296875 0.4720052083333335 0.916015625 0.4720052083333335
0 0.6416015625 0.5996093750000001 0.44287109375 0.599609375 0.44287109375000006 0.6347656250000001 0.6416015625 0.6347656250000001
0 0.3930664062500001 0.7298177083333334 0.20263671875000006 0.7298177083333334 0.20263671875000006 0.763671875 0.3930664062500001 0.763671875
0 0.388671875 0.5631510416666666 0.19189453125000006 0.5631510416666666 0.19189453125000006 0.5989583333333334 0.388671875 0.5989583333333334
0 0.640625 0.6334635416666667 0.4438476562500001 0.6334635416666666 0.4438476562500001 0.6692708333333334 0.640625 0.6692708333333334
0 0.892578125 0.810546875 0.69921875 0.810546875 0.69921875 0.8450520833333334 0.892578125 0.8450520833333334
0 0.646484375 0.45898437500000006 0.44189453125 0.458984375 0.44189453125 0.49609375000000006 0.646484375 0.49609375000000017
0 0.63720703125 0.8671875 0.4482421875000001 0.8671875 0.4482421875000001 0.9010416666666666 0.63720703125 0.9010416666666666
0 0.89111328125 0.84375 0.6982421875 0.84375 0.6982421875 0.8776041666666666 0.89111328125 0.8776041666666666
0 0.91064453125 0.5065104166666669 0.70556640625 0.5065104166666669 0.70556640625 0.5436197916666669 0.91064453125 0.5436197916666669
0 0.904296875 0.6093750000000001 0.703125 0.6093750000000001 0.703125 0.6445312500000001 0.904296875 0.6445312500000001
0 0.63623046875 0.8990885416666666 0.4487304687500001 0.8990885416666666 0.4487304687500001 0.9329427083333334 0.63623046875 0.9329427083333334
0 0.64404296875 0.49414062500000006 0.44189453125 0.494140625 0.44189453125 0.5305989583333334 0.64404296875 0.5305989583333335
0 0.64111328125 0.736328125 0.4467773437500001 0.736328125 0.4467773437500001 0.7708333333333334 0.64111328125 0.7708333333333334
0 0.89453125 0.7786458333333334 0.69921875 0.7786458333333334 0.69921875 0.8131510416666666 0.89453125 0.8131510416666666
0 0.8876953125 0.9075520833333334 0.69677734375 0.9075520833333334 0.69677734375 0.9401041666666666 0.8876953125 0.9401041666666666
0 0.3945312500000001 0.859375 0.20703125000000006 0.859375 0.20703125000000006 0.892578125 0.3945312500000001 0.892578125
0 0.64794921875 0.42252604166666674 0.4453125 0.4225260416666667 0.4453125 0.4602864583333334 0.64794921875 0.4602864583333335
0 0.90673828125 0.5410156250000001 0.703125 0.5410156250000001 0.703125 0.5774739583333335 0.90673828125 0.5774739583333335
0 0.6376953125 0.8359375 0.4482421875000001 0.8359375 0.4482421875000001 0.8678385416666666 0.6376953125 0.8678385416666666
0 0.38916015625000006 0.59765625 0.19531250000000006 0.59765625 0.19531250000000006 0.6328125 0.3891601562500001 0.6328125
0 0.3940429687500001 0.794921875 0.20556640625000006 0.794921875 0.20556640625000006 0.8287760416666666 0.3940429687500001 0.8287760416666666
0 0.3945312500000001 0.7630208333333334 0.20458984375000006 0.7630208333333334 0.20458984375000006 0.7975260416666666 0.3945312500000001 0.7975260416666666
0 0.38720703125 0.4947916666666667 0.18994140625000006 0.4947916666666667 0.18994140625000006 0.53125 0.38720703125 0.53125
0 0.89697265625 0.7454427083333334 0.69970703125 0.7454427083333334 0.69970703125 0.7799479166666666 0.89697265625 0.7799479166666666
0 0.64404296875 0.5651041666666667 0.4443359375 0.5651041666666666 0.4443359375 0.6009114583333334 0.64404296875 0.6009114583333335
0 0.3935546875000001 0.8268229166666666 0.20605468750000006 0.8268229166666666 0.20605468750000006 0.8606770833333334 0.3935546875000001 0.8606770833333334
0 0.3930664062500001 0.890625 0.20947265625000006 0.890625 0.20947265625000008 0.9231770833333334 0.3930664062500001 0.9231770833333334
0 0.638671875 0.8020833333333334 0.4477539062500001 0.8020833333333334 0.4477539062500001 0.8352864583333334 0.638671875 0.8352864583333334
0 0.8876953125 0.94140625 0.69677734375 0.94140625 0.69677734375 0.97265625 0.8876953125 0.97265625
0 0.3896484375 0.529296875 0.19189453125000006 0.529296875 0.19189453125000006 0.5657552083333334 0.3896484375 0.5657552083333334
0 0.64013671875 0.76953125 0.4472656250000001 0.76953125 0.4472656250000001 0.8033854166666666 0.64013671875 0.8033854166666666
0 0.63623046875 0.93359375 0.4492187500000001 0.93359375 0.4492187500000001 0.9622395833333334 0.63623046875 0.9622395833333334
0 0.3885847490234375 0.39156790494791666 0.18217392919921876 0.3859711725260417 0.18160556026164715 0.4232365670133238 0.3880163800858659 0.4288332994351988
0 0.6521997697325703 0.3873805855379242 0.44636279481291913 0.3841867578032332 0.4460236225585938 0.4230473750000001 0.6518605974782449 0.4262412027346911
0 0.9178552924804688 0.4009130852864584 0.7121806759223821 0.39745504902580503 0.71181828125 0.43577371940104176 0.9174928978080867 0.43923175566169514