0 0.8904778333333332 0.07753147949218753 0.11892054947916668 0.05465101708984377 0.11337525634431365 0.11381711675836617 0.8849325401984802 0.13669757916070993
0 0.8790391935763888 0.13543241943359383 0.13487357812500003 0.11184069921875002 0.12940307611492574 0.16643938960816193 0.8735686915663146 0.19003110982300572
0 0.8642798072916668 0.18617613964843757 0.14151369097222227 0.16991891894531252 0.1380428563880269 0.21874259243013403 0.8608089727074715 0.23499981313325907
0 0.8535182807966766 0.23696558549370522 0.15011388888888894 0.21816256542968754 0.14581867146026795 0.26900281489691985 0.8492230633680556 0.2878058349609376
0 0.843883717013889 0.285717732421875 0.14815836545138894 0.2654270942382812 0.14383055720026006 0.31237921206027286 0.8395559087627601 0.33266985024386664
0 0.836566021701389 0.3314458325195313 0.14632900434027785 0.30964228320312503 0.1416899994411119 0.3561088873811666 0.8319270168022231 0.3779124366975729
0 0.8264286605902779 0.3738849189453125 0.14911678038194454 0.35415897802734375 0.1449626134140452 0.3992904986948948 0.8222744936223785 0.41901643961286356
0 0.8154296362847222 0.4155367822265625 0.1495461848958334 0.3997968486328125 0.14635886776271811 0.4424612500607219 0.8122423191516069 0.4582011836544719
0 0.8137385381944446 0.45641019482421874 0.15275274739583347 0.439479513671875 0.14942950947265743 0.48053055530107314 0.8104153002712686 0.4974612364534169
0 0.7981390894097223 0.49714679003906254 0.15563194618055565 0.4767818959960939 0.15170210929657685 0.5160116318232665 0.7942092525257435 0.5363765258662352
0 0.7875601818076103 0.536258740425464 0.15421298003472236 0.5134176464843752 0.14989899609073007 0.5512661344346799 0.783246197863618 0.5741072283757687
0 0.7783542178819446 0.5733119843750001 0.15647027517361126 0.5509471352539064 0.15230473321085303 0.5875959503607221 0.7741886759191865 0.6099607994818158
0 0.7705838793402779 0.6075590937500001 0.15877187760416678 0.5874057426757814 0.1546691889541642 0.6268137372978968 0.7664811906902753 0.6469670883721155
0 0.7651466623263891 0.6468350224609375 0.15930198697916684 0.6206317832031248 0.15449936391006053 0.6557659670237366 0.7603440392572828 0.6819692062815492
0 0.7573171701388891 0.6825118452148438 0.1611609583333335 0.656635734375 0.1561982977579684 0.6928117470112333 0.752354509563524 0.7186878578510771
0 0.7419308654513891 0.7165544985351564 0.15986509635416682 0.6879564028320314 0.15460549464405063 0.7218277800684898 0.7366712637412729 0.7504258757716148
0 0.7368485364583335 0.747252876464844 0.16597773524305573 0.7244853999023438 0.16208789936106582 0.7553456373933833 0.7329587005763436 0.7781131139558835
0 0.7291373411458335 0.7800705156250001 0.1609249878472224 0.754468798828125 0.1569352853745493 0.7824861546447428 0.7251476386731605 0.8080878714416178
0 0.719033857638889 0.8092892939453125 0.1679761414930557 0.77932020703125 0.1628455716297648 0.8091695128863206 0.7139032877755981 0.839138599800383
0 0.7103478862847226 0.8349466206054689 0.15739143663194455 0.8049356899414064 0.1531943637782941 0.8294039465211204 0.7061508134310721 0.8594148771851828