0 0.807419886284722 0.9248056577148439 0.8045039274006045 0.8802132136445521 0.18284068955338237 0.8930755647187707 0.1857566484375 0.9376680087890625
0 0.8087108637697111 0.8823874755195454 0.8068160682260012 0.8388638000590558 0.18569378258129005 0.8474195672152918 0.18758857812500004 0.8909432426757814
0 0.8018935451388889 0.8379763916015626 0.8001153697599508 0.7965370153641681 0.18395479250300628 0.8049026779618244 0.18573296788194443 0.8463420541992188
0 0.801174452918634 0.7943157521309226 0.7994398142606133 0.7544980554301839 0.18682824762670158 0.7629423452914488 0.18856288628472223 0.8027600419921875
0 0.7941988472222222 0.7545184638671875 0.7932643037740335 0.71621741322575 0.1857944417948668 0.7209072594171564 0.18672898524305556 0.7592083100585938
0 0.789644626736111 0.7146826445312501 0.7891434693495658 0.6784648343009052 0.19655527316901025 0.681059312328249 0.19705643055555555 0.7172771225585939
0 0.7847819201388889 0.673015845703125 0.7842528824624795 0.6378437005363783 0.19660218541386837 0.640640440282472 0.19713122309027778 0.6758125854492187
0 0.7830674348958334 0.6352368598632813 0.7826669121619663 0.6021636026917034 0.20246772726613294 0.6043867711487346 0.20286824999999997 0.6374600283203125
0 0.7793050095123988 0.5702617699073892 0.20378080972059096 0.5660148767344872 0.20300817534722232 0.5991441059570313 0.7785323751390302 0.6033909991299332
0 0.7758330599370389 0.5335984159628253 0.2111493866092145 0.5303304015327012 0.21060090451388905 0.5603171083984376 0.7752845778417135 0.5635851228285618
0 0.7714825866504377 0.5016157415367003 0.21199984639575453 0.49468172939314164 0.210806404513889 0.5251500434570312 0.770289144768572 0.5320840556005898
0 0.7390292743055555 0.08473266406250002 0.2543486736111112 0.05956243994140628 0.2500652180024724 0.08566047912773418 0.7347458186969168 0.11083070324882793
0 0.746588104273703 0.11025807959071454 0.2559111727430555 0.08999425000000003 0.2520182672540747 0.11982011376866053 0.7426951987847222 0.14008394335937505
0 0.7490956105583924 0.13832283640709397 0.2574085373263889 0.11727744482421874 0.2534717617225075 0.14637908683125386 0.745158834954511 0.1674244784141291
0 0.7513612359692275 0.16454419128394135 0.24954570312500002 0.14304726171875004 0.2452403890892665 0.17484656136525495 0.747055921933494 0.19634349093044626
0 0.7545956161409283 0.19404824959009428 0.2474412847222223 0.17662073828125005 0.24464931094240516 0.20232831583959332 0.7518036423611112 0.21975582714843755
0 0.7571358737928742 0.2213100232655166 0.24611817274305559 0.20284117529296875 0.2428940532904592 0.23106736882432719 0.7539117543402778 0.24953621679687504
0 0.7558595913853301 0.25001729738073447 0.23927503472222225 0.23280320263671875 0.23631077916934412 0.26094928313941335 0.7528953358324519 0.2781633778834291
0 0.7620277040796738 0.2778569975178048 0.23893926388888895 0.26167279345703126 0.23580283932310409 0.2937475727946952 0.7588912795138889 0.30993177685546874
0 0.7616263169744698 0.31086527627942645 0.23307110329861114 0.2936651318359375 0.22973065654304048 0.32614452260492255 0.758285870218899 0.3433446670484115
0 0.7613507347123258 0.33912090939463957 0.23372246614583345 0.32515274853515624 0.23099990322978098 0.3576923182698525 0.7586281717962734 0.37166047912933586
0 0.7620535615346278 0.37050786449653134 0.231651052951389 0.36030065185546867 0.22966971797926128 0.39287692261284357 0.7600722265625001 0.40308413525390624
0 0.7640601541299971 0.4029631725978359 0.22946999826388895 0.3901694145507812 0.22688941767956317 0.42428755110300753 0.7614795735456714 0.4370813091500622
0 0.767132754395162 0.43549413318352914 0.22366827343749998 0.4253733544921875 0.22163132682804534 0.4599817875385959 0.7650958077857074 0.47010256622993757
0 0.7674701484375002 0.46747695117187493 0.21628868529215806 0.4600311524619955 0.21483036631944452 0.49418824462890626 0.7660118294647866 0.5016340433387857