0 0.8028017430555557 0.087374509765625 0.18073769097222223 0.08461323535156248 0.1800895547671236 0.13081269241794602 0.8021536068504571 0.13357396683200853
0 0.7896678738914322 0.13163865862633628 0.17287930295138892 0.12793137255859377 0.17204062263634565 0.17208045904944508 0.7888291935763889 0.1757877451171876
0 0.7870827890625 0.17480539208984378 0.18230893229166667 0.1677132353515625 0.18066646724896185 0.21202875770354362 0.785440324019795 0.2191209144418249
0 0.7864484211285226 0.2151353505186327 0.18859564236111115 0.21014730371093754 0.18745652751102582 0.25334656287697854 0.7853093062784372 0.2583346096846737
0 0.7800962960069444 0.2573242646484375 0.19016732031250003 0.24992916650390623 0.18847905364997486 0.2925421443424261 0.7784080293444193 0.29993724248695736
0 0.7748566449652778 0.2946541665039063 0.1917389973958334 0.28971102929687503 0.19068636234103156 0.32900052026417576 0.7738040099104758 0.333943657471207
0 0.7713633984374999 0.33198431396484374 0.19488235329861117 0.3286088237304687 0.19408178996189385 0.37186906395379943 0.7705628351007826 0.3752445541881745
0 0.773154248263889 0.36833186279296887 0.20197734201388898 0.3663671567382813 0.20155017411374107 0.40566029529743514 0.7727270803637412 0.4076250013521227
0 0.764668971438131 0.40795851051293136 0.1989320260416668 0.40088382373046877 0.1974440973211594 0.4385311817792656 0.7631810427176237 0.4456058685617282
0 0.7590544661458334 0.44266176464843754 0.2063620911458334 0.4386247548828125 0.2055045642081455 0.4757711349678502 0.7581969392081455 0.4798081447334752
0 0.7504409583333334 0.4746036762695312 0.21354030468750007 0.4689517158203125 0.21233135423753863 0.5052886576268101 0.7492320078833719 0.5109406180760289
0 0.7518766883680557 0.5077085786132812 0.2118496736111112 0.5040637255859375 0.21110874889068892 0.538797709881023 0.7511357636476333 0.5424425629083668
0 0.7478205407359292 0.5424322256597469 0.2157250546875001 0.5338551469726563 0.21403871881268227 0.5669560096918157 0.7461342048611113 0.5755330883789063
0 0.7461342048611113 0.5739181372070313 0.21701655815972234 0.5672794116210937 0.21570276714932093 0.6004107414630345 0.7448204138507097 0.6070494670489721
0 0.7403921571180557 0.6054083334960938 0.21830849652777784 0.5977975488281249 0.2168120715172575 0.6302771493182527 0.7388957321075353 0.6378879339862217
0 0.7388715887583704 0.6367120766895943 0.22054117621527786 0.6272725488281249 0.2186809164499631 0.6595928251658744 0.7370113289930557 0.6690323530273438
0 0.7349943359375001 0.6684651962890625 0.22520746885844467 0.6584016279827878 0.22319003917094468 0.6907371670452879 0.7329769062500001 0.7008007353515626
0 0.7349943359375 0.6990990195312499 0.2150958602430557 0.6885340688476561 0.21319716710243122 0.7180972323275767 0.7330956427968756 0.7286621830111705
0 0.740037473090278 0.7297328432617189 0.2205411762152779 0.7176333334960939 0.21850218445346814 0.7453330424813088 0.7379984813284683 0.7574325522469338
0 0.7279342048611113 0.7569627451171876 0.22235642708333347 0.7452009804687502 0.2202224706185218 0.7742242343154598 0.7258002483962995 0.7859859989638973
0 0.7269254904513891 0.787029411621094 0.22689455295138908 0.7712370097656251 0.2239270517491433 0.8009663072001508 0.7239579892491433 0.8167587090556196
0 0.7218823532986113 0.8153941176757814 0.23069019618055575 0.7989426469726564 0.22784292107996132 0.8258407206712177 0.7190350781980169 0.8422921913743427
0 0.7228910677083333 0.8397877451171875 0.23596993489583357 0.8238198530273437 0.23276468164607284 0.8547454746146529 0.7196858144585727 0.8707133667044966
0 0.7185458333251407 0.867419828220592 0.23270762500000014 0.8520808823242187 0.229992728306804 0.8792887503926892 0.7158309366319445 0.8946276962890625
0 0.712804793402778 0.8923585786132813 0.23775032638888907 0.8770416665039062 0.2350866298535699 0.9031814499432689 0.7101410968674589 0.9184983620526439
0 0.7128047934027778 0.9167522060546875 0.23687755989583353 0.8998862744140625 0.23365102889696734 0.9286941422859519 0.7095782624039116 0.9455600739265769