0 0.18945312500000008 0.43359375 0.007812500000000071 0.43359375 0.007812500000000075 0.4619140625 0.18945312500000008 0.4619140625
0 0.23763020833333348 0.7451171875 0.04687500000000013 0.7451171875 0.04687500000000013 0.771484375 0.23763020833333348 0.771484375
0 0.19596354166666674 0.47314453125 0.01562500000000008 0.47314453125 0.01562500000000008 0.5009765625 0.19596354166666674 0.5009765625
0 0.1907552083333334 0.39306640625 0.003255208333333397 0.39306640625 0.0032552083333333994 0.42138671875 0.1907552083333334 0.42138671875
0 0.4811197916666668 0.732421875 0.2916666666666668 0.732421875 0.2916666666666668 0.75927734375 0.4811197916666668 0.75927734375
0 0.4479166666666667 0.38232421875 0.2532552083333334 0.38232421875 0.2532552083333334 0.4111328125 0.4479166666666667 0.4111328125
0 0.73046875 0.70703125 0.5332031250000001 0.70703125 0.5332031250000001 0.7353515625 0.73046875 0.7353515625
0 0.4778645833333335 0.6923828125 0.2897135416666668 0.6923828125 0.2897135416666668 0.7197265625 0.4778645833333335 0.7197265625
0 0.9713541666666666 0.4765625000000001 0.7669270833333334 0.4765625000000001 0.7669270833333334 0.50634765625 0.9713541666666666 0.50634765625
0 0.4694010416666668 0.6162109375 0.27994791666666674 0.6162109375 0.27994791666666674 0.64404296875 0.4694010416666668 0.64404296875
0 0.4583333333333334 0.44140625 0.25976562500000006 0.44140625 0.25976562500000006 0.47021484375 0.4583333333333335 0.47021484375
0 0.2220052083333334 0.62890625 0.03255208333333343 0.62890625 0.03255208333333344 0.65673828125 0.2220052083333334 0.65673828125
0 0.7154947916666666 0.50830078125 0.5149739583333335 0.50830078125 0.5149739583333335 0.537109375 0.7154947916666666 0.537109375
0 0.2141927083333334 0.55029296875 0.022135416666666758 0.55029296875 0.022135416666666758 0.57861328125 0.2141927083333334 0.57861328125
0 0.7337239583333334 0.72705078125 0.5345052083333335 0.72705078125 0.5345052083333335 0.75537109375 0.7337239583333334 0.75537109375
0 0.9641927083333334 0.3959960937500001 0.7604166666666666 0.3959960937500001 0.7604166666666666 0.4267578125000001 0.9641927083333334 0.4267578125000001
0 0.4654947916666668 0.5595703125 0.27604166666666674 0.5595703125 0.27604166666666674 0.58642578125 0.4654947916666668 0.58642578125
0 0.9837239583333334 0.63330078125 0.7799479166666666 0.63330078125 0.7799479166666666 0.66259765625 0.9837239583333334 0.66259765625
0 0.7220052083333334 0.587890625 0.5221354166666669 0.587890625 0.5221354166666669 0.61767578125 0.7220052083333334 0.61767578125
0 0.9635416666666666 0.3769531250000001 0.7545572916666666 0.3769531250000001 0.7545572916666666 0.4067382812500001 0.9635416666666666 0.4067382812500001
0 0.20963541666666674 0.51171875 0.017578125000000083 0.51171875 0.017578125000000087 0.54052734375 0.20963541666666674 0.54052734375
0 0.23307291666666682 0.705078125 0.04231770833333345 0.705078125 0.04231770833333345 0.73291015625 0.23307291666666682 0.73291015625
0 0.44140625 0.2802734375 0.24283854166666674 0.2802734375 0.24283854166666674 0.3095703125 0.44140625 0.3095703125
0 0.18424479166666674 0.3125 5.102694996447305e-17 0.3125 5.345870304871747e-17 0.34228515625 0.18424479166666674 0.34228515625
0 0.978515625 0.55517578125 0.7727864583333334 0.55517578125 0.7727864583333334 0.5849609375 0.978515625 0.5849609375
0 0.46875000000000017 0.595703125 0.2786458333333334 0.595703125 0.2786458333333334 0.625 0.46875000000000017 0.625
0 0.23111979166666682 0.68603515625 0.04036458333333345 0.68603515625 0.04036458333333345 0.7138671875 0.23111979166666682 0.7138671875
0 0.22135416666666674 0.60791015625 0.0292968750000001 0.60791015625 0.0292968750000001 0.63720703125 0.22135416666666674 0.63720703125
0 0.7272135416666666 0.56640625 0.5214843750000001 0.56640625 0.5214843750000001 0.5966796875 0.7272135416666666 0.5966796875
0 0.21744791666666674 0.5693359375 0.024088541666666758 0.5693359375 0.024088541666666765 0.59765625 0.21744791666666674 0.59765625
0 0.966796875 0.4160156250000001 0.7630208333333334 0.4160156250000001 0.7630208333333334 0.4453125000000001 0.966796875 0.4453125000000001
0 0.18945312500000008 0.3525390625 5.756477792867117e-17 0.3525390625 5.999653101291558e-17 0.38232421875 0.18945312500000008 0.38232421875
0 0.96875 0.4965820312500001 0.76953125 0.4965820312500001 0.76953125 0.525390625 0.96875 0.525390625
0 0.4524739583333333 0.4013671875 0.2552083333333334 0.4013671875 0.2552083333333334 0.4306640625 0.4524739583333333 0.4306640625
0 0.4615885416666668 0.51953125 0.2688802083333334 0.51953125 0.2688802083333334 0.5478515625 0.4615885416666668 0.5478515625
0 0.23111979166666677 0.66748046875 0.037760416666666775 0.66748046875 0.037760416666666775 0.69580078125 0.23111979166666682 0.69580078125
0 0.2200520833333334 0.58935546875 0.026041666666666758 0.58935546875 0.026041666666666765 0.61767578125 0.2200520833333334 0.61767578125
0 0.4479166666666667 0.361328125 0.25065104166666674 0.361328125 0.25065104166666674 0.3916015625 0.4479166666666667 0.3916015625
0 0.4563802083333335 0.4619140625 0.2630208333333334 0.4619140625 0.2630208333333334 0.490234375 0.4563802083333335 0.490234375
0 0.4407552083333333 0.25927734375 0.24088541666666674 0.25927734375 0.24088541666666674 0.28955078125 0.4407552083333333 0.28955078125
0 0.9700520833333334 0.53564453125 0.7721354166666666 0.53564453125 0.7721354166666666 0.56591796875 0.9700520833333334 0.56591796875
0 0.9661458333333334 0.4555664062500001 0.7662760416666666 0.4555664062500001 0.7662760416666666 0.4858398437500001 0.9661458333333334 0.4858398437500001
0 0.4446614583333333 0.32177734375 0.24674479166666674 0.32177734375 0.24674479166666674 0.35205078125 0.4446614583333333 0.35205078125
0 0.20768229166666674 0.49169921875 0.01562500000000008 0.49169921875 0.01562500000000008 0.5205078125 0.20768229166666674 0.5205078125
0 0.9837239583333334 0.712890625 0.78515625 0.712890625 0.78515625 0.74169921875 0.9837239583333334 0.74169921875
0 0.1848958333333334 0.29345703125 4.7917495201012974e-17 0.29345703125 5.0389113089917134e-17 0.32373046875 0.1848958333333334 0.32373046875
0 0.1868489583333334 0.3330078125 5.437559355589159e-17 0.3330078125 5.672761703081652e-17 0.36181640625 0.1868489583333334 0.36181640625
0 0.4440104166666667 0.30078125 0.24479166666666674 0.30078125 0.24479166666666674 0.3310546875 0.4440104166666667 0.3310546875
0 0.4537760416666667 0.4208984375 0.2591145833333334 0.4208984375 0.2591145833333334 0.45068359375 0.4537760416666667 0.45068359375
0 0.47265625000000017 0.654296875 0.28580729166666674 0.654296875 0.2858072916666668 0.68212890625 0.47265625000000017 0.68212890625
0 0.4459635416666667 0.34130859375 0.25000000000000006 0.34130859375 0.25000000000000006 0.37109375 0.4459635416666667 0.37109375
0 0.9661458333333334 0.4365234375000001 0.7643229166666666 0.4365234375000001 0.7643229166666666 0.4658203125000001 0.9661458333333334 0.4658203125000001
0 0.2005208333333334 0.4521484375 0.009765625000000075 0.4521484375 0.009765625000000076 0.4814453125 0.2005208333333334 0.4814453125
0 0.2122395833333334 0.53125 0.018880208333333422 0.53125 0.018880208333333422 0.5595703125 0.2122395833333334 0.5595703125
0 0.720703125 0.5478515625 0.5195312500000001 0.5478515625 0.5195312500000001 0.576171875 0.720703125 0.576171875
0 0.9739583333333334 0.59521484375 0.77734375 0.59521484375 0.77734375 0.6240234375 0.9739583333333334 0.6240234375
0 0.7252604166666666 0.6474609375 0.5292968750000001 0.6474609375 0.5292968750000001 0.67626953125 0.7252604166666666 0.67626953125
0 0.45898437500000017 0.4814453125 0.26627604166666674 0.4814453125 0.26627604166666674 0.509765625 0.45898437500000017 0.509765625
0 0.47460937500000017 0.6728515625 0.28776041666666674 0.6728515625 0.2877604166666668 0.701171875 0.47460937500000017 0.701171875
0 0.98046875 0.6923828125 0.783203125 0.6923828125 0.783203125 0.7216796875 0.98046875 0.7216796875
0 0.22851562500000008 0.64794921875 0.03450520833333343 0.64794921875 0.03450520833333344 0.67578125 0.22851562500000008 0.67578125
0 0.4596354166666668 0.5 0.26757812500000006 0.5 0.26757812500000006 0.5283203125 0.4596354166666668 0.5283203125
0 0.7239583333333334 0.607421875 0.5240885416666669 0.607421875 0.5240885416666669 0.6376953125 0.7239583333333334 0.6376953125
0 0.19205729166666674 0.37255859375 0.0006510416666667273 0.37255859375 0.0006510416666667298 0.40185546875 0.19205729166666674 0.40185546875
0 0.7291666666666666 0.68701171875 0.5319010416666669 0.68701171875 0.5319010416666669 0.71533203125 0.7291666666666666 0.71533203125
0 0.9680989583333334 0.5166015625 0.7708333333333334 0.5166015625 0.7708333333333334 0.54638671875 0.9680989583333334 0.54638671875
0 0.9798177083333334 0.6728515625 0.783203125 0.6728515625 0.783203125 0.70166015625 0.9798177083333334 0.70166015625
0 0.7259114583333334 0.626953125 0.5260416666666669 0.626953125 0.5260416666666669 0.65673828125 0.7259114583333334 0.65673828125
0 0.4661458333333335 0.5771484375 0.27539062500000006 0.5771484375 0.27539062500000006 0.60498046875 0.4661458333333335 0.60498046875
0 0.7194010416666666 0.52783203125 0.5175781250000001 0.52783203125 0.5175781250000001 0.55712890625 0.7194010416666666 0.55712890625
0 0.4720052083333335 0.6357421875 0.28385416666666674 0.6357421875 0.28385416666666674 0.66357421875 0.4720052083333335 0.66357421875
0 0.7265625 0.6669921875 0.5292968750000001 0.6669921875 0.5292968750000001 0.69580078125 0.7265625 0.69580078125
0 0.9759114583333334 0.61328125 0.7786458333333334 0.61328125 0.7786458333333334 0.64306640625 0.9759114583333334 0.64306640625
0 0.4375 0.23828125000000003 0.23697916666666674 0.23828125 0.23697916666666674 0.26708984375 0.4375 0.26708984375
0 0.98046875 0.65380859375 0.783203125 0.65380859375 0.783203125 0.6826171875 0.98046875 0.6826171875
0 0.9720052083333334 0.57568359375 0.775390625 0.57568359375 0.775390625 0.6044921875 0.9720052083333334 0.6044921875
0 0.4596354166666668 0.5400390625 0.27408854166666674 0.5400390625 0.27408854166666674 0.56787109375 0.4596354166666668 0.56787109375
0 0.1966145833333334 0.4130859375 0.005208333333333401 0.4130859375 0.005208333333333402 0.44140625 0.1966145833333334 0.44140625
0 0.18359375000000008 0.2705078125 4.417020356299699e-17 0.2705078125 4.664182145190115e-17 0.30078125 0.18359375000000008 0.30078125
0 0.4752604166666668 0.7119140625 0.2916666666666668 0.7119140625 0.2916666666666668 0.73876953125 0.4752604166666668 0.73876953125
0 0.22981770833333348 0.72509765625 0.045572916666666775 0.72509765625 0.04557291666666679 0.75244140625 0.22981770833333348 0.75244140625
0 0.9609830740324381 0.37701849232873746 0.9597477207031249 0.3584828818359375 0.7595914377481502 0.3659865919769081 0.7608267910774634 0.38452220246970803
0 0.7140407018229165 0.5081206538085938 0.7122816934151842 0.4878927648547121 0.515959883519351 0.49749579805783717 0.5177188919270833 0.5177236870117189