0 0.9240740740740743 0.7645833333333333 0.5435185185185187 0.7645833333333333 0.5435185185185187 0.7895833333333333 0.9240740740740743 0.7895833333333333
0 0.4888888888888889 0.35104166666666664 0.09259259259259267 0.35104166666666664 0.09259259259259267 0.37864583333333335 0.4888888888888889 0.37864583333333335
0 0.8962962962962963 0.4161458333333334 0.5212962962962963 0.4161458333333333 0.5212962962962963 0.44322916666666673 0.8962962962962963 0.4432291666666668
0 0.9111111111111113 0.5369791666666667 0.5287037037037039 0.5369791666666667 0.5287037037037039 0.5640625 0.9111111111111113 0.5640625
0 0.4842592592592593 0.30104166666666665 0.09259259259259264 0.30104166666666665 0.09259259259259266 0.32864583333333336 0.4842592592592593 0.32864583333333336
0 0.49722222222222245 0.5208333333333334 0.1000000000000001 0.5208333333333334 0.10000000000000012 0.5484375 0.49722222222222245 0.5484375
0 0.48518518518518516 0.37604166666666666 0.09166666666666674 0.37604166666666666 0.09166666666666674 0.4036458333333333 0.48518518518518516 0.4036458333333333
0 0.48518518518518516 0.3255208333333333 0.08981481481481489 0.3255208333333333 0.08981481481481489 0.353125 0.48518518518518516 0.353125
0 0.48333333333333334 0.2765625 0.09166666666666672 0.2765625 0.09166666666666673 0.30364583333333334 0.48333333333333334 0.30364583333333334
0 0.8898148148148148 0.29635416666666675 0.5046296296296297 0.29635416666666664 0.5046296296296297 0.32291666666666674 0.8898148148148148 0.3229166666666668
0 0.9138888888888891 0.5604166666666667 0.527777777777778 0.5604166666666667 0.527777777777778 0.5880208333333333 0.9138888888888891 0.5880208333333333
0 0.9175925925925928 0.5854166666666667 0.5287037037037039 0.5854166666666667 0.5287037037037039 0.6130208333333333 0.9175925925925928 0.6130208333333333
0 0.4925925925925927 0.4739583333333333 0.09907407407407418 0.4739583333333333 0.09907407407407418 0.5005208333333333 0.4925925925925928 0.5005208333333333
0 0.9009259259259259 0.44010416666666674 0.5166666666666667 0.4401041666666667 0.5166666666666667 0.46666666666666673 0.9009259259259259 0.4666666666666668
0 0.4861111111111111 0.4010416666666667 0.09074074074074082 0.4010416666666667 0.09074074074074083 0.42604166666666665 0.4861111111111111 0.42604166666666665
0 0.8787037037037037 0.22500000000000006 0.4981481481481482 0.22500000000000006 0.4981481481481482 0.2505208333333334 0.8787037037037037 0.2505208333333334
0 0.5055555555555558 0.7229166666666667 0.10092592592592609 0.7229166666666667 0.10092592592592609 0.7515625 0.5055555555555558 0.7515625
0 0.502777777777778 0.6197916666666666 0.09814814814814828 0.6197916666666666 0.09814814814814828 0.6484375 0.502777777777778 0.6484375
0 0.8935185185185185 0.3208333333333334 0.5092592592592593 0.32083333333333336 0.5092592592592593 0.3473958333333334 0.8935185185185185 0.34739583333333346
0 0.9314814814814817 0.7130208333333333 0.5435185185185187 0.7130208333333333 0.5435185185185187 0.740625 0.9314814814814817 0.740625
0 0.8944444444444445 0.3682291666666667 0.5148148148148148 0.36822916666666666 0.5148148148148148 0.3947916666666667 0.8944444444444445 0.39479166666666676
0 0.502777777777778 0.6973958333333333 0.10277777777777794 0.6973958333333333 0.10277777777777794 0.7260416666666667 0.502777777777778 0.7260416666666667
0 0.9046296296296299 0.4864583333333334 0.5212962962962965 0.4864583333333333 0.5212962962962965 0.5140625000000001 0.9046296296296299 0.5140625000000001
0 0.8861111111111111 0.27187500000000003 0.5064814814814815 0.271875 0.5064814814814815 0.2989583333333334 0.8861111111111111 0.29895833333333344
0 0.4787037037037037 0.22864583333333335 0.09166666666666672 0.22864583333333333 0.09166666666666672 0.25520833333333337 0.4787037037037037 0.25520833333333337
0 0.5000000000000002 0.6713541666666667 0.10000000000000016 0.6713541666666667 0.10000000000000016 0.7 0.5000000000000002 0.7
0 0.926851851851852 0.6864583333333333 0.5379629629629632 0.6864583333333333 0.5379629629629632 0.7145833333333333 0.926851851851852 0.7145833333333333
0 0.49074074074074076 0.44947916666666665 0.09722222222222232 0.44947916666666665 0.09722222222222232 0.47708333333333336 0.49074074074074076 0.47708333333333336
0 0.9222222222222224 0.6348958333333333 0.5351851851851854 0.6348958333333333 0.5351851851851854 0.6635416666666667 0.9222222222222224 0.6635416666666667
0 0.9333333333333336 0.7375 0.5435185185185187 0.7375 0.5435185185185187 0.765625 0.9333333333333336 0.765625
0 0.4990740740740743 0.5953125 0.09814814814814828 0.5953125 0.09814814814814828 0.6239583333333333 0.4990740740740743 0.6239583333333333
0 0.5055555555555558 0.7484375 0.10370370370370387 0.7484375 0.10370370370370387 0.7770833333333333 0.5055555555555558 0.7770833333333333
0 0.5046296296296299 0.6463541666666667 0.0990740740740742 0.6463541666666667 0.09907407407407422 0.675 0.5046296296296299 0.675
0 0.8925925925925926 0.34322916666666675 0.512962962962963 0.34322916666666664 0.512962962962963 0.36979166666666674 0.8925925925925926 0.3697916666666668
0 0.5129629629629632 0.7729166666666667 0.10462962962962978 0.7729166666666667 0.1046296296296298 0.8020833333333334 0.5129629629629632 0.8020833333333334
0 0.49722222222222245 0.496875 0.10092592592592603 0.496875 0.10092592592592603 0.5234375 0.49722222222222245 0.5234375
0 0.49722222222222245 0.5484375 0.10185185185185198 0.5484375 0.10185185185185198 0.5755208333333334 0.49722222222222245 0.5755208333333334
0 0.8953703703703704 0.3911458333333334 0.5148148148148148 0.39114583333333336 0.5148148148148148 0.4182291666666667 0.8953703703703704 0.41822916666666676
0 0.9027777777777779 0.46354166666666674 0.5203703703703704 0.4635416666666667 0.5203703703703705 0.49062500000000003 0.902777777777778 0.49062500000000014
0 0.9240740740740743 0.6604166666666667 0.5361111111111113 0.6604166666666667 0.5361111111111113 0.6890625 0.9240740740740743 0.6890625
0 0.9064814814814817 0.5125000000000001 0.5231481481481484 0.5125 0.5231481481481484 0.5395833333333333 0.9064814814814817 0.5395833333333333
0 0.4759259259259259 0.18333333333333338 0.08981481481481486 0.18333333333333332 0.08981481481481486 0.20937500000000003 0.4759259259259259 0.20937500000000006
0 0.9185185185185187 0.6098958333333333 0.5333333333333335 0.6098958333333333 0.5333333333333335 0.6375 0.9185185185185187 0.6375
0 0.8851851851851852 0.24791666666666673 0.5 0.24791666666666673 0.5 0.2744791666666667 0.8851851851851852 0.2744791666666668
0 0.5000000000000002 0.5708333333333333 0.10092592592592606 0.5708333333333333 0.10092592592592606 0.5979166666666667 0.5000000000000002 0.5979166666666667
0 0.5074074074074076 0.8 0.10462962962962981 0.8 0.10462962962962981 0.8286458333333333 0.5074074074074076 0.8286458333333333
0 0.48148148148148145 0.25312500000000004 0.09074074074074079 0.253125 0.09074074074074079 0.2796875 0.48148148148148145 0.2796875
0 0.4898148148148148 0.42552083333333335 0.09444444444444455 0.42552083333333335 0.09444444444444455 0.45208333333333334 0.4898148148148148 0.45208333333333334
0 0.875 0.17968750000000006 0.49722222222222223 0.17968750000000006 0.49722222222222223 0.2057291666666667 0.875 0.2057291666666667
0 0.8777777777777778 0.2036458333333334 0.4981481481481482 0.2036458333333334 0.4981481481481482 0.22864583333333338 0.8777777777777778 0.22864583333333338
0 0.47962962962962963 0.20625000000000002 0.08888888888888895 0.20625 0.08888888888888895 0.23177083333333337 0.47962962962962963 0.2317708333333334
0 0.475 0.15677083333333336 0.08518518518518521 0.15677083333333333 0.08518518518518522 0.18489583333333337 0.475 0.1848958333333334
0 0.8731481481481481 0.1567708333333334 0.4935185185185185 0.1567708333333334 0.4935185185185185 0.18125000000000005 0.8731481481481481 0.18125000000000005
0 0.9408637324074075 0.8116816223958333 0.938606910501697 0.7853323900189114 0.5471481817979932 0.7959410457480781 0.5494050037037038 0.822290278125