0 0.81993071875 0.1106375 0.8180649236111112 0.06602794140625 0.19616470408228492 0.07425797854393755 0.19803049922117383 0.11886753713768755
0 0.8157345684594963 0.15628546529774498 0.8152666666666666 0.1127367646484375 0.19449244716550373 0.1148471328467863 0.19496034895833333 0.1583958334960938
0 0.8166490532317758 0.19880212028185254 0.8161995642361111 0.15734632373046875 0.19989403342727505 0.15946066417954838 0.20034352242293976 0.20091646073093217
0 0.812577831431462 0.24078582842814347 0.8124684097222221 0.20090612744140623 0.2004474411379823 0.201437455751544 0.2005568628472222 0.24131715673828125
0 0.8134013072916667 0.2444661762695313 0.20589113869261763 0.24375245691035433 0.2057488579602066 0.2820717263327583 0.8132590265592556 0.28278544569193526
0 0.8022074071180556 0.28632622558593757 0.2096156866319445 0.28504215673828126 0.20936765192607304 0.32126018273673507 0.8019593724121842 0.3225442515843914
0 0.8012749453125001 0.3277867646484375 0.21361612239583339 0.3267372548828125 0.21341759473297972 0.3619098862497231 0.8010764176496463 0.36295939601534805
0 0.7947450980902779 0.366098529296875 0.2145490199652779 0.3645242646484375 0.2142654027812192 0.3975973445481099 0.7944614809062194 0.3991716091965474
0 0.7938126362847224 0.4044102939453126 0.2182801744791668 0.39968700976562505 0.21742157332922926 0.43278962206605137 0.7929540351347849 0.4375129062457389
0 0.7854174288194445 0.44318431396484387 0.22080479340277792 0.4373583334960938 0.21982736385839952 0.4673300823164268 0.7844399992750662 0.47315606278517686
0 0.7844845312500001 0.47834705859375004 0.22480958593750008 0.474148529296875 0.22408752244806754 0.5046035652732791 0.7837624677605676 0.508802094570154
0 0.7355544839196226 0.9174912534864821 0.25087541040234357 0.8926022748332677 0.2466363952327211 0.9187213152920981 0.7313154687500002 0.9436102939453125
0 0.73493157968411 0.8845816258899415 0.24467581684027795 0.8598995097656251 0.239939428064746 0.8896663483858077 0.730195190908578 0.9143484645101241
0 0.7335790666166496 0.8567594091555367 0.24243790885416688 0.8347232841796877 0.23830851584862855 0.8638440219968073 0.7294496736111113 0.8858801469726564
0 0.7421211133656305 0.8283320076579795 0.24094596961805573 0.8070294116210937 0.23666973646075876 0.8388613746662391 0.7378448802083335 0.860163970703125
0 0.7440045067422105 0.803142514540059 0.23721612239583345 0.7801747548828124 0.23354336495932493 0.8058163664907809 0.7403317493057019 0.8287841261480275
0 0.7463365225830274 0.7727497703186662 0.23572418315972238 0.7503830883789063 0.23182137935824715 0.7785741555661693 0.7424337187815522 0.8009408375059291
0 0.7533577448538711 0.7423426250532901 0.23721612239583345 0.7226892158203124 0.23382961972946237 0.7508294340287411 0.7499712421875001 0.7704828432617188
0 0.7547850086727431 0.7107707810699013 0.2319943359375001 0.6899600488281249 0.22796453953169543 0.7219909109403639 0.7507552122669385 0.7428016431821404
0 0.7605781586230167 0.6771670922033473 0.23274030468750015 0.6610073530273437 0.2295956972797614 0.6935069273279028 0.757433551215278 0.7096666665039063
0 0.7607393316097947 0.6456550483063426 0.23348627430555563 0.6286977939453126 0.23018049391103887 0.6612201968108451 0.757433551215278 0.6781774511718751
0 0.7630102220400616 0.611660805131127 0.23274030468750015 0.5968078432617187 0.22985865581887735 0.6293592707006804 0.7601285731714388 0.6442122325700887
0 0.7662287153554009 0.5790927507944369 0.2319943359375001 0.5632397060546875 0.22879612145015468 0.597341072936032 0.7630305008680556 0.6131941176757814
0 0.7720769420014215 0.5434295982514643 0.22901045746527787 0.5309301469726563 0.22649342865830097 0.5655316761625984 0.7695599131944445 0.5780311274414064
0 0.7798204791666667 0.5092799018554688 0.22824668576890084 0.5006365210038449 0.22655560369657726 0.5347817251024516 0.7781293970943433 0.5434251059540754