0 0.5734375 0.6379629629629631 0.45364583333333336 0.637962962962963 0.45364583333333336 0.6620370370370371 0.5734375 0.6620370370370372
0 0.4484375 0.1935185185185186 0.3234375 0.19351851851851856 0.3234375 0.22314814814814823 0.4484375 0.22314814814814826
0 0.44375 0.45370370370370383 0.31979166666666664 0.45370370370370383 0.31979166666666664 0.47962962962962963 0.44375 0.47962962962962963
0 0.43802083333333336 0.6268518518518519 0.31875 0.6268518518518519 0.31875 0.6518518518518519 0.43802083333333336 0.6518518518518519
0 0.7140625 0.5500000000000002 0.5875 0.5500000000000002 0.5875 0.5740740740740743 0.7140625 0.5740740740740743
0 0.44427083333333334 0.4037037037037038 0.3203125 0.4037037037037038 0.3203125 0.4324074074074075 0.44427083333333334 0.4324074074074075
0 0.44635416666666666 0.24907407407407417 0.321875 0.24907407407407417 0.321875 0.2777777777777779 0.44635416666666666 0.2777777777777779
0 0.4421875 0.5287037037037037 0.31927083333333334 0.5287037037037037 0.31927083333333334 0.5527777777777778 0.4421875 0.5527777777777778
0 0.43697916666666664 0.7731481481481481 0.31927083333333334 0.7731481481481481 0.31927083333333334 0.7953703703703704 0.43697916666666664 0.7953703703703704
0 0.4453125 0.29907407407407416 0.321875 0.29907407407407416 0.321875 0.33055555555555566 0.4453125 0.33055555555555566
0 0.4421875 0.47962962962962963 0.32083333333333336 0.47962962962962963 0.32083333333333336 0.5046296296296297 0.4421875 0.5046296296296297
0 0.5734375 0.7851851851851853 0.45 0.7851851851851852 0.45 0.8064814814814816 0.5734375 0.8064814814814817
0 0.4421875 0.575 0.31927083333333334 0.575 0.31927083333333334 0.6055555555555555 0.4421875 0.6055555555555555
0 0.5723958333333333 0.7342592592592594 0.4505208333333333 0.7342592592592593 0.4505208333333333 0.7601851851851853 0.5723958333333333 0.7601851851851854
0 0.4421875 0.5009259259259259 0.31979166666666664 0.5009259259259259 0.31979166666666664 0.5287037037037037 0.4421875 0.5287037037037037
0 0.7109375 0.7203703703703705 0.5864583333333333 0.7203703703703705 0.5864583333333333 0.7453703703703706 0.7109375 0.7453703703703706
0 0.7135416666666666 0.6731481481481484 0.5869791666666667 0.6731481481481484 0.5869791666666667 0.6972222222222224 0.7135416666666666 0.6972222222222224
0 0.4473958333333333 0.22037037037037044 0.3255208333333333 0.2203703703703704 0.3255208333333333 0.2500000000000001 0.4473958333333333 0.2500000000000001
0 0.4375 0.6509259259259259 0.3177083333333333 0.6509259259259259 0.3177083333333333 0.6777777777777778 0.4375 0.6777777777777778
0 0.44114583333333335 0.42777777777777787 0.32083333333333336 0.42777777777777787 0.32083333333333336 0.4527777777777779 0.44114583333333335 0.4527777777777779
0 0.7177083333333333 0.49722222222222245 0.590625 0.49722222222222245 0.590625 0.5212962962962965 0.7177083333333333 0.5212962962962965
0 0.43645833333333334 0.6990740740740741 0.31979166666666664 0.6990740740740741 0.31979166666666664 0.725 0.43645833333333334 0.725
0 0.4432291666666667 0.35277777777777786 0.32135416666666666 0.35277777777777786 0.32135416666666666 0.3787037037037038 0.4432291666666667 0.3787037037037038
0 0.7109375 0.7712962962962965 0.584375 0.7712962962962965 0.584375 0.7953703703703706 0.7109375 0.7953703703703706
0 0.43854166666666666 0.6759259259259259 0.31875 0.6759259259259259 0.31875 0.7018518518518518 0.43854166666666666 0.7018518518518518
0 0.4395833333333333 0.600925925925926 0.3182291666666667 0.600925925925926 0.3182291666666667 0.6287037037037037 0.4395833333333333 0.6287037037037037
0 0.5739583333333333 0.6870370370370371 0.45364583333333336 0.687037037037037 0.45364583333333336 0.7101851851851853 0.5739583333333333 0.7101851851851854
0 0.7203125 0.39444444444444454 0.5932291666666667 0.39444444444444454 0.5932291666666667 0.42037037037037045 0.7203125 0.42037037037037045
0 0.4432291666666667 0.5527777777777778 0.31979166666666664 0.5527777777777778 0.31979166666666664 0.5787037037037037 0.4432291666666667 0.5787037037037037
0 0.4473958333333333 0.27314814814814825 0.32447916666666665 0.27314814814814825 0.32447916666666665 0.30092592592592604 0.4473958333333333 0.30092592592592604
0 0.5833333333333334 0.25555555555555565 0.45625 0.25555555555555565 0.45625 0.2824074074074075 0.5833333333333334 0.2824074074074075
0 0.7140625 0.5740740740740743 0.5895833333333333 0.5740740740740743 0.5895833333333333 0.5981481481481483 0.7140625 0.5981481481481483
0 0.5802083333333333 0.3592592592592594 0.4546875 0.3592592592592594 0.4546875 0.3851851851851853 0.5802083333333333 0.3851851851851853
0 0.44583333333333336 0.3250000000000001 0.32135416666666666 0.3250000000000001 0.32135416666666666 0.35462962962962974 0.44583333333333336 0.35462962962962974
0 0.43697916666666664 0.7481481481481481 0.31979166666666664 0.7481481481481481 0.31979166666666664 0.7722222222222223 0.43697916666666664 0.7722222222222223
0 0.5796875 0.38611111111111124 0.4552083333333333 0.38611111111111124 0.4552083333333333 0.4111111111111112 0.5796875 0.4111111111111112
0 0.7177083333333333 0.5240740740740742 0.590625 0.5240740740740742 0.590625 0.5481481481481484 0.7177083333333333 0.5481481481481484
0 0.5744791666666667 0.563888888888889 0.453125 0.5638888888888889 0.453125 0.5870370370370371 0.5744791666666667 0.5870370370370372
0 0.709375 0.7444444444444447 0.5864583333333333 0.7444444444444447 0.5864583333333333 0.7703703703703706 0.709375 0.7703703703703706
0 0.7140625 0.6250000000000002 0.5869791666666667 0.6250000000000002 0.5869791666666667 0.6481481481481484 0.7140625 0.6481481481481484
0 0.7151041666666667 0.5990740740740743 0.5880208333333333 0.5990740740740743 0.5880208333333333 0.6231481481481483 0.7151041666666667 0.6231481481481483
0 0.7234375 0.3175925925925927 0.5947916666666667 0.3175925925925927 0.5947916666666667 0.3435185185185186 0.7234375 0.3435185185185186
0 0.5765625 0.4648148148148149 0.4557291666666667 0.4648148148148149 0.4557291666666667 0.4861111111111112 0.5765625 0.4861111111111113
0 0.5734375 0.6166666666666668 0.45260416666666664 0.6166666666666667 0.45260416666666664 0.6379629629629631 0.5734375 0.6379629629629632
0 0.5776041666666667 0.4861111111111112 0.453125 0.4861111111111111 0.453125 0.5129629629629631 0.5776041666666667 0.5129629629629632
0 0.7208333333333333 0.4185185185185186 0.5916666666666667 0.4185185185185186 0.5916666666666667 0.4462962962962964 0.7208333333333333 0.4462962962962964
0 0.7166666666666667 0.44722222222222235 0.5921875 0.44722222222222235 0.5921875 0.4703703703703705 0.7166666666666667 0.4703703703703705
0 0.5765625 0.5157407407407408 0.4557291666666667 0.5157407407407407 0.4557291666666667 0.5351851851851853 0.5765625 0.5351851851851854
0 0.571875 0.7574074074074075 0.4505208333333333 0.7574074074074074 0.4505208333333333 0.7842592592592593 0.571875 0.7842592592592594
0 0.7119791666666667 0.6972222222222224 0.5859375 0.6972222222222224 0.5859375 0.7240740740740743 0.7119791666666667 0.7240740740740743
0 0.7229166666666667 0.36851851851851863 0.5953125 0.36851851851851863 0.5953125 0.3935185185185186 0.7229166666666667 0.3935185185185186
0 0.7125 0.6490740740740742 0.5880208333333333 0.6490740740740742 0.5880208333333333 0.6722222222222224 0.7125 0.6722222222222224
0 0.578125 0.4111111111111112 0.4552083333333333 0.4111111111111112 0.4552083333333333 0.4351851851851853 0.578125 0.4351851851851853
0 0.5833333333333334 0.20092592592592604 0.4557291666666667 0.20092592592592604 0.4557291666666667 0.22777777777777788 0.5833333333333334 0.22777777777777788
0 0.4354166666666667 0.725925925925926 0.3177083333333333 0.725925925925926 0.3177083333333333 0.7490740740740741 0.4354166666666667 0.7490740740740741
0 0.4510416666666667 0.16944444444444454 0.32135416666666666 0.1694444444444445 0.32135416666666666 0.19629629629629639 0.4510416666666667 0.1962962962962964
0 0.71875 0.47314814814814826 0.5911458333333334 0.47314814814814826 0.5911458333333334 0.49722222222222245 0.71875 0.49722222222222245
0 0.5755208333333334 0.587962962962963 0.4546875 0.5879629629629629 0.4546875 0.6101851851851853 0.5755208333333334 0.6101851851851854
0 0.5723958333333333 0.7111111111111112 0.45260416666666664 0.7111111111111111 0.45260416666666664 0.7361111111111113 0.5723958333333333 0.7361111111111113
0 0.5776041666666667 0.539814814814815 0.45416666666666666 0.5398148148148149 0.45416666666666666 0.5620370370370371 0.5776041666666667 0.5620370370370372
0 0.5739583333333333 0.6629629629629631 0.45260416666666664 0.662962962962963 0.45260416666666664 0.6870370370370371 0.5739583333333333 0.6870370370370372
0 0.5828125 0.27962962962962973 0.45625 0.27962962962962973 0.45625 0.3064814814814816 0.5828125 0.3064814814814816
0 0.7255208333333333 0.3444444444444446 0.5953125 0.34444444444444455 0.5953125 0.3694444444444446 0.7255208333333333 0.36944444444444463
0 0.5833333333333334 0.22685185185185194 0.4578125 0.22685185185185194 0.4578125 0.2564814814814816 0.5833333333333334 0.2564814814814816
0 0.725 0.288888888888889 0.5963541666666666 0.288888888888889 0.5963541666666666 0.3157407407407408 0.725 0.3157407407407408
0 0.5833333333333334 0.17222222222222233 0.4578125 0.17222222222222233 0.4578125 0.20185185185185195 0.5833333333333334 0.20185185185185195
0 0.44441427604166667 0.3865605092592593 0.3226567657400267 0.3781050597931553 0.3221838404433468 0.39962824546218473 0.4439413507449867 0.4080836949282887
0 0.5770531661458335 0.4388525592592594 0.45579849680213347 0.43343621636798013 0.45542395773963357 0.45993612562723935 0.5766786270833335 0.46535246851851864
0 0.7273158557291668 0.2689995796296297 0.5969505021432007 0.2635150092675503 0.5966309818469893 0.2875184207974744 0.7269963354329555 0.29300299115955386
0 0.72987653125 0.18554238333333348 0.6005352525034436 0.1797239308190222 0.6001219796800626 0.20875890536894964 0.729463258426619 0.21457735788326093
0 0.7294693651557089 0.2138381872596146 0.596107685487162 0.20790375222752233 0.5957699364772863 0.2318921205234635 0.7291316161458333 0.23782655555555574
0 0.730312271875 0.24216248148148165 0.5963719458333333 0.23478233333333343 0.5959532029130478 0.25880098898161075 0.7298935289547145 0.26618113712975894
0 0.710056613399258 0.798850468902396 0.5843333470676969 0.7924403043486845 0.5839751935642724 0.8146412067425851 0.7096984598958334 0.8210513712962966
0 0.7088693250000001 0.8246082342592593 0.5853517830628968 0.8153896962329349 0.5847832923349621 0.8394635113612181 0.7083008342720655 0.8486820493875425
0 0.5704741145833335 0.8129368703703704 0.45147904770571906 0.8059884117516172 0.4510484694412717 0.8292933271832927 0.5700435363188862 0.836241785802046
0 0.4372187671875 0.8009444074074075 0.3199937348958334 0.7947996055555556 0.3196070519911548 0.81811390642719 0.43683208428282144 0.8242587082790418
0 0.5807348760416667 0.315044762962963 0.4574051162554373 0.3097849669603722 0.4571199984375 0.3309139351851853 0.5804497582237294 0.3361737311877761
0 0.5833602588541668 0.3372495685185186 0.45602029432072594 0.33123357900273576 0.45566164536239256 0.3552264475212543 0.5830016098958333 0.3612424370370372
0 0.4497065564382105 0.14615693462630455 0.32097733079396384 0.13813894186042477 0.32046281289741996 0.16424654056745364 0.44919203854166667 0.17226453333333344
0 0.5858533536458334 0.14872846111111118 0.4585446892467919 0.14586090798378173 0.45836101478027097 0.17163303260222268 0.5856696791793125 0.1745005857295521
0 0.7347000687499999 0.15667298240740757 0.5987405770833334 0.14994596111111125 0.5983313389446252 0.17608669504389818 0.7342908306112917 0.18281371634019447