0 0.9783604958927976 0.6924117221955743 0.09792516519103471 0.6886323743429734 0.09719051562500017 0.7427832988281251 0.9776258463267631 0.746562646680726
0 0.9670828645833333 0.6881077949218751 0.9669044216242627 0.6350114486696762 0.09738114645065171 0.6359360639040511 0.09755958940972223 0.68903241015625
0 0.9506296717475604 0.5877835821628771 0.10982866962009259 0.5860098046135536 0.10948498571975471 0.6375562009663016 0.9502859878472224 0.6393299785156251
0 0.9273489644097221 0.5854787265625001 0.9272842149790745 0.538994690682636 0.13096626303763498 0.5393456555837407 0.13103101246828255 0.5858296914636049
0 0.9180762456597223 0.5360808930664064 0.9176617612277757 0.4920315277439613 0.13344812060277567 0.4943663187595862 0.13386260503472225 0.5384156840820312
0 0.9057657395833333 0.49288124072265627 0.9057379797964457 0.4496782998249335 0.14826965773090384 0.4498322968550121 0.14829741751779135 0.49303523775273483
0 0.8966638697916667 0.4467855610351564 0.8959453916293297 0.40287548041480975 0.15694881524044085 0.40670140863746596 0.15766729340277777 0.4506114892578126
0 0.8445865355902776 0.1380521103515625 0.8443854176597259 0.1056348227243959 0.2305988690486148 0.10683968258767716 0.2307999869791666 0.1392569702148438
0 0.8505187248263889 0.16488405322265634 0.850372887931512 0.13873479797952354 0.22258804504956758 0.13984260462014844 0.22273388194444443 0.16599185986328124
0 0.8603571717826498 0.19396614374642054 0.860091045374216 0.16251520927066393 0.2135059005012884 0.16424632138361842 0.21377202690972225 0.19569725585937503
0 0.862619451388889 0.2269418056640625 0.862094495088838 0.19388094900342123 0.1961385020332824 0.19722674636670245 0.19666345833333335 0.23028760302734372
0 0.8656220052083333 0.2622873608398438 0.8655526229614179 0.22693006343615982 0.19827113337808452 0.22734437154162848 0.198340515625 0.26270166894531244
0 0.8771894331597223 0.29480981689453134 0.8768095741776332 0.2591323893074332 0.18714313320541082 0.26145573061602695 0.18752299218750001 0.2971331582031251
0 0.8797316241319444 0.33048739160156254 0.8792528553097481 0.29242656026210867 0.17946469645558139 0.2952117785238274 0.17994346527777777 0.3332726098632813
0 0.8884185954861112 0.36856393945312504 0.8882682622747844 0.32746473935529985 0.17326285255256216 0.32829225449201854 0.1734131857638889 0.36939145458984374
0 0.8912826779513888 0.4048675571289064 0.8908532729795225 0.36436710637847397 0.16549583200730028 0.3668004550112864 0.1659252369791667 0.4073009057617188