0 0.6998697916666666 0.68359375 0.4127604166666668 0.68359375 0.4127604166666668 0.71142578125 0.6998697916666666 0.71142578125
0 0.34765625 0.2861328125 0.06575520833333338 0.2861328125 0.06575520833333338 0.31201171875 0.34765625 0.31201171875
0 0.693359375 0.53955078125 0.4075520833333335 0.53955078125 0.4075520833333335 0.56640625 0.693359375 0.56640625
0 0.345703125 0.23828125000000003 0.0670572916666667 0.23828125 0.0670572916666667 0.263671875 0.345703125 0.263671875
0 0.6770833333333334 0.21142578125000006 0.3984375 0.21142578125000006 0.3984375 0.23730468750000006 0.6770833333333334 0.23730468750000006
0 0.34375 0.3779296875 0.06250000000000006 0.3779296875 0.06250000000000007 0.404296875 0.34375 0.404296875
0 1 0.78125 0.7330729166666666 0.78125 0.7330729166666666 0.80908203125 1 0.80908203125
0 0.3430989583333333 0.33251953125 0.06966145833333338 0.33251953125 0.06966145833333338 0.35888671875 0.3430989583333333 0.35888671875
0 1 0.6826171875 0.7272135416666666 0.6826171875 0.7272135416666666 0.70947265625 1 0.70947265625
0 0.6901041666666666 0.46826171875000006 0.4055989583333335 0.46826171875 0.4055989583333335 0.49462890625000006 0.6901041666666666 0.4946289062500001
0 0.990234375 0.3452148437500001 0.70703125 0.3452148437500001 0.70703125 0.3725585937500001 0.990234375 0.3725585937500001
0 1 0.65771484375 0.7272135416666666 0.65771484375 0.7272135416666666 0.685546875 1 0.685546875
0 0.6822916666666666 0.28173828125000006 0.4016927083333333 0.28173828125 0.4016927083333333 0.30664062500000006 0.6822916666666666 0.3066406250000001
0 0.685546875 0.42138671875000006 0.4049479166666667 0.42138671875 0.4049479166666667 0.44677734375000006 0.685546875 0.4467773437500001
0 0.998046875 0.4882812500000001 0.7135416666666666 0.4882812500000001 0.7135416666666666 0.515625 0.998046875 0.515625
0 0.6848958333333334 0.32812500000000006 0.4010416666666667 0.328125 0.4010416666666667 0.35449218750000006 0.6848958333333334 0.3544921875000001
0 0.9921875 0.3681640625000001 0.705078125 0.3681640625000001 0.705078125 0.3950195312500001 0.9921875 0.3950195312500001
0 0.3411458333333333 0.21435546875000003 0.0670572916666667 0.21435546875 0.0670572916666667 0.24072265625000003 0.3411458333333333 0.24072265625000006
0 0.9947916666666666 0.4165039062500001 0.708984375 0.4165039062500001 0.708984375 0.4433593750000001 0.9947916666666666 0.4433593750000001
0 0.9954427083333334 0.4638671875000001 0.7096354166666666 0.4638671875000001 0.7096354166666666 0.4907226562500001 0.9954427083333334 0.4907226562500001
0 0.6848958333333334 0.37548828125000006 0.404296875 0.37548828125 0.404296875 0.40039062500000006 0.6848958333333334 0.4003906250000001
0 0.6940104166666666 0.5869140625 0.4088541666666668 0.5869140625 0.4088541666666668 0.61376953125 0.6940104166666666 0.61376953125
0 0.689453125 0.49169921875000006 0.4075520833333335 0.49169921875 0.4075520833333335 0.5185546875 0.689453125 0.5185546875
0 0.7024739583333334 0.7578125 0.4114583333333335 0.7578125 0.4114583333333335 0.7880859375 0.7024739583333334 0.7880859375
0 0.6907552083333334 0.51513671875 0.40820312500000017 0.51513671875 0.40820312500000017 0.5419921875 0.6907552083333334 0.5419921875
0 0.9876302083333334 0.3198242187500001 0.6985677083333334 0.3198242187500001 0.6985677083333334 0.3471679687500001 0.9876302083333334 0.3471679687500001
0 0.697265625 0.6357421875 0.4108072916666668 0.6357421875 0.4108072916666668 0.6630859375 0.697265625 0.6630859375
0 1 0.6328125 0.7233072916666666 0.6328125 0.7233072916666666 0.66064453125 1 0.66064453125
0 0.6901041666666666 0.44482421875000006 0.4069010416666667 0.44482421875 0.40690104166666674 0.47119140625000006 0.6901041666666666 0.4711914062500001
0 0.6848958333333334 0.39843750000000006 0.4036458333333333 0.3984375 0.4036458333333333 0.42431640625000006 0.6848958333333334 0.4243164062500001
0 0.68359375 0.30419921875000006 0.4029947916666667 0.30419921875 0.4029947916666667 0.33056640625000006 0.68359375 0.3305664062500001
0 0.9830729166666666 0.2734375000000001 0.6998697916666666 0.2734375000000001 0.6998697916666666 0.3002929687500001 0.9830729166666666 0.3002929687500001
0 0.9921875 0.3930664062500001 0.7076822916666666 0.3930664062500001 0.7076822916666666 0.4199218750000001 0.9921875 0.4199218750000001
0 0.3489583333333334 0.45166015625 0.06575520833333341 0.45166015625 0.06575520833333341 0.478515625 0.3489583333333335 0.478515625
0 0.6796875 0.23486328125000006 0.4036458333333333 0.23486328125000006 0.4036458333333333 0.26074218750000006 0.6796875 0.2607421875000001
0 1 0.58349609375 0.7252604166666666 0.58349609375 0.7252604166666666 0.61083984375 1 0.61083984375
0 0.69921875 0.708984375 0.4114583333333335 0.708984375 0.4114583333333335 0.73681640625 0.69921875 0.73681640625
0 1 0.70703125 0.73046875 0.70703125 0.73046875 0.734375 1 0.734375
0 0.3444010416666667 0.30859375 0.06640625000000006 0.30859375 0.06640625000000006 0.333984375 0.3444010416666667 0.333984375
0 0.3489583333333333 0.40576171875 0.06510416666666674 0.40576171875 0.06510416666666674 0.43310546875 0.3489583333333333 0.43310546875
0 0.99609375 0.4404296875000001 0.708984375 0.4404296875000001 0.708984375 0.4667968750000001 0.99609375 0.4667968750000001
0 0.3463541666666667 0.2626953125 0.0651041666666667 0.2626953125 0.06510416666666671 0.28857421875 0.3463541666666667 0.28857421875
0 0.68359375 0.35156250000000006 0.4016927083333333 0.3515625 0.4016927083333333 0.37841796875000006 0.68359375 0.3784179687500001
0 1 0.609375 0.724609375 0.609375 0.724609375 0.63623046875 1 0.63623046875
0 0.9817708333333334 0.20410156250000008 0.6985677083333334 0.20410156250000006 0.6985677083333334 0.23095703125000008 0.9817708333333334 0.2309570312500001
0 0.697265625 0.65966796875 0.4114583333333335 0.65966796875 0.4114583333333335 0.68701171875 0.697265625 0.68701171875
0 0.998046875 0.51123046875 0.7161458333333334 0.51123046875 0.7161458333333334 0.5380859375 0.998046875 0.5380859375
0 0.9830729166666666 0.22705078125000008 0.697265625 0.22705078125000006 0.697265625 0.2524414062500001 0.9830729166666666 0.2524414062500001
0 0.6809895833333334 0.25830078125000006 0.404296875 0.25830078125 0.404296875 0.28369140625000006 0.6809895833333334 0.2836914062500001
0 0.9869791666666666 0.2973632812500001 0.7005208333333334 0.2973632812500001 0.7005208333333334 0.3237304687500001 0.9869791666666666 0.3237304687500001
0 0.3444010416666667 0.35595703125 0.06315104166666673 0.35595703125 0.06315104166666673 0.3828125 0.3444010416666667 0.3828125
0 1 0.5341796875 0.716796875 0.5341796875 0.716796875 0.56201171875 1 0.56201171875
0 0.3489583333333334 0.427734375 0.06510416666666674 0.427734375 0.06510416666666674 0.4541015625 0.3489583333333335 0.4541015625
0 0.701171875 0.734375 0.41210937500000017 0.734375 0.41210937500000017 0.7607421875 0.701171875 0.7607421875
0 0.697265625 0.6103515625 0.4108072916666668 0.6103515625 0.4108072916666668 0.63720703125 0.697265625 0.63720703125
0 1 0.755859375 0.7330729166666666 0.755859375 0.7330729166666666 0.7841796875 1 0.7841796875
0 0.9817708333333334 0.2509765625000001 0.703125 0.2509765625000001 0.703125 0.2758789062500001 0.9817708333333334 0.2758789062500001
0 0.69140625 0.5634765625 0.40820312500000017 0.5634765625 0.40820312500000017 0.58984375 0.69140625 0.58984375
0 1 0.7314453125 0.7317708333333334 0.7314453125 0.7317708333333334 0.7587890625 1 0.7587890625
0 1 0.5595703125 0.7200520833333334 0.5595703125 0.7200520833333334 0.5869140625 1 0.5869140625
0 0.3470052083333333 0.18847656250000003 0.06380208333333337 0.1884765625 0.06380208333333337 0.21630859375000003 0.3470052083333333 0.21630859375000006
0 0.6764322916666666 0.18652343750000006 0.3971354166666667 0.18652343750000006 0.3971354166666667 0.21240234375000006 0.6764322916666666 0.21240234375000006
0 0.34179687500000017 0.47705078125 0.06380208333333341 0.47705078125 0.06380208333333341 0.501953125 0.34179687500000017 0.501953125
0 0.7044039316406252 0.8085853608398438 0.7035267075431307 0.7827678183484846 0.40538245233479725 0.7884661093641097 0.40625967643229166 0.8142836518554688
0 0.9841520970052083 0.20208762695312502 0.9828442334873385 0.17357792964344346 0.6923204626540053 0.18107469673328722 0.6936283261718751 0.20958439404296877
0 1.0013030254422317 0.8289258944215276 1 0.8040629018554689 0.733323008950408 0.8119244407708099 0.7346260343926397 0.8367874333368687