0 0.7833638272569445 0.32985954052734384 0.2792385364583334 0.32168721777343756 0.2776309092463523 0.35306508187808455 0.7817562000449634 0.36123740463199083
0 0.7759845677083335 0.3644883369140625 0.2819780833333334 0.3531745107421874 0.2797321760127272 0.384202957219012 0.7737386603877272 0.3955167833908871
0 0.7712834756944447 0.39753754541015623 0.2820106032986112 0.38738180029296876 0.28023529012045234 0.4144437682098268 0.7695081625162857 0.4245995133270143
0 0.734998031662045 0.7072409447707458 0.30577312673611123 0.6917613583984376 0.3030077934760956 0.7160228831925709 0.7322326984020294 0.7315024695648792
0 0.7372256241722782 0.6789532909840709 0.30450450173611127 0.6659573500976562 0.3021752048207776 0.6904971079417105 0.7348963272569445 0.7034930488281251
0 0.7389705243055557 0.6556867905273437 0.3011490642361112 0.6429722602539062 0.29911300992109013 0.6651558148904345 0.7369344699905346 0.677870345163872
0 0.7402378535285884 0.6293978927732803 0.2966711970486113 0.6181539248046876 0.2948856933464118 0.6404405906251573 0.738452349826389 0.6516845585937501
0 0.7433654053819446 0.6019695947265625 0.2948783715277779 0.5909255087890625 0.29290420163799713 0.6162913746595656 0.7413912354921638 0.6273354605970657
0 0.7479420963541668 0.5768614946289062 0.2973916753472224 0.5648972426757812 0.2954103644573262 0.5885050433563103 0.7459607854642706 0.6004692953094353
0 0.7644897673611112 0.4298142192382813 0.2841504105902779 0.4184810727539063 0.28221753945388245 0.44440170702052467 0.7625568962247157 0.4557348535048997
0 0.7611950910259854 0.4597446632662537 0.28594675347222226 0.445667345703125 0.28334494725076903 0.4734594032272604 0.7585932848045321 0.48753672079038907
0 0.7531689314236112 0.5480234624023438 0.29264296614583346 0.5351505668945312 0.2903734437588479 0.5608401704445256 0.7508994090366258 0.5737130659523382
0 0.7547025703125001 0.5198925966796876 0.2900705928819446 0.5100227421875001 0.2884242915038089 0.5345445645042737 0.7530562689343645 0.5444144189964611
0 0.7568675633680556 0.49000543261718743 0.2873805625000001 0.47785189013671875 0.28504589388819324 0.5063877515280244 0.7545328947562489 0.5185412940084931
0 0.7862950460069446 0.29580410546874997 0.28176644878472223 0.2867900639648437 0.27991429787288 0.31959110726465934 0.7844428950951023 0.3286051487685656