0 0.787300899950298 0.14507072526455722 0.3162381015625 0.0850688081054688 0.3038707285219243 0.11578986799716164 0.7749335269097224 0.17579178515625005
0 0.7774060121812667 0.17534074963384821 0.30949192881944454 0.11626619482421877 0.2980721505435742 0.14488611280400615 0.7659862339053964 0.20396066761363563
0 0.77330449453413 0.2053729181295746 0.30172070486111113 0.14594963623046878 0.2906299924450369 0.173798451987613 0.7622137821180557 0.2332217338867188
0 0.7641957452623345 0.2343304324541991 0.29587375260416665 0.17542184912109374 0.28391108144637806 0.20551302730826307 0.7522330741045458 0.26442161064136843
0 0.7548564160815125 0.26299372218116646 0.28339029861111115 0.20702735742187503 0.27223409574888435 0.23676351467501727 0.7437002132192857 0.2927298794343087
0 0.746248078125 0.2930619399414062 0.2773890086805556 0.237491369140625 0.2666141643600907 0.2662556500322027 0.7354732338045351 0.3218262208329839
0 0.7416440982152293 0.32032927754463664 0.2714869253472222 0.267315064453125 0.2603185006166358 0.2986542511786462 0.7304756734846429 0.3516684642701578
0 0.7320501269014855 0.35047846869882004 0.25894873350694453 0.2992723212890625 0.24837952604238123 0.33016955524797886 0.7214809194369223 0.38137570265773635
0 0.7223156302083333 0.3788222744140626 0.2547107960069445 0.3305591997070313 0.2452194988892392 0.3596552895201726 0.7128243330906281 0.4079183642272039
0 0.7123921665123634 0.40952529193542353 0.2467688914930556 0.3613394536132813 0.2365148652388358 0.39269069491567915 0.7021381402581436 0.4408765332378214
0 0.7058260256684314 0.43953448790615185 0.23621625434027788 0.39269167919921877 0.22704808868032028 0.42177350728316687 0.6966578600084739 0.4686163159900999
0 0.7014893238277575 0.4687896605586327 0.22958602517361124 0.4231440024414064 0.22034918654247349 0.4533589573239661 0.6922524851966197 0.49900461544119235
0 0.6926502011116538 0.49717298920670994 0.22289455208333336 0.45398988427734377 0.21440251963539317 0.4832189439801719 0.6841581686637136 0.5264020489095381
0 0.6843008784722223 0.5259168662109375 0.20688153298611123 0.4839708291015625 0.19834215391432222 0.5147233287815333 0.6757614994004333 0.5566693658909082
0 0.6750965853057982 0.5542782526341288 0.201901967013889 0.5159701782226563 0.1934940493601816 0.5488313448465717 0.6666886676520909 0.5871394192580441
0 0.675547686695813 0.5822731524224014 0.19803567881944453 0.5529698588867188 0.19219047693286903 0.5831077202671342 0.6697024848092376 0.6124110138028168
0 0.6720642761704494 0.6117238093549476 0.19341426302083345 0.5867182221679689 0.1886556103575263 0.6155392906995758 0.6673056235071422 0.6405448778865546
0 0.6652016067708334 0.6419256240234374 0.1872455460069446 0.6182581401367186 0.1829517509557394 0.6456942319580459 0.6609078117196282 0.6693617158447647
0 0.6579976458333335 0.6720142900390627 0.1804478906250001 0.6497863701171877 0.17630467399647773 0.6779508994407137 0.6538544292048111 0.7001788193625887
0 0.6520003489583335 0.7010884560546874 0.17484310850694454 0.6817529047851562 0.17132078561127126 0.7092558484329722 0.6484780260626601 0.7285913997025034
0 0.647687657986111 0.7320405624999999 0.1682449104997549 0.7119344357679362 0.16456381076388904 0.739707958984375 0.6440065582502452 0.7598140857164387
0 0.6402248671875002 0.7605599194335939 0.1613460760746147 0.7420039906090585 0.15776615451388906 0.7712361884765626 0.6366449456267745 0.789792117301098
0 0.6334559444444446 0.7910995610351563 0.15410927930853677 0.7742358947283269 0.15085906163194462 0.8034676713867188 0.6302057267678525 0.8203313376935483
0 0.628424666666667 0.8234312114257815 0.1463728862054657 0.8050925161473853 0.14269828472222237 0.8356544306640626 0.6247500651834236 0.8539931259424588
0 0.6226805477430557 0.8506235141601562 0.1401305049939609 0.8392133280917362 0.13768731510416687 0.8719061123046875 0.6202373578532616 0.8833162983731075