0 0.7012254956597221 0.7745403159179688 0.6992847101238923 0.7525109557402531 0.3617559149850034 0.7619196974394719 0.36369670052083325 0.7839490576171876
0 0.7005704079861111 0.751866302734375 0.698893256181637 0.7312231724571976 0.3608441771885814 0.7399132095665726 0.3625213289930556 0.76055633984375
0 0.699787111111111 0.7294758720703127 0.6977611372566064 0.7068962450290095 0.3595385374302176 0.7164983124118219 0.36156451128472217 0.7390779394531252
0 0.6461096475694444 0.2942606152343751 0.6455904436461553 0.2780451609888533 0.3404968906947664 0.2811360750513532 0.3410160946180556 0.297351529296875
0 0.6482806232638889 0.3125389956054688 0.6474486163517698 0.2949608434029509 0.3424347231226029 0.2995287623482634 0.34326673003472213 0.31710691455078127
0 0.6517609288194444 0.3300123637695313 0.6507865213989044 0.3127345693397695 0.34339351041666666 0.3182197548828125 0.3443679178372066 0.3354975493125743
0 0.654495064236111 0.3492636391601563 0.6534135792856582 0.3308720077478744 0.34449646440972226 0.3366196171875 0.34557794936017516 0.35501124859978195
0 0.65612584375 0.36715753271484375 0.6551478122395289 0.3495373230638907 0.34513484609369555 0.35498193195060945 0.34611287760416665 0.3726021416015625
0 0.6571556958653294 0.3863465977052069 0.6560773267155501 0.3679118520156893 0.3472515397043874 0.3736278085097012 0.34832990885416665 0.39206255419921876
0 0.6602385112847222 0.40364818505859373 0.6591862584234897 0.38631291604423085 0.34778925061098964 0.3922935747356371 0.34884150347222215 0.40962884374999997
0 0.6617922482638888 0.42281231494140625 0.6605688541551633 0.4052244516264803 0.3484130781134967 0.41209465719288657 0.34963647222222216 0.4296825205078125
0 0.6945948897569445 0.7075593417968751 0.6930985756384778 0.6880211580295817 0.3583942101870888 0.6961316092014567 0.35989052430555557 0.71566979296875
0 0.6957598038194446 0.6857082763671876 0.694193768830044 0.6653493136354498 0.3593158070244884 0.6734996857057624 0.36088184201388895 0.6938586484375001
0 0.6911560798611113 0.6642947915039061 0.689707156942538 0.6449258457935876 0.3584477480883712 0.6527665049732752 0.35989667100694445 0.6721354506835937
0 0.6895517916666667 0.6431273037109376 0.6880171966280826 0.6233201416614425 0.3574701106905826 0.6314232178333173 0.3590047057291667 0.6512303798828125
0 0.6634858489945614 0.4428402380648591 0.6622874056261946 0.4249711040148972 0.34969947329829987 0.43160442893831924 0.3508979166666666 0.4494735629882812
0 0.6659444999999999 0.4636166967773437 0.6649283235433919 0.4448653677042598 0.34962602406422527 0.45027178127847856 0.3506422005208333 0.46902311035156247
0 0.6698099262152778 0.4820638984375001 0.6686600745061305 0.4633369410308589 0.3516795944714081 0.4694951182769526 0.3528294461805555 0.48822207568359377
0 0.6721303029513889 0.5016536733398439 0.6710009245064492 0.48378202659071756 0.3529619436036715 0.4901411950477488 0.35409132204861116 0.508012841796875
0 0.6753120694444443 0.5208637612304688 0.6740720422779071 0.5027316455008014 0.354110845229296 0.5096551357351764 0.3553508723958333 0.5277872514648438
0 0.6758806215277778 0.5411941235351563 0.6747959640482524 0.5230728555971812 0.3569757157843634 0.5290919429995249 0.3580603732638889 0.5472132109375
0 0.6804276232638888 0.5602365253906251 0.6788766922007258 0.5409798139931011 0.35446600470072587 0.54924686428607 0.35601693576388893 0.5685035756835939
0 0.6839978003472222 0.5816872661132814 0.6826537882778068 0.5627079855877636 0.35702464591669564 0.5700041017987011 0.35836865798611106 0.5889833823242189
0 0.6841020425347223 0.6012079199218751 0.6823473544295702 0.5811349689527943 0.3565503492212368 0.5901461320387318 0.35830503732638896 0.6102190830078126
0 0.6861385095655268 0.6231015435419602 0.6847426399924849 0.6029996121972605 0.3567149767811247 0.610206745901394 0.3581108463541666 0.6303086772460937
0 0.7051347715285397 0.7991577280204111 0.703394779513889 0.7756152817382812 0.3616206034714604 0.7836077324288077 0.3633605954861111 0.8071501787109375
0 0.6431152942708332 0.27528254541015623 0.6420785287978701 0.25548777905913606 0.34078813628472227 0.26048076660156244 0.3418249017576855 0.2802755329525826