0 0.9654947916666666 0.4487304687500001 0.783203125 0.4487304687500001 0.783203125 0.4667968750000001 0.9654947916666666 0.4667968750000001
0 0.9583333333333334 0.64306640625 0.7708333333333334 0.64306640625 0.7708333333333334 0.66064453125 0.9583333333333334 0.66064453125
0 0.4680989583333335 0.73046875 0.27148437500000017 0.73046875 0.27148437500000017 0.74853515625 0.4680989583333335 0.74853515625
0 0.9557291666666666 0.5654296875 0.771484375 0.5654296875 0.771484375 0.58349609375 0.9557291666666666 0.58349609375
0 0.9674479166666666 0.4086914062500001 0.78125 0.4086914062500001 0.78125 0.4267578125000001 0.9674479166666666 0.4267578125000001
0 0.7174479166666666 0.41064453125000006 0.5319010416666666 0.41064453125 0.5319010416666666 0.42968750000000006 0.7174479166666666 0.4296875000000001
0 0.7141927083333334 0.72216796875 0.5221354166666669 0.72216796875 0.5221354166666669 0.73828125 0.7141927083333334 0.73828125
0 0.95703125 0.72119140625 0.7688802083333334 0.72119140625 0.7688802083333334 0.736328125 0.95703125 0.736328125
0 0.7083333333333334 0.64404296875 0.5253906250000001 0.64404296875 0.5253906250000001 0.6611328125 0.7083333333333334 0.6611328125
0 0.21679687500000014 0.70849609375 0.022786458333333454 0.70849609375 0.022786458333333454 0.72705078125 0.21679687500000014 0.72705078125
0 0.21679687500000014 0.7294921875 0.018880208333333454 0.7294921875 0.018880208333333454 0.74755859375 0.21679687500000014 0.74755859375
0 0.9563802083333334 0.701171875 0.7786458333333334 0.701171875 0.7786458333333334 0.71923828125 0.9563802083333334 0.71923828125
0 0.2141927083333334 0.39208984375 0.008463541666666732 0.39208984375 0.008463541666666732 0.41162109375 0.2141927083333334 0.41162109375
0 0.9635416666666666 0.5263671875 0.7747395833333334 0.5263671875 0.7747395833333334 0.5439453125 0.9635416666666666 0.5439453125
0 0.7063802083333334 0.5673828125 0.5234375000000001 0.5673828125 0.5234375000000001 0.58349609375 0.7063802083333334 0.58349609375
0 0.9661458333333334 0.4291992187500001 0.7845052083333334 0.4291992187500001 0.7845052083333334 0.4472656250000001 0.9661458333333334 0.4472656250000001
0 0.21875000000000008 0.5517578125 0.018880208333333422 0.5517578125 0.018880208333333422 0.5712890625 0.21875000000000008 0.5712890625
0 0.96484375 0.4877929687500001 0.7805989583333334 0.4877929687500001 0.7805989583333334 0.50537109375 0.96484375 0.50537109375
0 0.7154947916666666 0.48974609375000006 0.5247395833333335 0.48974609375 0.5247395833333335 0.5078125 0.7154947916666666 0.5078125
0 0.4674479166666668 0.630859375 0.27213541666666674 0.630859375 0.27213541666666674 0.64990234375 0.4674479166666668 0.64990234375
0 0.21679687500000008 0.630859375 0.020833333333333436 0.630859375 0.020833333333333436 0.64892578125 0.21679687500000008 0.64892578125
0 0.2161458333333334 0.47314453125 0.014973958333333412 0.47314453125 0.014973958333333412 0.4921875 0.2161458333333334 0.4921875
0 0.7135416666666666 0.7021484375 0.5253906250000001 0.7021484375 0.5253906250000001 0.72021484375 0.7135416666666666 0.72021484375
0 0.4674479166666668 0.60986328125 0.27148437500000006 0.60986328125 0.27148437500000006 0.62939453125 0.4674479166666668 0.62939453125
0 0.7220052083333334 0.24707031250000006 0.5234375 0.24707031250000006 0.5234375 0.26855468750000006 0.7220052083333334 0.2685546875000001
0 0.71875 0.37060546875000006 0.5247395833333334 0.37060546875 0.5247395833333334 0.38964843750000006 0.71875 0.3896484375000001
0 0.7220052083333334 0.26855468750000006 0.5247395833333334 0.2685546875 0.5247395833333334 0.28906250000000006 0.7220052083333334 0.2890625000000001
0 0.9576822916666666 0.6630859375 0.7805989583333334 0.6630859375 0.7805989583333334 0.6806640625 0.9576822916666666 0.6806640625
0 0.21744791666666674 0.6103515625 0.014322916666666768 0.6103515625 0.014322916666666768 0.62890625 0.21744791666666674 0.62890625
0 0.46679687500000017 0.59033203125 0.27018229166666674 0.59033203125 0.27018229166666674 0.609375 0.46679687500000017 0.609375
0 0.46875000000000017 0.5087890625 0.2669270833333334 0.5087890625 0.2669270833333334 0.5283203125 0.46875000000000017 0.5283203125
0 0.9759114583333334 0.3090820312500001 0.7766927083333334 0.3090820312500001 0.7766927083333334 0.3286132812500001 0.9759114583333334 0.3286132812500001
0 0.4694010416666668 0.68994140625 0.2708333333333335 0.68994140625 0.2708333333333335 0.7080078125 0.4694010416666668 0.7080078125
0 0.9720052083333334 0.3476562500000001 0.7805989583333334 0.3476562500000001 0.7805989583333334 0.3676757812500001 0.9720052083333334 0.3676757812500001
0 0.21549479166666674 0.4521484375 0.015625000000000073 0.4521484375 0.015625000000000076 0.47216796875 0.21549479166666674 0.47216796875
0 0.7161458333333334 0.44970703125000006 0.5234375 0.44970703125 0.5234375000000001 0.46875000000000006 0.7161458333333334 0.4687500000000001
0 0.4654947916666668 0.71044921875 0.2740885416666668 0.71044921875 0.2740885416666668 0.728515625 0.4654947916666668 0.728515625
0 0.71484375 0.43066406250000006 0.5494791666666666 0.4306640625 0.5494791666666666 0.44873046875000006 0.71484375 0.4487304687500001
0 0.7141927083333334 0.5283203125 0.5240885416666669 0.5283203125 0.5240885416666669 0.54638671875 0.7141927083333334 0.54638671875
0 0.712890625 0.60498046875 0.5240885416666669 0.60498046875 0.5240885416666669 0.623046875 0.712890625 0.623046875
0 0.21484375000000008 0.43212890625 0.014322916666666735 0.43212890625 0.014322916666666739 0.45166015625 0.21484375000000008 0.45166015625
0 0.9622395833333334 0.60400390625 0.771484375 0.60400390625 0.771484375 0.623046875 0.9622395833333334 0.623046875
0 0.21744791666666674 0.53125 0.016927083333333422 0.53125 0.016927083333333422 0.55126953125 0.21744791666666674 0.55126953125
0 0.46875000000000017 0.5693359375 0.27018229166666674 0.5693359375 0.27018229166666674 0.5888671875 0.46875000000000017 0.5888671875
0 0.71875 0.35107421875000006 0.5234375 0.35107421875 0.5234375 0.37011718750000006 0.71875 0.3701171875000001
0 0.7200520833333334 0.30908203125000006 0.5247395833333334 0.30908203125 0.5247395833333334 0.32958984375000006 0.7200520833333334 0.3295898437500001
0 0.71875 0.38964843750000006 0.525390625 0.3896484375 0.525390625 0.40966796875000006 0.71875 0.4096679687500001
0 0.7200520833333334 0.28955078125000006 0.5240885416666666 0.28955078125 0.5240885416666666 0.30957031250000006 0.7200520833333334 0.3095703125000001
0 0.2161458333333334 0.5908203125 0.018229166666666765 0.5908203125 0.018229166666666765 0.60986328125 0.2161458333333334 0.60986328125
0 0.9576822916666666 0.681640625 0.76953125 0.681640625 0.76953125 0.69921875 0.9576822916666666 0.69921875
0 0.9791666666666666 0.2675781250000001 0.7845052083333334 0.2675781250000001 0.7845052083333334 0.2875976562500001 0.9791666666666666 0.2875976562500001
0 0.21549479166666677 0.6689453125 0.02148437500000011 0.6689453125 0.02148437500000011 0.6884765625 0.21549479166666682 0.6884765625
0 0.2161458333333334 0.51220703125 0.016927083333333415 0.51220703125 0.01692708333333342 0.53125 0.2161458333333334 0.53125
0 0.46875000000000017 0.55029296875 0.27148437500000006 0.55029296875 0.27148437500000006 0.56884765625 0.46875000000000017 0.56884765625
0 0.21614583333333348 0.689453125 0.02213541666666678 0.689453125 0.02213541666666678 0.70751953125 0.21614583333333348 0.70751953125
0 0.21744791666666674 0.5712890625 0.018880208333333426 0.5712890625 0.01888020833333343 0.58984375 0.21744791666666674 0.58984375
0 0.71484375 0.50830078125 0.5240885416666669 0.50830078125 0.5240885416666669 0.52734375 0.71484375 0.52734375
0 0.97265625 0.3281250000000001 0.78125 0.3281250000000001 0.78125 0.3481445312500001 0.97265625 0.3481445312500001
0 0.21549479166666674 0.4921875 0.016276041666666744 0.4921875 0.016276041666666748 0.51171875 0.21549479166666674 0.51171875
0 0.708984375 0.66357421875 0.5253906250000001 0.66357421875 0.5253906250000001 0.68115234375 0.708984375 0.68115234375
0 0.7122395833333334 0.62353515625 0.5247395833333335 0.62353515625 0.5247395833333335 0.64208984375 0.7122395833333334 0.64208984375
0 0.7141927083333334 0.54736328125 0.5247395833333335 0.54736328125 0.5247395833333335 0.56591796875 0.7141927083333334 0.56591796875
0 0.46875000000000017 0.529296875 0.27018229166666674 0.529296875 0.27018229166666674 0.54931640625 0.46875000000000017 0.54931640625
0 0.9602864583333334 0.62353515625 0.7708333333333334 0.62353515625 0.7708333333333334 0.64208984375 0.9602864583333334 0.64208984375
0 0.7122395833333334 0.68212890625 0.5247395833333335 0.68212890625 0.5247395833333335 0.70068359375 0.7122395833333334 0.70068359375
0 0.7161458333333334 0.46923828125000006 0.5247395833333335 0.46923828125 0.5247395833333335 0.48828125000000006 0.7161458333333334 0.4882812500000001
0 0.7180989583333334 0.33056640625000006 0.525390625 0.33056640625 0.525390625 0.35009765625000006 0.7180989583333334 0.3500976562500001
0 0.9752604166666666 0.2885742187500001 0.7825520833333334 0.2885742187500001 0.7825520833333334 0.3076171875000001 0.9752604166666666 0.3076171875000001
0 0.4680989583333335 0.650390625 0.2727864583333334 0.650390625 0.2727864583333334 0.6689453125 0.4680989583333335 0.6689453125
0 0.7239583333333334 0.22656250000000006 0.5240885416666666 0.22656250000000006 0.5240885416666666 0.24609375000000006 0.7239583333333334 0.24609375000000006
0 0.9713541666666666 0.3681640625000001 0.779296875 0.3681640625000001 0.779296875 0.3876953125000001 0.9713541666666666 0.3876953125000001
0 0.46875000000000017 0.6689453125 0.27343750000000006 0.6689453125 0.2734375000000001 0.6884765625 0.46875000000000017 0.6884765625
0 0.9641927083333334 0.544921875 0.7727864583333334 0.544921875 0.7727864583333334 0.56396484375 0.9641927083333334 0.56396484375
0 0.9694010416666666 0.3876953125000001 0.7799479166666666 0.3876953125000001 0.7799479166666666 0.4077148437500001 0.9694010416666666 0.4077148437500001
0 0.2161458333333334 0.64990234375 0.020833333333333436 0.64990234375 0.02083333333333344 0.66845703125 0.2161458333333334 0.66845703125
0 0.9661458333333334 0.4672851562500001 0.7779947916666666 0.4672851562500001 0.7779947916666666 0.4863281250000001 0.9661458333333334 0.4863281250000001
0 0.9798177083333334 0.24658203125000008 0.7825520833333334 0.24658203125000006 0.7825520833333334 0.2666015625000001 0.9798177083333334 0.2666015625000001
0 0.21679687500000008 0.3701171875 0.00976562500000006 0.3701171875 0.009765625000000062 0.39013671875 0.21679687500000008 0.39013671875
0 0.21549479166666674 0.412109375 0.01367187500000007 0.412109375 0.01367187500000007 0.43212890625 0.21549479166666674 0.43212890625
0 0.9635416666666666 0.5078125 0.7766927083333334 0.5078125 0.7766927083333334 0.52587890625 0.9635416666666666 0.52587890625
0 0.7135416666666666 0.58544921875 0.5240885416666669 0.58544921875 0.5240885416666669 0.603515625 0.7135416666666666 0.603515625
0 0.9649010416666667 0.586528076171875 0.7730045572916667 0.586528076171875 0.7730045572916667 0.60587060546875 0.9649010416666667 0.60587060546875
0 0.46890136718750003 0.492204833984375 0.2677628743489387 0.49017635443151664 0.2673701171875001 0.512082763671875 0.4685086100260614 0.5141112432247333