0 0.9468617604166669 0.32695698876953133 0.04162861631944452 0.32487775146484377 0.04124624820893192 0.37755015141135556 0.9464793923061544 0.3796293887160431
0 0.9426118758680556 0.38511477490234375 0.04967481336805564 0.38446232421875 0.049560479472508384 0.4339723569278574 0.9424975419725085 0.43462480761145117
0 0.9082963758680557 0.950905166015625 0.11262460503472244 0.940662095703125 0.11099928367191891 0.980609456640025 0.9066710545052522 0.990852526952525
0 0.911734141493056 0.8991051435546874 0.10101356336805575 0.8960751796875 0.10047494314463994 0.9416748241401457 0.9111955212696401 0.9447047880073332
0 0.9106712873263894 0.8607923100585938 0.10065487934027796 0.853686169921875 0.09959011364260478 0.8920886394784474 0.909606521628716 0.8991947796151663
0 0.9452096492866892 0.49334851269481633 0.9449112430555555 0.4406899033203125 0.053465622746737655 0.4422882773362969 0.05376402897787129 0.4949468867108007
0 0.913191152777778 0.8036275415039064 0.0921725521876326 0.8027525018884196 0.09200389472624666 0.8528223061779928 0.9130224953163921 0.8536973457934796
0 0.9149496536458336 0.7618811914062499 0.0908301927083335 0.7604719780273438 0.09060924683416365 0.8013551291151274 0.9147287077716637 0.8027643424940335
0 0.934959727263743 0.5475943925486592 0.9346325164930556 0.4957441069335938 0.06145611808658616 0.49748761306780237 0.06178332885727364 0.5493378986828678
0 0.9357016041666666 0.5553034174804686 0.07062407552083344 0.5535925668945312 0.07032980836261535 0.6006718452036014 0.9354073370084485 0.6023826957895388
0 0.9283074531250003 0.6126376953125001 0.07013821527777792 0.609288818359375 0.06957746266568163 0.6547551704552843 0.9277467005129041 0.6581040474084094
0 0.9253015326415416 0.7040927572625116 0.9248974982638889 0.6568954257812499 0.07639169030594083 0.6591936941903814 0.07679572468359372 0.7063910256716431
0 0.9129691414930556 0.7140127021484376 0.09052328298611127 0.7047183911132814 0.08878902808508933 0.7532749721898 0.9112348865920337 0.7625692832249562
0 0.9600120241060114 0.2570067390570712 0.9596018151041665 0.19651365234374998 0.02352835445504009 0.19852207183362902 0.0239385634568848 0.2590151585469503
0 0.9538638993055558 0.2601590537109376 0.030370591105648825 0.25815622312076014 0.029934267130483472 0.3218128567097675 0.9534275753303904 0.323815687299945