0 0.7322555169270833 0.8289458481445313 0.7291350212903489 0.788439420272577 0.29607884160284886 0.8072051907803894 0.29919933723958336 0.8477116186523438
0 0.7246143489583335 0.7876735122070313 0.7220307829175313 0.7510878069988455 0.30217598929773953 0.7677652620769703 0.30475955533854165 0.8043509672851561
0 0.7230726171874998 0.7504932919921876 0.7206328360787772 0.7138891643270635 0.3042724311308607 0.7294995183309696 0.30671221223958334 0.7661036459960937
0 0.7142648053385418 0.7152155478515625 0.7126913930440328 0.67999015470057 0.3056009425231994 0.6902183763802575 0.30717435481770833 0.72544376953125
0 0.7128884179687499 0.6804056157226563 0.711489903487649 0.6446065353272363 0.30589416130014896 0.6535192706787989 0.3072926757812499 0.6893183510742189
0 0.7101052009632944 0.647275352772097 0.709259721487594 0.6134602780644232 0.3131496910972162 0.6190312514642013 0.3139951705729167 0.6528463261718752
0 0.703979349609375 0.6134323500976564 0.7031768457129036 0.579633327377429 0.31542575782227866 0.584812001205554 0.31622826171875 0.6186110239257814
0 0.7013408077632581 0.5795108258511005 0.7008161980908674 0.5497382731307858 0.3185223219682341 0.5535274082171854 0.319046931640625 0.5832999609375
0 0.6957901679687502 0.5492011982421876 0.6957266797005731 0.518918638739651 0.31927445509119806 0.519362587958401 0.31933794335937504 0.5496451474609375
0 0.6912148553664313 0.48947790519338386 0.32167854557291675 0.4885831416015625 0.32154843760801183 0.5188087620186963 0.6910847474015265 0.5197035256105177
0 0.6879142666372403 0.46649350945124013 0.32378143176511404 0.4592079274687979 0.3228254381510417 0.4860844521484375 0.6869582730231679 0.4933700341308797
0 0.683780331062337 0.4387504523122412 0.325225675619712 0.429462978971288 0.32401285286458337 0.4558006669921875 0.6825675083072084 0.4650881403331407
0 0.6820789817225622 0.40907012765429146 0.32919034783881945 0.399560660080316 0.3279050494791667 0.4263898740234376 0.6807936833629095 0.43589934159741306
0 0.6565428618222163 0.1923971622717186 0.33953938431776404 0.17192700213194986 0.3372635967142978 0.19175126466491882 0.6542670742187501 0.2122214248046876
0 0.6623334065924161 0.21568145387931328 0.33709473881537383 0.19425499672823932 0.33442185026041676 0.21707707470703125 0.6596605180374591 0.2385035318581052
0 0.6638687141927085 0.24085219091796883 0.33659471081074993 0.2202357896072796 0.334172072265625 0.24186844335937502 0.6614460756475836 0.2624848446700642
0 0.6662090601740015 0.26229112606443866 0.33583871277929006 0.24176286471705175 0.333194447265625 0.26570023730468756 0.6635647946603366 0.28622849865207445
0 0.6706170322741869 0.28572043403045666 0.33209040488617375 0.2668532305952475 0.3296850651041667 0.29112962939453124 0.6682116924921799 0.3099968328297404
0 0.6711703486126227 0.31027611351076145 0.32813943550634167 0.29283337018707234 0.3257241178385417 0.3195520659179687 0.6687550309448227 0.3369948092416578
0 0.673509549455447 0.3362857320994677 0.33078601683978776 0.3211664722552623 0.3288679759114584 0.345622943359375 0.6715915085271177 0.3607422032035804
0 0.6743402559615626 0.3600673166368593 0.3292252122559128 0.3462921097215336 0.32740426236979175 0.3719538603515625 0.6725193060754414 0.3857290672668882
0 0.6802174338049354 0.3852985541443837 0.3274388040364584 0.37244803173828134 0.32574443522262114 0.39861250294713696 0.6785230649910982 0.4114630253532393