0 0.6650390625 0.6809895833333334 0.52197265625 0.6809895833333334 0.52197265625 0.7018229166666666 0.6650390625 0.7018229166666666
0 0.8974609375 0.3385416666666668 0.73486328125 0.3385416666666668 0.73486328125 0.3645833333333335 0.8974609375 0.3645833333333335
0 0.48388671875 0.5319010416666667 0.3271484375 0.5319010416666666 0.3271484375 0.5572916666666667 0.48388671875 0.5572916666666669
0 0.2763671875 0.5078125 0.11279296875000006 0.5078125 0.11279296875000006 0.5338541666666666 0.2763671875 0.5338541666666666
0 0.857421875 0.6881510416666666 0.71337890625 0.6881510416666666 0.71337890625 0.7096354166666666 0.857421875 0.7096354166666666
0 0.27978515625000006 0.587890625 0.12255859375000006 0.587890625 0.12255859375000006 0.6126302083333334 0.2797851562500001 0.6126302083333334
0 0.482421875 0.5592447916666667 0.32568359375 0.5592447916666666 0.32568359375 0.5813802083333334 0.482421875 0.5813802083333335
0 0.88671875 0.45312500000000017 0.73095703125 0.45312500000000017 0.73095703125 0.4791666666666668 0.88671875 0.4791666666666668
0 0.8583984375 0.6634114583333335 0.7109375 0.6634114583333335 0.7109375 0.685546875 0.8583984375 0.685546875
0 0.4814453125000001 0.6106770833333334 0.3266601562500001 0.6106770833333334 0.3266601562500001 0.6341145833333334 0.4814453125000001 0.6341145833333335
0 0.853515625 0.7115885416666666 0.71142578125 0.7115885416666666 0.71142578125 0.732421875 0.853515625 0.732421875
0 0.8662109375 0.5865885416666669 0.71630859375 0.5865885416666669 0.71630859375 0.6113281250000001 0.8662109375 0.6113281250000001
0 0.26806640625 0.396484375 0.10205078125000003 0.396484375 0.10205078125000003 0.4231770833333333 0.26806640625 0.4231770833333333
0 0.6708984375 0.6328125000000001 0.5244140625 0.6328125000000001 0.5244140625 0.6549479166666669 0.6708984375 0.6549479166666669
0 0.26708984375 0.3671875 0.09667968750000003 0.3671875 0.09667968750000003 0.3938802083333333 0.26708984375 0.3938802083333333
0 0.4814453125000001 0.734375 0.3349609375000001 0.734375 0.3349609375000001 0.755859375 0.4814453125000001 0.755859375
0 0.87060546875 0.5611979166666669 0.72021484375 0.5611979166666669 0.72021484375 0.5852864583333335 0.87060546875 0.5852864583333335
0 0.4814453125 0.4212239583333334 0.31591796875 0.4212239583333333 0.31591796875 0.4466145833333334 0.4814453125 0.4466145833333335
0 0.6650390625 0.7037760416666666 0.52392578125 0.7037760416666666 0.52392578125 0.724609375 0.6650390625 0.724609375
0 0.48291015625 0.47721354166666674 0.3232421875 0.4772135416666667 0.3232421875 0.5026041666666667 0.48291015625 0.5026041666666669
0 0.4824218750000001 0.6354166666666667 0.3315429687500001 0.6354166666666666 0.3315429687500001 0.6575520833333334 0.4824218750000001 0.6575520833333335
0 0.66064453125 0.728515625 0.52294921875 0.728515625 0.52294921875 0.7486979166666666 0.66064453125 0.7486979166666666
0 0.6806640625 0.45312500000000017 0.52685546875 0.45312500000000017 0.52685546875 0.4772135416666668 0.6806640625 0.4772135416666668
0 0.8603515625 0.6386718750000001 0.71484375 0.6386718750000001 0.71484375 0.6608072916666669 0.8603515625 0.6608072916666669
0 0.4833984375 0.5045572916666667 0.32568359375 0.5045572916666666 0.32568359375 0.5286458333333334 0.4833984375 0.5286458333333335
0 0.4819335937500001 0.6614583333333334 0.3334960937500001 0.6614583333333334 0.3334960937500001 0.6829427083333334 0.4819335937500001 0.6829427083333334
0 0.84912109375 0.7350260416666666 0.708984375 0.7350260416666666 0.708984375 0.7552083333333334 0.84912109375 0.7552083333333334
0 0.67333984375 0.5319010416666669 0.5263671875 0.5319010416666669 0.5263671875 0.5553385416666669 0.67333984375 0.5553385416666669
0 0.2861328125000001 0.740234375 0.13623046875000006 0.740234375 0.13623046875000006 0.7604166666666666 0.2861328125000001 0.7604166666666666
0 0.6669921875 0.6575520833333335 0.52099609375 0.6575520833333335 0.52099609375 0.6783854166666666 0.6669921875 0.6783854166666666
0 0.8779296875 0.5084635416666669 0.7275390625 0.5084635416666669 0.7275390625 0.5325520833333335 0.8779296875 0.5325520833333335
0 0.27880859375 0.5625 0.12011718750000006 0.5625 0.12011718750000006 0.5865885416666666 0.27880859375 0.5865885416666666
0 0.2841796875000001 0.6399739583333334 0.12988281250000006 0.6399739583333334 0.12988281250000006 0.6627604166666666 0.2841796875000001 0.6627604166666666
0 0.8916015625 0.3971354166666668 0.73583984375 0.3971354166666668 0.73583984375 0.42382812500000017 0.8916015625 0.42382812500000017
0 0.271484375 0.4537760416666667 0.10937500000000006 0.4537760416666667 0.10937500000000006 0.478515625 0.271484375 0.478515625
0 0.48486328125000006 0.5846354166666667 0.32861328125 0.5846354166666666 0.32861328125000006 0.6080729166666667 0.4848632812500001 0.6080729166666669
0 0.2836914062500001 0.6640625 0.13037109375000006 0.6640625 0.13037109375000006 0.6875 0.2836914062500001 0.6875
0 0.4814453125 0.33203125000000006 0.31396484375 0.33203125000000006 0.31396484375 0.35807291666666674 0.4814453125 0.3580729166666668
0 0.67529296875 0.5052083333333335 0.52783203125 0.5052083333333335 0.52783203125 0.5286458333333335 0.67529296875 0.5286458333333335
0 0.67822265625 0.4791666666666668 0.52685546875 0.4791666666666668 0.52685546875 0.5026041666666669 0.67822265625 0.5026041666666669
0 0.669921875 0.6067708333333335 0.5244140625 0.6067708333333335 0.5244140625 0.6302083333333335 0.669921875 0.6302083333333335
0 0.2841796875000001 0.7154947916666666 0.13623046875000006 0.7154947916666666 0.13623046875000006 0.736328125 0.2841796875000001 0.736328125
0 0.4819335937500001 0.7096354166666666 0.3344726562500001 0.7096354166666666 0.3344726562500001 0.7311197916666666 0.4819335937500001 0.7311197916666666
0 0.26806640625 0.3359375 0.08935546875000003 0.3359375 0.08935546875000003 0.3626302083333333 0.26806640625 0.3626302083333333
0 0.4814453125 0.36132812500000006 0.3193359375 0.361328125 0.3193359375 0.38867187500000006 0.4814453125 0.38867187500000017
0 0.67333984375 0.5572916666666669 0.5263671875 0.5572916666666669 0.5263671875 0.5807291666666669 0.67333984375 0.5807291666666669
0 0.4814453125 0.3919270833333334 0.31982421875 0.3919270833333333 0.31982421875 0.41861979166666674 0.4814453125 0.4186197916666668
0 0.26904296875 0.42578125 0.10595703125000003 0.42578125 0.10595703125000003 0.451171875 0.26904296875 0.451171875
0 0.4824218750000001 0.6861979166666666 0.3339843750000001 0.6861979166666666 0.3339843750000001 0.70703125 0.4824218750000001 0.70703125
0 0.27880859375 0.5358072916666666 0.11621093750000006 0.5358072916666666 0.11621093750000006 0.5598958333333334 0.27880859375 0.5598958333333334
0 0.88232421875 0.4811197916666668 0.72900390625 0.4811197916666668 0.72900390625 0.5065104166666669 0.88232421875 0.5065104166666669
0 0.67333984375 0.5833333333333335 0.52587890625 0.5833333333333335 0.52587890625 0.6041666666666669 0.67333984375 0.6041666666666669
0 0.68701171875 0.3678385416666668 0.529296875 0.3678385416666668 0.529296875 0.39453125000000017 0.68701171875 0.39453125000000017
0 0.68505859375 0.3958333333333335 0.52783203125 0.3958333333333335 0.52783203125 0.4225260416666668 0.68505859375 0.4225260416666668
0 0.2822265625000001 0.615234375 0.12744140625000006 0.615234375 0.12744140625000006 0.6380208333333334 0.2822265625000001 0.6380208333333334
0 0.68408203125 0.4251302083333335 0.52783203125 0.4251302083333335 0.52783203125 0.4505208333333335 0.68408203125 0.4505208333333335
0 0.888671875 0.42578125000000017 0.73388671875 0.42578125000000017 0.73388671875 0.4518229166666668 0.888671875 0.4518229166666668
0 0.2822265625000001 0.6907552083333334 0.13037109375000006 0.6907552083333334 0.13037109375000006 0.712890625 0.2822265625000001 0.712890625
0 0.27392578125 0.4811197916666667 0.11279296875000006 0.4811197916666667 0.11279296875000006 0.5065104166666666 0.27392578125 0.5065104166666666
0 0.482421875 0.44921875000000006 0.31982421875 0.44921875 0.31982421875 0.4739583333333334 0.482421875 0.4739583333333335
0 0.86474609375 0.6145833333333335 0.71630859375 0.6145833333333335 0.71630859375 0.6373697916666669 0.86474609375 0.6373697916666669
0 0.66259765625 0.7513020833333334 0.5234375 0.7513020833333334 0.5234375 0.7708333333333334 0.66259765625 0.7708333333333334
0 0.89501953125 0.3684895833333335 0.7392578125 0.3684895833333335 0.7392578125 0.3958333333333335 0.89501953125 0.3958333333333335
0 0.84716796875 0.7584635416666666 0.70751953125 0.7584635416666666 0.70751953125 0.7779947916666666 0.84716796875 0.7779947916666666
0 0.8740234375 0.5351562500000001 0.72265625 0.5351562500000001 0.72265625 0.5592447916666669 0.8740234375 0.5592447916666669
0 0.2871093750000001 0.7649739583333334 0.13574218750000006 0.7649739583333334 0.13574218750000006 0.7838541666666666 0.2871093750000001 0.7838541666666666
0 0.4809570312500001 0.7584635416666666 0.3354492187500001 0.7584635416666666 0.3354492187500001 0.7779947916666666 0.4809570312500001 0.7779947916666666
0 0.68798828125 0.3404947916666668 0.525390625 0.3404947916666668 0.525390625 0.3626302083333335 0.68798828125 0.3626302083333335