0 0.81640625 0.25927734375000006 0.4147135416666667 0.25927734375 0.4147135416666667 0.30175781250000006 0.81640625 0.3017578125000001
0 0.8365885416666666 0.11621093750000006 0.41796875 0.11621093750000003 0.41796875 0.15527343750000006 0.8365885416666666 0.15527343750000006
0 0.8235677083333334 0.22412109375000006 0.4173177083333333 0.22412109375000006 0.4173177083333333 0.26513671875000006 0.8235677083333334 0.2651367187500001
0 0.8216145833333334 0.18847656250000006 0.421875 0.18847656250000006 0.421875 0.22900390625000006 0.8216145833333334 0.22900390625000006
0 0.8385416666666666 0.07958984375000006 0.4192708333333333 0.07958984375000003 0.4192708333333333 0.12353515625000006 0.8385416666666666 0.12353515625000008
0 0.8092447916666666 0.29443359375000006 0.4114583333333333 0.29443359375 0.4114583333333333 0.33496093750000006 0.8092447916666666 0.3349609375000001
0 0.8209635416666666 0.15136718750000006 0.41796875 0.15136718750000006 0.41796875 0.19287109375000006 0.8209635416666666 0.19287109375000006
0 0.8477205310896969 0.07614083095846885 0.8462715579427084 0.03642009814453126 0.41670761799884476 0.04523451181496867 0.41815659114583337 0.08495524462890626
0 0.8146128444010418 0.33567707421875 0.41080104427083336 0.3288805581054687 0.4097452977392908 0.3641643169322243 0.8135570978694991 0.3709608330455056
0 0.8118990286458335 0.3734545043945313 0.4111982390919382 0.36365504874300036 0.4097824322916668 0.3962195751953126 0.8104832218455621 0.40601903084684354
0 0.7709059576822918 0.8687342382812501 0.3831857011718751 0.8355563217773438 0.377565280725159 0.8725017507371562 0.7652855372355756 0.9056796672410624
0 0.7748839872116503 0.8378496310839889 0.3884038769531251 0.8066801567382812 0.38413448101158876 0.8364575467964437 0.770614591270114 0.8676270211421514
0 0.7857644894194906 0.7103795967888166 0.3984741380208335 0.6847328266601563 0.394857004070093 0.7154577718635274 0.7821473554687501 0.7411045419921877
0 0.780463689453125 0.744368689453125 0.39644722200520843 0.7164008579101563 0.392691727169668 0.7454063841395205 0.7767081946175846 0.7733742156824892
0 0.7753479583333335 0.7716220927734376 0.3918289414062501 0.743380158203125 0.38733646879400796 0.7776964558344115 0.7708554857210913 0.805938390404724
0 0.773123409956077 0.8040996440654559 0.3897800455729168 0.7736316572265626 0.38517659004392324 0.8062116264423568 0.7685199544270834 0.8366796132812501
0 0.8109473893229168 0.4060613896484376 0.4103447591145833 0.3947761064453126 0.40869124516489824 0.4277926590024476 0.8092938753732316 0.4390779422055726
0 0.8049571575520833 0.4408463979492188 0.4080462424502939 0.4292413290715844 0.4063085857585323 0.4626709786194944 0.8032195008603217 0.4742760474971288
0 0.8019370013020833 0.47335852734375006 0.4070080442708334 0.4637700620117188 0.4054990264329439 0.498731297869085 0.800427983464194 0.5083197632011163
0 0.8009831256510419 0.5092414868164064 0.4043251068952785 0.49450145739370543 0.40213659015682196 0.5276290813173123 0.7987946089125852 0.5423691107400131
0 0.7962748828125 0.5412918022460939 0.401834407554336 0.5254003898618562 0.399342259116836 0.5601952751157624 0.793782734375 0.5760866875
0 0.7937937421875002 0.5755371992187502 0.40114199153645846 0.5566013134765627 0.39831487591013065 0.5895765570027892 0.7909666265611722 0.6085124427449767
0 0.7915450336585992 0.608582114406502 0.4027378984375001 0.5900867626953125 0.4000523693361928 0.6218426331520917 0.7888595045572918 0.6403379848632812
0 0.7883525282191529 0.6434461971418812 0.3989156425781251 0.6212208935546875 0.39566266514022247 0.6532830670182751 0.7850995507812502 0.6755083706054689
0 0.7867195703125002 0.6743950678710938 0.3988642584635418 0.6526142734375001 0.39560184810966836 0.6852923992898081 0.7834571599586267 0.7070731937234018