0 0.8412627447916667 0.9931359135742187 0.8401512297712161 0.9538365621566642 0.2936928426184382 0.9587268238754143 0.2948043576388889 0.9980261752929688
0 0.8373821354166666 0.9511211621093751 0.8357849968755645 0.9107153558595659 0.29595866136404947 0.9174668195185313 0.29755579990515163 0.9578726257683405
0 0.8296213506944444 0.9107566088867189 0.8289436709607714 0.877999568743581 0.2995571787732713 0.8814648441342059 0.3002348585069445 0.9142218842773439
0 0.8296213506944444 0.8753441088867187 0.8285154358746122 0.8403710586293103 0.3022322119162788 0.8456367178089977 0.3033381267361111 0.8806097680664061
0 0.8238008715277778 0.8371562934570314 0.8229800908400894 0.8049230796331043 0.3056206134095339 0.8090913989690417 0.3064413940972222 0.8413246127929688
0 0.8179799565972223 0.8017302446289064 0.8172545879469085 0.7667775823407592 0.3010611235371862 0.7701670857587279 0.3017864921875 0.8051197480468751
0 0.8131298472222223 0.7679385185546875 0.8122231451280965 0.73514455666883 0.3046146275286387 0.7395851876610653 0.30552132962276446 0.7723791495469228
0 0.8063389973958333 0.73139137890625 0.804288185487479 0.7003114516416454 0.30439058218886794 0.7107483617978954 0.3064413940972222 0.7418282890624999
0 0.8005185182291666 0.7003643486328125 0.7997106004601947 0.6681452061170136 0.30253020896713917 0.6720898901990449 0.3033381267361111 0.7043090327148438
0 0.7995481484375 0.667618994140625 0.7978344827717554 0.6358306459101284 0.31170986384814414 0.6441224838007534 0.31342352951388885 0.67591083203125
0 0.7888771241319446 0.6338460727539064 0.7876046023040639 0.6054185974913694 0.3104312165938783 0.6121770647915388 0.3117037384217587 0.6406045400540757
0 0.7830566449652777 0.604391345703125 0.7816457384439158 0.577464693805344 0.3104609893119715 0.5852765126530004 0.31187189583333336 0.6122031645507813
0 0.7801459696180556 0.5771104301757813 0.778678311088147 0.5486886784930662 0.31428353938675807 0.5562763157000975 0.31575119791666667 0.5846980673828126
0 0.7811163402777779 0.5476986757812501 0.7793088258188056 0.5197822883301808 0.31549531800630554 0.5292842004395557 0.3173028324652778 0.557200587890625
0 0.7752954244791667 0.5176981171875 0.773679690346839 0.4919964614887969 0.3239776150732696 0.5009414285031226 0.32559334920559724 0.5266430842018258
0 0.7723851848958332 0.49314612109374995 0.7712568405943707 0.4663772652681066 0.3216049890318708 0.4723742545259191 0.32273333333333326 0.49914311035156245
0 0.769550341271107 0.4620424547567093 0.7675346406250001 0.4369433671875 0.32071763268722636 0.4482972093057907 0.3227333333333333 0.473396296875
0 0.7553115993693676 0.31249678337052456 0.7529834418402779 0.29071353613281253 0.3320422131306324 0.30494849641463173 0.3343703706597222 0.32673174365234375
0 0.7568768695442417 0.340327872932819 0.7549233116319445 0.31526870703125004 0.33319241170575836 0.32567126525077483 0.3351459696180556 0.3507304311523438
0 0.7539533767361111 0.3654865869140625 0.7517295083638623 0.339824105024987 0.33524976964858466 0.3512436645952995 0.33747363802083336 0.376906146484375
0 0.757833551215278 0.3889437416992188 0.755277409838358 0.36294863108243575 0.32793492633141347 0.37624442649259193 0.33049106770833336 0.402239537109375
0 0.7594008965273181 0.4134539174315734 0.7566795202137062 0.3871687744016259 0.3261376909722223 0.40127265625 0.32885906728583414 0.4275577992799475
0 0.7646244010416665 0.43968181298828135 0.7624774879512125 0.4129059309583569 0.3291201893401014 0.4239000857435131 0.3312671024305555 0.45067596777343755