0 0.7379629629629632 0.7817708333333333 0.24074074074074095 0.7817708333333333 0.24074074074074095 0.8171875 0.7379629629629632 0.8171875
0 0.7407407407407407 0.2010416666666667 0.20092592592592598 0.20104166666666667 0.20092592592592598 0.24427083333333335 0.7407407407407407 0.24427083333333338
0 0.7407407407407407 0.3140625 0.20740740740740746 0.3140625 0.20740740740740746 0.353125 0.7407407407407407 0.353125
0 0.7333333333333335 0.8729166666666667 0.2425925925925928 0.8729166666666667 0.2425925925925928 0.9072916666666667 0.7333333333333335 0.9072916666666667
0 0.7388888888888889 0.16250000000000003 0.19537037037037042 0.1625 0.19537037037037042 0.20625000000000002 0.7388888888888889 0.20625000000000007
0 0.7388888888888889 0.12552083333333336 0.1907407407407408 0.12552083333333333 0.1907407407407408 0.1682291666666667 0.7388888888888889 0.16822916666666674
0 0.7425925925925926 0.27708333333333335 0.20277777777777783 0.27708333333333335 0.20277777777777783 0.31927083333333334 0.7425925925925926 0.31927083333333334
0 0.7518518518518519 0.08645833333333336 0.18611111111111112 0.08645833333333333 0.18611111111111114 0.1322916666666667 0.7518518518518519 0.13229166666666672
0 0.7388888888888892 0.7515625 0.23425925925925942 0.7515625 0.23425925925925942 0.7838541666666666 0.7388888888888892 0.7838541666666666
0 0.7407407407407409 0.55625 0.2287037037037038 0.55625 0.2287037037037038 0.59375 0.7407407407407409 0.59375
0 0.7416666666666667 0.23906250000000004 0.2018518518518519 0.2390625 0.2018518518518519 0.28177083333333336 0.7416666666666667 0.28177083333333336
0 0.7342592592592594 0.45416666666666666 0.21666666666666679 0.45416666666666666 0.21666666666666679 0.4901041666666667 0.7342592592592595 0.4901041666666667
0 0.7407407407407409 0.5880208333333333 0.22777777777777788 0.5880208333333333 0.2277777777777779 0.6244791666666667 0.7407407407407409 0.6244791666666667
0 0.7333333333333333 0.3489583333333333 0.21296296296296302 0.3489583333333333 0.21296296296296305 0.3880208333333333 0.7333333333333333 0.3880208333333333
0 0.7416666666666667 0.3854166666666667 0.21666666666666679 0.3854166666666667 0.21666666666666679 0.42291666666666666 0.7416666666666667 0.42291666666666666
0 0.7379629629629632 0.521875 0.22407407407407418 0.521875 0.22407407407407418 0.5588541666666667 0.7379629629629632 0.5588541666666667
0 0.7351851851851854 0.4859375 0.22037037037037047 0.4859375 0.22037037037037047 0.5239583333333333 0.7351851851851854 0.5239583333333333
0 0.7314814814814815 0.4192708333333333 0.22037037037037047 0.4192708333333333 0.22037037037037047 0.45677083333333335 0.7314814814814815 0.45677083333333335
0 0.7407407407407409 0.6239583333333333 0.22870370370370385 0.6239583333333333 0.22870370370370385 0.6604166666666667 0.7407407407407409 0.6604166666666667
0 0.7324074074074076 0.8427083333333333 0.2416666666666669 0.8427083333333333 0.2416666666666669 0.8765625 0.7324074074074076 0.8765625
0 0.7388888888888892 0.9015625 0.25370370370370393 0.9015625 0.25370370370370393 0.9348958333333334 0.7388888888888892 0.9348958333333334
0 0.7425925925925928 0.6854166666666667 0.22870370370370385 0.6854166666666667 0.22870370370370385 0.721875 0.7425925925925928 0.721875
0 0.7324074074074076 0.8135416666666667 0.23981481481481504 0.8135416666666667 0.23981481481481504 0.8442708333333333 0.7324074074074076 0.8442708333333333
0 0.7407407407407409 0.653125 0.2305555555555557 0.653125 0.2305555555555557 0.6895833333333333 0.7407407407407409 0.6895833333333333
0 0.7425925925925928 0.7182291666666667 0.2296296296296298 0.7182291666666667 0.2296296296296298 0.75625 0.7425925925925928 0.75625
0 0.753156195867879 0.07968685655322454 0.7514917932396611 0.04847279764296807 0.17322285014955988 0.05822905098557687 0.1748872527777778 0.08944310989583333
0 0.7294672138888889 0.9572075010416666 0.7294432081897619 0.9340907779054447 0.25235662820734917 0.9342475361318032 0.25238063390647614 0.9573642592680252