0 0.6590636666666666 0.82516525 0.6575265623799353 0.794830306249914 0.32763422904660205 0.804233056249914 0.3291713333333333 0.834568
0 0.6524162417758893 0.7942057131409114 0.6508421544642234 0.7641932321847398 0.3280985793550007 0.7737147690438283 0.32967266666666667 0.8037272499999999
0 0.6505403333333334 0.76423625 0.6488024261162465 0.7298119835015962 0.3309430927829133 0.7388384835015962 0.33268100000000006 0.77326275
0 0.6596026666666667 0.7313770000000002 0.6595247015719836 0.7039245786110436 0.3376163682386504 0.7044388286110435 0.3376943333333334 0.73189125
0 0.6587472685845988 0.6796757594084591 0.3385804842620723 0.6770070608913432 0.3381956666666667 0.7029760000000003 0.6583624509891931 0.7056446985171162
0 0.6562480332299742 0.6529728324370839 0.34392598666752905 0.6480523457241886 0.3432093333333335 0.67363975 0.6555313798957786 0.6785602367128953
0 0.6567589078424688 0.6255704830005456 0.34743460025838996 0.620633414808392 0.34671900000000017 0.6458530000000001 0.656043307584079 0.6507900681921538
0 0.6559204751447215 0.6019067584607077 0.3524953975067013 0.589051098405985 0.35022833333333336 0.6191494999999999 0.6536534109713537 0.6320051600547226
0 0.6677072760775965 0.5692111942620386 0.36265724058936044 0.5653651750084586 0.3620352978450974 0.5931132307464202 0.6670853333333335 0.5969592500000002
0 0.6596684915295302 0.5439963929705933 0.3589231704280058 0.5390338130029175 0.3582500000000002 0.5619815000000001 0.6589953211015246 0.5669440799676759
0 0.658245090559528 0.5196186494381694 0.3602553333333333 0.51129725 0.3589673879445397 0.5372405335577298 0.6569571451707343 0.5455619329958992
0 0.6576820108567285 0.4947685857609301 0.3606140892683661 0.48532553167129183 0.3592526666666667 0.50941675 0.6563205882550291 0.5188598040896382
0 0.6604470172333757 0.470836829005199 0.36175966666666676 0.45864250000000006 0.3600162846872453 0.48266255523496965 0.6587036352539543 0.4948568842401686
0 0.6582313237377715 0.4467557684536919 0.365269 0.4330675 0.36321508793555196 0.45779428373594344 0.6561774116733234 0.47148255218963536
0 0.6561681868598037 0.42194949279933935 0.36677300000000007 0.4086655 0.36487346199023696 0.4319428312694731 0.6542686488500405 0.4452268240688124
0 0.6580606666666666 0.39813450000000006 0.36978133333333335 0.38120975000000007 0.367350793792699 0.40449690662612997 0.6556301271260323 0.42142165662612996
0 0.6565566666666668 0.37519225000000006 0.36928000000000005 0.35601075000000004 0.3664816050015465 0.3795856212449224 0.6537582716682132 0.3987671212449224
0 0.657549055022212 0.35276607412798744 0.3672743333333333 0.33424175 0.3648100821175217 0.3559624767526043 0.6550848038064002 0.3744868008805917
0 0.6599577041126153 0.3299748678761304 0.3712853333333334 0.30904250000000005 0.36835982143425555 0.3317365107356282 0.6570321922135375 0.35266887861175855
0 0.6595211051650006 0.30788054600910314 0.37028266666666676 0.28572400000000003 0.36728675109043424 0.30772315739652295 0.6565251895887682 0.32987970340562606
0 0.6555262157410272 0.13366095529398436 0.38181366666666666 0.10756250000000003 0.37833211759230606 0.12810129470601572 0.6520446666666666 0.15419975000000008
0 0.6561639001422214 0.15667086906921987 0.3803096666666666 0.12486350000000002 0.3758196887773429 0.14676725808939023 0.6516739222528977 0.17857462715861008
0 0.6584653294685345 0.17768420923277906 0.3773016666666667 0.14667750000000002 0.37305387646148125 0.16834401698556295 0.654217539263349 0.19935072621834196
0 0.6579288845386152 0.19889384124157528 0.37930700000000006 0.16849175000000005 0.37505015424045335 0.19043607408575294 0.6536720387790684 0.2208381653273282
0 0.6626355427896096 0.22092768076764024 0.37730166666666665 0.19251750000000004 0.3734244683044863 0.2144213212393806 0.6587583444274292 0.2428315020070208
0 0.6612982306085369 0.2415478149851954 0.3732906666666667 0.21583600000000003 0.3695517693914631 0.23939393501480466 0.6575593333333333 0.26510575
0 0.6594730291498218 0.2662134975125311 0.3747946666666668 0.23875575000000004 0.3709718325116831 0.2610502396998079 0.6556501949948381 0.28850798721233895
0 0.660204833407625 0.2862196940016968 0.3712853333333333 0.26094600000000007 0.36752778094515864 0.28510815704556675 0.6564472810194503 0.31038185104726346