0 0.9462296293402778 0.06436421582031253 0.1317176467013889 0.061530392089843754 0.13110467227791955 0.1172761792653374 0.9456166549168084 0.12011000299580618
0 0.9344740737847219 0.1229284311523438 0.14960697135416667 0.1170605390625 0.1481973564914137 0.1767172809917976 0.933064458921969 0.18258517308164138
0 0.9294357300347225 0.18149264697265627 0.15414074045138892 0.1731632353515625 0.15222878108991106 0.2294720471984662 0.9275237706732445 0.23780145881955997
0 0.9176797387152781 0.2315556372070313 0.16471895399305558 0.22671593115234376 0.16364321774834523 0.27967059654106513 0.9166040024705677 0.28451030259575266
0 0.9092827890624997 0.28067401953124993 0.16774117621527784 0.2751681372070312 0.1666318950901841 0.32243919046379155 0.908173507937406 0.3279450727880103
0 0.9008858385416667 0.32884803906250004 0.17983093663194452 0.3202203432617188 0.17797357491861465 0.36933544545800007 0.8990284768283369 0.37796314125878133
0 0.8941681918402777 0.3722987744140625 0.18436426996527785 0.366122548828125 0.18306253674760947 0.41345753835308147 0.8928664586226094 0.41963376393901897
0 0.8840915034722224 0.4176389707031251 0.1873864921875001 0.41032475488281256 0.1859254386502285 0.4543591816418986 0.8826304499349509 0.46167339746221114
0 0.8706562092013888 0.46108995117187507 0.19343137239583344 0.451126470703125 0.19153176957981738 0.491980007613043 0.8687566063853728 0.501943488081793
0 0.8538623090277779 0.49698406884765634 0.20098736371527792 0.4876784311523438 0.19907055219421646 0.5302292897080255 0.8519454975067166 0.539534927403338
0 0.8548270156250001 0.5369058823242188 0.2032623090277779 0.5236882353515625 0.20077042693457756 0.5625547812618188 0.8523351335317998 0.575772428234475
0 0.8484461875000001 0.5756676469726563 0.20906448784722237 0.5562867646484375 0.2052579923411992 0.5960202838343442 0.844639691993977 0.615401166158563
0 0.8362877155644911 0.6072662547348276 0.2116169930555557 0.5914593139648436 0.2084608677688425 0.6309234513198598 0.833131590277778 0.6467303920898438
0 0.8329028648746036 0.6485067844461708 0.21927407378472233 0.6244784311523437 0.21469321051974527 0.6614931198837657 0.8283220016096267 0.6855214731775928
0 0.826750762152778 0.679749509765625 0.2216361657986113 0.6619237744140625 0.2185889725900073 0.6946529615840218 0.823703568944174 0.7124786969355843
0 0.8203694991319446 0.7120507353515626 0.2250814817708335 0.6922840688476563 0.2214708422006673 0.7266891745591593 0.8167588595617784 0.7464558410630656
0 0.8165407404513891 0.7421987744140625 0.2342684097222224 0.727812009765625 0.23173859702775904 0.7602083860864408 0.8140109277569257 0.7745951507348783
0 0.8076074071180559 0.7752178920898438 0.2342684097222224 0.7536502451171875 0.23007694500516734 0.7889051530356949 0.8034159424010008 0.8104728000083512
0 0.7995246189236112 0.8079946079101561 0.23998431336805576 0.7876276962890624 0.23732497337164216 0.8107443579043186 0.7968652789271976 0.8311112695254124
0 0.7961398100086112 0.8300708606985077 0.24561089322916688 0.8095681372070314 0.24222177705930775 0.8383620105443121 0.7927506938387522 0.8588647340357884
0 0.783707163668711 0.8579296307304195 0.2446784314236112 0.8373664213867188 0.2418383295914778 0.8609223366842677 0.7808670618365776 0.8814855460279684
0 0.7901995642361113 0.8808992646484374 0.24921437934027799 0.8593710786132811 0.24522145204069748 0.8911189338042261 0.7862066369365307 0.9126471198393824