0 0.7578324218750001 0.20422449072265628 0.2826462357783195 0.19775981081998598 0.28123966477266377 0.23047304598476198 0.7564258508693444 0.23693772588743228
0 0.7520473225946981 0.23726239577663133 0.2833137873263889 0.23175556884765627 0.28220427462752434 0.2616370368405563 0.7509378098958335 0.2671438637695313
0 0.7529164131944444 0.26758991796875004 0.2815769871315141 0.2632730955066546 0.2806307134718203 0.2959643348868319 0.7519701395347507 0.3002811573489273
0 0.7476090069444447 0.2998318959960938 0.28341430738522605 0.29317713561351405 0.2821175778719909 0.3217966462557685 0.7463122774312094 0.3284514066383482
0 0.7457661206597223 0.328413576171875 0.28344140711805554 0.324250587890625 0.2825455582481874 0.3557296456618246 0.744870271789854 0.3598926339430746
0 0.7440098602430558 0.3648207080078126 0.2845508190569929 0.35538689461223466 0.2827993628472223 0.382376955078125 0.7422584040332851 0.39181076847370294
0 0.7427467296343008 0.3953993278538447 0.2825877413194446 0.38646717041015627 0.28090047956708825 0.4139701062281866 0.7410594678819444 0.422902263671875
0 0.7374791554673596 0.4217630285762247 0.28514806300188744 0.41435818699151405 0.2836191371527779 0.4439091845703125 0.7359502296182501 0.45131402615502314
0 0.6940239218750002 0.8594687148437499 0.2976572239583335 0.8519702846679686 0.2966671097476201 0.8685301634817318 0.6930338076642868 0.8760285936575131
0 0.6927443631821342 0.8359940720800213 0.2946031250000002 0.8299698842773439 0.2936193816095329 0.8505413644434163 0.6917606197916668 0.8565655522460938
0 0.6990982022569445 0.8154191875 0.29596434021512813 0.8066792715374583 0.2944791649305557 0.8283545551757813 0.697613026972372 0.8370944711383229
0 0.6954420714850964 0.7915325046103087 0.2948193060178917 0.7836646967271758 0.29355015798611134 0.8041121494140626 0.694172923453316 0.8119799572971955
0 0.6949277769097223 0.7694123833007811 0.2959536429478693 0.7615769532162977 0.2947352725694446 0.7812063198242187 0.6937094065312975 0.7890417499087021
0 0.7043202415741636 0.7429759874908861 0.2956261621570916 0.7361868396472482 0.29435881554820587 0.760326076765737 0.7030528949652779 0.767115224609375
0 0.7089720277777779 0.7195311083984375 0.298231153941351 0.713001753731396 0.2971266562500002 0.7349857949218751 0.707867530086427 0.7415151495889166
0 0.7080395729166669 0.6953553286132811 0.29547671037099943 0.6864335314766876 0.2938837022569446 0.7097413071289062 0.7064465648026119 0.7186631042654996
0 0.7307386005576474 0.4508392021848755 0.2805405057557444 0.445077816421121 0.27938187828837496 0.47372392087687054 0.729579973090278 0.47948530664062505
0 0.7237845086805555 0.4789622089843751 0.2859441831597223 0.4728199541015625 0.28476545539481335 0.4994055556086322 0.7226057809156466 0.5055478104914447
0 0.7296161076388888 0.5069190327148437 0.28591682812500013 0.501480796875 0.2848404653698454 0.5292673323684999 0.7285397448837343 0.5347055682083436
0 0.7170666848958335 0.5384646538085938 0.2801275305425863 0.5278324947149491 0.2780835651041668 0.5544102377929686 0.715022719457414 0.5650423968866133
0 0.7179356631944445 0.5638672900390626 0.2889117539855493 0.5566720841038837 0.287676081883456 0.5799844613625594 0.716699991092351 0.5871796672977383
0 0.7148034647150684 0.5914424948765458 0.2909323793361258 0.5829135996492604 0.2892550494791668 0.6092893330078126 0.7131261348581094 0.617818228235098
0 0.707897151041667 0.6699669609375001 0.29021256770833354 0.6599398984375001 0.2884742436770387 0.6828512395602295 0.706158827010372 0.6928783020602295
0 0.7052878786951341 0.6424732522063717 0.2866726736305314 0.6379750213812246 0.28592197288678634 0.6600797486670404 0.7045371779513891 0.6645779794921876
0 0.7095604157986113 0.6167248637695314 0.29015438949391315 0.6121765825253991 0.2893275421420478 0.6363010507096023 0.7087335684467458 0.6408493319537346
0 0.7654963359375001 0.16767624365234382 0.2798843064236112 0.16260859960937502 0.2787475312133425 0.19707555979112118 0.7643595607272314 0.20214320383408999
0 0.6923933125000004 0.8811629628906251 0.3012220327428829 0.8731940212714678 0.3000454148306662 0.8914685768821522 0.6912166945877837 0.8994375185013095