0 0.7462962962962965 0.7229166666666667 0.2824074074074075 0.7229166666666667 0.28240740740740755 0.75 0.7462962962962965 0.75
0 0.7472222222222225 0.5473958333333333 0.27314814814814825 0.5473958333333333 0.27314814814814825 0.5791666666666667 0.7472222222222225 0.5791666666666667
0 0.7444444444444447 0.6385416666666667 0.2787037037037038 0.6385416666666667 0.2787037037037038 0.6651041666666667 0.7444444444444447 0.6651041666666667
0 0.7518518518518519 0.26979166666666665 0.2537037037037038 0.26979166666666665 0.2537037037037038 0.30104166666666665 0.7518518518518519 0.30104166666666665
0 0.7527777777777778 0.23645833333333335 0.2518518518518518 0.23645833333333333 0.2518518518518519 0.26927083333333335 0.7527777777777778 0.26927083333333335
0 0.7472222222222223 0.4588541666666667 0.26944444444444454 0.4588541666666667 0.26944444444444454 0.4864583333333333 0.7472222222222225 0.4864583333333333
0 0.7453703703703706 0.7786458333333334 0.28703703703703726 0.7786458333333334 0.28703703703703726 0.8052083333333333 0.7453703703703706 0.8052083333333333
0 0.7509259259259259 0.36770833333333336 0.2620370370370371 0.36770833333333336 0.2620370370370371 0.396875 0.7509259259259259 0.396875
0 0.7481481481481481 0.4296875 0.2675925925925927 0.4296875 0.2675925925925927 0.4583333333333333 0.7481481481481481 0.4583333333333333
0 0.7472222222222225 0.5192708333333333 0.2712962962962964 0.5192708333333333 0.2712962962962964 0.5479166666666667 0.7472222222222225 0.5479166666666667
0 0.7490740740740743 0.6067708333333334 0.2787037037037038 0.6067708333333334 0.2787037037037038 0.6380208333333334 0.7490740740740743 0.6380208333333334
0 0.7527777777777778 0.2041666666666667 0.2518518518518518 0.20416666666666666 0.2518518518518518 0.23593750000000002 0.7527777777777778 0.23593750000000005
0 0.7481481481481483 0.4895833333333333 0.2703703703703705 0.4895833333333333 0.2703703703703705 0.5192708333333333 0.7481481481481483 0.5192708333333333
0 0.7453703703703706 0.5791666666666667 0.2777777777777779 0.5791666666666667 0.2777777777777779 0.6067708333333334 0.7453703703703706 0.6067708333333334
0 0.7490740740740741 0.396875 0.26296296296296306 0.396875 0.26296296296296306 0.4276041666666667 0.7490740740740741 0.4276041666666667
0 0.7518518518518519 0.303125 0.2583333333333334 0.303125 0.2583333333333334 0.3338541666666667 0.7518518518518519 0.3338541666666667
0 0.7527777777777778 0.33645833333333336 0.25925925925925936 0.33645833333333336 0.25925925925925936 0.36614583333333334 0.7527777777777778 0.36614583333333334
0 0.7444444444444447 0.75 0.2851851851851854 0.75 0.2851851851851854 0.7760416666666666 0.7444444444444447 0.7760416666666666
0 0.7574074074074074 0.13750000000000004 0.2490740740740741 0.1375 0.2490740740740741 0.1697916666666667 0.7574074074074074 0.16979166666666673
0 0.7435185185185187 0.665625 0.2787037037037038 0.665625 0.2787037037037038 0.6916666666666667 0.7435185185185187 0.6916666666666667
0 0.7546296296296297 0.1729166666666667 0.25277777777777777 0.17291666666666666 0.25277777777777777 0.2041666666666667 0.7546296296296297 0.20416666666666672
0 0.7453703703703706 0.8286458333333333 0.29537037037037056 0.8286458333333333 0.29537037037037056 0.8557291666666667 0.7453703703703706 0.8557291666666667
0 0.7444444444444447 0.803125 0.29166666666666685 0.803125 0.29166666666666685 0.8291666666666667 0.7444444444444447 0.8291666666666667
0 0.7592592592592593 0.10208333333333337 0.24722222222222223 0.10208333333333336 0.24722222222222223 0.13593750000000002 0.7592592592592593 0.13593750000000007
0 0.7444444444444447 0.884375 0.29537037037037056 0.884375 0.29537037037037056 0.9140625 0.7444444444444447 0.9140625
0 0.7462962962962965 0.8552083333333333 0.2981481481481484 0.8552083333333333 0.2981481481481484 0.8848958333333333 0.7462962962962965 0.8848958333333333
0 0.7435185185185187 0.69375 0.27962962962962973 0.69375 0.27962962962962973 0.7208333333333333 0.7435185185185187 0.7208333333333333