0 0.7129629629629631 0.5666666666666667 0.30277777777777787 0.5666666666666667 0.30277777777777787 0.5911458333333334 0.7129629629629631 0.5911458333333334
0 0.7101851851851854 0.715625 0.3111111111111112 0.715625 0.3111111111111113 0.7395833333333334 0.7101851851851854 0.7395833333333334
0 0.7111111111111114 0.6666666666666666 0.30833333333333346 0.6666666666666666 0.30833333333333346 0.6901041666666666 0.7111111111111114 0.6901041666666666
0 0.7111111111111114 0.6177083333333333 0.3064814814814816 0.6177083333333333 0.3064814814814816 0.6411458333333333 0.7111111111111114 0.6411458333333333
0 0.7138888888888891 0.5421875 0.3037037037037038 0.5421875 0.3037037037037038 0.5666666666666667 0.7138888888888891 0.5666666666666667
0 0.7129629629629631 0.6416666666666667 0.3064814814814816 0.6416666666666667 0.3064814814814816 0.665625 0.7129629629629631 0.665625
0 0.7101851851851854 0.7395833333333334 0.3120370370370372 0.7395833333333334 0.3120370370370372 0.7630208333333334 0.7101851851851854 0.7630208333333334
0 0.712037037037037 0.38177083333333334 0.2879629629629631 0.38177083333333334 0.2879629629629631 0.41041666666666665 0.712037037037037 0.41041666666666665
0 0.7083333333333336 0.7630208333333334 0.3138888888888891 0.7630208333333334 0.3138888888888891 0.7880208333333333 0.7083333333333336 0.7880208333333333
0 0.7157407407407409 0.515625 0.30277777777777787 0.515625 0.30277777777777787 0.5395833333333333 0.7157407407407409 0.5395833333333333
0 0.7148148148148149 0.4640625 0.2981481481481483 0.4640625 0.2981481481481483 0.48854166666666665 0.714814814814815 0.48854166666666665
0 0.7129629629629629 0.4109375 0.29074074074074086 0.4109375 0.29074074074074086 0.4375 0.7129629629629629 0.4375
0 0.7148148148148148 0.27395833333333336 0.28055555555555567 0.27395833333333336 0.28055555555555567 0.30052083333333335 0.7148148148148148 0.30052083333333335
0 0.7138888888888889 0.43645833333333334 0.2935185185185186 0.43645833333333334 0.2935185185185186 0.4625 0.7138888888888889 0.4625
0 0.714814814814815 0.4895833333333333 0.29907407407407416 0.4895833333333333 0.29907407407407416 0.5135416666666667 0.714814814814815 0.5135416666666667
0 0.7129629629629631 0.5921875 0.30462962962962975 0.5921875 0.30462962962962975 0.6161458333333333 0.7129629629629631 0.6161458333333333
0 0.7129629629629629 0.3265625 0.28703703703703715 0.3265625 0.28703703703703715 0.35625 0.7129629629629629 0.35625
0 0.7111111111111114 0.6916666666666667 0.3111111111111112 0.6916666666666667 0.3111111111111112 0.7145833333333333 0.7111111111111114 0.7145833333333333
0 0.7138888888888889 0.3536458333333333 0.2879629629629631 0.3536458333333333 0.2879629629629631 0.38333333333333336 0.7138888888888889 0.38333333333333336
0 0.7148148148148148 0.24427083333333335 0.2787037037037038 0.24427083333333333 0.2787037037037038 0.2734375 0.7148148148148148 0.2734375
0 0.7148148148148148 0.2151041666666667 0.2759259259259259 0.21510416666666668 0.2759259259259259 0.2416666666666667 0.7148148148148148 0.24166666666666672
0 0.7148148148148148 0.1854166666666667 0.2740740740740741 0.18541666666666667 0.2740740740740741 0.2119791666666667 0.7148148148148148 0.21197916666666672
0 0.7129629629629629 0.3015625 0.2842592592592594 0.3015625 0.2842592592592594 0.32864583333333336 0.7129629629629629 0.32864583333333336
0 0.7092592592592595 0.7864583333333334 0.31481481481481505 0.7864583333333334 0.31481481481481505 0.8098958333333334 0.7092592592592595 0.8098958333333334
0 0.712037037037037 0.15677083333333336 0.2675925925925926 0.15677083333333333 0.2675925925925926 0.1838541666666667 0.712037037037037 0.18385416666666674
0 0.7196831360299741 0.15098955237139028 0.7184501324432663 0.1204794711493955 0.2663925925925926 0.12625989583333336 0.2676255961793005 0.15676997705532816
0 0.7077462962962966 0.8106635416666668 0.31621668751714516 0.8106276041685806 0.316209497260006 0.8354135928515078 0.7077391060391575 0.835449530349594