0 0.8987277018895248 0.18522613097627377 0.8925442135416667 0.15512928671874998 0.5648670512354753 0.1929980643362262 0.5710505395833334 0.22309490859375
0 0.46572356979166674 0.20790561562500004 0.4597642832812887 0.1806359771688907 0.14480252291666668 0.2193524015625 0.15076180942704473 0.24662204001860935
0 0.9028031468281308 0.22026599413805642 0.8968295427851509 0.1917422265698609 0.5730461615820202 0.22988450430680446 0.579019765625 0.258408271875
0 0.953016076119163 0.7379460368618792 0.9494015813583627 0.7165511792426785 0.6628988396141996 0.7437775345682992 0.666513334375 0.7651723921875
0 0.5813467332028487 0.7737292857496778 0.5773305536928035 0.7520954372987408 0.296545921875 0.7814161953124998 0.30056210138504513 0.8030500437634368
0 0.9041953001706929 0.2534977234227513 0.8984784935404121 0.22597579032149015 0.579597866286386 0.2632342786174888 0.5853146729166668 0.29075621171875
0 0.9085790687792582 0.2900811086098547 0.9029026208333332 0.259613725 0.582912767679075 0.2931488734213954 0.5885892156249999 0.3236162570312501
0 0.9104741300330688 0.3211314140829995 0.9053614291666668 0.29479064453125 0.5896241460085981 0.3292629491982505 0.594736846875 0.35560371875
0 0.9120346378571497 0.35438927626675365 0.9071478041666666 0.32908004687500003 0.5936124277678505 0.36313322998324643 0.5984992614583334 0.38844245937500005
0 0.9486691416666666 0.7115059289062501 0.9459516661436759 0.6921232140994313 0.6541966921853425 0.7151319008181813 0.6569141677083332 0.7345146156250001
0 0.9465648869804147 0.6828839522630713 0.9433175104166666 0.6629321164062498 0.649979720311252 0.6897880547681785 0.653227096875 0.709739890625
0 0.9422504627038896 0.6567666403175891 0.938932296875 0.6351704625 0.6453849668176547 0.6605405434694981 0.6487031326465442 0.6821367212870871
0 0.9147779009700833 0.385899316664147 0.9099597427083334 0.36057636562499995 0.59585315423825 0.39419393567960304 0.6006713124999999 0.4195168867187501
0 0.9390417008813012 0.6267166398655293 0.9356705114583334 0.6059859914062502 0.640014709495241 0.633030506648302 0.643385898918209 0.6537611551075811
0 0.9354157521759678 0.5995015195752496 0.9317980520833333 0.5768274062500001 0.6343949727171388 0.6035187375466591 0.6380126728097734 0.6261928508719086
0 0.9328986754965906 0.5698564448515916 0.9290719869063522 0.5471785980962259 0.6316142270833333 0.5754123851562499 0.6354409156735717 0.5980902319116156
0 0.930404391873045 0.5387394589472339 0.9262363032202349 0.5161650800800462 0.6247719979166667 0.5474748273437502 0.6289400865694769 0.5700492062109378
0 0.9276825166711231 0.5118263602833218 0.9236157854166667 0.48599568515625 0.6196070312455435 0.5129183678416781 0.6236737625 0.5387490429687499
0 0.9225413278791162 0.4801330152108731 0.9185262468750001 0.4568902492187501 0.6144602877667589 0.4864361225225351 0.618475368770875 0.5096788885146581
0 0.9190290966694407 0.44986871537562595 0.9143664302083334 0.42362059296875004 0.6066349272888928 0.4543695643118742 0.6112975937500001 0.4806176867187501
0 0.9159615366764864 0.41586817285259875 0.9112908999999998 0.3918611890625 0.6029933706151801 0.4256000998036512 0.6076640072916667 0.44960708359375
0 0.47296162604166675 0.24211810546875007 0.4661104545046399 0.2120857251730656 0.15446162708333336 0.252076803125 0.16131279862036016 0.2821091834206845
0 0.5744383656249998 0.7443944031250002 0.5704096326408137 0.7231664350151369 0.29191167172969973 0.7528970987028369 0.295940404713886 0.7741250668127002
0 0.5699460926345271 0.7184858301981507 0.5657143499999999 0.69683467265625 0.282398504510675 0.7279827696479074 0.2866302471452021 0.7496339271898083
0 0.5633144958333334 0.6907591281250001 0.5595324729047296 0.6719163553875862 0.2786310086216895 0.7036307099461462 0.2824130315502932 0.7224734826835599
0 0.5587903554613562 0.6640622936214263 0.5546755427083333 0.6425205390625001 0.2679085186026016 0.6733325994333839 0.2720233313556245 0.6948743539923101
0 0.48066283854166664 0.27694092187499997 0.47483116724239477 0.2490829271900162 0.1620659285040169 0.285911440829166 0.16789759980328878 0.3137694355141497
0 0.5517024734488151 0.6365694433592756 0.5473130285581623 0.614582557599111 0.26157832291666666 0.6466697265625001 0.2659677678073195 0.6686566123226647
0 0.5476029039854574 0.6087232558849597 0.5425663257713257 0.5842743724929654 0.25323943125000004 0.617800846875 0.2582760094641319 0.6422497302669943
0 0.5418737677083333 0.5799422734375002 0.5372636318136728 0.5568167117211384 0.24571495572264065 0.589509731512831 0.25032509161730127 0.6126352932291927
0 0.5340326666666667 0.55065658359375 0.5297992245701281 0.5300587697378655 0.23728502312665983 0.5638763070200178 0.24151846522319842 0.5844741208759024
0 0.5274624541666666 0.52447597734375 0.5231760291666666 0.5027104203125 0.23056229276164214 0.5351251705398365 0.2348487177616421 0.5568907275710866
0 0.5238478097511758 0.49536868918416355 0.5187846901094566 0.4708836578371881 0.22116081145833333 0.5055021242187501 0.22622393110005243 0.5299871555657255
0 0.5177741125969895 0.4671930747051423 0.5130361635416666 0.44243328671874993 0.21228091200281377 0.4748060082315903 0.21701886105813664 0.4995657962179827
0 0.5123717458333333 0.4366895460937501 0.5069471682536105 0.4095683726894893 0.20609182330632028 0.44341673862191594 0.21151640088604304 0.47053791202617673
0 0.5075163427083332 0.4049030374999999 0.5019657479166667 0.378247628125 0.1968362942393385 0.41398814469530987 0.20238688903100516 0.44064355407030975
0 0.4995936854166666 0.37445055546875 0.4945795450948907 0.34853092666677477 0.18952760327378257 0.3817252657925976 0.19454174359555848 0.40764489459457287
0 0.49296167062457835 0.3422805044110434 0.48692258645833325 0.31374181015625 0.1800358170440165 0.35027080111385034 0.1860749012102616 0.3788094953686437
0 0.4849729652997679 0.3086814340988593 0.47930099665286124 0.2827038171983198 0.17240489791666663 0.32039575 0.17807686656357322 0.34637336690053944