0 0.7786327240968158 0.10153328978011185 0.7735946217274001 0.0635560289134594 0.22956380208333338 0.0863916015625 0.23460190445274895 0.12436886242915246
0 0.7793234527207246 0.13630439772167624 0.7748819444444445 0.10112524414062499 0.2327891172259913 0.12278052417403672 0.23723062550227145 0.15795967775508798
0 0.7812349299171445 0.1719777276716797 0.7770538194444444 0.136568603515625 0.2360715646997118 0.15678038206121736 0.2402526751724118 0.19218950621727207
0 0.780855916832492 0.20789995828268565 0.7770538194444446 0.172623291015625 0.23458071511195266 0.19112274679543934 0.2383828125 0.2263994140625
0 0.781449927521303 0.24521933252721445 0.7781397569444444 0.208066650390625 0.23181439539536353 0.2234679233321606 0.23512456597222217 0.26062060546875004
0 0.7873123301118178 0.28075925804249224 0.78465625 0.24548242187499997 0.2376316921218921 0.25851419225703887 0.24028777223370984 0.29379102842453114
0 0.7860490556064877 0.3169273523117937 0.7835698784722223 0.280314697265625 0.23604859129381855 0.292045355884204 0.23852776842808396 0.32865801093037267
0 0.7837593077919688 0.35303105171204013 0.7813980034722222 0.31636938476562493 0.23928421796897126 0.3274171709032817 0.24164552228871786 0.3640788378496969
0 0.7888220386904513 0.38842631803797734 0.7868281250000001 0.35120166015625 0.24290495783732657 0.36042011750889763 0.2448988715277778 0.397644775390625
0 0.7883685053117175 0.42266416953459696 0.786828125 0.38664501953124997 0.24083994295230296 0.39403294992776555 0.24238032326402045 0.43005209993111254
0 0.7890004340277778 0.45814306640624997 0.78695683197637 0.4197619477301821 0.2428552694763701 0.4289284516364321 0.2448988715277777 0.4673095703125
0 0.7909885307775106 0.4927101315899257 0.7894747589344537 0.45759732761370603 0.24539279513888884 0.46501904296875 0.2469065669819457 0.5001318469449697
0 0.7895334201388889 0.52834423828125 0.7886409364636549 0.49271110831367054 0.2462845996580994 0.49700920401679555 0.24717708333333338 0.532642333984375
0 0.789533420138889 0.564572265625 0.7884418402777779 0.528958251953125 0.24385806233853127 0.5342395946324975 0.24494964219964244 0.5698536083043725
0 0.7906245659722221 0.598958251953125 0.7901313446938862 0.5645695522020638 0.24702678675116635 0.5670341982045674 0.24752000802950225 0.6014228979556285
0 0.7949895833333335 0.597730224609375 0.24702864583333342 0.597730224609375 0.24702864583333342 0.6351865234375 0.7949895833333335 0.6351865234375
0 0.7949895833333334 0.635074951171875 0.24866449652777792 0.634340087890625 0.24850738287140134 0.6712976729464203 0.7948324696769569 0.6720325362276702
0 0.799482931901144 0.7056878421379175 0.7993546006944445 0.6694609375000001 0.2470281189002868 0.6700800106521465 0.24715645010698623 0.7063069152900638
0 0.8001896306261119 0.7069494122026911 0.24717708333333352 0.702618896484375 0.24634183584830238 0.7363674836171653 0.7993543831410808 0.7406979993354814
0 0.8015373263888891 0.7425312499999999 0.24702864583333353 0.7355644531249999 0.24556480353378746 0.7724294793246511 0.800073484089343 0.7793962761996511
0 0.8015373263888892 0.7786479492187501 0.25030034722222244 0.7732937011718751 0.24926358690579026 0.8070662062986436 0.800500566072457 0.8124204543455186
0 0.8026284722222223 0.8130339355468749 0.25193663194444454 0.8073417968749999 0.25071047793141027 0.844875658373297 0.8014023182091881 0.850567797045172
0 0.8022515510402247 0.8504081661636326 0.25030034722222244 0.8413901367187501 0.2484464402732118 0.8772924160691989 0.8003976440912142 0.8863104455140814
0 0.8034930200632978 0.8848544376227339 0.25357248263888904 0.8754382324218749 0.2516167889644803 0.9115767147210161 0.8015373263888891 0.920992919921875
0 0.8040433930504686 0.9223221393636938 0.25193663194444466 0.9104067382812498 0.24939737081742605 0.9476344907577178 0.8015041319234499 0.9595498918401617