0 0.5947265625 0.4680989583333334 0.42529296875 0.4680989583333333 0.42529296875 0.49804687500000006 0.5947265625 0.49804687500000017
0 0.78955078125 0.3795572916666668 0.611328125 0.3795572916666668 0.611328125 0.4088541666666668 0.78955078125 0.4088541666666668
0 0.59716796875 0.5957031250000001 0.4287109375 0.595703125 0.42871093750000006 0.6243489583333334 0.59716796875 0.6243489583333335
0 0.4125976562500001 0.67578125 0.24804687500000006 0.67578125 0.24804687500000006 0.7037760416666666 0.4125976562500001 0.7037760416666666
0 0.9736328125 0.6113281250000001 0.79931640625 0.6113281250000001 0.79931640625 0.6406250000000001 0.9736328125 0.6406250000000001
0 0.78466796875 0.5898437500000001 0.61181640625 0.5898437500000001 0.61181640625 0.6178385416666669 0.78466796875 0.6178385416666669
0 0.4160156250000001 0.6516927083333334 0.24609375000000006 0.6516927083333334 0.24609375000000006 0.6803385416666666 0.4160156250000001 0.6803385416666666
0 0.41357421875 0.5494791666666666 0.23828125000000006 0.5494791666666666 0.23828125000000006 0.580078125 0.41357421875 0.580078125
0 0.9921875 0.2942708333333335 0.802734375 0.2942708333333335 0.802734375 0.32617187500000017 0.9921875 0.32617187500000017
0 0.97509765625 0.5351562500000001 0.8037109375 0.5351562500000001 0.8037109375 0.5644531250000001 0.97509765625 0.5644531250000001
0 0.5966796875 0.6946614583333334 0.4321289062500001 0.6946614583333334 0.4321289062500001 0.7220052083333334 0.5966796875 0.7220052083333334
0 0.783203125 0.40429687500000017 0.6123046875 0.40429687500000017 0.6123046875 0.4348958333333335 0.783203125 0.4348958333333335
0 0.78564453125 0.45898437500000017 0.609375 0.45898437500000017 0.609375 0.48828125000000017 0.78564453125 0.48828125000000017
0 0.4140625000000001 0.6256510416666666 0.24414062500000006 0.6256510416666666 0.24414062500000006 0.6555989583333334 0.4140625000000001 0.6555989583333334
0 0.4169921875000001 0.7005208333333334 0.24755859375000006 0.7005208333333334 0.24755859375000006 0.7291666666666666 0.4169921875000001 0.7291666666666666
0 0.78564453125 0.4322916666666668 0.6083984375 0.4322916666666668 0.6083984375 0.4622395833333335 0.78564453125 0.4622395833333335
0 0.787109375 0.5130208333333335 0.6083984375 0.5130208333333335 0.6083984375 0.5416666666666669 0.787109375 0.5416666666666669
0 0.59228515625 0.3899739583333334 0.4208984375 0.3899739583333333 0.4208984375 0.41992187500000006 0.59228515625 0.41992187500000017
0 0.97998046875 0.5104166666666669 0.8017578125 0.5104166666666669 0.8017578125 0.5390625000000001 0.97998046875 0.5390625000000001
0 0.78369140625 0.6399739583333335 0.61376953125 0.6399739583333335 0.61376953125 0.6673177083333334 0.78369140625 0.6673177083333334
0 0.59228515625 0.27929687500000006 0.41796875 0.27929687500000006 0.41796875 0.3118489583333334 0.59228515625 0.3118489583333334
0 0.59375 0.4153645833333334 0.4208984375 0.4153645833333333 0.4208984375 0.44596354166666674 0.59375 0.4459635416666668
0 0.7919921875 0.3216145833333334 0.61279296875 0.3216145833333334 0.61279296875 0.35351562500000017 0.7919921875 0.35351562500000017
0 0.59521484375 0.3352864583333334 0.416015625 0.3352864583333333 0.416015625 0.36523437500000006 0.59521484375 0.36523437500000017
0 0.7822265625 0.6152343750000001 0.6162109375 0.6152343750000001 0.6162109375 0.6432291666666669 0.7822265625 0.6432291666666669
0 0.59521484375 0.49479166666666674 0.4248046875 0.4947916666666667 0.4248046875 0.5234375000000001 0.59521484375 0.5234375000000001
0 0.98095703125 0.45703125000000017 0.8037109375 0.45703125000000017 0.8037109375 0.4869791666666668 0.98095703125 0.4869791666666668
0 0.9853515625 0.3763020833333335 0.80908203125 0.3763020833333335 0.80908203125 0.4069010416666668 0.9853515625 0.4069010416666668
0 0.9892578125 0.35156250000000017 0.8076171875 0.35156250000000017 0.8076171875 0.3821614583333335 0.9892578125 0.3821614583333335
0 0.7900390625 0.2675781250000001 0.609375 0.26757812500000006 0.609375 0.2994791666666668 0.7900390625 0.2994791666666668
0 0.79638671875 0.23893229166666677 0.607421875 0.23893229166666674 0.607421875 0.2682291666666668 0.79638671875 0.2682291666666668
0 0.412109375 0.4973958333333333 0.23681640625000006 0.4973958333333333 0.23681640625000006 0.52734375 0.412109375 0.52734375
0 0.78466796875 0.5384114583333335 0.615234375 0.5384114583333335 0.615234375 0.5670572916666669 0.78466796875 0.5670572916666669
0 0.9892578125 0.3229166666666668 0.8095703125 0.3229166666666668 0.8095703125 0.3541666666666668 0.9892578125 0.3541666666666668
0 0.595703125 0.5696614583333334 0.42578125 0.5696614583333334 0.42578125 0.5976562500000001 0.595703125 0.5976562500000001
0 0.59326171875 0.36197916666666674 0.4189453125 0.3619791666666667 0.4189453125 0.39322916666666674 0.59326171875 0.3932291666666668
0 0.78857421875 0.2949218750000001 0.61083984375 0.29492187500000006 0.61083984375 0.3261718750000001 0.78857421875 0.32617187500000017
0 0.4204101562500001 0.7278645833333334 0.24804687500000006 0.7278645833333334 0.24804687500000006 0.7578125 0.4204101562500001 0.7578125
0 0.59814453125 0.6445312500000001 0.4296875000000001 0.64453125 0.4296875000000001 0.6725260416666666 0.59814453125 0.6725260416666666
0 0.97705078125 0.5872395833333335 0.80029296875 0.5872395833333335 0.80029296875 0.6152343750000001 0.97705078125 0.6152343750000001
0 0.970703125 0.6881510416666669 0.80126953125 0.6881510416666666 0.80126953125 0.7154947916666669 0.970703125 0.715494791666667
0 0.78271484375 0.6653645833333335 0.6103515625 0.6653645833333335 0.6103515625 0.693359375 0.78271484375 0.693359375
0 0.982421875 0.4309895833333335 0.80517578125 0.4309895833333335 0.80517578125 0.4596354166666668 0.982421875 0.4596354166666668
0 0.9697265625 0.6640625000000001 0.80078125 0.6640625000000001 0.80078125 0.6914062500000001 0.9697265625 0.6914062500000003
0 0.40869140625 0.4720052083333333 0.23486328125000006 0.4720052083333333 0.23486328125000006 0.5013020833333334 0.40869140625 0.5013020833333334
0 0.595703125 0.5188802083333334 0.42626953125 0.5188802083333334 0.42626953125 0.5462239583333334 0.595703125 0.5462239583333335
0 0.974609375 0.6380208333333335 0.80029296875 0.6380208333333335 0.80029296875 0.6660156250000001 0.974609375 0.6660156250000001
0 0.59423828125 0.30729166666666674 0.42041015625 0.30729166666666674 0.42041015625 0.33854166666666674 0.59423828125 0.3385416666666668
0 0.5947265625 0.5442708333333334 0.42626953125 0.5442708333333334 0.42626953125 0.5735677083333334 0.5947265625 0.5735677083333335
0 0.59814453125 0.6210937500000001 0.4301757812500001 0.62109375 0.4301757812500001 0.6497395833333334 0.59814453125 0.6497395833333335
0 0.78955078125 0.35156250000000017 0.61083984375 0.35156250000000017 0.61083984375 0.3821614583333335 0.78955078125 0.3821614583333335
0 0.59423828125 0.25260416666666674 0.41552734375 0.25260416666666674 0.41552734375 0.28385416666666674 0.59423828125 0.28385416666666674
0 0.7841796875 0.5631510416666669 0.61083984375 0.5631510416666669 0.61083984375 0.5924479166666669 0.7841796875 0.5924479166666669
0 0.41162109375000006 0.5748697916666666 0.24023437500000006 0.5748697916666666 0.24023437500000006 0.6048177083333334 0.4116210937500001 0.6048177083333334
0 0.7841796875 0.6907552083333334 0.61328125 0.6907552083333334 0.61328125 0.7180989583333334 0.7841796875 0.7180989583333334
0 0.982421875 0.48437500000000017 0.8017578125 0.48437500000000017 0.8017578125 0.5136718750000001 0.982421875 0.5136718750000001
0 0.59765625 0.22265625000000008 0.4130859375 0.22265625000000008 0.4130859375 0.25455729166666674 0.59765625 0.25455729166666674
0 0.5966796875 0.44335937500000006 0.42626953125 0.443359375 0.42626953125 0.4720052083333334 0.5966796875 0.4720052083333335
0 0.78515625 0.48632812500000017 0.61181640625 0.48632812500000017 0.61181640625 0.5149739583333335 0.78515625 0.5149739583333335
0 0.59521484375 0.669921875 0.4331054687500001 0.669921875 0.4331054687500001 0.697265625 0.59521484375 0.697265625
0 0.978515625 0.5618489583333335 0.8046875 0.5618489583333335 0.8046875 0.5904947916666669 0.978515625 0.5904947916666669
0 0.783203125 0.716796875 0.60986328125 0.716796875 0.60986328125 0.7486979166666666 0.783203125 0.7486979166666666
0 0.41162109375 0.5247395833333334 0.23828125000000006 0.5247395833333334 0.23828125000000006 0.5533854166666666 0.41162109375 0.5533854166666666
0 0.98291015625 0.40625000000000017 0.80419921875 0.40625000000000017 0.80419921875 0.4348958333333335 0.98291015625 0.4348958333333335
0 0.41699218750000006 0.6022135416666666 0.24316406250000006 0.6022135416666666 0.24316406250000006 0.6302083333333334 0.4169921875000001 0.6302083333333334
0 0.97119140625 0.7148437500000001 0.796875 0.71484375 0.796875 0.7447916666666669 0.97119140625 0.744791666666667
0 0.41064453125 0.4466145833333333 0.23095703125000006 0.4466145833333333 0.23095703125000006 0.47265625 0.41064453125 0.47265625
0 0.5986328125 0.7200520833333334 0.4306640625000001 0.7200520833333334 0.4306640625000001 0.7532552083333334 0.5986328125 0.7532552083333334