0 0.7378948758123451 0.18107569244690516 0.2055436367156184 0.177389166684115 0.2047972222222223 0.21149322900390627 0.7371484613189491 0.21517975476669643
0 0.7438308484612024 0.03967238702794104 0.1981062674811039 0.038755805124735705 0.19792773412406828 0.07238888684679472 0.7436523151041667 0.07330546875000006
0 0.7379972222222224 0.07739661474609376 0.20488324451944193 0.076940618810581 0.20479722222222224 0.10876171875000003 0.7379111999250026 0.10921771468551279
0 0.7515291666666669 0.8899177084960938 0.19570879600694466 0.8899177084960938 0.19570879600694466 0.9208283852539062 0.7515291666666669 0.9208283852539062
0 0.7466819444444446 0.85295078125 0.19462916666666685 0.85295078125 0.19462916666666685 0.8861252602539063 0.7466819444444446 0.8861252602539063
0 0.7461341912973534 0.8176767513680855 0.200001117542388 0.8163030314725175 0.19974100002975703 0.849023155104432 0.7458740737847225 0.850396875
0 0.7482976848958335 0.8158497397460936 0.7476921293402778 0.7780078125 0.19861196604879294 0.7807879197746704 0.19921752160434858 0.8186298470207641
0 0.7468837960069443 0.7752804687500001 0.7460832989278683 0.741319843333346 0.1975337624695351 0.7454109893294396 0.19833425954861109 0.7793716147460937
0 0.750115740451389 0.7429299477539063 0.7500930359938418 0.7078151627259524 0.198917719136875 0.707927922950027 0.1989404235944221 0.743042707977981
0 0.7491055555555557 0.7046333334960938 0.7489240723959634 0.6696280930216044 0.19084447491326115 0.670543563756069 0.1910259580728534 0.7055488042305584
0 0.7482976848958333 0.6683869790039061 0.7481088627305397 0.6320192706187836 0.1947121040499841 0.6329283853648773 0.19490092621527777 0.6692960937499998
0 0.7491055555555556 0.6300033852539063 0.7486837215336921 0.5974117728962363 0.19367122153369212 0.5996846898884238 0.1940930555555556 0.6322763022460939
0 0.7497115737847222 0.5623945312499999 0.19853611111111122 0.5614778647460936 0.19834257152455798 0.5982986779499113 0.749518034198169 0.5992153444538176
0 0.7369590387148935 0.5596668927598758 0.7367856484375 0.5273927084960938 0.20115716061058866 0.5283032048018121 0.2013305508879821 0.5605773890655942
0 0.7467481484375 0.5253473959960937 0.7467051150843692 0.49267127258720117 0.20111960278104107 0.49289861608768015 0.20116263613417185 0.5255747394965726
0 0.7455576005228581 0.49093348070544823 0.7452680555555555 0.4545729165039062 0.20208406614380856 0.4559415192945517 0.2023736111111111 0.4923020834960937
0 0.7379972222222223 0.11103463525390625 0.20237361111111116 0.10967083349609376 0.20211750757450667 0.14149588364141297 0.7377411186856178 0.14285968539922544
0 0.7371893515625002 0.1446718750000001 0.20241268278878877 0.14285377882924033 0.20203640429225755 0.17787328786880058 0.736813073065969 0.17969138403956034
0 0.7379972222222223 0.21326875000000003 0.20327929559291136 0.21277069262976617 0.20317625499257846 0.24777317189019363 0.7378941816218894 0.2482712292604275
0 0.7428444444444444 0.42229869775390627 0.19510277777777787 0.42229869775390627 0.19510277777777787 0.45320911474609377 0.7428444444444444 0.45320911474609377
0 0.7440836754406384 0.35120367891836324 0.2092675520636348 0.3489416349099466 0.20883619172716322 0.3812108724954897 0.7436523151041669 0.3834729165039063
0 0.7379972222222224 0.3198333334960938 0.196699097315986 0.31571127942473337 0.19591064843750006 0.34847109375 0.7372087733437365 0.3525931478213604
0 0.7348522769664829 0.31528631602886115 0.7347657404513889 0.2830132812500001 0.1974398523737949 0.28346915272113893 0.19752638888888888 0.3157421875
0 0.7333151171771464 0.24917997074410872 0.20091561652155865 0.24826668585979855 0.20075049934441241 0.2787223923617836 0.7331500000000001 0.27963567724609373
0 0.7480055555555556 0.0028710937500000277 0.20200462934027774 0.0017942709960937636 0.2018120009525173 0.03269825702899464 0.7478129271677951 0.0337750797829009
0 0.749913426215278 0.9262830727539062 0.19894027777777798 0.9262830727539062 0.19894027777777798 0.9608302084960938 0.749913426215278 0.9608302084960938
0 0.7404513888888888 0.3857421875 0.20225694444444453 0.3857421875 0.20225694444444453 0.4189453125 0.7404513888888888 0.4189453125