0 0.8972222222222225 0.6109375 0.5018518518518521 0.6109375 0.5018518518518521 0.634375 0.8972222222222225 0.634375
0 0.4648148148148149 0.4375 0.07037037037037047 0.4375 0.07037037037037047 0.46041666666666664 0.4648148148148149 0.46041666666666664
0 0.9009259259259261 0.5348958333333333 0.5018518518518521 0.5348958333333333 0.5018518518518521 0.5598958333333334 0.9009259259259261 0.5598958333333334
0 0.4601851851851853 0.3854166666666667 0.06574074074074082 0.3854166666666667 0.06574074074074082 0.40989583333333335 0.4601851851851853 0.40989583333333335
0 0.8907407407407409 0.684375 0.5074074074074076 0.684375 0.5074074074074076 0.7078125 0.8907407407407409 0.7078125
0 0.9101851851851854 0.4859375000000001 0.4962962962962965 0.4859375 0.4962962962962965 0.5098958333333334 0.9101851851851854 0.5098958333333334
0 0.4666666666666668 0.5640625 0.07685185185185198 0.5640625 0.07685185185185198 0.5869791666666667 0.4666666666666668 0.5869791666666667
0 0.4685185185185186 0.5114583333333333 0.07962962962962973 0.5114583333333333 0.07962962962962973 0.534375 0.4685185185185186 0.534375
0 0.463888888888889 0.2786458333333333 0.05370370370370377 0.2786458333333333 0.05370370370370377 0.3020833333333333 0.463888888888889 0.3020833333333333
0 0.8972222222222225 0.7364583333333333 0.5064814814814816 0.7364583333333333 0.5064814814814816 0.7588541666666667 0.8972222222222225 0.7588541666666667
0 0.9120370370370371 0.45833333333333337 0.5046296296296297 0.4583333333333333 0.5046296296296297 0.48229166666666673 0.9120370370370371 0.4822916666666668
0 0.4648148148148149 0.4869791666666667 0.07685185185185196 0.4869791666666667 0.07685185185185196 0.5098958333333333 0.4648148148148149 0.5098958333333333
0 0.8879629629629632 0.7109375 0.5009259259259261 0.7109375 0.5009259259259261 0.73125 0.8879629629629632 0.73125
0 0.9138888888888889 0.4338541666666667 0.5037037037037037 0.43385416666666665 0.5037037037037037 0.45885416666666673 0.9138888888888889 0.4588541666666668
0 0.9185185185185185 0.40625000000000006 0.5055555555555555 0.40625 0.5055555555555555 0.4312500000000001 0.9185185185185185 0.43125000000000013
0 0.9000000000000002 0.5119791666666668 0.4925925925925928 0.5119791666666667 0.4925925925925928 0.5338541666666666 0.9000000000000002 0.5338541666666666
0 0.46574074074074084 0.684375 0.0907407407407409 0.684375 0.0907407407407409 0.7067708333333333 0.46574074074074084 0.7067708333333333
0 0.8962962962962965 0.5859375 0.5037037037037039 0.5859375 0.5037037037037039 0.6098958333333333 0.8962962962962965 0.6098958333333333
0 0.9416666666666667 0.20729166666666674 0.5222222222222223 0.20729166666666674 0.5222222222222223 0.23385416666666672 0.9416666666666667 0.23385416666666672
0 0.4601851851851854 0.8026041666666667 0.10092592592592611 0.8026041666666667 0.10092592592592611 0.8223958333333333 0.4601851851851854 0.8223958333333333
0 0.9351851851851852 0.2927083333333334 0.5111111111111111 0.29270833333333335 0.5111111111111111 0.31718750000000007 0.9351851851851852 0.3171875000000001
0 0.46759259259259267 0.6119791666666666 0.0842592592592594 0.6119791666666666 0.0842592592592594 0.6364583333333333 0.46759259259259267 0.6364583333333333
0 0.9046296296296299 0.5609375 0.49537037037037057 0.5609375 0.49537037037037057 0.584375 0.9046296296296299 0.584375
0 0.4675925925925927 0.7109375 0.09444444444444461 0.7109375 0.09444444444444461 0.7328125 0.4675925925925928 0.7328125
0 0.8953703703703706 0.6359375 0.5046296296296299 0.6359375 0.5046296296296299 0.6588541666666666 0.8953703703703706 0.6588541666666666
0 0.45925925925925937 0.4114583333333333 0.06759259259259268 0.4114583333333333 0.06759259259259269 0.4348958333333333 0.45925925925925937 0.4348958333333333
0 0.4611111111111112 0.4625 0.07407407407407418 0.4625 0.07407407407407418 0.48489583333333336 0.4611111111111112 0.48489583333333336
0 0.9314814814814815 0.3192708333333334 0.5055555555555555 0.31927083333333334 0.5055555555555555 0.3447916666666667 0.9314814814814815 0.3447916666666668
0 0.46944444444444466 0.7328125 0.09351851851851868 0.7328125 0.09351851851851868 0.7536458333333333 0.46944444444444466 0.7536458333333333
0 0.45740740740740754 0.35833333333333334 0.06111111111111119 0.35833333333333334 0.06111111111111119 0.38229166666666664 0.45740740740740754 0.38229166666666664
0 0.937962962962963 0.26354166666666673 0.5185185185185185 0.26354166666666673 0.5185185185185185 0.2906250000000001 0.937962962962963 0.29062500000000013
0 0.4648148148148149 0.6375 0.08888888888888902 0.6375 0.08888888888888902 0.6588541666666666 0.4648148148148149 0.6588541666666666
0 0.8935185185185187 0.784375 0.5064814814814816 0.784375 0.5064814814814816 0.8052083333333333 0.8935185185185187 0.8052083333333333
0 0.937037037037037 0.23541666666666672 0.5212962962962963 0.23541666666666672 0.5212962962962963 0.2619791666666667 0.937037037037037 0.2619791666666667
0 0.4638888888888891 0.759375 0.09444444444444461 0.759375 0.09444444444444461 0.7807291666666667 0.4638888888888891 0.7807291666666667
0 0.4666666666666668 0.5890625 0.08518518518518532 0.5890625 0.08518518518518532 0.6125 0.4666666666666668 0.6125
0 0.4611111111111112 0.3046875 0.057407407407407476 0.3046875 0.057407407407407476 0.3296875 0.4611111111111112 0.3296875
0 0.8888888888888891 0.7598958333333333 0.5046296296296299 0.7598958333333333 0.5046296296296299 0.7817708333333333 0.8888888888888891 0.7817708333333333
0 0.9203703703703704 0.37760416666666674 0.5101851851851852 0.3776041666666667 0.5101851851851852 0.4026041666666667 0.9203703703703704 0.40260416666666676
0 0.45925925925925937 0.24843750000000003 0.049074074074074124 0.2484375 0.04907407407407413 0.275 0.45925925925925937 0.275
0 0.47592592592592614 0.5380208333333333 0.08148148148148159 0.5380208333333333 0.0814814814814816 0.5614583333333333 0.47592592592592614 0.5614583333333333
0 0.4666666666666669 0.7817708333333333 0.0981481481481483 0.7817708333333333 0.09814814814814832 0.8020833333333334 0.4666666666666669 0.8020833333333334
0 0.4555555555555556 0.22135416666666669 0.05092592592592598 0.22135416666666666 0.05092592592592598 0.24843750000000003 0.45555555555555566 0.24843750000000006
0 0.8842592592592595 0.6619791666666667 0.5083333333333335 0.6619791666666667 0.5083333333333335 0.6848958333333334 0.8842592592592595 0.6848958333333334
0 0.46574074074074084 0.6625 0.08796296296296309 0.6625 0.0879629629629631 0.6833333333333333 0.46574074074074084 0.6833333333333333
0 0.8870370370370373 0.8083333333333333 0.5083333333333335 0.8083333333333333 0.5083333333333335 0.8255208333333334 0.8870370370370373 0.8255208333333334
0 0.9462962962962963 0.17968750000000006 0.5148148148148148 0.17968750000000006 0.5148148148148148 0.20520833333333338 0.9462962962962963 0.20520833333333338
0 0.463888888888889 0.3328125 0.05740740740740748 0.3328125 0.05740740740740748 0.35833333333333334 0.463888888888889 0.35833333333333334
0 0.9212962962962963 0.34687500000000004 0.5138888888888888 0.346875 0.5138888888888888 0.3755208333333334 0.9212962962962963 0.37552083333333347
0 0.45925925925925926 0.1916666666666667 0.04814814814814819 0.19166666666666668 0.0481481481481482 0.2182291666666667 0.45925925925925926 0.21822916666666672
0 0.4654792500873469 0.8302155923847877 0.0973259259259261 0.8251177083333333 0.09650500917191265 0.8438755534485456 0.4646583333333335 0.8489734375
0 0.8964138259059805 0.833966169816891 0.5139953703703706 0.8291651041666667 0.513170433353279 0.849955705183109 0.895588888888889 0.8547567708333332
0 0.9471901773302907 0.15277391392375578 0.5126462962962964 0.14972291666666668 0.5121171099268084 0.17357056311873087 0.9466609909608026 0.17662156037581997
0 0.4531773794856476 0.18440532431307924 0.45249626750238425 0.16297908265531807 0.04651481481481481 0.1670625 0.04719592679807817 0.18848874165776114