0 0.82890625 0.8187500000000001 0.625 0.81875 0.625 0.8447916666666668 0.82890625 0.8447916666666669
0 0.82421875 0.8750000000000001 0.6234375 0.875 0.6234375 0.9000000000000001 0.82421875 0.9000000000000002
0 0.3664062500000001 0.5020833333333334 0.12890625000000006 0.5020833333333333 0.12890625000000006 0.534375 0.3664062500000001 0.534375
0 0.60234375 0.88125 0.3898437500000001 0.88125 0.3898437500000001 0.90625 0.60234375 0.90625
0 0.621875 0.46145833333333347 0.39375 0.46145833333333347 0.39375000000000004 0.49375000000000013 0.621875 0.49375000000000013
0 0.8234375 0.9062500000000001 0.61953125 0.90625 0.61953125 0.9302083333333334 0.8234375 0.9302083333333335
0 0.3656250000000001 0.91875 0.14453125000000008 0.91875 0.14453125000000008 0.94375 0.3656250000000001 0.94375
0 0.36796875 0.43229166666666674 0.12421875000000004 0.4322916666666667 0.12421875000000004 0.4645833333333334 0.36796875 0.46458333333333346
0 0.85234375 0.5708333333333334 0.6421875 0.5708333333333333 0.6421875 0.6020833333333334 0.85234375 0.6020833333333335
0 0.87890625 0.3333333333333334 0.65390625 0.3333333333333334 0.65390625 0.3697916666666668 0.87890625 0.3697916666666668
0 0.840625 0.6958333333333334 0.63203125 0.6958333333333333 0.63203125 0.7260416666666668 0.840625 0.7260416666666669
0 0.83984375 0.7281250000000001 0.6296875 0.728125 0.6296875 0.7562500000000001 0.83984375 0.7562500000000002
0 0.83671875 0.7583333333333334 0.62890625 0.7583333333333333 0.62890625 0.7875000000000001 0.83671875 0.7875000000000002
0 0.61875 0.4968750000000001 0.39531250000000007 0.4968750000000001 0.39531250000000007 0.5270833333333335 0.61875 0.5270833333333335
0 0.3656250000000001 0.6010416666666667 0.13593750000000004 0.6010416666666667 0.13593750000000004 0.6322916666666667 0.3656250000000001 0.6322916666666667
0 0.3656250000000001 0.6354166666666666 0.13593750000000004 0.6354166666666666 0.13593750000000004 0.665625 0.3656250000000001 0.665625
0 0.36406250000000007 0.8583333333333333 0.1429687500000001 0.8583333333333333 0.1429687500000001 0.8854166666666666 0.36406250000000007 0.8854166666666666
0 0.83203125 0.7875000000000001 0.62734375 0.7875 0.62734375 0.8145833333333334 0.83203125 0.8145833333333335
0 0.6 0.9125 0.3906250000000001 0.9125 0.3906250000000001 0.9354166666666667 0.6 0.9354166666666667
0 0.62109375 0.4270833333333334 0.39140625 0.4270833333333334 0.39140625 0.4583333333333334 0.62109375 0.4583333333333334
0 0.61171875 0.7260416666666667 0.3929687500000001 0.7260416666666667 0.3929687500000001 0.7552083333333334 0.61171875 0.7552083333333334
0 0.615625 0.6291666666666667 0.39531250000000007 0.6291666666666667 0.39531250000000007 0.6604166666666667 0.615625 0.6604166666666667
0 0.8515625 0.6020833333333334 0.63671875 0.6020833333333333 0.63671875 0.6322916666666668 0.8515625 0.6322916666666669
0 0.625 0.35520833333333346 0.39140625 0.35520833333333346 0.39140625 0.3885416666666668 0.625 0.3885416666666668
0 0.3664062500000001 0.56875 0.13203125000000004 0.56875 0.13203125000000004 0.5989583333333334 0.3664062500000001 0.5989583333333334
0 0.859375 0.5395833333333334 0.64375 0.5395833333333333 0.64375 0.5697916666666668 0.859375 0.5697916666666669
0 0.6265625 0.3197916666666668 0.39296875 0.3197916666666668 0.39296875 0.35208333333333347 0.6265625 0.35208333333333347
0 0.82734375 0.8458333333333334 0.62421875 0.8458333333333333 0.62421875 0.8729166666666668 0.82734375 0.8729166666666669
0 0.3664062500000001 0.7333333333333333 0.14062500000000008 0.7333333333333333 0.14062500000000008 0.7625 0.3664062500000001 0.7625
0 0.61953125 0.5291666666666668 0.3937500000000001 0.5291666666666668 0.3937500000000001 0.559375 0.61953125 0.559375
0 0.6140625 0.596875 0.3945312500000001 0.596875 0.3945312500000001 0.628125 0.6140625 0.628125
0 0.3648437500000001 0.6666666666666666 0.13671875000000006 0.6666666666666666 0.13671875000000006 0.696875 0.3648437500000001 0.696875
0 0.61328125 0.6635416666666667 0.3945312500000001 0.6635416666666667 0.3945312500000001 0.6916666666666667 0.61328125 0.6916666666666667
0 0.3648437500000001 0.7958333333333333 0.1414062500000001 0.7958333333333333 0.1414062500000001 0.8239583333333333 0.3648437500000001 0.8239583333333333
0 0.3656250000000001 0.7010416666666667 0.13828125000000005 0.7010416666666667 0.13828125000000008 0.73125 0.3656250000000001 0.73125
0 0.875 0.3697916666666668 0.653125 0.3697916666666668 0.653125 0.39895833333333347 0.875 0.39895833333333347
0 0.603125 0.8489583333333334 0.3906250000000001 0.8489583333333334 0.3906250000000001 0.875 0.603125 0.875
0 0.61328125 0.6947916666666667 0.3945312500000001 0.6947916666666667 0.3945312500000001 0.7229166666666667 0.61328125 0.7229166666666667
0 0.36640625000000004 0.4645833333333334 0.12656250000000005 0.46458333333333335 0.12656250000000005 0.49687500000000007 0.3664062500000001 0.4968750000000001
0 0.61953125 0.5635416666666667 0.3937500000000001 0.5635416666666667 0.3937500000000001 0.59375 0.61953125 0.59375
0 0.84375 0.6656250000000001 0.63671875 0.665625 0.63671875 0.6947916666666668 0.84375 0.6947916666666669
0 0.84453125 0.6354166666666667 0.6375 0.6354166666666666 0.6375 0.6645833333333334 0.84453125 0.6645833333333335
0 0.86953125 0.40208333333333346 0.65078125 0.40208333333333346 0.65078125 0.4354166666666668 0.86953125 0.4354166666666668
0 0.3632812500000001 0.8260416666666667 0.1414062500000001 0.8260416666666667 0.1414062500000001 0.8541666666666666 0.3632812500000001 0.8541666666666666
0 0.62421875 0.3906250000000001 0.39375 0.3906250000000001 0.39375 0.42395833333333344 0.62421875 0.42395833333333344
0 0.6046875 0.7583333333333333 0.3929687500000001 0.7583333333333333 0.3929687500000001 0.7854166666666667 0.6046875 0.7854166666666667
0 0.3671875000000001 0.765625 0.14062500000000008 0.765625 0.14062500000000008 0.7927083333333333 0.3671875000000001 0.7927083333333333
0 0.3632812500000001 0.8875 0.1437500000000001 0.8875 0.1437500000000001 0.9125 0.3632812500000001 0.9125
0 0.8640625 0.4718750000000001 0.64921875 0.4718750000000001 0.64921875 0.5041666666666668 0.8640625 0.5041666666666668
0 0.8671875 0.4385416666666668 0.64765625 0.4385416666666668 0.64765625 0.47083333333333344 0.8671875 0.47083333333333344
0 0.86328125 0.5041666666666668 0.64765625 0.5041666666666668 0.64765625 0.5354166666666668 0.86328125 0.5354166666666669
0 0.60625 0.7885416666666667 0.3929687500000001 0.7885416666666667 0.3929687500000001 0.815625 0.60625 0.815625
0 0.3656250000000001 0.5354166666666667 0.12890625000000006 0.5354166666666667 0.12890625000000006 0.5666666666666667 0.3656250000000001 0.5666666666666667
0 0.60390625 0.8197916666666667 0.3921875000000001 0.8197916666666667 0.3921875000000001 0.8458333333333333 0.60390625 0.8458333333333333
0 0.36796875 0.39375000000000004 0.12421875000000004 0.39375 0.12421875000000004 0.42500000000000004 0.36796875 0.4250000000000001
0 0.88359375 0.2968750000000001 0.65234375 0.2968750000000001 0.65234375 0.3312500000000001 0.88359375 0.3312500000000001