0 0.6373697916666666 0.41357421875000006 0.3619791666666667 0.41357421875 0.3619791666666667 0.43994140625000006 0.6373697916666666 0.4399414062500001
0 0.6373697916666669 0.46826171875000006 0.35937500000000017 0.46826171875 0.35937500000000017 0.49462890625000006 0.6373697916666669 0.4946289062500001
0 0.6341145833333335 0.6318359375 0.37109375000000017 0.6318359375 0.37109375000000017 0.65771484375 0.6341145833333335 0.65771484375
0 0.6393229166666669 0.578125 0.3678385416666668 0.578125 0.3678385416666668 0.603515625 0.6393229166666669 0.603515625
0 0.6393229166666669 0.52392578125 0.3684895833333335 0.52392578125 0.3684895833333335 0.55029296875 0.6393229166666669 0.55029296875
0 0.6367187500000001 0.44140625000000006 0.3561197916666667 0.44140625 0.35611979166666674 0.46728515625000006 0.6367187500000001 0.4672851562500001
0 0.6393229166666669 0.55126953125 0.36718750000000017 0.55126953125 0.36718750000000017 0.57568359375 0.6393229166666669 0.57568359375
0 0.6393229166666669 0.49609375000000006 0.3626302083333335 0.49609375 0.3626302083333335 0.52294921875 0.6393229166666669 0.52294921875
0 0.6354166666666669 0.60400390625 0.36718750000000017 0.60400390625 0.36718750000000017 0.6298828125 0.6354166666666669 0.6298828125
0 0.6373697916666669 0.71044921875 0.3704427083333335 0.71044921875 0.3704427083333335 0.73486328125 0.6373697916666669 0.73486328125
0 0.6354166666666669 0.6845703125 0.3697916666666668 0.6845703125 0.3697916666666668 0.71044921875 0.6354166666666669 0.71044921875
0 0.640625 0.32470703125000006 0.349609375 0.32470703125 0.349609375 0.35302734375000006 0.640625 0.3530273437500001
0 0.6399739583333334 0.29589843750000006 0.3528645833333333 0.2958984375 0.3528645833333333 0.32324218750000006 0.6399739583333334 0.3232421875000001
0 0.6250000000000001 0.65771484375 0.38281250000000017 0.65771484375 0.38281250000000017 0.6826171875 0.6250000000000001 0.6826171875
0 0.6399739583333334 0.35400390625000006 0.3548177083333333 0.35400390625 0.3548177083333333 0.38232421875000006 0.6399739583333334 0.3823242187500001
0 0.6399739583333334 0.38378906250000006 0.35546875 0.3837890625 0.35546875 0.41210937500000006 0.6399739583333334 0.4121093750000001
0 0.6380208333333334 0.26562500000000006 0.3489583333333333 0.265625 0.3489583333333333 0.29394531250000006 0.6380208333333334 0.2939453125000001
0 0.6445312500000001 0.7373046875 0.3743489583333335 0.7373046875 0.3743489583333335 0.759765625 0.6445312500000001 0.759765625
0 0.6482822265625 0.2618063964843749 0.647548828125 0.23155566406249997 0.3512663511865764 0.23559614051182637 0.3519997496240764 0.26584687293370135