0 0.8473250091256921 0.0974446837505612 0.8470684062499999 0.055294413085937494 0.21930071065364098 0.056503632659400296 0.2195573135293332 0.09865390332402399
0 0.8390538553633649 0.1373287022719167 0.838939560763889 0.09851668505859375 0.23076652166537107 0.09908335700344961 0.230880816264847 0.13789537421677256
0 0.8392722515625906 0.17718769352257152 0.8389516346678653 0.1401267204374189 0.2344045616319445 0.141781517578125 0.23472517852666977 0.17884249066327762
0 0.8438214162414163 0.2159482277793485 0.8436090859374998 0.1779690434570312 0.23215910707838106 0.1790506575469636 0.23237143738229754 0.21702984186928087
0 0.8362017455846977 0.25236627098474795 0.8350730524310919 0.21470873101209895 0.23765593402777777 0.2203743408203125 0.23878462718138366 0.2580318807929615
0 0.8335187851015056 0.2901087767461171 0.8327533741319444 0.25311545166015625 0.24409691544300546 0.2569691550065392 0.2448623264125666 0.2939624800925001
0 0.8289825591367791 0.32670331688294985 0.828155072048611 0.2919925815429688 0.24956466714684383 0.2963568724619337 0.25039215423501193 0.33106760780191474
0 0.8269952600319251 0.36153496586140504 0.8257106871843259 0.32658141079966224 0.2578451449652778 0.33318466406249997 0.2591297178128769 0.36813821912424277
0 0.8037056694046272 0.8923496285981135 0.8014075416666668 0.8643984804687501 0.32097834573181805 0.8768967232946845 0.32327647346977856 0.9048478714240479
0 0.8078800715087309 0.862884175785148 0.805624537112064 0.8384664169359315 0.31717379427083325 0.852742513671875 0.3194293286675002 0.8771602725210915
0 0.8073350881489803 0.8395367547017066 0.8055725755208333 0.8150483530273438 0.31020220013104893 0.8263293343870044 0.311964712759196 0.8508177360613672
0 0.8117437953508047 0.8121938918940047 0.8098315723078887 0.7879347437362404 0.3111265911458333 0.8003727783203124 0.31303881418874924 0.8246319264780767
0 0.812662779145454 0.7887292750924727 0.8111083324652777 0.7613245659179687 0.30499475473236404 0.7704078662524186 0.30654920141254044 0.7978125754269226
0 0.8110342004337016 0.7580886861018774 0.8091013680571083 0.7321925121681938 0.2981339869791667 0.7442594428710938 0.3000668193557599 0.7701556168047774
0 0.8103381698791005 0.7314960131257227 0.8086843333333333 0.7038265561523438 0.2997148385012248 0.7134521771082908 0.301368675046992 0.7411216340816696
0 0.8112020275176642 0.7020694347987835 0.8090525087894229 0.6751348369127826 0.2967793975694444 0.6880701621093748 0.29892891629768564 0.7150047599953756
0 0.8137562536077929 0.6735518810823021 0.8116774060748828 0.6464706597346893 0.28782388975694445 0.6591942392578124 0.28990273728985455 0.6862754606054252
0 0.8160458824957241 0.6457824273745028 0.8144219444444444 0.6163901098632812 0.28253859596442754 0.6256882711537525 0.28416253401570724 0.655080588664974
0 0.8156147365181619 0.6152463968689481 0.8140243776041668 0.5880212744140625 0.28818604500537687 0.5977402972229419 0.289776403919372 0.6249654196778275
0 0.8181025174753299 0.5862937693846647 0.8166145281436427 0.5572315823036322 0.28008505034722225 0.5659233911132813 0.2815730396789094 0.5949855781943137
0 0.8207202976865309 0.557388539892375 0.8192167022569445 0.5260064897460939 0.2797374861590416 0.5341849106198432 0.281241081588628 0.5655669607661243
0 0.8224144209095035 0.5241001547419804 0.8210040514288804 0.494473825529082 0.2716505026041667 0.5027485214843748 0.27306087208478974 0.5323748506972731
0 0.824655907676128 0.4941562672711227 0.8236336345486112 0.46399702587890623 0.2702933915271477 0.46993152187764414 0.2713156646546645 0.5000907632698606
0 0.8235710498244363 0.46196463685349115 0.8226390746527779 0.43144588427734376 0.263108575010178 0.436852261970896 0.2640405501818364 0.4673710145470434
0 0.8233086816198754 0.4297660513134345 0.8224228585069445 0.39722285839843746 0.2587669106901342 0.4020773750458065 0.2596527338030651 0.4346205679608035
0 0.8306094850255683 0.3952846532856287 0.8294741657986111 0.36138499853515615 0.2544217889574772 0.36747861581394947 0.25555710818443433 0.401378270564422