0 0.7668992761512841 0.6521517670941044 0.2629986717810135 0.6406357249218833 0.2607310996227852 0.6720298079254352 0.7646317039930558 0.6835458500976563
0 0.7635692863125432 0.6176608296229037 0.2693877134209847 0.609379233500075 0.2677435894348305 0.6404214068068588 0.761925162326389 0.6487030029296875
0 0.7634966873018357 0.5884882832093088 0.2742492128917354 0.5780782421148222 0.2724294344440666 0.6051389852727008 0.761676908854167 0.6155490263671874
0 0.7675121840277778 0.2850500083007813 0.3382783830822965 0.2780612946728126 0.3370266388888889 0.3023865444335938 0.7662604398343702 0.3093752580615625
0 0.7664917361111112 0.30892681250000004 0.33321629446919526 0.3037376241257723 0.3322863884343645 0.3283044335552065 0.7655618300762804 0.3334936219294342
0 0.7652135181754153 0.33576402229367636 0.32700514825359767 0.3286293138408326 0.32586229774305564 0.35083882080078127 0.7640706676648734 0.357973529253625
0 0.7630783802083334 0.3607374604492187 0.31925593604284497 0.35319526408812674 0.31805830524706047 0.3754939584133749 0.7618807494125489 0.3830361547744669
0 0.7628278996311982 0.3858968283862908 0.314194417630879 0.3770843509258191 0.3126184791666667 0.4024693979492188 0.761251961166986 0.4112818754096905
0 0.7637163914105494 0.412395386700147 0.31286865672425596 0.4049057196559888 0.3116283203125001 0.4285296376953125 0.7624760549987936 0.4360193047394707
0 0.7607923593750002 0.5571481694335939 0.2803117762449716 0.5480360586341096 0.2787577033283049 0.5739643140052033 0.7592382864583336 0.5830764248046876
0 0.7611001675347224 0.5255659624023438 0.2853953596608016 0.519104361535554 0.284200802951389 0.5469302626953126 0.7599056108253098 0.5533918635621025
0 0.7652077922301505 0.440593009548426 0.3043682348010816 0.43225871641559105 0.30289755642361127 0.45798895068359374 0.7637371138526801 0.4663232438164287
0 0.7631999274653057 0.46831891103398937 0.29856581448264025 0.4586011181290862 0.29694486010761245 0.4831233106107219 0.7615789730902779 0.49284110351562505
0 0.761568660183704 0.4969877801010141 0.2920009126040355 0.4863380586670182 0.28995366406250006 0.514899205078125 0.7595214116421685 0.525548926512121
0 0.765620017388558 0.6854986899810173 0.261385174206702 0.6723893146669329 0.2586913940972224 0.7051730209960939 0.7629262372790784 0.7182823963101783