0 0.8447759262152778 0.07494557275390626 0.19021898177083338 0.06784088525390626 0.18871095745420463 0.1118006999097648 0.8432679018986491 0.11890538740976479
0 0.8354944444444445 0.11979296875000003 0.1981666666666667 0.11497005224609376 0.19715162853083057 0.15741055472363 0.8344794063086085 0.16223347122753629
0 0.8280694444444446 0.1652247397460938 0.19987916666666672 0.1621807290039063 0.19924111644647213 0.20384319253115965 0.82743139422425 0.20688720327334717
0 0.7451429658105324 0.8999293640424745 0.7422567261734409 0.8772507609611193 0.26946805555555564 0.8962890625 0.27235429519264714 0.9189676655813551
0 0.7475380973873227 0.8749300733216856 0.7450935182291666 0.8536419272460938 0.2665596642356772 0.871028900425221 0.2690042433938332 0.8923170465008128
0 0.7500048990671415 0.8514643729926072 0.747878240451389 0.8291296874999999 0.25803631430926033 0.8438873966308751 0.2601629729250129 0.8662220821234824
0 0.7538286902736479 0.8251883876893765 0.7514179148972246 0.8018697192773818 0.2628615737847222 0.8178510415039062 0.26527234916114545 0.8411697099159009
0 0.7588133813641791 0.8006381443495005 0.7562314817708333 0.7753736977539063 0.25908068393210787 0.7914491334938162 0.2616625835254536 0.8167135800894104
0 0.8206439817708335 0.21114765625000004 0.20535601822916674 0.20714296875000002 0.2045864449875443 0.2445544410123462 0.819874408529211 0.2485591285123462
0 0.8169314817708334 0.2487153647460938 0.20503425954861115 0.24860260400390627 0.20501229636316365 0.2863129865542177 0.8169095185853859 0.28642574729640524
0 0.8127495088805677 0.3254242252599117 0.812284163261768 0.2883702903645159 0.20947499999999997 0.290765625 0.20994034561879976 0.32781955989539585
0 0.8060937318615053 0.3619577532473237 0.8057939817708334 0.32750598974609374 0.21354315053587614 0.3291364063833777 0.2138429006265481 0.3635881698846077
0 0.8040632872808388 0.3995365359335103 0.8035671293402777 0.36510729150390625 0.2171325815653182 0.36778126473461553 0.21762873950587924 0.4022105091642196
0 0.7961819847753611 0.433959615702988 0.7951249352134478 0.40094063114659434 0.2222685182291667 0.40674322900390625 0.22332556779108007 0.43976221356029993
0 0.7577851930603513 0.7747276638505296 0.755303240451389 0.7471744790039063 0.25315138184423336 0.7614865277576881 0.25563333445319564 0.7890397126043114
0 0.7632309340087803 0.7453885403728022 0.7607232073016785 0.7173397885525284 0.25314629600694444 0.7316984375000001 0.2556540227140463 0.7597471893202739
0 0.7655802509055203 0.7188843182898009 0.7636564817708332 0.6908075522460938 0.24998224932452995 0.701943795365978 0.251906018459217 0.7300205614096851
0 0.769648953343558 0.6917537839501066 0.7682972222222222 0.6615640625 0.24632713540799747 0.6689587849064755 0.2476788665293333 0.6991485063565821
0 0.773051655599933 0.6604626802222349 0.7708982635341379 0.6308720611129018 0.24545308970503824 0.6429708393867607 0.24760648177083333 0.6725614584960937
0 0.7773383398404959 0.6301268246738373 0.7755640089478201 0.6004545197231725 0.24228796267361108 0.6105442709960939 0.24406229356628695 0.6402165759467586
0 0.7800398018202371 0.60041244574529 0.7785069444444443 0.5696557290039062 0.24146442587765263 0.5781244046484928 0.24299728325344536 0.6088811213898766
0 0.7816363200303117 0.5691016862004048 0.7803634262152778 0.5373101562500001 0.23519751841476622 0.5442166001814233 0.23647041222980011 0.576008130131828
0 0.7853036949808787 0.5357249173520232 0.7840759262152779 0.5044424477539063 0.23338473123439915 0.5112810719057895 0.23461250000000003 0.5425635415039064
0 0.7926966057505727 0.5033263438693518 0.7914980396306621 0.47251381317760827 0.23017962934027775 0.47942239599609376 0.23137819546018834 0.5102349266878374
0 0.796119791732986 0.47046733167189103 0.7952138888888889 0.43661822900390623 0.22512920372419135 0.4414456913032457 0.22603510656828846 0.4752947939712305
0 0.8512731484375 0.025889583496093764 0.18433287065972223 0.015740625000000015 0.18194225707916512 0.06544789429042437 0.8488825348569429 0.07559685278651812
0 0.7466262209345433 0.9242497208515434 0.7430601126736573 0.9004708229245366 0.2728130584057806 0.9227846435768995 0.2763791666666666 0.9465635415039063