0 0.7703703703703706 0.8958333333333334 0.2500000000000002 0.8958333333333334 0.2500000000000002 0.9223958333333333 0.7703703703703706 0.9223958333333333
0 0.7675925925925928 0.609375 0.2425925925925927 0.609375 0.2425925925925927 0.6401041666666667 0.7675925925925928 0.6401041666666667
0 0.7685185185185187 0.6416666666666667 0.2453703703703705 0.6416666666666667 0.2453703703703705 0.6723958333333333 0.7685185185185187 0.6723958333333333
0 0.7666666666666668 0.7380208333333333 0.2462962962962965 0.7380208333333333 0.2462962962962965 0.76875 0.7666666666666668 0.76875
0 0.7722222222222223 0.40989583333333335 0.2324074074074075 0.40989583333333335 0.2324074074074075 0.440625 0.7722222222222223 0.440625
0 0.7638888888888891 0.6734375 0.2453703703703705 0.6734375 0.2453703703703705 0.7041666666666667 0.7638888888888891 0.7041666666666667
0 0.7768518518518519 0.26614583333333336 0.2194444444444445 0.26614583333333336 0.2194444444444445 0.3 0.7768518518518519 0.3
0 0.7703703703703704 0.44479166666666664 0.23425925925925936 0.44479166666666664 0.23425925925925936 0.4765625 0.7703703703703704 0.4765625
0 0.7759259259259259 0.15677083333333336 0.21296296296296302 0.15677083333333333 0.21296296296296302 0.19218750000000004 0.7759259259259259 0.19218750000000007
0 0.7657407407407409 0.7697916666666667 0.24444444444444466 0.7697916666666667 0.24444444444444466 0.7989583333333333 0.7657407407407409 0.7989583333333333
0 0.7759259259259259 0.30364583333333334 0.22407407407407412 0.30364583333333334 0.22407407407407412 0.3375 0.7759259259259259 0.3375
0 0.7685185185185187 0.5109375 0.24166666666666678 0.5109375 0.24166666666666678 0.5421875 0.7685185185185187 0.5421875
0 0.7666666666666668 0.70625 0.2453703703703705 0.70625 0.24537037037037052 0.7375 0.7666666666666668 0.7375
0 0.7694444444444447 0.5760416666666667 0.24166666666666678 0.5760416666666667 0.24166666666666678 0.6078125 0.7694444444444447 0.6078125
0 0.7703703703703706 0.834375 0.24537037037037057 0.834375 0.24537037037037057 0.8635416666666667 0.7703703703703706 0.8635416666666667
0 0.7685185185185187 0.5432291666666667 0.24074074074074084 0.5432291666666667 0.24074074074074084 0.5744791666666667 0.7685185185185187 0.5744791666666667
0 0.7712962962962964 0.47708333333333336 0.23888888888888898 0.47708333333333336 0.23888888888888898 0.5109375 0.7712962962962965 0.5109375
0 0.7768518518518519 0.19270833333333337 0.21111111111111117 0.19270833333333334 0.21111111111111117 0.22916666666666669 0.7768518518518519 0.2291666666666667
0 0.7712962962962965 0.8635416666666667 0.2500000000000002 0.8635416666666667 0.2500000000000002 0.8953125 0.7712962962962965 0.8953125
0 0.7796296296296297 0.11770833333333336 0.2101851851851852 0.11770833333333333 0.21018518518518522 0.15104166666666669 0.7796296296296297 0.1510416666666667
0 0.7787037037037037 0.22916666666666669 0.21481481481481488 0.22916666666666666 0.21481481481481488 0.26562500000000006 0.7787037037037037 0.26562500000000006
0 0.7685185185185187 0.7994791666666666 0.24537037037037057 0.7994791666666666 0.24537037037037057 0.8338541666666667 0.7685185185185187 0.8338541666666667
0 0.775 0.3390625 0.22685185185185192 0.3390625 0.22685185185185194 0.37135416666666665 0.775 0.37135416666666665
0 0.7824074074074074 0.07916666666666669 0.20555555555555555 0.07916666666666666 0.20555555555555555 0.11302083333333336 0.7824074074074074 0.11302083333333339
0 0.774074074074074 0.37447916666666664 0.2324074074074075 0.37447916666666664 0.2324074074074075 0.40625 0.774074074074074 0.40625
0 0.7685185185185187 0.921875 0.2500000000000002 0.921875 0.2500000000000002 0.95625 0.7685185185185187 0.95625
0 0.7842592592592592 0.03802083333333337 0.20277777777777778 0.03802083333333335 0.20277777777777778 0.07708333333333336 0.7842592592592592 0.07708333333333339