0 0.6952873352864581 0.23410305761718753 0.22821965429687505 0.23095248876953128 0.22770712885450486 0.27369192592598923 0.694774809844088 0.2768424947736455
0 0.6936724231770834 0.27928823974609374 0.22816629557291676 0.2772752890625 0.22788502151149448 0.3138637783433745 0.6933911491156611 0.31587672902696823
0 0.6881002324218753 0.31815589892578144 0.24270805754252042 0.3175369578631127 0.24261905671115003 0.35356244621019667 0.6880112315905048 0.3541813872728654
0 0.6817291328125 0.35529692773437505 0.24555051562500005 0.3529000810546875 0.2452212875578802 0.3866011360296914 0.6813999047453803 0.3889979827093789
0 0.6768646165364585 0.3900328647460939 0.2505597048400445 0.38878488470706113 0.2503936222513867 0.4206972746140709 0.6766985339478008 0.4219452546531037
0 0.6696496992187502 0.42255295361328127 0.25833905038172317 0.4194845691253934 0.2579075137033736 0.45202328548464693 0.6692181625404006 0.4550916699725348
0 0.6655672011718751 0.4579269370117188 0.26030434055996415 0.457833322283386 0.2602928913186134 0.485713263999302 0.6655557519305244 0.4858068787276348
0 0.6606136002604168 0.48694299902343763 0.2625479949004878 0.486006715194603 0.2624266172225251 0.5150341383105267 0.6604922225824541 0.5159704221393613
0 0.6595453476562501 0.5175762871093751 0.26662180013020836 0.5169293500976564 0.2665418284598487 0.5442508634995616 0.6594653759858904 0.5448978005112803
0 0.6530484928385417 0.54661255078125 0.27477988476562504 0.5451947514648438 0.2746092186727199 0.5708074484608534 0.6528778267456367 0.5722252477772597
0 0.6465336712239584 0.574490990234375 0.27827992252604167 0.5717840385742188 0.2779616303617373 0.5961405536836237 0.6462153790596541 0.59884750534378
0 0.6438507109375001 0.6005824331054687 0.2790835403645834 0.5992321630859374 0.2789226081223734 0.6236867712458832 0.6436897786952901 0.6250370412654145
0 0.64270127734375 0.6260052690429688 0.27913706191926296 0.6252993761608175 0.27905689501455316 0.6485246032948652 0.6426211104390404 0.6492304961770164
0 0.6384657467447918 0.6515380053710939 0.28414022265625016 0.6509648510742189 0.28407513535751117 0.6735982438475983 0.6384006594460528 0.6741713981444732
0 0.6334226529947918 0.6747649453125001 0.2891392688802084 0.6746393691406251 0.2891257415037593 0.6955008400376554 0.6334091256183426 0.6956264162095305
0 0.6314577578125001 0.6973728125000002 0.29491910804359794 0.6964416137284806 0.294844952331247 0.7115166960198948 0.6313836021001492 0.7124478947914143