0 0.5930989583333335 0.60400390625 0.4290364583333335 0.60400390625 0.4290364583333335 0.619140625 0.5930989583333335 0.619140625
0 0.5963541666666669 0.55322265625 0.42968750000000017 0.55322265625 0.42968750000000017 0.56982421875 0.5963541666666669 0.56982421875
0 0.5930989583333335 0.6376953125 0.4283854166666668 0.6376953125 0.4283854166666668 0.65283203125 0.5930989583333335 0.65283203125
0 0.8138020833333334 0.5068359375 0.6477864583333335 0.5068359375 0.6477864583333335 0.5224609375 0.8138020833333334 0.5224609375
0 0.8138020833333334 0.4897460937500001 0.6503906250000001 0.4897460937500001 0.6503906250000001 0.50537109375 0.8138020833333334 0.50537109375
0 0.59765625 0.43359375 0.4303385416666667 0.43359375 0.4303385416666667 0.44921875 0.59765625 0.44921875
0 0.8079427083333334 0.6572265625 0.6399739583333335 0.6572265625 0.6399739583333335 0.6728515625 0.8079427083333334 0.6728515625
0 0.3782552083333335 0.46826171875 0.21679687500000008 0.46826171875 0.21679687500000008 0.4833984375 0.3782552083333335 0.4833984375
0 0.37695312500000017 0.5009765625 0.2122395833333334 0.5009765625 0.2122395833333334 0.5166015625 0.37695312500000017 0.5166015625
0 0.5963541666666669 0.501953125 0.4309895833333335 0.501953125 0.4309895833333335 0.51806640625 0.5963541666666669 0.51806640625
0 0.5937500000000001 0.57080078125 0.42773437500000017 0.57080078125 0.42773437500000017 0.5859375 0.5937500000000001 0.5859375
0 0.3776041666666668 0.60107421875 0.2141927083333334 0.60107421875 0.2141927083333334 0.61669921875 0.3776041666666668 0.61669921875
0 0.5976562500000001 0.45068359375 0.431640625 0.45068359375 0.43164062500000006 0.46728515625 0.5976562500000001 0.46728515625
0 0.3756510416666668 0.484375 0.2102864583333334 0.484375 0.2102864583333334 0.50048828125 0.3756510416666668 0.50048828125
0 0.80859375 0.623046875 0.6445312500000001 0.623046875 0.6445312500000001 0.638671875 0.80859375 0.638671875
0 0.80859375 0.64013671875 0.6419270833333335 0.64013671875 0.6419270833333335 0.65576171875 0.80859375 0.65576171875
0 0.37500000000000017 0.6181640625 0.21354166666666674 0.6181640625 0.21354166666666674 0.63330078125 0.37500000000000017 0.63330078125
0 0.80859375 0.60693359375 0.6438802083333335 0.60693359375 0.6438802083333335 0.6220703125 0.80859375 0.6220703125
0 0.3763020833333335 0.5849609375 0.2102864583333334 0.5849609375 0.2102864583333334 0.60009765625 0.3763020833333335 0.60009765625
0 0.5976562500000001 0.46875 0.4329427083333335 0.46875 0.4329427083333335 0.48486328125 0.5976562500000001 0.48486328125
0 0.5930989583333335 0.62109375 0.4290364583333335 0.62109375 0.4290364583333335 0.63623046875 0.5930989583333335 0.63623046875
0 0.8196614583333334 0.4038085937500001 0.650390625 0.4038085937500001 0.650390625 0.4208984375000001 0.8196614583333334 0.4208984375000001
0 0.3763020833333335 0.568359375 0.20963541666666674 0.568359375 0.20963541666666674 0.58349609375 0.3763020833333335 0.58349609375
0 0.8203125 0.4213867187500001 0.6516927083333334 0.4213867187500001 0.6516927083333334 0.4379882812500001 0.8203125 0.4379882812500001
0 0.8098958333333334 0.556640625 0.6451822916666669 0.556640625 0.6451822916666669 0.57177734375 0.8098958333333334 0.57177734375
0 0.5950520833333335 0.52001953125 0.4283854166666668 0.52001953125 0.4283854166666668 0.53466796875 0.5950520833333335 0.53466796875
0 0.5957031250000001 0.5361328125 0.4283854166666668 0.5361328125 0.4283854166666668 0.5517578125 0.5957031250000001 0.5517578125
0 0.80859375 0.58984375 0.6438802083333335 0.58984375 0.6438802083333335 0.60546875 0.80859375 0.60546875
0 0.8092447916666666 0.57373046875 0.6438802083333335 0.57373046875 0.6438802083333335 0.58837890625 0.8092447916666666 0.58837890625
0 0.3763020833333335 0.634765625 0.21289062500000008 0.634765625 0.21289062500000008 0.6494140625 0.3763020833333335 0.6494140625
0 0.5983072916666666 0.4169921875 0.4303385416666667 0.4169921875 0.4303385416666667 0.43212890625 0.5983072916666666 0.43212890625
0 0.81640625 0.4384765625000001 0.6497395833333334 0.4384765625000001 0.6497395833333334 0.4541015625000001 0.81640625 0.4541015625000001
0 0.5937500000000001 0.5869140625 0.42968750000000017 0.5869140625 0.42968750000000017 0.60205078125 0.5937500000000001 0.60205078125
0 0.3763020833333335 0.5185546875 0.21158854166666674 0.5185546875 0.21158854166666674 0.533203125 0.3763020833333335 0.533203125
0 0.3776041666666668 0.53515625 0.2141927083333334 0.53515625 0.2141927083333334 0.55029296875 0.3776041666666668 0.55029296875
0 0.37500000000000006 0.451171875 0.21093750000000008 0.451171875 0.21093750000000008 0.466796875 0.37500000000000017 0.466796875
0 0.5976562500000001 0.4853515625 0.43164062500000017 0.4853515625 0.43164062500000017 0.50146484375 0.5976562500000001 0.50146484375
0 0.3795572916666667 0.400390625 0.20963541666666674 0.400390625 0.20963541666666674 0.41552734375 0.3795572916666667 0.41552734375
0 0.37500000000000017 0.65234375 0.21093750000000008 0.65234375 0.21093750000000008 0.66748046875 0.37500000000000017 0.66748046875
0 0.3776041666666668 0.55126953125 0.2141927083333334 0.55126953125 0.2141927083333334 0.56640625 0.3776041666666668 0.56640625
0 0.8131510416666666 0.52392578125 0.6497395833333335 0.52392578125 0.6497395833333335 0.5390625 0.8131510416666666 0.5390625
0 0.814453125 0.4721679687500001 0.6497395833333335 0.4721679687500001 0.6497395833333335 0.4882812500000001 0.814453125 0.4882812500000001
0 0.5983072916666666 0.3984375 0.4309895833333333 0.3984375 0.4309895833333333 0.41552734375 0.5983072916666666 0.41552734375
0 0.37890625 0.43408203125 0.2122395833333334 0.43408203125 0.2122395833333334 0.44970703125 0.37890625 0.44970703125
0 0.37890625 0.41748046875 0.20963541666666674 0.41748046875 0.20963541666666674 0.4326171875 0.37890625 0.4326171875
0 0.810546875 0.5390625 0.6458333333333335 0.5390625 0.6458333333333335 0.5546875 0.810546875 0.5546875
0 0.8151041666666666 0.4560546875000001 0.6503906250000001 0.4560546875000001 0.6503906250000001 0.4711914062500001 0.8151041666666666 0.4711914062500001
0 0.5924479166666669 0.6552734375 0.4264322916666668 0.6552734375 0.4264322916666668 0.669921875 0.5924479166666669 0.669921875
0 0.3802083333333333 0.38232421875 0.2083333333333334 0.38232421875 0.2083333333333334 0.3984375 0.3802083333333333 0.3984375
0 0.59765625 0.3818359375 0.4309895833333333 0.3818359375 0.4309895833333333 0.39794921875 0.59765625 0.39794921875
0 0.8216145833333334 0.3857421875000001 0.65234375 0.3857421875000001 0.65234375 0.4013671875000001 0.8216145833333334 0.4013671875000001