0 0.848769607312547 0.35294347558455996 0.847157472035744 0.30864953880191404 0.14858842621527776 0.3166942709960937 0.15020056149208072 0.36098820777873963
0 0.8346651187426762 0.4396278416535367 0.8330064817708334 0.40160364599609377 0.1606986705563609 0.4108827173957265 0.16235730752820382 0.44890691305316943
0 0.8343205550050486 0.48085788343538033 0.8330064817708335 0.44393203125000014 0.167918944210536 0.45142084287173007 0.16923301744475128 0.48834669505711026
0 0.8265129793113977 0.5189072060346404 0.8242307074094251 0.4815748220637194 0.17767407378472222 0.49408125 0.17995634568669472 0.531413633970921
0 0.8200732164904968 0.5624663609662436 0.8186999999999999 0.5233192709960939 0.18417107668273763 0.530361919326038 0.18554429317323448 0.5695090092961878
0 0.813274941597379 0.5999504888448747 0.8119641642193538 0.565725581697297 0.18409490711805557 0.5733341147460937 0.1854056844960807 0.6075590218936714
0 0.8064929377500865 0.6353073150341543 0.8053414187889528 0.6035749815482391 0.18860879600694444 0.61065625 0.18976031496807794 0.6423885834859152
0 0.7973424643821699 0.6696371697929597 0.7957581797443429 0.6369870945037198 0.1940759262152778 0.6462247397460938 0.19566021085310473 0.6788748150353338
0 0.7907033341266593 0.7023636107630076 0.789065907961118 0.6711064135381453 0.19807962934027776 0.6809020834960936 0.1997170555058191 0.712159280720956
0 0.786050836986181 0.7312790286913612 0.7842101641817366 0.702737953695017 0.20061164229972236 0.7146466852575621 0.20245231510416667 0.7431877602539063
0 0.7836675537871624 0.7634429847812849 0.7815037039930556 0.73411328125 0.2043208724281155 0.7475867027187152 0.20648472222222225 0.77691640625
0 0.7756563280478361 0.7941007006376462 0.7738576432668841 0.7660612355859148 0.20638611111111113 0.7775791665039062 0.20818479589206312 0.8056186315556376
0 0.7702537453056713 0.8235748760017233 0.7680467672316461 0.7949790578940342 0.20901435156249998 0.8086304687499999 0.21122132963652498 0.837226286857689
0 0.8551492241841824 0.3072968799467117 0.8539936705703026 0.2609483438275277 0.14280787065972222 0.26655859375 0.14396342427360195 0.312907129869184
0 0.8424326552813636 0.39608839189507544 0.84052666399799 0.35410698957417486 0.15483472222222225 0.36395703125000006 0.15674071350559587 0.40593843357090065