0 0.7334870474671857 0.13429178986643678 0.7309991319444445 0.098384521484375 0.22115393851003828 0.10956181472424831 0.22364185403277956 0.14546908310631007
0 0.7292067746581706 0.16988467924421324 0.7272860243055557 0.1339052734375 0.22531364272749865 0.14238421830533787 0.2272343930801138 0.17836362411205112
0 0.7273575443297985 0.2016753377303699 0.7254098650084679 0.1680465852332193 0.2268498263888889 0.17718286132812502 0.2287975057102195 0.21081161382527563
0 0.7262271738525413 0.23520138058748735 0.7245008680555556 0.20129052734375 0.23237365703386864 0.20921739201866366 0.23409996283085435 0.243128245262401
0 0.7226440972222223 0.26658618164062503 0.7207814162354961 0.23221822387377292 0.2324166666666667 0.240593017578125 0.2342793476533929 0.27496097534497715
0 0.7221457862675228 0.29892723819378514 0.7206584110390514 0.26579412015799303 0.23520008680555549 0.272689453125 0.23668746203402696 0.3058225711607921
0 0.7260463527239106 0.33247645978647916 0.7253886554421096 0.30079251957747716 0.2365915798611111 0.3040029296875 0.23724927714291225 0.335686869896502
0 0.7236491517496452 0.36434105702779024 0.7226242226861318 0.3313612159269797 0.23980927232537544 0.33610878194606447 0.24083420138888886 0.369088623046875
0 0.7195775621743656 0.3951718862427111 0.7189309895833333 0.36438745117187493 0.237970650825616 0.36758369881338854 0.23861722341664837 0.3983681338842247
0 0.7189309895833333 0.39781884765625 0.24355034722222232 0.396378173828125 0.24324147420954528 0.4286260297037488 0.7186221165706563 0.43006670353187376
0 0.7152319555629976 0.42697740821835173 0.24772569444444453 0.426908935546875 0.24771118679811377 0.4582498867035233 0.7152174479166667 0.45831835937500004
0 0.7152174479166669 0.4577958984375 0.24826085069444456 0.4577958984375 0.24826085069444456 0.48704833984375 0.7152174479166669 0.48704833984375
0 0.7115039062500002 0.48913793945312506 0.24911718750000011 0.484839111328125 0.2482858372729758 0.5131324594354169 0.7106725560229757 0.5174312875604169
0 0.7142890625000002 0.518912841796875 0.24826085069444456 0.512644287109375 0.2469751810907613 0.542886893631612 0.7130033928963169 0.549155448319112
0 0.7124322916666669 0.5465981445312501 0.25050911458333347 0.541986572265625 0.24953552340966148 0.572842770542253 0.7114587004929949 0.5774543428078781
0 0.7133606770833335 0.5752333984374999 0.25383072916666677 0.5705319824218749 0.25283297965450247 0.601388841363607 0.7123629275711691 0.6060902573792321
0 0.7115039062500004 0.606052978515625 0.25290234375000015 0.597172607421875 0.25113956085710526 0.6259763085760705 0.7097411233571055 0.6348566796698205
0 0.7077770171209731 0.6354229464646829 0.2505091145833334 0.62575048828125 0.2486661252401382 0.6533182644728172 0.7059340277777778 0.66299072265625
0 0.7050056423611113 0.6623735351562501 0.25329253472222235 0.6531499023437501 0.25147088203047296 0.6813773311516856 0.703183989669362 0.6906009639641856
0 0.704776554163876 0.6916718613353934 0.25468402777777793 0.678983642578125 0.252128393752791 0.7076679824146068 0.702220920138889 0.7203562011718752
0 0.7053346354166669 0.7196215820312502 0.2527994791666669 0.706708984375 0.25024078674483746 0.7350817611623149 0.7027759429948374 0.7479943588185651
0 0.7026112476042408 0.7480308990632296 0.25394357638888904 0.730516357421875 0.2504443871513665 0.7588784640086209 0.6991120583667182 0.7763930056499755
0 0.7045630435738098 0.7772881273288524 0.25623133680555576 0.7575407714843752 0.25228213564042457 0.7859098227336777 0.7006138424086786 0.805657178578155
0 0.7001639987461097 0.80556669804951 0.25590928819444464 0.785740966796875 0.2519232408372239 0.81400214960674 0.6961779513888889 0.833827880859375
0 0.6983648753655483 0.83264339839766 0.25394357638888904 0.8115893554687499 0.25011435477796845 0.8371643126418027 0.6945356537546278 0.8582183555707128
0 0.6969409722222222 0.857012451171875 0.2562313368055557 0.8366835937499999 0.25164672541074645 0.8681311685583655 0.692356360827413 0.8884600259802405