0 0.931640625 0.7102864583333335 0.7685546875 0.7102864583333334 0.7685546875 0.7317708333333335 0.931640625 0.7317708333333336
0 0.57763671875 0.5325520833333334 0.41064453125 0.5325520833333334 0.41064453125 0.5546875000000001 0.57763671875 0.5546875000000001
0 0.9375 0.5878906250000001 0.77197265625 0.5878906250000001 0.77197265625 0.6106770833333335 0.9375 0.6106770833333335
0 0.57470703125 0.6328125000000001 0.4057617187500001 0.6328125 0.4057617187500001 0.6542968750000001 0.57470703125 0.6542968750000001
0 0.39111328125 0.4765625 0.21875000000000006 0.4765625 0.21875000000000006 0.5 0.39111328125 0.5
0 0.58203125 0.2434895833333334 0.40380859375 0.2434895833333334 0.40380859375 0.26822916666666674 0.58203125 0.26822916666666674
0 0.578125 0.3509114583333334 0.41015625 0.3509114583333333 0.41015625 0.37565104166666674 0.578125 0.3756510416666668
0 0.93798828125 0.5631510416666669 0.771484375 0.5631510416666669 0.771484375 0.5859375000000001 0.93798828125 0.5859375000000001
0 0.576171875 0.5078125000000001 0.412109375 0.5078125 0.412109375 0.5305989583333334 0.576171875 0.5305989583333335
0 0.751953125 0.6341145833333335 0.59033203125 0.6341145833333335 0.59033203125 0.6575520833333335 0.751953125 0.6575520833333335
0 0.19580078125000006 0.3723958333333333 0.017578125000000035 0.3723958333333333 0.017578125000000035 0.3958333333333333 0.19580078125000006 0.3958333333333333
0 0.76025390625 0.5084635416666669 0.5908203125 0.5084635416666669 0.5908203125 0.5319010416666669 0.76025390625 0.5319010416666669
0 0.20410156250000006 0.6080729166666666 0.027343750000000056 0.6080729166666666 0.027343750000000056 0.630859375 0.20410156250000006 0.630859375
0 0.3916015625 0.2604166666666667 0.21240234375 0.2604166666666667 0.21240234375 0.28450520833333337 0.3916015625 0.2845052083333334
0 0.57666015625 0.6542968750000001 0.4067382812500001 0.654296875 0.4067382812500001 0.6770833333333334 0.57666015625 0.6770833333333334
0 0.39208984375 0.3971354166666667 0.21777343750000006 0.3971354166666667 0.21777343750000006 0.419921875 0.39208984375 0.419921875
0 0.94775390625 0.38085937500000017 0.77880859375 0.38085937500000017 0.77880859375 0.4055989583333335 0.94775390625 0.4055989583333335
0 0.9453125 0.4596354166666668 0.779296875 0.4596354166666668 0.779296875 0.4830729166666668 0.9453125 0.4830729166666668
0 0.93310546875 0.6621093750000001 0.77099609375 0.6621093750000001 0.77099609375 0.6842447916666669 0.93310546875 0.684244791666667
0 0.5732421875 0.6067708333333334 0.4077148437500001 0.6067708333333334 0.4077148437500001 0.6295572916666667 0.5732421875 0.6295572916666669
0 0.20068359375000006 0.4772135416666667 0.02392578125000004 0.4772135416666667 0.023925781250000045 0.501953125 0.20068359375000006 0.501953125
0 0.75439453125 0.6087239583333335 0.58935546875 0.6087239583333335 0.58935546875 0.6315104166666669 0.75439453125 0.6315104166666669
0 0.9326171875 0.6868489583333335 0.77001953125 0.6868489583333334 0.77001953125 0.7089843750000001 0.9326171875 0.7089843750000003
0 0.578125 0.40429687500000006 0.408203125 0.404296875 0.408203125 0.42773437500000006 0.578125 0.42773437500000017
0 0.3916015625 0.4225260416666667 0.21777343750000006 0.4225260416666667 0.21777343750000006 0.447265625 0.3916015625 0.447265625
0 0.3925781250000001 0.607421875 0.21972656250000006 0.607421875 0.21972656250000006 0.6302083333333334 0.3925781250000001 0.6302083333333334
0 0.576171875 0.5566406250000001 0.4072265625 0.556640625 0.4072265625 0.5787760416666667 0.576171875 0.5787760416666669
0 0.392578125 0.4498697916666667 0.21972656250000006 0.4498697916666667 0.21972656250000006 0.4739583333333333 0.392578125 0.4739583333333333
0 0.39208984375 0.5026041666666666 0.22119140625000006 0.5026041666666666 0.22119140625000006 0.5266927083333334 0.39208984375 0.5266927083333334
0 0.19921875000000006 0.4518229166666667 0.02050781250000004 0.4518229166666667 0.02050781250000004 0.4759114583333333 0.19921875000000006 0.4759114583333333
0 0.20214843750000006 0.5305989583333334 0.02246093750000005 0.5305989583333334 0.02246093750000005 0.5540364583333334 0.20214843750000006 0.5540364583333334
0 0.939453125 0.3274739583333335 0.78759765625 0.3274739583333335 0.78759765625 0.3522135416666668 0.939453125 0.3522135416666668
0 0.9423828125 0.4856770833333335 0.77490234375 0.4856770833333335 0.77490234375 0.5091145833333335 0.9423828125 0.5091145833333335
0 0.58056640625 0.27148437500000006 0.40869140625 0.27148437500000006 0.40869140625 0.29687500000000006 0.58056640625 0.29687500000000006
0 0.392578125 0.341796875 0.21728515625000006 0.341796875 0.21728515625000006 0.3671875 0.392578125 0.3671875
0 0.19970703125000006 0.3984375 0.018554687500000035 0.3984375 0.018554687500000038 0.4225260416666667 0.19970703125000006 0.4225260416666667
0 0.20214843750000006 0.556640625 0.02685546875000005 0.556640625 0.026855468750000052 0.5807291666666666 0.20214843750000006 0.5807291666666666
0 0.3916015625000001 0.708984375 0.22216796875000006 0.708984375 0.22216796875000006 0.73046875 0.3916015625000001 0.73046875
0 0.94140625 0.5364583333333335 0.7705078125 0.5364583333333335 0.7705078125 0.5598958333333335 0.94140625 0.5598958333333335
0 0.935546875 0.6380208333333335 0.77197265625 0.6380208333333335 0.77197265625 0.6595052083333335 0.935546875 0.6595052083333335
0 0.75830078125 0.5839843750000001 0.58935546875 0.5839843750000001 0.58935546875 0.6067708333333335 0.75830078125 0.6067708333333335
0 0.20117187500000006 0.31640625 0.012695312500000028 0.31640625 0.01269531250000003 0.3411458333333333 0.20117187500000006 0.3411458333333333
0 0.75634765625 0.5325520833333335 0.5888671875 0.5325520833333335 0.5888671875 0.5559895833333335 0.75634765625 0.5559895833333335
0 0.3950195312500001 0.658203125 0.22119140625000006 0.658203125 0.22119140625000006 0.6809895833333334 0.3950195312500001 0.6809895833333334
0 0.57763671875 0.4817708333333334 0.41064453125 0.4817708333333333 0.41064453125 0.5058593750000001 0.57763671875 0.5058593750000001
0 0.39306640625 0.5546875 0.22167968750000006 0.5546875 0.22167968750000006 0.578125 0.39306640625 0.578125
0 0.19677734375000006 0.34375 0.012695312500000031 0.34375 0.012695312500000033 0.3697916666666667 0.19677734375000006 0.3697916666666667
0 0.20361328125000006 0.708984375 0.028808593750000062 0.708984375 0.028808593750000066 0.732421875 0.20361328125000006 0.732421875
0 0.20166015625000006 0.6861979166666666 0.028808593750000062 0.6861979166666666 0.028808593750000062 0.708984375 0.20166015625000006 0.708984375
0 0.3964843750000001 0.6829427083333334 0.21972656250000006 0.6829427083333334 0.21972656250000006 0.7057291666666666 0.3964843750000001 0.7057291666666666
0 0.5791015625 0.29752604166666674 0.4091796875 0.29752604166666674 0.4091796875 0.32291666666666674 0.5791015625 0.32291666666666674
0 0.3950195312500001 0.6321614583333334 0.22167968750000006 0.6321614583333334 0.22167968750000006 0.6549479166666666 0.3950195312500001 0.6549479166666666
0 0.76123046875 0.4817708333333335 0.59033203125 0.4817708333333335 0.59033203125 0.5052083333333335 0.76123046875 0.5052083333333335
0 0.7529296875 0.6595052083333335 0.58984375 0.6595052083333335 0.58984375 0.6822916666666666 0.7529296875 0.6822916666666666
0 0.5732421875 0.681640625 0.4062500000000001 0.681640625 0.4062500000000001 0.7037760416666666 0.5732421875 0.7037760416666666
0 0.39208984375 0.2877604166666667 0.21435546875 0.2877604166666667 0.21435546875000003 0.3131510416666667 0.39208984375 0.31315104166666674
0 0.57763671875 0.42968750000000006 0.40869140625 0.4296875 0.40869140625 0.45377604166666674 0.57763671875 0.4537760416666668
0 0.75244140625 0.6848958333333334 0.58447265625 0.6848958333333334 0.58447265625 0.7076822916666666 0.75244140625 0.7076822916666666
0 0.94384765625 0.4348958333333335 0.77734375 0.4348958333333335 0.77734375 0.45898437500000017 0.94384765625 0.45898437500000017
0 0.20507812500000006 0.6341145833333334 0.027832031250000056 0.6341145833333334 0.02783203125000006 0.658203125 0.20507812500000006 0.658203125
0 0.392578125 0.31575520833333337 0.21630859375000006 0.3157552083333333 0.21630859375000006 0.3411458333333333 0.392578125 0.3411458333333333
0 0.94970703125 0.4075520833333335 0.78125 0.4075520833333335 0.78125 0.4309895833333335 0.94970703125 0.4309895833333335
0 0.57568359375 0.5794270833333334 0.40869140625 0.5794270833333334 0.40869140625 0.6022135416666667 0.57568359375 0.6022135416666669
0 0.3935546875 0.5807291666666666 0.22070312500000006 0.5807291666666666 0.22070312500000006 0.6041666666666666 0.3935546875 0.6041666666666666
0 0.3916015625 0.5286458333333334 0.21972656250000006 0.5286458333333334 0.21972656250000006 0.552734375 0.3916015625 0.552734375
0 0.57275390625 0.7063802083333334 0.4067382812500001 0.7063802083333334 0.4067382812500001 0.728515625 0.57275390625 0.728515625
0 0.75830078125 0.5585937500000001 0.58935546875 0.5585937500000001 0.58935546875 0.5826822916666669 0.75830078125 0.5826822916666669
0 0.19921875000000006 0.5045572916666666 0.02246093750000005 0.5045572916666666 0.02246093750000005 0.5286458333333334 0.19921875000000006 0.5286458333333334
0 0.57763671875 0.32421875000000006 0.41015625 0.32421875000000006 0.41015625 0.34960937500000006 0.57763671875 0.34960937500000017
0 0.5771484375 0.4563802083333334 0.40771484375 0.4563802083333333 0.40771484375 0.4798177083333334 0.5771484375 0.4798177083333335
0 0.20410156250000006 0.5833333333333334 0.024902343750000056 0.5833333333333334 0.024902343750000056 0.607421875 0.20410156250000006 0.607421875
0 0.9521484375 0.3548177083333335 0.7841796875 0.3548177083333335 0.7841796875 0.38085937500000017 0.9521484375 0.38085937500000017
0 0.58056640625 0.37760416666666674 0.412109375 0.3776041666666667 0.412109375 0.40234375000000006 0.58056640625 0.40234375000000017
0 0.19726562500000006 0.4264322916666667 0.02050781250000004 0.4264322916666667 0.02050781250000004 0.4498697916666667 0.19726562500000006 0.4498697916666667
0 0.94140625 0.5110677083333335 0.77294921875 0.5110677083333335 0.77294921875 0.5345052083333335 0.94140625 0.5345052083333335
0 0.57421875 0.7311197916666666 0.4062500000000001 0.7311197916666666 0.4062500000000001 0.755859375 0.57421875 0.755859375
0 0.20068359375000006 0.66015625 0.027343750000000062 0.66015625 0.027343750000000062 0.6822916666666666 0.20068359375000006 0.6822916666666666
0 0.3935546875 0.3697916666666667 0.21191406250000006 0.3697916666666667 0.21191406250000006 0.3958333333333333 0.3935546875 0.3958333333333333
0 0.93798828125 0.6132812500000001 0.76953125 0.6132812500000001 0.76953125 0.6360677083333335 0.93798828125 0.6360677083333335
0 0.75146484375 0.7096354166666666 0.5869140625 0.7096354166666666 0.5869140625 0.7298177083333334 0.75146484375 0.7298177083333334
0 0.7490234375 0.732421875 0.58349609375 0.732421875 0.58349609375 0.7584635416666666 0.7490234375 0.7584635416666666
0 0.20556640625000006 0.7369791666666666 0.03076171875000007 0.7369791666666666 0.03076171875000007 0.7591145833333334 0.20556640625000006 0.7591145833333334
0 0.3945312500000001 0.7337239583333334 0.22314453125000006 0.7337239583333334 0.22314453125000006 0.759765625 0.3945312500000001 0.759765625
0 0.763671875 0.4576822916666668 0.59228515625 0.4576822916666668 0.59228515625 0.4817708333333335 0.763671875 0.4817708333333335
0 0.93017578125 0.7363281250000001 0.765625 0.736328125 0.765625 0.7623697916666669 0.93017578125 0.762369791666667