0 0.763671875 0.4228515625000001 0.658203125 0.4228515625000001 0.658203125 0.4331054687500001 0.763671875 0.4331054687500001
0 0.6158854166666669 0.50146484375 0.5123697916666669 0.50146484375 0.5123697916666669 0.51123046875 0.6158854166666669 0.51123046875
0 0.3313802083333334 0.44677734375 0.2180989583333334 0.44677734375 0.2180989583333334 0.4560546875 0.3313802083333334 0.4560546875
0 0.6171875000000001 0.6015625 0.5143229166666669 0.6015625 0.5143229166666669 0.6103515625 0.6171875000000001 0.6103515625
0 0.33268229166666674 0.46923828125 0.21875000000000008 0.46923828125 0.21875000000000008 0.47900390625 0.33268229166666674 0.47900390625
0 0.6158854166666669 0.53564453125 0.5117187500000001 0.53564453125 0.5117187500000001 0.544921875 0.6158854166666669 0.544921875
0 0.3313802083333334 0.59423828125 0.22070312500000008 0.59423828125 0.22070312500000008 0.60400390625 0.3313802083333334 0.60400390625
0 0.62109375 0.34179687500000006 0.5104166666666666 0.341796875 0.5104166666666666 0.35156250000000006 0.62109375 0.3515625000000001
0 0.6197916666666666 0.37695312500000006 0.5123697916666666 0.376953125 0.5123697916666666 0.38671875000000006 0.6197916666666666 0.3867187500000001
0 0.7643229166666666 0.4003906250000001 0.658203125 0.4003906250000001 0.658203125 0.4096679687500001 0.7643229166666666 0.4096679687500001
0 0.4759114583333335 0.548828125 0.3658854166666668 0.548828125 0.3658854166666668 0.55859375 0.4759114583333335 0.55859375
0 0.7565104166666666 0.57958984375 0.6523437500000001 0.57958984375 0.6523437500000001 0.58837890625 0.7565104166666666 0.58837890625
0 0.6152343750000001 0.6123046875 0.5130208333333335 0.6123046875 0.5130208333333335 0.6220703125 0.6152343750000001 0.6220703125
0 0.3313802083333334 0.49267578125 0.2180989583333334 0.49267578125 0.2180989583333334 0.501953125 0.3313802083333334 0.501953125
0 0.6178385416666669 0.5244140625 0.5149739583333335 0.5244140625 0.5149739583333335 0.53369140625 0.6178385416666669 0.53369140625
0 0.7630208333333334 0.4453125000000001 0.658203125 0.4453125000000001 0.6582031250000001 0.4550781250000001 0.7630208333333334 0.4550781250000001
0 0.4752604166666668 0.5947265625 0.3665364583333335 0.5947265625 0.3665364583333335 0.6044921875 0.4752604166666668 0.6044921875
0 0.47460937500000017 0.61767578125 0.3665364583333335 0.61767578125 0.3665364583333335 0.626953125 0.47460937500000017 0.626953125
0 0.6184895833333334 0.44628906250000006 0.51171875 0.4462890625 0.5117187500000001 0.45605468750000006 0.6184895833333335 0.4560546875000001
0 0.3313802083333334 0.548828125 0.22070312500000008 0.548828125 0.22070312500000008 0.55859375 0.3313802083333334 0.55859375
0 0.6152343750000001 0.59033203125 0.5136718750000001 0.59033203125 0.5136718750000001 0.599609375 0.6152343750000001 0.599609375
0 0.3313802083333334 0.57177734375 0.22135416666666674 0.57177734375 0.22135416666666674 0.5810546875 0.3313802083333334 0.5810546875
0 0.759765625 0.501953125 0.6549479166666669 0.501953125 0.6549479166666669 0.51123046875 0.759765625 0.51123046875
0 0.6204427083333334 0.35400390625000006 0.5104166666666666 0.35400390625 0.5104166666666666 0.36376953125000006 0.6204427083333334 0.3637695312500001
0 0.759765625 0.53466796875 0.6542968750000001 0.53466796875 0.6542968750000001 0.54443359375 0.759765625 0.54443359375
0 0.765625 0.3769531250000001 0.658203125 0.3769531250000001 0.658203125 0.3867187500000001 0.765625 0.3867187500000001
0 0.4759114583333335 0.572265625 0.3658854166666668 0.572265625 0.3658854166666668 0.58154296875 0.4759114583333335 0.58154296875
0 0.6178385416666669 0.45751953125000006 0.5143229166666669 0.45751953125 0.5143229166666669 0.46728515625000006 0.6178385416666669 0.4672851562500001
0 0.6217447916666666 0.38964843750000006 0.5143229166666666 0.3896484375 0.5143229166666666 0.39941406250000006 0.6217447916666666 0.3994140625000001
0 0.76171875 0.5244140625 0.6549479166666669 0.5244140625 0.6549479166666669 0.53369140625 0.76171875 0.53369140625
0 0.6158854166666669 0.57958984375 0.5117187500000001 0.57958984375 0.5117187500000001 0.58837890625 0.6158854166666669 0.58837890625
0 0.3313802083333334 0.61767578125 0.2220052083333334 0.61767578125 0.2220052083333334 0.626953125 0.3313802083333334 0.626953125
0 0.6178385416666669 0.54638671875 0.5143229166666669 0.54638671875 0.5143229166666669 0.5556640625 0.6178385416666669 0.5556640625
0 0.619140625 0.40039062500000006 0.51171875 0.400390625 0.51171875 0.41015625000000006 0.619140625 0.4101562500000001
0 0.4772135416666668 0.62890625 0.3684895833333335 0.62890625 0.3684895833333335 0.6396484375 0.4772135416666668 0.6396484375
0 0.33268229166666674 0.60546875 0.2220052083333334 0.60546875 0.2220052083333334 0.615234375 0.33268229166666674 0.615234375
0 0.6171875000000001 0.47998046875000006 0.5136718750000001 0.47998046875 0.5136718750000001 0.48974609375000006 0.6171875000000001 0.4897460937500001
0 0.7682291666666666 0.3666992187500001 0.6608072916666666 0.3666992187500001 0.6608072916666666 0.3764648437500001 0.7682291666666666 0.3764648437500001
0 0.7649739583333334 0.3896484375000001 0.658203125 0.3896484375000001 0.658203125 0.3989257812500001 0.7649739583333334 0.3989257812500001
0 0.6197916666666666 0.42431640625000006 0.51171875 0.42431640625 0.51171875 0.43359375000000006 0.6197916666666666 0.4335937500000001
0 0.7578125 0.59033203125 0.6542968750000001 0.59033203125 0.6542968750000001 0.599609375 0.7578125 0.599609375
0 0.6171875000000001 0.46875000000000006 0.5130208333333335 0.46875 0.5130208333333335 0.47851562500000006 0.6171875000000001 0.4785156250000001
0 0.3333333333333335 0.45703125 0.21940104166666674 0.45703125 0.21940104166666674 0.46728515625 0.3333333333333335 0.46728515625
0 0.47460937500000017 0.52587890625 0.3639322916666668 0.52587890625 0.3639322916666668 0.53515625 0.47460937500000017 0.53515625
0 0.7604166666666666 0.4794921875000001 0.6562500000000001 0.4794921875000001 0.6562500000000001 0.4892578125000001 0.7604166666666666 0.4892578125000001
0 0.7545572916666666 0.61279296875 0.6516927083333335 0.61279296875 0.6516927083333335 0.6220703125 0.7545572916666666 0.6220703125
0 0.47656250000000017 0.5830078125 0.36718750000000017 0.5830078125 0.36718750000000017 0.5927734375 0.47656250000000017 0.5927734375
0 0.33203125000000006 0.58154296875 0.22070312500000008 0.58154296875 0.22070312500000008 0.59228515625 0.33203125000000006 0.59228515625
0 0.6171875000000001 0.5693359375 0.5143229166666669 0.5693359375 0.5143229166666669 0.578125 0.6171875000000001 0.578125
0 0.7545572916666666 0.60107421875 0.6536458333333335 0.60107421875 0.6536458333333335 0.60986328125 0.7545572916666666 0.60986328125
0 0.759765625 0.5126953125 0.6549479166666669 0.5126953125 0.6549479166666669 0.5224609375 0.759765625 0.5224609375
0 0.47460937500000017 0.6064453125 0.3665364583333335 0.6064453125 0.3665364583333335 0.61572265625 0.47460937500000017 0.61572265625
0 0.7623697916666666 0.4570312500000001 0.6575520833333335 0.4570312500000001 0.6575520833333335 0.4667968750000001 0.7623697916666666 0.4667968750000001
0 0.4759114583333335 0.50244140625 0.3665364583333335 0.50244140625 0.3665364583333335 0.51171875 0.4759114583333335 0.51171875
0 0.3313802083333334 0.43505859375 0.22135416666666674 0.43505859375 0.22135416666666674 0.44482421875 0.3313802083333334 0.44482421875
0 0.6197916666666666 0.36572265625000006 0.51171875 0.36572265625 0.51171875 0.37548828125000006 0.6197916666666666 0.3754882812500001
0 0.6197916666666666 0.43457031250000006 0.5123697916666666 0.4345703125 0.5123697916666666 0.44433593750000006 0.6197916666666666 0.4443359375000001
0 0.6158854166666669 0.62451171875 0.5123697916666669 0.62451171875 0.5123697916666669 0.63427734375 0.6158854166666669 0.63427734375
0 0.7610677083333334 0.4912109375000001 0.6569010416666669 0.4912109375000001 0.6569010416666669 0.5 0.7610677083333334 0.5
0 0.7649739583333334 0.4111328125000001 0.658203125 0.4111328125000001 0.658203125 0.4208984375000001 0.7649739583333334 0.4208984375000001
0 0.3313802083333334 0.51513671875 0.2200520833333334 0.51513671875 0.2200520833333334 0.52490234375 0.3313802083333334 0.52490234375
0 0.3313802083333334 0.48095703125 0.21940104166666674 0.48095703125 0.21940104166666674 0.4912109375 0.3313802083333334 0.4912109375
0 0.3333333333333335 0.6279296875 0.22135416666666674 0.6279296875 0.22135416666666674 0.638671875 0.3333333333333335 0.638671875
0 0.6204427083333334 0.41259765625000006 0.5130208333333334 0.41259765625 0.5130208333333334 0.42236328125000006 0.6204427083333334 0.4223632812500001
0 0.4752604166666668 0.537109375 0.36523437500000017 0.537109375 0.36523437500000017 0.54736328125 0.4752604166666668 0.54736328125
0 0.3313802083333334 0.50341796875 0.21940104166666674 0.50341796875 0.21940104166666674 0.51318359375 0.3313802083333334 0.51318359375
0 0.33203125000000006 0.52685546875 0.2200520833333334 0.52685546875 0.2200520833333334 0.537109375 0.33203125000000006 0.537109375
0 0.7630208333333334 0.4345703125000001 0.6575520833333334 0.4345703125000001 0.6575520833333334 0.4443359375000001 0.7630208333333334 0.4443359375000001
0 0.4772135416666668 0.48974609375 0.3658854166666668 0.48974609375 0.3658854166666668 0.501953125 0.4772135416666668 0.501953125
0 0.759765625 0.546875 0.6549479166666669 0.546875 0.6549479166666669 0.55615234375 0.759765625 0.55615234375
0 0.7610677083333334 0.4687500000000001 0.6562500000000001 0.4687500000000001 0.6562500000000001 0.4780273437500001 0.7610677083333334 0.4780273437500001
0 0.7571614583333334 0.55810546875 0.6523437500000001 0.55810546875 0.6523437500000001 0.5673828125 0.7571614583333334 0.5673828125
0 0.6158854166666669 0.55810546875 0.5123697916666669 0.55810546875 0.5123697916666669 0.5673828125 0.6158854166666669 0.5673828125
0 0.4772135416666668 0.560546875 0.36718750000000017 0.560546875 0.36718750000000017 0.5703125 0.4772135416666668 0.5703125
0 0.6158854166666669 0.49169921875000006 0.5143229166666669 0.49169921875 0.5143229166666669 0.5009765625 0.6158854166666669 0.5009765625
0 0.33072916666666674 0.56103515625 0.22135416666666674 0.56103515625 0.22135416666666674 0.5703125 0.33072916666666674 0.5703125
0 0.33203125000000006 0.4248046875 0.21484375000000008 0.4248046875 0.21484375000000008 0.43505859375 0.33203125000000006 0.43505859375
0 0.6184895833333335 0.513671875 0.5149739583333335 0.513671875 0.5149739583333335 0.52294921875 0.6184895833333335 0.52294921875
0 0.7565104166666666 0.56884765625 0.6529947916666669 0.56884765625 0.6529947916666669 0.57763671875 0.7565104166666666 0.57763671875
0 0.7552083333333334 0.62451171875 0.6529947916666669 0.62451171875 0.6529947916666669 0.6337890625 0.7552083333333334 0.6337890625
0 0.4752604166666668 0.5146484375 0.36523437500000017 0.5146484375 0.36523437500000017 0.52392578125 0.4752604166666668 0.52392578125
0 0.33203125000000006 0.53759765625 0.22070312500000008 0.53759765625 0.22070312500000008 0.54736328125 0.33203125000000006 0.54736328125
0 0.76953125 0.3544921875000001 0.6608072916666666 0.3544921875000001 0.6608072916666666 0.3642578125000001 0.76953125 0.3642578125000001