0 0.90426009375 0.055126370117187545 0.22920691579861108 0.002268554687500016 0.21701601589146227 0.05153027737593048 0.8920691938428512 0.104388092805618
0 0.8902318428819443 0.10518401806640626 0.22879448177083336 0.05639913085937503 0.2185160725836069 0.10049261061957848 0.879953433694718 0.1492774978266097
0 0.8691103975694445 0.15322380029296878 0.21713414843749998 0.10414338281250002 0.20678361567458023 0.14764759263238272 0.8587598648065247 0.1967280101128515
0 0.8641775095486111 0.19958574316406255 0.21161017361111115 0.15230402246093752 0.2022321288969722 0.193257370379779 0.8547994648344721 0.24053909108290403
0 0.8506933237847222 0.2417382739257813 0.20723244704861118 0.19569167333984375 0.19795434553926367 0.23671479886905403 0.8414152222753747 0.28276139945499157
0 0.8294250399305557 0.2855682778320313 0.20011619577517972 0.24141528388759526 0.1920713445003807 0.2776952398141879 0.8213801886557567 0.321848233758624
0 0.8191955078125 0.32529855859375 0.19675748003472224 0.2780611396484375 0.1879300445598085 0.3148646770746759 0.8103680723375862 0.36210209601998844
0 0.8014725486111112 0.3651491528320313 0.18861823437500014 0.3192151240234375 0.1798966618251829 0.3560333247091484 0.792750976061294 0.4019673535177422
0 0.7873446753472223 0.4057493310546875 0.1875648038493739 0.3632274807218296 0.18047355083910094 0.3948755898027431 0.7802534223369494 0.43739744013560106
0 0.7769683046874999 0.4412698349609374 0.18615327343750004 0.3963071430664062 0.1781447953393248 0.4296033128424839 0.7689598265893247 0.47456600473701516
0 0.7609448663194446 0.47702559082031254 0.17858761371527787 0.43277888183593755 0.17087615291225122 0.4648925727837363 0.753233405516418 0.5091392817681113
0 0.7560953559027779 0.5129537797851562 0.17420743923611118 0.4681898715820312 0.16652309306344168 0.4997954190211473 0.7484110097301084 0.5445593272242722
0 0.7381343368055557 0.5490824946289062 0.17149839409722237 0.5066436210937499 0.16488292952592518 0.5345912953580811 0.7315188722342585 0.5770301688932373
0 0.6065196805555558 0.9633422099609374 0.11497167100694461 0.9288088544921875 0.1101103612520711 0.9507028745104684 0.6016583708006823 0.9852362299792183
0 0.614820033854167 0.9339302548828126 0.12187928732638914 0.8998528193359375 0.11633183909575326 0.9252430195208499 0.609272585623531 0.9593204550677248
0 0.6274449861111113 0.9063636860351563 0.12326892621527794 0.8684534985351563 0.11648831249900321 0.8969860326329036 0.6206643723948367 0.9348962201329035
0 0.6358921284722224 0.8811617670898437 0.12749640017361127 0.8418489848632813 0.12087547552776405 0.8689404074625372 0.6292712038263752 0.9082531896890996
0 0.6369549947916668 0.8554988549804686 0.13253946267361127 0.8148758735351561 0.1255285053001478 0.8424206363318651 0.6299440374182034 0.8830436177771777
0 0.6478186371527781 0.8273599619140626 0.13797049045138904 0.7858277084960938 0.1301042834236548 0.816381546770194 0.6399524301250438 0.8579138001881628
0 0.65149445762548 0.7981864318164147 0.1363351753472224 0.7560655375976563 0.1287611059951265 0.7853757035813976 0.6439203882733842 0.827496597800156
0 0.6640186982723649 0.7690891028248147 0.14180113107638906 0.7293916606445312 0.13472169495680217 0.7588584401439353 0.656939262152778 0.7985558823242188
0 0.6726056111111113 0.7397367812500001 0.14703674739583347 0.6973925483398439 0.13952698383266304 0.7268847147740561 0.6650958475479408 0.7692289476842123
0 0.6833344895833335 0.70732601953125 0.14908733767361126 0.6664542138671875 0.1414482275362485 0.69804833042335 0.6756953794459708 0.7389201360874125
0 0.6934144390288627 0.6759301059845871 0.1510603532986113 0.6359307871093749 0.1439439741655822 0.6664613246794753 0.6862980598958336 0.7064606435546875
0 0.7079996831597222 0.6453299409179687 0.15676145920138898 0.6014419721679687 0.14857264375312781 0.6339851516061856 0.6998108677114611 0.6778731203561856
0 0.7209625711805557 0.6109582602539063 0.16032599479166681 0.5663998393554689 0.1514738297855114 0.6016406744132469 0.7121104061744004 0.6461990953116843
0 0.7274112170138889 0.5814624545898438 0.1696809861111112 0.5363372626953125 0.16193842461926022 0.5666157964440989 0.7196686555220378 0.6117409883386302