0 0.5464762152777778 0.8093094013671877 0.5399224726144427 0.7817765699120669 0.13165788580888713 0.8125251646386293 0.13821162847222224 0.8400579960937501
0 0.5408403898498553 0.7830421104716251 0.535021994295402 0.7566882898525285 0.13190638309137992 0.7848483986191847 0.1377247786458333 0.8112022192382813
0 0.5358013229166666 0.7567953422851562 0.5308242813259035 0.7330622190478366 0.1289040834092369 0.7597308831103367 0.133881125 0.7834640063476562
0 1.0056646833447294 0.7869292624457115 0.9999881197525495 0.7604874686699544 0.6155744659217091 0.7865993673570555 0.6212510295138889 0.8130411611328126
0 1.0052302625415903 0.7589846473923496 0.9998384838061725 0.7325156656396122 0.6077503887993044 0.7577867301613251 0.6131421675347223 0.7842557119140625
0 1.0050013472775576 0.7318907419076272 0.9999910420268611 0.7061278655506797 0.6041529204437481 0.7304853541118027 0.6091632256944446 0.7562482304687501
0 0.8599668038194443 0.21825519580078132 0.856573754560145 0.19702274989393684 0.49873115039347826 0.21511644374159303 0.5021241996527777 0.2363488896484375
0 0.43680930381944444 0.24683733496093752 0.4343237438477652 0.2268887076570653 0.07627298777137627 0.241004357559409 0.07875854774305556 0.2609529848632812
0 0.528496243923611 0.7324884985351563 0.5230000036459476 0.705487151751359 0.12446942899316982 0.7311548534115152 0.12996566927083336 0.7581562001953125
0 0.5224583513700944 0.7054659163538624 0.517121131587099 0.6801485514095396 0.12138365868922686 0.7065452014619272 0.12672087847222224 0.73186256640625
0 0.9879784982638886 0.6523278486328125 0.9831926747279511 0.6290335381713649 0.5800861287210066 0.6552377876830837 0.5848719522569443 0.6785320981445313
0 0.9781976310763889 0.6295385083007814 0.9733598798884684 0.6027348763882844 0.574091816698584 0.6255361711871299 0.5789295678865047 0.6523398030996269
0 0.5193058697916667 0.6810288637695312 0.5144997543706107 0.6561858376332984 0.11872017364144412 0.680412196031736 0.12352628906250003 0.7052552221679688
0 0.9693107109375 0.6041004296875001 0.964745874249195 0.5802580683809165 0.5654731331596332 0.6044455523609893 0.5700379698479383 0.6282879136675729
0 0.5160430389159478 0.6553384265278376 0.5108349018138536 0.6300845056652258 0.11611458512012811 0.6558410815787945 0.12132272222222223 0.6810950024414063
0 0.9604850390625003 0.5790343906250001 0.9561617518161911 0.5559418627388502 0.5618110903578576 0.5793017230904127 0.5661343776041667 0.6023942509765626
0 0.9525066154513888 0.5550528457031251 0.9481290348171836 0.5312388150507392 0.556238895887936 0.5540322949980723 0.5606164765221412 0.5778463256504581
0 0.5088698958333333 0.6299551357421875 0.5038157027440656 0.6042236771639311 0.11198484163295465 0.6285754798983061 0.11703903472222223 0.6543069384765625
0 0.9457234991319444 0.5302393212890625 0.9413330711217558 0.5078473699693096 0.5527413063648113 0.531954947117747 0.557131734375 0.5543468984375
0 0.5041223440257379 0.6050502196064006 0.4994440509389048 0.5813047404385753 0.10796959288194444 0.6057084008789062 0.11264788596877752 0.6294538800467315
0 0.4973487005208334 0.5813996372070313 0.49247562876571227 0.5563021936836249 0.10255773032821223 0.5802569383125311 0.10743080208333335 0.6053543818359375
0 0.4929650256426754 0.556927159686643 0.4889579285013031 0.5342802176922662 0.10337889765029432 0.5558665453103108 0.10738599479166666 0.5785134873046875
0 0.4857087423901844 0.5339492410671958 0.48201147763631547 0.5116602081592818 0.09767857899613118 0.5318318821311486 0.10137584375000003 0.5541209150390626
0 0.48032700000000006 0.5106890947265627 0.47610599174414947 0.486540244859515 0.09410964712609388 0.5076665724962338 0.09833065538194447 0.5318154223632815
0 0.47925587356640775 0.48613206982161433 0.47517884661537646 0.46356112749219347 0.09410809978507982 0.4853404595260479 0.0981851267361111 0.5079114018554687
0 0.9328052454611792 0.48322673499612134 0.9282071575978181 0.4608416875029657 0.540805130886639 0.48601997496778204 0.5454032187500001 0.5084050224609377
0 0.4751776859783067 0.46429444575425677 0.4715455147569445 0.44162908789062505 0.09534633832724887 0.4607041792457433 0.0989785095486111 0.483369537109375
0 0.4716634573993004 0.44124596300447105 0.4674119344748278 0.41687450412110866 0.0924365798611111 0.4375716650390625 0.09668810278558364 0.46194312392242487
0 0.9380316519163046 0.5079461327431725 0.9332791132717904 0.48360983529843904 0.548538828125 0.5073828286132811 0.5532913667695142 0.5317191260580145
0 0.9259373229166665 0.4591938520507812 0.9216817795592738 0.4376167359159724 0.5405215720939962 0.4614023423612849 0.544777115451389 0.48297945849609375
0 0.9177914748263889 0.43822334423828135 0.9130037745899143 0.4134550810717317 0.5376083967013889 0.4364147368164063 0.5423960969378635 0.461182999982956
0 0.9110083151041667 0.41340956005859375 0.907117595978091 0.3929558481966765 0.5283530925058689 0.41575255278652024 0.5322438116319445 0.4362062646484375
0 0.9055184691909862 0.39305315066011054 0.9009558472222222 0.36888668701171873 0.5255760316770695 0.39131090744535824 0.5301386536458333 0.41547737109375005
0 0.9015592821180556 0.3685041518554688 0.8968853174668777 0.3443932983960599 0.5246155249321554 0.36722696685309114 0.5292894895833332 0.39133782031250003
0 0.8956846631944442 0.3451471611328126 0.8916200499010449 0.3234854523638922 0.5207088428819444 0.34550668017578123 0.5247734561753437 0.3671683889447016
0 0.8902418923611111 0.32439638378906255 0.8863153665787535 0.3027189061631023 0.5144600080718091 0.32403064102638357 0.5183865338541667 0.3457081186523438
0 0.8812492578125001 0.30234135839843757 0.8774950019126773 0.2816466528418336 0.5072132760416667 0.3029007153320312 0.5109675319414895 0.3235954208886352
0 0.8732849652777778 0.28246536669921873 0.8694341723570345 0.2608685111269289 0.5034695221834232 0.2815148871034914 0.5073203151041665 0.3031117426757812
0 0.8658005616319443 0.2614620288085937 0.8618874503821454 0.23971351812786176 0.503992603298611 0.2600883095703124 0.5079057145484099 0.2818368202510444
0 0.862374232802426 0.23909719083629816 0.8584553324652778 0.21718117480468752 0.49625318733646306 0.23767385115588938 0.5001720876736112 0.25958986718750005
0 0.4701586932658024 0.41827456838197086 0.46707311739275287 0.39762575162694497 0.0893859189186171 0.4154831578543491 0.09247149479166666 0.436131974609375
0 0.4675566883680556 0.3966821152343751 0.4640138812610235 0.3729721404277987 0.08795235001102353 0.3907516746074861 0.09149515711805556 0.4144616494140625
0 0.4631849788224868 0.3744275345085724 0.45997817708333333 0.3509949140625 0.08629555937195763 0.3671756847297088 0.08950236111111111 0.3906083051757812
0 0.4613979861111111 0.35166203906250004 0.4582971582614673 0.3301918965238675 0.08508686833091168 0.34724649076214875 0.08818769618055557 0.3687166333007813
0 0.4547634487847223 0.33139756640625007 0.4513690749155429 0.30784203911217695 0.08508920312500001 0.3245423652343751 0.08848357699417943 0.3480978925284482
0 0.4476825234580648 0.30849926641974806 0.4447380069641152 0.2865185216653252 0.08206880208333334 0.30189041357421875 0.08501331857728296 0.3238711583286416
0 0.43752102500836654 0.2666911889863496 0.4347970112847222 0.24654592919921878 0.07466439426246671 0.2619538461699004 0.0773884079861111 0.28209910595703125
0 0.44377795052083335 0.28884795507812505 0.44109586726734945 0.26946727104688234 0.07854966785926695 0.2853421917134646 0.08123175111275088 0.3047228757447073
0 0.5572585659722222 0.8389570844726565 0.5508326297803667 0.8096822685542404 0.1319984934956445 0.8387713066401777 0.13842442968750002 0.8680461225585938
0 1.0057927442726173 0.8181344776894903 1 0.7890982773437499 0.6204764319426604 0.8130550535605094 0.6262691762152778 0.8420912539062498
0 0.4296928277992853 0.22508311404177744 0.4270173146285662 0.20337928206688502 0.07551765870428086 0.21708938238057632 0.07819317187500002 0.23879321435546874
0 0.8518790069444443 0.19763465283203124 0.8482675080416677 0.17491529954623708 0.4938368023125012 0.19274187474154955 0.4974483012152777 0.21546122802734372
0 0.9933260277777778 0.6805451811523437 0.9880422271515139 0.6528195016892874 0.5872647453806805 0.6769859367478811 0.5925485460069444 0.7047116162109375
0 1.001954670686449 0.7053116529709846 0.9975570301139067 0.6818339656451302 0.593432996640714 0.7057849931148628 0.5978306372132565 0.7292626804407172