0 0.737807748580575 0.0921582477762384 0.7268185026041666 0.048250201171875014 0.05381679603375614 0.10154502083869082 0.06480604201016452 0.14545306744305422
0 0.7354630310817192 0.1372709666350187 0.7251627387152778 0.09495086669921875 0.08013041597428844 0.1446248971031925 0.0904307083407298 0.18694499703899248
0 0.7394462051060564 0.18389920591424808 0.7298997821180557 0.141682646484375 0.0933488628257487 0.18722715715868768 0.10289528581374946 0.22944371658856078
0 0.7458453686337769 0.2254052265431642 0.7371772604166665 0.18632650048828125 0.10466661261585147 0.23071769398662265 0.11333472083296176 0.2697964200415056
0 0.7541041563294735 0.2692720126537914 0.7454970651041667 0.2288870498046875 0.1164257981553664 0.271308120029239 0.12503288938067325 0.3116930828783429
0 0.8427962854917079 0.9527611646289039 0.8400974031399632 0.9253091352443368 0.3175896701388889 0.9415626494140624 0.3202885524906336 0.9690146787986296
0 0.8467799777645704 0.9190260861177998 0.844485583776097 0.898243004272267 0.31347854687500004 0.9167912729492188 0.31577294086347346 0.9375743547947516
0 0.8378185362556629 0.8904837556234716 0.8354219305555555 0.8679994682617187 0.30639591234393804 0.8858413043839235 0.3087925180440454 0.9083255917456764
0 0.8356587057178227 0.864024800078984 0.8325933133680556 0.8363648525390625 0.28723070361105496 0.8554882534534467 0.2902960959608221 0.8831482009933682
0 0.8276848306459033 0.8324982256101128 0.8244807908678724 0.8061602827814691 0.28243098350694446 0.8270244135742186 0.2856350232849753 0.8533623564028623
0 0.8269484579305335 0.8037116568425944 0.8239564618055557 0.7753723847656251 0.2750694088951202 0.7937082064307243 0.278061405020098 0.8220474785076936
0 0.8241368378051224 0.7697519558228231 0.8200557490585214 0.7410906698179837 0.2662542100694445 0.7660411884765627 0.2703352988160455 0.7947024744814021
0 0.8159294988079259 0.7373472042518303 0.812700837673611 0.7116392011718748 0.2568938177181899 0.7337255132193627 0.2601224788525049 0.7594335162993182
0 0.8169602326975409 0.7054051085054434 0.8126790453847822 0.6767432262043264 0.2477898168402778 0.70344055859375 0.25207100415303646 0.732102440894867
0 0.8089471314828062 0.6711596211069308 0.8045602566862694 0.6430555925113944 0.23136357899305557 0.6713652998046876 0.23575045378959228 0.699469328400224
0 0.8084909925847288 0.6400282812224434 0.8038196901041665 0.6094916298828125 0.23475944549267963 0.6370351776649634 0.23943074797324185 0.6675718290045943
0 0.8025270361085328 0.6040000554185648 0.7979928368055555 0.5743822153320313 0.2239537209562165 0.602187910820937 0.22848792025919376 0.6318057509074706
0 0.7996816107425584 0.5717736775410763 0.7947907196180555 0.5404970927734375 0.20440233033207733 0.5697084363147918 0.20929322145658016 0.6009850210824307
0 0.7956011225887222 0.5350593509160251 0.7901702245449173 0.5029554422926505 0.19657475000000002 0.5347277949218749 0.2020056480438049 0.5668317035452494
0 0.7844906263373272 0.5010838067151477 0.7788844930555555 0.4673043256835937 0.19051261402952363 0.49820069208286205 0.1961187473112953 0.531980173114416
0 0.7863320017237019 0.4652095515048167 0.7804150217013889 0.4295570791015625 0.176310067355794 0.46127961529708955 0.18222704737810702 0.49693208770034375
0 0.7840237546672538 0.42487081999465237 0.7771475431098164 0.3899838641743276 0.17574923350694446 0.42748923046875 0.1826254450643819 0.4623761862890748
0 0.7735719937632896 0.3892743948191572 0.7666524505208332 0.35102835986328124 0.1546592247764519 0.3860617913879934 0.16157876801890828 0.4243078263438694
0 0.7715296738919021 0.3484192723653403 0.7642613053111994 0.31233544299056826 0.13902673263888887 0.3521839780273438 0.14629510121959155 0.38826780740211586
0 0.7666382600840239 0.30760847348936643 0.7587589895930393 0.27081622675401 0.12657577517361107 0.31365309521484375 0.13445504566459576 0.35044534195020016