0 0.5583333333333333 0.3212962962962964 0.4234375 0.3212962962962964 0.4234375 0.3453703703703705 0.5583333333333333 0.3453703703703705
0 0.24635416666666668 0.1305555555555556 0.1078125 0.13055555555555556 0.1078125 0.15555555555555559 0.24635416666666668 0.1555555555555556
0 0.4109375 0.5138888888888888 0.2703125 0.5138888888888888 0.2703125 0.5388888888888889 0.4109375 0.5388888888888889
0 0.4088541666666667 0.1972222222222223 0.26510416666666664 0.19722222222222227 0.26510416666666664 0.22407407407407415 0.4088541666666667 0.22407407407407418
0 0.4109375 0.5444444444444444 0.26979166666666665 0.5444444444444444 0.26979166666666665 0.5675925925925925 0.4109375 0.5675925925925925
0 0.2526041666666667 0.37129629629629635 0.11406250000000002 0.3712962962962963 0.11406250000000002 0.39629629629629637 0.2526041666666667 0.3962962962962964
0 0.4078125 0.16574074074074083 0.2677083333333333 0.1657407407407408 0.2677083333333333 0.19259259259259268 0.4078125 0.1925925925925927
0 0.2484375 0.30740740740740746 0.10677083333333336 0.3074074074074074 0.10677083333333336 0.33518518518518525 0.2484375 0.3351851851851853
0 0.7088541666666667 0.603703703703704 0.5708333333333333 0.603703703703704 0.5708333333333333 0.6268518518518521 0.7088541666666667 0.6268518518518521
0 0.8723958333333334 0.2324074074074076 0.7322916666666667 0.23240740740740756 0.7322916666666667 0.25740740740740764 0.8723958333333334 0.25740740740740764
0 0.8536458333333333 0.7166666666666669 0.7203125 0.7166666666666669 0.7203125 0.7388888888888892 0.8536458333333333 0.7388888888888892
0 0.4109375 0.5990740740740741 0.271875 0.5990740740740741 0.271875 0.6222222222222222 0.4109375 0.6222222222222222
0 0.2484375 0.24907407407407411 0.10520833333333336 0.2490740740740741 0.10520833333333336 0.27222222222222225 0.2484375 0.2722222222222223
0 0.7182291666666667 0.23333333333333348 0.5760416666666667 0.23333333333333345 0.5760416666666667 0.2564814814814816 0.7182291666666667 0.2564814814814816
0 0.7125 0.48981481481481504 0.5708333333333333 0.48981481481481504 0.5708333333333333 0.5129629629629632 0.7125 0.5129629629629632
0 0.5572916666666666 0.6805555555555557 0.42291666666666666 0.6805555555555556 0.42291666666666666 0.7027777777777778 0.5572916666666666 0.702777777777778
0 0.4119791666666667 0.6564814814814814 0.2734375 0.6564814814814814 0.2734375 0.6768518518518518 0.4119791666666667 0.6768518518518518
0 0.2484375 0.2768518518518519 0.10781250000000003 0.27685185185185185 0.10781250000000003 0.30370370370370375 0.2484375 0.3037037037037038
0 0.5578125 0.6527777777777779 0.4244791666666667 0.6527777777777778 0.4244791666666667 0.6750000000000002 0.5578125 0.6750000000000002
0 0.7119791666666667 0.40555555555555567 0.571875 0.40555555555555567 0.571875 0.43055555555555564 0.7119791666666667 0.43055555555555564
0 0.7104166666666667 0.5175925925925928 0.5703125 0.5175925925925928 0.5703125 0.5444444444444446 0.7104166666666667 0.5444444444444446
0 0.859375 0.6342592592592595 0.721875 0.6342592592592595 0.721875 0.6555555555555558 0.859375 0.6555555555555558
0 0.7177083333333333 0.20185185185185198 0.5770833333333333 0.20185185185185195 0.5770833333333333 0.22870370370370383 0.7177083333333333 0.22870370370370385
0 0.41041666666666665 0.7888888888888889 0.27708333333333335 0.7888888888888889 0.27708333333333335 0.8111111111111111 0.41041666666666665 0.8111111111111111
0 0.8625 0.49351851851851875 0.725 0.49351851851851875 0.725 0.5166666666666668 0.8625 0.5166666666666668
0 0.2583333333333334 0.6546296296296297 0.12135416666666672 0.6546296296296297 0.12135416666666672 0.6787037037037037 0.2583333333333334 0.6787037037037037
0 0.409375 0.28518518518518526 0.26875 0.28518518518518526 0.26875 0.3111111111111112 0.409375 0.3111111111111112
0 0.4088541666666667 0.45925925925925937 0.26979166666666665 0.45925925925925937 0.26979166666666665 0.48333333333333334 0.4088541666666667 0.48333333333333334
0 0.55625 0.7074074074074075 0.4234375 0.7074074074074074 0.4234375 0.7296296296296297 0.55625 0.7296296296296299
0 0.25 0.21759259259259262 0.10625000000000002 0.2175925925925926 0.10625000000000002 0.2444444444444445 0.25 0.24444444444444455
0 0.5572916666666666 0.5990740740740742 0.4244791666666667 0.5990740740740741 0.4244791666666667 0.6222222222222223 0.5572916666666666 0.6222222222222225
0 0.70625 0.7379629629629632 0.5697916666666667 0.7379629629629632 0.5697916666666667 0.7611111111111113 0.70625 0.7611111111111113
0 0.4083333333333333 0.23055555555555562 0.26614583333333336 0.2305555555555556 0.26614583333333336 0.2527777777777779 0.4083333333333333 0.2527777777777779
0 0.7098958333333333 0.5490740740740743 0.5723958333333333 0.5490740740740743 0.5723958333333333 0.5722222222222224 0.7098958333333333 0.5722222222222224
0 0.8526041666666667 0.8212962962962965 0.715625 0.8212962962962965 0.715625 0.8435185185185188 0.8526041666666667 0.8435185185185188
0 0.7119791666666667 0.3814814814814816 0.571875 0.3814814814814816 0.571875 0.40462962962962973 0.7119791666666667 0.40462962962962973
0 0.24739583333333334 0.1888888888888889 0.10729166666666666 0.18888888888888888 0.10729166666666666 0.21481481481481485 0.24739583333333334 0.21481481481481488
0 0.7192708333333333 0.17222222222222236 0.5770833333333333 0.17222222222222233 0.5770833333333333 0.1990740740740742 0.7192708333333333 0.19907407407407424
0 0.7036458333333333 0.7916666666666669 0.56875 0.7916666666666669 0.56875 0.8166666666666669 0.7036458333333333 0.8166666666666669
0 0.25312500000000004 0.4574074074074075 0.11614583333333336 0.45740740740740743 0.11614583333333336 0.4824074074074074 0.25312500000000004 0.4824074074074074
0 0.8729166666666667 0.20185185185185203 0.7333333333333333 0.201851851851852 0.7333333333333333 0.22870370370370388 0.8729166666666667 0.2287037037037039
0 0.2526041666666667 0.42870370370370375 0.12031250000000003 0.4287037037037037 0.12031250000000003 0.45462962962962966 0.25260416666666674 0.4546296296296297
0 0.8541666666666666 0.7425925925925928 0.7197916666666667 0.7425925925925928 0.7197916666666667 0.7657407407407409 0.8541666666666666 0.7657407407407409
0 0.8645833333333334 0.464814814814815 0.7255208333333333 0.464814814814815 0.7255208333333333 0.48796296296296315 0.8645833333333334 0.48796296296296315
0 0.5578125 0.8185185185185186 0.4234375 0.8185185185185185 0.4234375 0.838888888888889 0.5578125 0.8388888888888891
0 0.703125 0.8194444444444446 0.5677083333333334 0.8194444444444446 0.5677083333333334 0.8425925925925928 0.703125 0.8425925925925928
0 0.7067708333333333 0.6314814814814816 0.5692708333333333 0.6314814814814816 0.5692708333333333 0.6546296296296299 0.7067708333333333 0.6546296296296299
0 0.709375 0.577777777777778 0.5697916666666667 0.577777777777778 0.5697916666666667 0.6000000000000002 0.709375 0.6000000000000002
0 0.4088541666666667 0.37407407407407417 0.2682291666666667 0.37407407407407417 0.2682291666666667 0.4000000000000001 0.4088541666666667 0.4000000000000001
0 0.8671875 0.26111111111111135 0.7307291666666667 0.26111111111111135 0.7307291666666667 0.2879629629629632 0.8671875 0.2879629629629632
0 0.41041666666666665 0.5722222222222222 0.2713541666666667 0.5722222222222222 0.2713541666666667 0.5953703703703703 0.41041666666666665 0.5953703703703703
0 0.7083333333333334 0.6842592592592595 0.5697916666666667 0.6842592592592595 0.5697916666666667 0.7083333333333336 0.7083333333333334 0.7083333333333336
0 0.5567708333333333 0.6277777777777779 0.425 0.6277777777777778 0.425 0.6490740740740741 0.5567708333333333 0.6490740740740742
0 0.8609375 0.40648148148148167 0.7270833333333333 0.40648148148148167 0.7270833333333333 0.43055555555555575 0.8609375 0.43055555555555575
0 0.40989583333333335 0.3435185185185186 0.26875 0.3435185185185186 0.26875 0.3712962962962964 0.40989583333333335 0.3712962962962964
0 0.4088541666666667 0.25555555555555565 0.2677083333333333 0.25555555555555565 0.2677083333333333 0.2842592592592594 0.4088541666666667 0.2842592592592594
0 0.409375 0.13703703703703712 0.26666666666666666 0.1370370370370371 0.26666666666666666 0.16018518518518526 0.409375 0.1601851851851853
0 0.7145833333333333 0.32037037037037047 0.5744791666666667 0.32037037037037047 0.5744791666666667 0.34444444444444455 0.7145833333333333 0.34444444444444455
0 0.4140625 0.7074074074074074 0.27395833333333336 0.7074074074074074 0.27395833333333336 0.7305555555555555 0.4140625 0.7305555555555555
0 0.41302083333333334 0.6814814814814815 0.27291666666666664 0.6814814814814815 0.27291666666666664 0.7037037037037037 0.41302083333333334 0.7037037037037037
0 0.409375 0.8185185185185185 0.2755208333333333 0.8185185185185185 0.2755208333333333 0.8398148148148148 0.409375 0.8398148148148148
0 0.8557291666666667 0.6879629629629632 0.7192708333333333 0.6879629629629632 0.7192708333333333 0.7111111111111114 0.8557291666666667 0.7111111111111114
0 0.24895833333333334 0.33888888888888896 0.11041666666666669 0.3388888888888889 0.11041666666666669 0.3666666666666667 0.24895833333333334 0.36666666666666675
0 0.41041666666666665 0.7351851851851852 0.27395833333333336 0.7351851851851852 0.27395833333333336 0.7583333333333333 0.41041666666666665 0.7583333333333333
0 0.7109375 0.4629629629629631 0.571875 0.4629629629629631 0.571875 0.4861111111111113 0.7109375 0.4861111111111113
0 0.4083333333333333 0.3157407407407408 0.2682291666666667 0.3157407407407408 0.2682291666666667 0.34259259259259267 0.4083333333333333 0.34259259259259267
0 0.8578125 0.5787037037037039 0.7229166666666667 0.5787037037037039 0.7229166666666667 0.6018518518518521 0.8578125 0.6018518518518521
0 0.2583333333333334 0.7935185185185185 0.1255208333333334 0.7935185185185185 0.1255208333333334 0.8148148148148148 0.2583333333333334 0.8148148148148148
0 0.55625 0.7611111111111112 0.4244791666666667 0.7611111111111111 0.4244791666666667 0.7842592592592593 0.55625 0.7842592592592594
0 0.26041666666666674 0.7379629629629629 0.12031250000000006 0.7379629629629629 0.12031250000000006 0.7592592592592593 0.26041666666666674 0.7592592592592593
0 0.7046875 0.7657407407407409 0.5697916666666667 0.7657407407407409 0.5697916666666667 0.7898148148148151 0.7046875 0.7898148148148151
0 0.875 0.17314814814814833 0.734375 0.1731481481481483 0.734375 0.19814814814814832 0.875 0.19814814814814835
0 0.5604166666666667 0.3787037037037038 0.4239583333333333 0.3787037037037038 0.4239583333333333 0.4000000000000001 0.5604166666666667 0.4000000000000001
0 0.5578125 0.5731481481481483 0.4244791666666667 0.5731481481481482 0.4244791666666667 0.5944444444444446 0.5578125 0.5944444444444447
0 0.24791666666666667 0.15833333333333335 0.10520833333333333 0.15833333333333333 0.10520833333333333 0.1842592592592593 0.24791666666666667 0.18425925925925932
0 0.5609375 0.2916666666666668 0.421875 0.2916666666666668 0.421875 0.31666666666666676 0.5609375 0.31666666666666676
0 0.8661458333333333 0.29166666666666685 0.7291666666666666 0.29166666666666685 0.7291666666666666 0.3166666666666669 0.8661458333333333 0.3166666666666669
0 0.715625 0.29074074074074086 0.575 0.29074074074074086 0.575 0.3157407407407408 0.715625 0.3157407407407408
0 0.8572916666666667 0.6055555555555557 0.7229166666666667 0.6055555555555557 0.7229166666666667 0.6324074074074076 0.8572916666666667 0.6324074074074076
0 0.8588541666666667 0.5500000000000002 0.7234375 0.5500000000000002 0.7234375 0.5740740740740743 0.8588541666666667 0.5740740740740743
0 0.25625000000000003 0.6833333333333333 0.12291666666666673 0.6833333333333333 0.12291666666666673 0.7064814814814815 0.25625000000000003 0.7064814814814815
0 0.2515625 0.39907407407407414 0.1151041666666667 0.3990740740740741 0.1151041666666667 0.42500000000000004 0.2515625 0.4250000000000001
0 0.8536458333333333 0.7694444444444447 0.7192708333333333 0.7694444444444447 0.7192708333333333 0.7916666666666669 0.8536458333333333 0.7916666666666669
0 0.7197916666666667 0.13888888888888903 0.578125 0.138888888888889 0.578125 0.1666666666666668 0.7197916666666667 0.16666666666666682
0 0.25781250000000006 0.8194444444444444 0.12187500000000005 0.8194444444444444 0.12187500000000005 0.8416666666666667 0.25781250000000006 0.8416666666666667
0 0.4109375 0.6287037037037037 0.2734375 0.6287037037037037 0.2734375 0.6518518518518519 0.4109375 0.6518518518518519
0 0.865625 0.37685185185185205 0.7255208333333333 0.37685185185185205 0.7255208333333333 0.4037037037037039 0.865625 0.4037037037037039
0 0.7078125 0.6564814814814817 0.5697916666666667 0.6564814814814817 0.5697916666666667 0.6824074074074076 0.7078125 0.6824074074074076
0 0.5572916666666666 0.788888888888889 0.4234375 0.7888888888888889 0.4234375 0.8101851851851853 0.5572916666666666 0.8101851851851853
0 0.2536458333333334 0.4861111111111111 0.1166666666666667 0.4861111111111111 0.1166666666666667 0.5092592592592593 0.2536458333333334 0.5092592592592593
0 0.409375 0.4027777777777779 0.26927083333333335 0.4027777777777779 0.26927083333333335 0.42592592592592604 0.409375 0.42592592592592604
0 0.559375 0.3490740740740742 0.4239583333333333 0.3490740740740742 0.4239583333333333 0.3750000000000001 0.559375 0.3750000000000001
0 0.8552083333333333 0.7962962962962965 0.7182291666666667 0.7962962962962965 0.7182291666666667 0.8185185185185188 0.8552083333333333 0.8185185185185188
0 0.7161458333333334 0.2601851851851853 0.5760416666666667 0.2601851851851853 0.5760416666666667 0.2861111111111112 0.7161458333333334 0.2861111111111112
0 0.7067708333333333 0.7129629629629631 0.5697916666666667 0.7129629629629631 0.5697916666666667 0.7361111111111113 0.7067708333333333 0.7361111111111113
0 0.25729166666666675 0.7092592592592593 0.12187500000000005 0.7092592592592593 0.12187500000000005 0.7333333333333333 0.25729166666666675 0.7333333333333333
0 0.2567708333333334 0.7648148148148148 0.12291666666666673 0.7648148148148148 0.12291666666666673 0.787962962962963 0.2567708333333334 0.787962962962963
0 0.25781250000000006 0.5981481481481481 0.12031250000000003 0.5981481481481481 0.12031250000000003 0.6212962962962963 0.25781250000000006 0.6212962962962963
0 0.7109375 0.43425925925925934 0.5713541666666667 0.43425925925925934 0.5713541666666667 0.4583333333333334 0.7109375 0.4583333333333334
0 0.4088541666666667 0.4861111111111111 0.26927083333333335 0.4861111111111111 0.26927083333333335 0.512962962962963 0.4088541666666667 0.512962962962963
0 0.7140625 0.3500000000000001 0.5744791666666667 0.3500000000000001 0.5744791666666667 0.37407407407407417 0.7140625 0.37407407407407417
0 0.8567708333333334 0.6611111111111113 0.7208333333333333 0.6611111111111113 0.7208333333333333 0.6842592592592595 0.8567708333333334 0.6842592592592595
0 0.25729166666666675 0.5712962962962963 0.12083333333333336 0.5712962962962963 0.12083333333333336 0.5962962962962963 0.25729166666666675 0.5962962962962963
0 0.8635416666666667 0.3212962962962965 0.728125 0.3212962962962965 0.728125 0.3462962962962965 0.8635416666666667 0.3462962962962965
0 0.5567708333333333 0.5435185185185186 0.4234375 0.5435185185185185 0.4234375 0.5666666666666668 0.5567708333333333 0.5666666666666669
0 0.25520833333333337 0.5138888888888888 0.12031250000000003 0.5138888888888888 0.12031250000000003 0.5388888888888889 0.25520833333333337 0.5388888888888889
0 0.8635416666666667 0.4351851851851854 0.7255208333333333 0.4351851851851854 0.7255208333333333 0.4592592592592595 0.8635416666666667 0.4592592592592595
0 0.25781250000000006 0.6268518518518519 0.1197916666666667 0.6268518518518519 0.11979166666666671 0.6509259259259259 0.25781250000000006 0.6509259259259259
0 0.25625000000000003 0.5435185185185185 0.1197916666666667 0.5435185185185185 0.1197916666666667 0.5675925925925925 0.25625000000000003 0.5675925925925925
0 0.4114583333333333 0.762962962962963 0.27760416666666665 0.762962962962963 0.27760416666666665 0.7861111111111111 0.4114583333333333 0.7861111111111111
0 0.5567708333333333 0.7342592592592594 0.4239583333333333 0.7342592592592593 0.4239583333333333 0.7555555555555556 0.5567708333333333 0.7555555555555558
0 0.5609375 0.26111111111111124 0.42291666666666666 0.26111111111111124 0.42291666666666666 0.2879629629629631 0.5609375 0.2879629629629631
0 0.8755208333333333 0.1435185185185187 0.7359375 0.14351851851851868 0.7359375 0.1685185185185187 0.8755208333333333 0.16851851851851873
0 0.8609375 0.5212962962962965 0.7244791666666667 0.5212962962962965 0.7244791666666667 0.5453703703703706 0.8609375 0.5453703703703706
0 0.8640625 0.3481481481481484 0.7270833333333333 0.3481481481481484 0.7270833333333333 0.37222222222222245 0.8640625 0.37222222222222245
0 0.5583333333333333 0.4064814814814816 0.42291666666666666 0.4064814814814816 0.42291666666666666 0.42962962962962975 0.5583333333333333 0.42962962962962975
0 0.5588541666666667 0.2324074074074075 0.42291666666666666 0.2324074074074075 0.42291666666666666 0.25555555555555565 0.5588541666666667 0.25555555555555565
0 0.5653328125 0.14199629629629637 0.42350421581593095 0.14096523887380905 0.42344062499999996 0.16861111111111116 0.5652692216840691 0.16964216853359848
0 0.5610907813707836 0.20649673571510885 0.42380753827491735 0.20494203998491511 0.4237286458333333 0.2269592592592594 0.5610118889291995 0.22851395498945312
0 0.5582600603084844 0.5197134201443663 0.4235493752520307 0.5190157686544384 0.42350910661021285 0.5435903114730353 0.5582197916666666 0.5442879629629631
0 0.5579638210690424 0.5120916815325498 0.5578052681560933 0.4878585247618188 0.4237067708333334 0.49063148148148145 0.42386532374628244 0.5148646382522124
0 0.5551944563020752 0.4634624395304364 0.4244635416666667 0.4624333333333335 0.42439981453125825 0.48801904195104545 0.5551307291666667 0.4890481481481484
0 0.5569143929266073 0.43633317312289677 0.4213527591918452 0.43530345632719786 0.421296178765238 0.4588452832043012 0.5568578125000001 0.45987500000000014
0 0.5601526041666668 0.1747527777777779 0.4228651041666666 0.17321759259259267 0.42277636107953576 0.19829945059875842 0.5600638610795359 0.19983463578394364
0 0.4086100211957492 0.43158883408400717 0.2670070891570813 0.4305466317694916 0.26694270833333333 0.4581925925925926 0.40854564037200114 0.45923479490710817
0 0.24900572916666666 0.100987962962963 0.10554024883364987 0.09842630694638355 0.10538697916666667 0.1255555555555556 0.24885245949968346 0.12811721157213504
0 0.4088348958333333 0.10914629629629637 0.2670024602358184 0.10350761232347729 0.26665468750000004 0.1311546296296297 0.40848712309751495 0.13679331360244879
0 0.5621458424821563 0.10912544777950028 0.42459218749999994 0.1077046296296297 0.424496865851177 0.13687084851679618 0.5620505208333333 0.13829166666666676
0 0.72276875 0.1118592592592594 0.5785865356723132 0.10733683168692973 0.5783251494963635 0.13367451869875946 0.7225073638240502 0.13819694627108914
0 0.8762302083333335 0.11513425925925944 0.7369832354547907 0.11269980921219487 0.7368472108091274 0.13728974784006406 0.8760941836876701 0.13972419788712864
0 0.8523145833333333 0.8473037037037039 0.7170470565973567 0.8469564693070187 0.7170228749618005 0.8767287035966468 0.8522904016977771 0.8770759379933319
0 0.7038864583333334 0.847801851851852 0.5686501865683339 0.8436378583165011 0.5684005208333335 0.869264814814815 0.703636792598333 0.8734288083501658
0 0.5559911458333333 0.8687509259259258 0.5559226287174431 0.8414027038401123 0.4247247091935511 0.8424415515111469 0.42479322630944133 0.8697897735969603
0 0.4101947916666667 0.8686361111111113 0.410024953425544 0.8405058297242566 0.27590359925887736 0.8430650889835157 0.2760734375 0.8711953703703704
0 0.2606207650486285 0.8467827672172856 0.1270081158745476 0.8457537421411951 0.12693578832591915 0.8754348638127983 0.26054843750000006 0.8764638888888888