0 0.9220965080195336 0.12296110621066927 0.9213961071736249 0.06370144993220307 0.14856369791666665 0.06659158349609375 0.14926409876257532 0.12585123977455995
0 0.8998119517430294 0.1777679393634149 0.8995858680555556 0.12308755224609373 0.1539986544139148 0.12406294865547973 0.1542247381013886 0.17874333577280088
0 0.8869512899305554 0.18087301562500005 0.16334953601386049 0.17582449699551458 0.16227242013888893 0.22467208544921877 0.885874174055584 0.22972060407870423
0 0.8733759166666668 0.22878267626953128 0.16846779573742882 0.22684525703384795 0.16802579947916674 0.2777282387695313 0.8729339204084048 0.2796656580052146
0 0.8704430104166667 0.2760256079101563 0.1735736762152778 0.275800818359375 0.17352575948662097 0.32280185626580116 0.8703950936880098 0.32302664581658247
0 0.8677421503699363 0.3667512301461511 0.8676993255208333 0.3202205927734375 0.17615326750238378 0.3204219758649088 0.17619609235148678 0.36695261323762235
0 0.8603136640625001 0.3645806557617188 0.18189094010416673 0.36433418847656257 0.1818390667181192 0.4095125791007788 0.8602617906764525 0.409759046385935
0 0.8551672465277779 0.41012944384765626 0.18856932291666678 0.4062400874023437 0.18778211730961558 0.44892942759869936 0.8543800409207267 0.45281878404401193
0 0.8478630677083335 0.4496512446289063 0.18603300520833344 0.4470948232421876 0.1855314833721868 0.4881765744941564 0.8473615458721869 0.49073299588087516
0 0.8417364394123578 0.5242230873747229 0.8411015608731301 0.48493147607741116 0.1974001197916667 0.48822241894531243 0.19803499833089427 0.5275140302426241
0 0.83913195531772 0.5613536231373799 0.8387618272569446 0.5234225473632812 0.20390052769031086 0.525382658784008 0.20427065575108627 0.5633137345581067
0 0.8332106566799289 0.5975484941829748 0.8326281892361111 0.5608227241210937 0.20927051397448532 0.5639508419970992 0.20985298141830314 0.6006766120589804
0 0.827903420409484 0.6310787028620438 0.8263408372451124 0.5915883890099501 0.21350421006944445 0.5992609848632813 0.21506679323381597 0.638751298715375
0 0.8241523611182021 0.6652965036821735 0.822587101484803 0.6300838487909649 0.21487400868055553 0.6386311943359374 0.2164392683139546 0.673843849227146
0 0.8181384422145729 0.702488471274559 0.8170188689236112 0.6661962114257811 0.21892942917482625 0.672034018054551 0.22004900246578796 0.7083262779033289
0 0.8161967117000536 0.731571933687793 0.8150753281249998 0.6975025678710938 0.23067567605035488 0.7035887527887662 0.2317970596254086 0.7376581186054655
0 0.8065213265997809 0.7621917935746962 0.8050767742906564 0.7312576043792401 0.23275312586805555 0.739713921875 0.23419767817718012 0.770648111070456
0 0.8087353568530191 0.7896466919574864 0.8069979860477716 0.7615519532089597 0.23706138454861111 0.7727036030273436 0.23879875535385853 0.8007983417758703
0 0.7988141177543946 0.8185311273473798 0.7975310920138889 0.7884745615234375 0.2438652267811251 0.7959526192651006 0.24514825252163075 0.8260091850890429
0 0.8074382134638143 0.8375687236093264 0.8053388379360266 0.8130189695880109 0.25015252777777774 0.8280409360351563 0.2522519033055656 0.8525906900564718