0 0.8351352847222221 0.9853246982421877 0.8339223516860055 0.9325562687379273 0.18886562425545012 0.9372477028199584 0.19007855729166667 0.9900161323242188
0 0.8240473142361112 0.9366609794921876 0.8226972985765701 0.8899810966671152 0.2047489207590613 0.8956357540882952 0.20609893641860233 0.9423156369133676
0 0.8190068151041667 0.8931758955078127 0.8180935625671335 0.8454810573831999 0.2011353776713001 0.8492188938089812 0.20204863020833333 0.896913731933594
0 0.8138889756944445 0.8486291845703127 0.8124410882310601 0.8030560347551126 0.20265120455050442 0.8091859014543313 0.2040990920138889 0.8547590512695314
0 0.8100469653383474 0.8038656888601374 0.8074875277978718 0.7619835495269314 0.20684889752896876 0.7735973401589814 0.20940833506944442 0.8154794794921875
0 0.7995905659722222 0.7630089462890625 0.7970711142809233 0.7219934060490704 0.20272940768370104 0.7335449187443828 0.205248859375 0.7745604589843749
0 0.7900960225694444 0.7236273735351564 0.786910279628572 0.6833381095277731 0.2054041971632942 0.6978866930238669 0.20858994010416668 0.7381759570312502
0 0.7843634001736112 0.681171265136719 0.7805809727282074 0.642897465127342 0.20437401179070733 0.6609148840726545 0.20815643923611116 0.6991886840820315
0 0.7763030859375 0.6432512211914061 0.7730739587768751 0.6052014507328393 0.20297804731854177 0.620509719775808 0.20620717447916664 0.6585594902343749
0 0.7684048819444445 0.607569064453125 0.7645279142946908 0.5680132814852147 0.21050839259330192 0.5851944348055274 0.21438536024305554 0.6247502177734376
0 0.7617426067708333 0.5706109560546875 0.7573611905137133 0.5339686246177361 0.20626414363871343 0.5548185523521111 0.21064555989583333 0.5914608837890625
0 0.7497033923611112 0.5327821098632812 0.7449124243156375 0.4984320872532937 0.20499020903785978 0.5222592591282936 0.20978117708333333 0.5566092817382812
0 0.7428837569444446 0.5000993593750002 0.7387862918885556 0.4683880311951931 0.20617401411077754 0.4901629755311305 0.2102714791666667 0.5218743037109376
0 0.7350272139636069 0.4676047615160538 0.7297408880208334 0.43320035937500007 0.20276979211278193 0.458819925495665 0.20805611805555554 0.49322432763671875
0 0.7327333052438756 0.43544208930398476 0.7284090321180556 0.40336395068359376 0.20696524944362454 0.42560506303976536 0.21128952256944444 0.4576832016601563
0 0.7292713116319444 0.40381100390624997 0.7242497274962827 0.3707130827668662 0.2033474314893383 0.39571891723952246 0.20836901562500001 0.4288168383789062
0 0.7245098314430821 0.3726259009685825 0.7189506223958334 0.3415140122070312 0.20273400362636243 0.3706992787189174 0.20829321267361112 0.4018111674804687
0 0.7168626144334187 0.342482960172717 0.7109248428819444 0.3108976416015625 0.20003797237213675 0.3412860544757206 0.20597574392361107 0.37287137304687507
0 0.7113928481370307 0.30989935656102763 0.7053167048611111 0.27929271533203126 0.20095164405046934 0.3109739705874099 0.2070277873263889 0.34158061181640625
0 0.7021849803111734 0.276975338862225 0.6962209806455735 0.25011975394000674 0.20221705762606676 0.28483165873012556 0.2081810572916667 0.3116872436523438
0 0.6996468750361845 0.2524571350930564 0.693890546875 0.22464197021484378 0.2022623966652044 0.25683380289522495 0.2080187248263889 0.28464896777343757
0 0.6954093671865138 0.22363605528878755 0.6892024602970802 0.19660788785301828 0.20219528147862198 0.23199450492751203 0.2084021883680556 0.2590226723632813
0 0.691070828125 0.19717301074218746 0.6852579668208149 0.17022649049140684 0.20144353452914823 0.20324908131171937 0.20725639583333333 0.2301956015625
0 0.6857007076629699 0.16968036832183217 0.6798022734375 0.144697947265625 0.20383381577453005 0.1802549744516053 0.20973224999999995 0.20523739550781248
0 0.6869072709076249 0.14624498925100662 0.6793664392361112 0.11577438916015625 0.19840639402293075 0.15343542774118088 0.20594722569444446 0.18390602783203125