0 0.7157407407407408 0.1854166666666667 0.25092592592592594 0.18541666666666667 0.25092592592592594 0.2151041666666667 0.7157407407407408 0.21510416666666674
0 0.7009259259259262 0.5682291666666667 0.25555555555555565 0.5682291666666667 0.25555555555555565 0.5947916666666667 0.7009259259259262 0.5947916666666667
0 0.7166666666666667 0.12447916666666671 0.24722222222222223 0.1244791666666667 0.24722222222222223 0.1526041666666667 0.7166666666666667 0.15260416666666674
0 0.7037037037037037 0.42916666666666664 0.2527777777777779 0.42916666666666664 0.2527777777777779 0.45625 0.7037037037037037 0.45625
0 0.6953703703703705 0.7078125 0.25555555555555565 0.7078125 0.2555555555555557 0.734375 0.6953703703703705 0.734375
0 0.7166666666666667 0.2479166666666667 0.25185185185185194 0.24791666666666667 0.25185185185185194 0.27760416666666665 0.7166666666666667 0.27760416666666665
0 0.7018518518518521 0.6526041666666667 0.25925925925925936 0.6526041666666667 0.25925925925925936 0.6796875 0.7018518518518521 0.6796875
0 0.7092592592592593 0.30833333333333335 0.25092592592592605 0.30833333333333335 0.25092592592592605 0.3380208333333333 0.7092592592592593 0.3380208333333333
0 0.7018518518518521 0.48385416666666664 0.25555555555555565 0.48385416666666664 0.25555555555555565 0.5114583333333333 0.7018518518518521 0.5114583333333333
0 0.7101851851851851 0.36875 0.25092592592592605 0.36875 0.25092592592592605 0.396875 0.7101851851851851 0.396875
0 0.7083333333333334 0.39791666666666664 0.25092592592592605 0.39791666666666664 0.25092592592592605 0.4276041666666667 0.7083333333333334 0.4276041666666667
0 0.7101851851851851 0.2166666666666667 0.25092592592592594 0.21666666666666667 0.250925925925926 0.2463541666666667 0.7101851851851851 0.24635416666666674
0 0.7000000000000002 0.6229166666666667 0.25740740740740753 0.6229166666666667 0.25740740740740753 0.6526041666666667 0.7000000000000002 0.6526041666666667
0 0.7046296296296298 0.5401041666666667 0.25740740740740753 0.5401041666666667 0.25740740740740753 0.5677083333333334 0.7046296296296298 0.5677083333333334
0 0.7138888888888889 0.278125 0.24907407407407417 0.278125 0.24907407407407417 0.30833333333333335 0.7138888888888889 0.30833333333333335
0 0.7018518518518518 0.4552083333333333 0.2527777777777779 0.4552083333333333 0.2527777777777779 0.4822916666666667 0.7018518518518518 0.4822916666666667
0 0.7009259259259262 0.6807291666666667 0.2537037037037038 0.6807291666666667 0.2537037037037038 0.7072916666666667 0.7009259259259262 0.7072916666666667
0 0.7009259259259262 0.5114583333333333 0.2564814814814816 0.5114583333333333 0.2564814814814816 0.5380208333333333 0.7009259259259262 0.5380208333333333
0 0.7074074074074074 0.3390625 0.2500000000000001 0.3390625 0.2500000000000001 0.36875 0.7074074074074074 0.36875
0 0.7148148148148148 0.15520833333333336 0.25092592592592594 0.15520833333333334 0.25092592592592594 0.18437500000000004 0.7148148148148148 0.18437500000000007
0 0.6981481481481484 0.7890625 0.25925925925925947 0.7890625 0.25925925925925947 0.8145833333333333 0.6981481481481484 0.8145833333333333
0 0.6962962962962965 0.7338541666666667 0.25370370370370393 0.7338541666666667 0.25370370370370393 0.7640625 0.6962962962962965 0.7640625
0 0.6990740740740743 0.7625 0.2546296296296298 0.7625 0.2546296296296298 0.7885416666666667 0.6990740740740743 0.7885416666666667
0 0.7009259259259262 0.5958333333333333 0.25740740740740753 0.5958333333333333 0.25740740740740753 0.6244791666666667 0.7009259259259262 0.6244791666666667
0 0.6990740740740743 0.8151041666666666 0.25925925925925947 0.8151041666666666 0.25925925925925947 0.8421875 0.6990740740740743 0.8421875
0 0.6990740740740743 0.8421875 0.264814814814815 0.8421875 0.264814814814815 0.8671875 0.6990740740740743 0.8671875
0 0.6990740740740743 0.86875 0.2638888888888891 0.86875 0.2638888888888891 0.8958333333333334 0.6990740740740743 0.8958333333333334