0 0.7694275663637027 0.07692468847848777 0.20777632204861113 0.06037833593750001 0.20393483379568025 0.10163641608093707 0.7655860781107718 0.11818276862192482
0 0.7664592994791667 0.11697039257812503 0.21399176128472225 0.10226240966796876 0.2105105988580523 0.1436359789836344 0.7629781370524967 0.15834396189379066
0 0.7694085434027778 0.1537150810546875 0.22027759548611114 0.144712978515625 0.2182719145765422 0.18342437685595958 0.7674028624932089 0.19242647939502208
0 0.7619469098307796 0.18823445545833545 0.2189514071180556 0.18285187451171875 0.21769905902248082 0.2228257058886383 0.7606945617352048 0.228208286835255
0 0.7620909869791666 0.22495135644531247 0.21991508593750003 0.22315017626953124 0.21952008326670097 0.2607709858576501 0.7616959843083675 0.2625721660334313
0 0.7545002202099248 0.2946835548109544 0.7533325237154216 0.2574710206770184 0.22685144531249998 0.2626982138671875 0.22801914180700328 0.2999107480011235
0 0.748002014761869 0.3275835418700595 0.7461747570701669 0.29080033439618097 0.2343758862847222 0.29884475146484374 0.23620314397642422 0.33562795893872227
0 0.7509806222465646 0.3610932028242306 0.7488187986948395 0.3247589777636797 0.24887547395833332 0.3341707231445313 0.25103729751005854 0.3705049482050822
0 0.7514424149907053 0.390709674175847 0.7488590865831127 0.3572714957968355 0.24518812152777775 0.36958350634765624 0.24777144993537037 0.4030216847266678
0 0.7403390475705328 0.4222540455535405 0.7370211249323612 0.3887907400567751 0.24427070670210604 0.40424931559698457 0.24758862934027778 0.43771262109375
0 0.738959179954463 0.4518651665948879 0.7355246965685653 0.42069537346170166 0.2526207855902778 0.43753115478515625 0.2560552689761755 0.4687009479183425
0 0.7365370440452201 0.4826324337991733 0.7329354359308464 0.45203931116684165 0.24777068702451516 0.4701113412348558 0.2513722951388889 0.5007044638671875
0 0.7335490673616543 0.5099777706569231 0.728807276185599 0.47887503327442243 0.2546688737545003 0.5017464989456245 0.2594106649305556 0.5328492363281251
0 0.7313984266788931 0.5390917331430882 0.7270204330777308 0.509645657161371 0.2532310269097222 0.5319340161132813 0.25760902051088463 0.5613800920949985
0 0.7285264190067553 0.567100154261416 0.7243738145063845 0.5405031792393069 0.254149703125 0.5637325942382814 0.25830230762537076 0.5903295692603905
0 0.7283592244454096 0.594919756818452 0.7238429169033488 0.5688557782706916 0.26197648350694447 0.594178142578125 0.26649279104900525 0.6202421211258854
0 0.7195469560971235 0.8418696217556122 0.7130866223958332 0.8195208876953125 0.2870933876528764 0.8584836536350128 0.29355372135416663 0.8808323876953125
0 0.7185151331739795 0.8168774439896525 0.7126107821153829 0.7952598825052944 0.2893026081427922 0.8318418599023607 0.29520695920138884 0.8534594213867187
0 0.7139358666957835 0.7966465891401471 0.708094171875 0.7728409399414062 0.29338339545699427 0.8050404460161029 0.2992250902777778 0.8288460952148438
0 0.7118321771873196 0.7704900822120756 0.7069126727196422 0.7509015782460307 0.29516375074065593 0.7836203969128613 0.30008325520833334 0.8032089008789063
0 0.7119913693346935 0.7490430223926801 0.705709050418537 0.724329005268627 0.29421553611856566 0.7574257045556344 0.3004978550347222 0.7821397216796875
0 0.717578727035122 0.7225377580532666 0.7115148957114531 0.6983324840446055 0.28516124072494203 0.7321274608546199 0.2912250720486111 0.7563327348632811
0 0.7216237509205126 0.6979825619511653 0.7153855315866143 0.6716555317675067 0.27276106278415724 0.7048403345624352 0.2789992821180556 0.7311673647460938
0 0.7292863504060088 0.6721077296885625 0.723804380931564 0.6461991943413752 0.27697231611583306 0.6761137898481253 0.28245428559027785 0.7020223251953126
0 0.7270137805526593 0.6477663356268887 0.7224468161636748 0.6223326779927498 0.27732105470823776 0.6476225474439862 0.2818880190972222 0.673056205078125
0 0.7275531043476965 0.6227861135753833 0.7233372890624999 0.5962248647460937 0.26903690175242834 0.6190399052635884 0.2732527170376247 0.645601154092878