0 0.82470703125 0.3834635416666668 0.62109375 0.3834635416666668 0.62109375 0.42187500000000017 0.82470703125 0.42187500000000017
0 0.30908203125 0.10481770833333337 0.11376953125 0.10481770833333337 0.11376953125 0.13997395833333337 0.30908203125 0.13997395833333337
0 0.81494140625 0.21354166666666677 0.619140625 0.21354166666666674 0.619140625 0.2513020833333334 0.81494140625 0.2513020833333335
0 0.56494140625 0.1438802083333334 0.369140625 0.1438802083333334 0.369140625 0.17968750000000008 0.56494140625 0.17968750000000008
0 0.30517578125 0.27083333333333337 0.10400390625000003 0.2708333333333333 0.10400390625000003 0.30989583333333337 0.30517578125 0.3098958333333334
0 0.5634765625 0.31315104166666674 0.36376953125 0.31315104166666674 0.36376953125 0.3509114583333334 0.5634765625 0.3509114583333335
0 0.30908203125 0.07226562500000004 0.11474609375 0.07226562500000001 0.11474609375 0.10742187500000004 0.30908203125 0.10742187500000004
0 0.81494140625 0.18033854166666677 0.6201171875 0.18033854166666674 0.6201171875 0.2167968750000001 0.81494140625 0.21679687500000014
0 0.30517578125 0.3053385416666667 0.10253906250000003 0.3053385416666667 0.10253906250000003 0.3430989583333333 0.30517578125 0.3430989583333333
0 0.3056640625 0.16992187500000003 0.11132812500000003 0.169921875 0.11132812500000003 0.2076822916666667 0.3056640625 0.20768229166666674
0 0.5634765625 0.3489583333333334 0.3642578125 0.3489583333333333 0.3642578125 0.3880208333333334 0.5634765625 0.3880208333333335
0 0.5595703125 0.5631510416666667 0.35546875 0.5631510416666666 0.35546875 0.6035156250000001 0.5595703125 0.6035156250000001
0 0.8154296875 0.24674479166666677 0.619140625 0.24674479166666674 0.619140625 0.2851562500000001 0.8154296875 0.28515625000000017
0 0.56298828125 0.45507812500000006 0.3603515625 0.455078125 0.3603515625 0.49283854166666674 0.56298828125 0.4928385416666668
0 0.2978515625 0.443359375 0.09570312500000003 0.443359375 0.09570312500000004 0.4817708333333333 0.2978515625 0.4817708333333333
0 0.5654296875 0.11002604166666674 0.3701171875 0.11002604166666674 0.3701171875 0.1458333333333334 0.5654296875 0.1458333333333334
0 0.30615234375 0.13736979166666669 0.1123046875 0.13736979166666666 0.11230468750000001 0.17382812500000003 0.30615234375 0.17382812500000008
0 0.2958984375 0.4798177083333333 0.09326171875000006 0.4798177083333333 0.09326171875000006 0.51953125 0.2958984375 0.51953125
0 0.82568359375 0.4186197916666668 0.62158203125 0.4186197916666668 0.62158203125 0.45703125000000017 0.82568359375 0.45703125000000017
0 0.8193359375 0.2812500000000001 0.6181640625 0.28125000000000006 0.6181640625 0.3183593750000001 0.8193359375 0.31835937500000017
0 0.56396484375 0.17773437500000008 0.36767578125 0.17773437500000008 0.36767578125 0.21289062500000008 0.56396484375 0.21289062500000008
0 0.30224609375 0.3404947916666667 0.10107421875000003 0.3404947916666667 0.10107421875000003 0.3782552083333333 0.30224609375 0.3782552083333333
0 0.564453125 0.20963541666666674 0.36669921875 0.20963541666666674 0.36669921875 0.24609375000000008 0.564453125 0.24609375000000008
0 0.81396484375 0.1451822916666668 0.6201171875 0.14518229166666677 0.6201171875 0.18294270833333345 0.81396484375 0.18294270833333348
0 0.8271484375 0.5260416666666669 0.6220703125 0.5260416666666669 0.6220703125 0.5657552083333335 0.8271484375 0.5657552083333335
0 0.56396484375 0.2786458333333334 0.36474609375 0.2786458333333334 0.36474609375 0.31640625000000006 0.56396484375 0.31640625000000006
0 0.3017578125 0.3736979166666667 0.09814453125000003 0.3736979166666667 0.09814453125000003 0.4127604166666667 0.3017578125 0.4127604166666667
0 0.30517578125 0.2037760416666667 0.10937500000000003 0.20377604166666666 0.10937500000000003 0.24023437500000003 0.30517578125 0.24023437500000008
0 0.8310546875 0.5618489583333335 0.623046875 0.5618489583333335 0.623046875 0.6015625000000001 0.8310546875 0.6015625000000001
0 0.8232421875 0.3489583333333335 0.62060546875 0.3489583333333335 0.62060546875 0.3860677083333335 0.8232421875 0.3860677083333335
0 0.56298828125 0.4192708333333334 0.3623046875 0.4192708333333333 0.3623046875 0.4583333333333334 0.56298828125 0.4583333333333335
0 0.82666015625 0.4889322916666668 0.623046875 0.4889322916666668 0.623046875 0.5286458333333335 0.82666015625 0.5286458333333335
0 0.564453125 0.38281250000000006 0.3623046875 0.3828125 0.3623046875 0.42057291666666674 0.564453125 0.4205729166666668
0 0.5654296875 0.07617187500000007 0.37109375 0.07617187500000006 0.37109375 0.11197916666666674 0.5654296875 0.11197916666666674
0 0.2958984375 0.515625 0.09228515625000006 0.515625 0.09228515625000006 0.5540364583333334 0.2958984375 0.5540364583333334
0 0.5634765625 0.49088541666666674 0.35986328125 0.4908854166666667 0.35986328125 0.5299479166666667 0.5634765625 0.5299479166666669
0 0.298828125 0.4095052083333333 0.09863281250000003 0.4095052083333333 0.09863281250000003 0.447265625 0.298828125 0.447265625
0 0.81298828125 0.08138020833333344 0.61962890625 0.08138020833333343 0.61962890625 0.11653645833333347 0.81298828125 0.11653645833333348
0 0.81396484375 0.11263020833333347 0.62060546875 0.11263020833333344 0.62060546875 0.15039062500000014 0.81396484375 0.15039062500000014
0 0.56201171875 0.5266927083333334 0.35791015625 0.5266927083333334 0.35791015625 0.5657552083333334 0.56201171875 0.5657552083333335
0 0.30517578125 0.23632812500000003 0.10693359375000003 0.236328125 0.10693359375000003 0.2740885416666667 0.30517578125 0.27408854166666674
0 0.82080078125 0.3151041666666668 0.6181640625 0.31510416666666674 0.6181640625 0.3522135416666668 0.82080078125 0.3522135416666668
0 0.56396484375 0.24283854166666674 0.3662109375 0.24283854166666674 0.3662109375 0.2805989583333334 0.56396484375 0.2805989583333334
0 0.2958984375 0.5514322916666666 0.08984375000000006 0.5514322916666666 0.08984375000000006 0.5911458333333334 0.2958984375 0.5911458333333334
0 0.826171875 0.4537760416666668 0.623046875 0.4537760416666668 0.623046875 0.49218750000000017 0.826171875 0.49218750000000017
0 0.81396484375 0.05013020833333345 0.6162109375 0.050130208333333426 0.6162109375 0.08398437500000012 0.81396484375 0.08398437500000015
0 0.30908203125 0.041015625000000035 0.1171875 0.04101562500000002 0.1171875 0.07356770833333337 0.30908203125 0.07356770833333338
0 0.56640625 0.044270833333333405 0.36865234375 0.04427083333333339 0.36865234375 0.07682291666666674 0.56640625 0.07682291666666675
0 0.29638671875000006 0.5885416666666666 0.08691406250000006 0.5885416666666666 0.08691406250000006 0.6282552083333334 0.2963867187500001 0.6282552083333334
0 0.55908203125 0.6022135416666667 0.3564453125 0.6022135416666666 0.35644531250000006 0.6399739583333334 0.55908203125 0.6399739583333335
0 0.8389398148607751 0.6070952001695509 0.6270487317410741 0.6031740767530221 0.6267636717631117 0.6305592750209713 0.8386547548828126 0.6344803984375001