0 0.9384108140829704 0.07420658850907255 0.9308598090277778 0.03782373046875 0.3857888386948074 0.07361738610030243 0.39333984375 0.11000024414062498
0 0.9339736018834185 0.11057160544971001 0.9271948784722225 0.07563037109374998 0.3877824745054707 0.10874162697216498 0.39456119791666666 0.143682861328125
0 0.9347379732637537 0.1455221992656739 0.9284166666666666 0.110687744140625 0.3857967489584684 0.14184352339057615 0.39211805555555557 0.17667797851562503
0 0.9342100585463862 0.1832085107426551 0.9284166666666666 0.145744873046875 0.3875464518702803 0.1722092138667199 0.39333984375 0.2096728515625
0 0.9375096469634543 0.21735844541415963 0.9320450660241578 0.18194022809501126 0.3854316864218147 0.20862450729022664 0.3908962673611111 0.24404272460937504
0 0.9346612106204714 0.25541198744872773 0.9296380208333335 0.21792163085937497 0.38709486576841773 0.24092224106689727 0.39211805555555557 0.27841259765625
0 0.9336733354726046 0.2924136876052859 0.9296380208333334 0.25560375976562494 0.38563959855517316 0.2744730311447141 0.3896749131944444 0.3112829589843751
0 0.9313882598094447 0.3282956857967012 0.9284166666666667 0.2920358886718751 0.3915896047738884 0.3059560231876739 0.39456119791666666 0.34221582031250003
0 0.9295221947725627 0.36478282678961577 0.9271948784722223 0.32709301757812503 0.3934556698107708 0.3375211282885093 0.3957829861111112 0.3752109375
0 0.9329818192963556 0.39982252658243633 0.9307946321310081 0.3638272646149736 0.38642621527777776 0.374293212890625 0.3886134024431253 0.4102884748580877
0 0.9284164299866311 0.4351763408721773 0.9271948784722225 0.401488525390625 0.38845336168003575 0.40766960639344774 0.3896749131944445 0.44135742187500004
0 0.9276502392575932 0.4619535779769322 0.9259730902777777 0.42760961914062495 0.39044090657574027 0.4358843126480678 0.39211805555555557 0.47022827148437507
0 0.9271360063813354 0.4990743164850544 0.9259730902777776 0.46335424804687486 0.3882181576551507 0.4688936841659291 0.38938107375870856 0.5046137526041087
0 0.9259730902777776 0.5362182617187499 0.9258258145883165 0.4997850031828453 0.38458416271029694 0.5004772633028464 0.3847314383997581 0.536910521838751
0 0.925973090277778 0.5362182617187501 0.3900889756944446 0.536029052734375 0.39004985417602395 0.5710872745885383 0.9259339687593572 0.5712764835729134
0 0.9206146382689183 0.5719757296495276 0.3908962673611112 0.5685258789062501 0.3901466464533043 0.6049451687879727 0.9198650173611114 0.6083950195312502
0 0.9273059999920586 0.6070354140350952 0.39008897569444456 0.60092919921875 0.388756065980164 0.6380334336211549 0.925973090277778 0.6441396484375002
0 0.9283676933689856 0.6443210196713305 0.38825737847222236 0.632864501953125 0.385862775381015 0.6685842537661697 0.9259730902777782 0.6800407714843751
0 0.9278256065263126 0.6828452247489118 0.3864262152777779 0.6668598632812499 0.38335234486257674 0.699800038922963 0.9247517361111114 0.715785400390625
0 0.9321810194212932 0.7180145814884138 0.39333984375000014 0.699975341796875 0.3895754909953738 0.7355530454647113 0.9284166666666667 0.7535922851562502
0 0.930859809027778 0.7535922851562502 0.3896749131944446 0.7350327148437501 0.38571814749605643 0.7715386213773671 0.92690304332939 0.7900981916898672
0 0.9359940711145784 0.7902995272108639 0.3896749131944447 0.7666528320312501 0.38454065110764424 0.8041846036485113 0.930859809027778 0.8278312988281251
0 0.9334001877142811 0.8274688495078851 0.38459461805555567 0.7987209472656249 0.37838930881349675 0.8362027813514898 0.9271948784722225 0.86495068359375
0 0.9338951956617344 0.8638307023466634 0.3845946180555557 0.8327163085937499 0.3778943008660438 0.8701436628877116 0.9271948784722225 0.9012580566406251
0 0.9350016886914939 0.8997803443923914 0.3823450520833336 0.868262939453125 0.37576003005850667 0.9047977806076087 0.9284166666666669 0.9363151855468751
0 0.9308598090277782 0.9411269531250002 0.3799014756944446 0.8991958007812502 0.3713351501230733 0.934809869157571 0.9222934834564067 0.976741021501321