0 0.68408203125 0.2128906250000001 0.49267578125 0.21289062500000008 0.49267578125 0.24153645833333345 0.68408203125 0.24153645833333348
0 0.892578125 0.33984375000000017 0.7021484375 0.33984375000000017 0.7021484375 0.3678385416666668 0.892578125 0.3678385416666668
0 0.89306640625 0.27929687500000017 0.701171875 0.27929687500000017 0.701171875 0.3072916666666668 0.89306640625 0.3072916666666668
0 0.89599609375 0.3990885416666668 0.70263671875 0.3990885416666668 0.70263671875 0.4270833333333335 0.89599609375 0.4270833333333335
0 0.89013671875 0.19205729166666682 0.69921875 0.19205729166666682 0.69921875 0.22005208333333348 0.89013671875 0.22005208333333348
0 0.68017578125 0.2721354166666668 0.490234375 0.27213541666666674 0.490234375 0.3007812500000001 0.68017578125 0.30078125000000017
0 0.90966796875 0.8619791666666669 0.708984375 0.8619791666666666 0.708984375 0.8938802083333335 0.90966796875 0.8938802083333336
0 0.89697265625 0.3697916666666668 0.69970703125 0.3697916666666668 0.69970703125 0.3977864583333335 0.89697265625 0.3977864583333335
0 0.685546875 0.3014322916666668 0.48974609375 0.30143229166666674 0.48974609375 0.3300781250000001 0.685546875 0.33007812500000017
0 0.6884765625 0.2441406250000001 0.49169921875 0.24414062500000008 0.49169921875 0.2714843750000001 0.6884765625 0.27148437500000017
0 0.68701171875 0.6334635416666669 0.4892578125000001 0.6334635416666669 0.4892578125000001 0.6647135416666669 0.68701171875 0.6647135416666669
0 0.2470703125 0.15625000000000003 0.050292968750000014 0.15625 0.050292968750000014 0.1861979166666667 0.2470703125 0.18619791666666674
0 0.681640625 0.3313802083333334 0.4892578125 0.3313802083333334 0.4892578125 0.36132812500000017 0.681640625 0.36132812500000017
0 0.685546875 0.3619791666666668 0.4892578125 0.3619791666666668 0.4892578125 0.3893229166666668 0.685546875 0.3893229166666668
0 0.4716796875 0.4368489583333334 0.2587890625 0.4368489583333333 0.2587890625 0.4700520833333334 0.4716796875 0.4700520833333335
0 0.47509765625 0.1888020833333334 0.27001953125 0.1888020833333334 0.27001953125 0.21940104166666674 0.47509765625 0.21940104166666674
0 0.474609375 0.21875000000000008 0.267578125 0.21875000000000008 0.267578125 0.25065104166666674 0.474609375 0.25065104166666674
0 0.47509765625 0.3763020833333334 0.26171875 0.3763020833333333 0.26171875 0.40690104166666674 0.47509765625 0.4069010416666668
0 0.90283203125 0.4290364583333335 0.70166015625 0.4290364583333335 0.70166015625 0.45703125000000017 0.90283203125 0.45703125000000017
0 0.68994140625 0.7604166666666666 0.4848632812500001 0.7604166666666666 0.4848632812500001 0.7916666666666666 0.68994140625 0.7916666666666666
0 0.6865234375 0.5722656250000001 0.48583984375 0.5722656250000001 0.48583984375 0.6022135416666669 0.6865234375 0.6022135416666669
0 0.4736328125 0.3450520833333334 0.26171875 0.3450520833333333 0.26171875 0.37695312500000006 0.4736328125 0.37695312500000017
0 0.896484375 0.3079427083333335 0.703125 0.3079427083333335 0.703125 0.3372395833333335 0.896484375 0.3372395833333335
0 0.685546875 0.6035156250000001 0.49169921875 0.6035156250000001 0.49169921875000006 0.6347656250000001 0.685546875 0.6347656250000001
0 0.693359375 0.857421875 0.4848632812500001 0.857421875 0.4848632812500001 0.892578125 0.693359375 0.892578125
0 0.47119140625 0.40885416666666674 0.26220703125 0.4088541666666667 0.26220703125 0.43945312500000006 0.47119140625 0.43945312500000017
0 0.24951171875000003 0.27864583333333337 0.04296875000000003 0.2786458333333333 0.04296875000000003 0.3072916666666667 0.24951171875000006 0.30729166666666674
0 0.68798828125 0.4192708333333335 0.49072265625 0.4192708333333335 0.49072265625 0.44921875000000017 0.68798828125 0.44921875000000017
0 0.68896484375 0.8951822916666666 0.4829101562500001 0.8951822916666666 0.4829101562500001 0.9264322916666666 0.68896484375 0.9264322916666666
0 0.90576171875 0.6406250000000001 0.71044921875 0.6406250000000001 0.71044921875 0.6712239583333334 0.90576171875 0.6712239583333334
0 0.90234375 0.6093750000000001 0.71142578125 0.6093750000000001 0.71142578125 0.6399739583333335 0.90234375 0.6399739583333335
0 0.88916015625 0.16341145833333345 0.7041015625 0.16341145833333345 0.7041015625 0.19140625000000014 0.88916015625 0.19140625000000014
0 0.68798828125 0.6647135416666669 0.4897460937500001 0.6647135416666669 0.4897460937500001 0.6959635416666666 0.68798828125 0.6959635416666666
0 0.47802734375 0.1549479166666667 0.2646484375 0.1549479166666667 0.2646484375 0.18554687500000008 0.47802734375 0.18554687500000008
0 0.25 0.12760416666666669 0.052734375000000014 0.12760416666666666 0.052734375000000014 0.15625000000000003 0.25 0.15625000000000003
0 0.6875 0.5416666666666669 0.4853515625 0.5416666666666669 0.4853515625 0.5716145833333335 0.6875 0.5716145833333335
0 0.90234375 0.5787760416666669 0.70654296875 0.5787760416666669 0.70654296875 0.6093750000000001 0.90234375 0.6093750000000001
0 0.68408203125 0.5104166666666669 0.490234375 0.5104166666666669 0.490234375 0.5403645833333335 0.68408203125 0.5403645833333335
0 0.24951171875000006 0.3684895833333333 0.03906250000000003 0.3684895833333333 0.039062500000000035 0.3990885416666667 0.24951171875000006 0.3990885416666667
0 0.68603515625 0.48046875000000017 0.4873046875 0.48046875000000017 0.4873046875 0.5104166666666669 0.68603515625 0.5104166666666669
0 0.46875 0.28125000000000006 0.26513671875 0.28125000000000006 0.26513671875 0.31315104166666674 0.46875 0.31315104166666674
0 0.6875 0.4505208333333335 0.490234375 0.4505208333333335 0.490234375 0.48046875000000017 0.6875 0.48046875000000017
0 0.8994140625 0.45898437500000017 0.703125 0.45898437500000017 0.703125 0.48828125000000017 0.8994140625 0.48828125000000017
0 0.69287109375 0.7955729166666666 0.4868164062500001 0.7955729166666666 0.4868164062500001 0.828125 0.69287109375 0.828125
0 0.685546875 0.18424479166666677 0.48974609375 0.18424479166666674 0.48974609375 0.2128906250000001 0.685546875 0.21289062500000014
0 0.24072265625000006 0.4622395833333333 0.03417968750000004 0.4622395833333333 0.03417968750000004 0.4928385416666667 0.24072265625000006 0.4928385416666667
0 0.47705078125 0.25195312500000006 0.2666015625 0.25195312500000006 0.2666015625 0.2825520833333334 0.47705078125 0.2825520833333334
0 0.68701171875 0.6927083333333334 0.4907226562500001 0.6927083333333334 0.4907226562500001 0.7239583333333334 0.68701171875 0.7239583333333334
0 0.23925781250000006 0.3372395833333333 0.04101562500000003 0.3372395833333333 0.04101562500000003 0.3678385416666667 0.23925781250000006 0.3678385416666667
0 0.24365234375000006 0.3984375 0.03808593750000004 0.3984375 0.03808593750000004 0.4290364583333333 0.24365234375000006 0.4290364583333333
0 0.6943359375 0.826171875 0.4829101562500001 0.826171875 0.4829101562500001 0.8587239583333334 0.6943359375 0.8587239583333334
0 0.6904296875 0.7291666666666666 0.4868164062500001 0.7291666666666666 0.4868164062500001 0.7604166666666666 0.6904296875 0.7604166666666666
0 0.24267578125000006 0.3072916666666667 0.04492187500000003 0.3072916666666667 0.04492187500000003 0.3372395833333333 0.24267578125000006 0.3372395833333333
0 0.89990234375 0.4876302083333335 0.7060546875 0.4876302083333335 0.7060546875 0.5169270833333335 0.89990234375 0.5169270833333335
0 0.23974609375000006 0.62109375 0.029296875000000056 0.62109375 0.02929687500000006 0.654296875 0.23974609375000006 0.654296875
0 0.90625 0.7037760416666666 0.71142578125 0.7037760416666666 0.71142578125 0.734375 0.90625 0.734375
0 0.90625 0.734375 0.71142578125 0.734375 0.71142578125 0.7662760416666666 0.90625 0.7662760416666666
0 0.888671875 0.13216145833333345 0.70654296875 0.13216145833333345 0.70654296875 0.16406250000000014 0.888671875 0.16406250000000014
0 0.25146484375 0.21809895833333337 0.050292968750000014 0.21809895833333334 0.05029296875000002 0.24804687500000003 0.25146484375 0.24804687500000008
0 0.90234375 0.671875 0.7138671875 0.671875 0.7138671875 0.7037760416666666 0.90234375 0.7037760416666666
0 0.251953125 0.24804687500000003 0.04589843750000003 0.248046875 0.04589843750000003 0.2779947916666667 0.251953125 0.27799479166666674
0 0.24218750000000006 0.556640625 0.031250000000000056 0.556640625 0.031250000000000056 0.5885416666666666 0.24218750000000006 0.5885416666666666
0 0.6875 0.3899739583333335 0.48681640625 0.3899739583333335 0.48681640625 0.4186197916666668 0.6875 0.4186197916666668
0 0.890625 0.24869791666666682 0.70068359375 0.24869791666666682 0.70068359375 0.2779947916666668 0.890625 0.2779947916666668
0 0.4716796875 0.31250000000000006 0.26171875 0.31250000000000006 0.26171875 0.34570312500000006 0.4716796875 0.34570312500000017
0 0.9072265625 0.7662760416666669 0.7138671875 0.7662760416666666 0.7138671875 0.7968750000000001 0.9072265625 0.7968750000000003
0 0.9072265625 0.7981770833333335 0.71337890625 0.7981770833333334 0.71337890625 0.8300781250000001 0.9072265625 0.8300781250000003
0 0.24462890625000006 0.494140625 0.03515625000000004 0.494140625 0.03515625000000004 0.5247395833333334 0.24462890625000006 0.5247395833333334
0 0.4736328125 0.1263020833333334 0.2685546875 0.12630208333333337 0.2685546875 0.1569010416666667 0.4736328125 0.15690104166666674
0 0.24707031250000006 0.4309895833333333 0.03808593750000004 0.4309895833333333 0.03808593750000004 0.4615885416666667 0.24707031250000006 0.4615885416666667
0 0.90283203125 0.5488281250000001 0.70654296875 0.5488281250000001 0.70654296875 0.5781250000000001 0.90283203125 0.5781250000000001
0 0.23974609375000006 0.5891927083333334 0.027343750000000056 0.5891927083333334 0.027343750000000056 0.62109375 0.23974609375000006 0.62109375
0 0.4677734375 0.4739583333333334 0.2607421875 0.4739583333333333 0.2607421875 0.5032552083333334 0.4677734375 0.5032552083333335
0 0.25146484375 0.1842447916666667 0.049804687500000014 0.18424479166666666 0.049804687500000014 0.21484375000000003 0.25146484375 0.21484375000000008
0 0.24121093750000006 0.5240885416666666 0.03222656250000004 0.5240885416666666 0.03222656250000005 0.5559895833333334 0.24121093750000006 0.5559895833333334
0 0.89892578125 0.5175781250000001 0.70703125 0.5175781250000001 0.70703125 0.5481770833333335 0.89892578125 0.5481770833333335
0 0.6865234375 0.15625000000000008 0.49267578125 0.15625000000000008 0.49267578125 0.1835937500000001 0.6865234375 0.18359375000000014
0 0.91015625 0.8274739583333335 0.71435546875 0.8274739583333334 0.71435546875 0.8606770833333335 0.91015625 0.8606770833333336
0 0.89013671875 0.22070312500000014 0.69873046875 0.22070312500000014 0.69873046875 0.24869791666666682 0.89013671875 0.24869791666666682
0 0.68994140625 0.12174479166666675 0.49365234375 0.12174479166666674 0.49365234375 0.15299479166666677 0.68994140625 0.15299479166666677
0 0.25341796875 0.09114583333333336 0.050292968750000014 0.09114583333333333 0.050292968750000014 0.12500000000000003 0.25341796875 0.12500000000000003
0 0.24902343750000006 0.654296875 0.018554687500000062 0.654296875 0.018554687500000062 0.6875 0.24902343750000006 0.6875
0 0.48193359375 0.09309895833333338 0.26904296875 0.09309895833333337 0.26904296875 0.1276041666666667 0.48193359375 0.12760416666666674