0 0.8179384403508121 0.12180528470287064 0.8122440086805557 0.07414632373046876 0.13322524724974555 0.0998167241924117 0.13891967892000207 0.14747568516481357
0 0.810154677862212 0.17005802349285593 0.8053446623263889 0.12509485302734374 0.14922096868609352 0.1473034092971653 0.15403098422191652 0.19226657976267747
0 0.8106181325634627 0.2155868898476809 0.80691546875 0.1731321079101563 0.159006129211075 0.191011261740767 0.16270879302453778 0.2334660436782916
0 0.8090860702701022 0.25924924223351814 0.8060531588541667 0.21825808837890626 0.1678088316175973 0.23319984298063773 0.17084174303353283 0.2741909968352496
0 0.8034976250893019 0.30545332845469253 0.8017407404513889 0.2637821079101562 0.172859717583715 0.27217130828435104 0.17461660222162811 0.31384252882888736
0 0.8014842307856398 0.3476564435531967 0.8000161223958333 0.3089078432617188 0.18249256962685279 0.3163107227825062 0.18396067801665925 0.35505932307398413
0 0.8028079106454011 0.38646670567899466 0.8017407404513888 0.35160759814453124 0.187403102098893 0.3575583193016773 0.18847027229290536 0.3924174268361407
0 0.7989399119670784 0.42720139865136914 0.7982910677083335 0.391337990234375 0.1928134436372071 0.3948040181462228 0.19346228789595213 0.43066742656321694
0 0.7948413940972222 0.4325821079101563 0.20063529427083343 0.4325821079101563 0.20063529427083343 0.4660625 0.7948413940972223 0.4660625
0 0.7888047934027779 0.46988627441406255 0.20065807284729784 0.468430448473126 0.20038473486897132 0.5033703162879 0.7885314554244514 0.5048261422288366
0 0.7857437793784131 0.5077384207677725 0.20816034895833344 0.5056166665039062 0.20777168937158694 0.5390927066736338 0.7853551197916667 0.5412144609375001
0 0.7859580171766569 0.5436491741162033 0.21443398697916682 0.5402438725585937 0.21383108959417677 0.5722598947314531 0.7853551197916668 0.5756651962890627
0 0.7843274102932716 0.5814987395587983 0.21702135069444461 0.5727539213867188 0.21546169647756208 0.604767926945108 0.782767756076389 0.6135127451171875
0 0.7888047934027778 0.6178799018554687 0.22264400868055567 0.6064830883789063 0.22078755392664995 0.635663120558638 0.786948338648872 0.6470599340352005
0 0.762932026041667 0.9927262255859377 0.2713538125000001 0.9573049018554689 0.26596964619774727 0.9809472908680669 0.7575478597394141 1.0163686145985356
0 0.7685367101259213 0.9663855455475774 0.2661790850694447 0.9296470585937501 0.2608610183007912 0.9526556785934447 0.7632186433572679 0.989394165547272
0 0.7710738066851802 0.9372502453840799 0.25927973871527804 0.9073267158203127 0.2545876316828759 0.9327186271745143 0.7663816996527779 0.9626421567382814
0 0.7760576014085034 0.9086363209067533 0.2566923750000002 0.8757870097656248 0.25132845588316344 0.9026202967690278 0.7706936822916668 0.9354696079101562
0 0.780532965209712 0.8794303632716783 0.255748584201389 0.8516659311523438 0.25108402871389945 0.879562283700978 0.7758684097222225 0.9073267158203125
0 0.777905559938757 0.8490552507697452 0.24634335503472238 0.8219561274414062 0.24171884110290995 0.8506579845818174 0.7732810460069446 0.8777571079101564
0 0.7737648018416283 0.815989857865869 0.2391965138888891 0.7892063725585937 0.23431364200691795 0.820042262283357 0.7688819299596572 0.8468257475906322
0 0.7715614659142979 0.7844835210303263 0.2359943359375001 0.7599053920898439 0.23167687870375803 0.7896726064110801 0.7672440086805558 0.8142507353515624
0 0.777605414211608 0.7510378153618635 0.232544662326389 0.7288512255859375 0.2282202941217255 0.762465371161574 0.7732810460069445 0.7846519609375
0 0.7826511850257722 0.7176941814077366 0.23035421417012192 0.6951404667488048 0.22615880258185003 0.7276472658098182 0.7784557734375004 0.75020098046875
0 0.7825944829973546 0.6834495249551518 0.2308200434027779 0.6662571079101562 0.22754364287070125 0.6995281713339109 0.7793180824652779 0.7167205883789064
0 0.7754680899137077 0.6498217981541927 0.22564531597222232 0.638599509765625 0.22345827206545904 0.6725029567286196 0.7732810460069445 0.6837252451171874