0 0.9204454388895067 0.16790160387042322 0.9174167135416668 0.12449903710937502 0.27872094260135366 0.13860113004891653 0.2817496679491936 0.18200369680996473
0 0.9205865953074883 0.2113578588069058 0.9175982855902779 0.170425171875 0.278910431683461 0.1851784681473496 0.28189874140067145 0.2261111550792554
0 0.9153863220323015 0.25111540309238634 0.9124871154513888 0.21301887500000002 0.28646158005339956 0.22809295672216962 0.28936078663431225 0.26618948481455595
0 0.919576268930417 0.29254102168769536 0.916780833333333 0.2544957973632813 0.2896010399700804 0.26907676860099317 0.2923964755671642 0.3071219929254072
0 0.9152790841116717 0.3341815467481672 0.912513658351087 0.29688252669944315 0.29536883333333336 0.3113601318359375 0.298134259093918 0.34865915188466157
0 0.9097232422283746 0.3720114580116581 0.9073172725694444 0.3372591235351563 0.3046100815563475 0.3504616665000608 0.30701605121527786 0.38521400097656255
0 0.9147374022298013 0.4114219942411173 0.9123685451388889 0.37628242919921867 0.3071354756447496 0.38919195182082744 0.3095043327356621 0.4243315168627261
0 0.9094430797208476 0.4462703353059585 0.9070374479166667 0.4135605356445312 0.31875701073295026 0.42724981961787756 0.32116264253713117 0.45995961927930484
0 0.9080846125975233 0.48409276687427194 0.9060008333333331 0.45079647265625 0.320672066221921 0.46238693429760314 0.322755845486111 0.4956832285156251
0 0.9044735377010719 0.5183851169434576 0.9023053386084183 0.48665803429909577 0.3176945824652777 0.4992990180664063 0.31986278155793113 0.5310261007107681
0 0.9066415634889436 0.557028998417271 0.9047418802083332 0.5242066166992188 0.32602211653438373 0.5348046303885908 0.32792179981499403 0.5676270121066431
0 0.9047264380869997 0.5894456369282784 0.9025768624131525 0.5570269932561174 0.3326620251736111 0.5689837368164062 0.3348116008474582 0.6014023804885673
0 0.8950478263888889 0.9959483852539063 0.8944373780747676 0.9742001788088864 0.37399629554360725 0.9788223079660033 0.3746067438577285 1.000570514411023
0 0.9013700297420321 0.9741391443944839 0.900777782986111 0.947547084472656 0.3660028444871849 0.9513155696361723 0.36659509124310596 0.9779076295580001
0 0.9038934174773419 0.9475164909071148 0.9029334765625 0.9165849575195312 0.3653351971524651 0.9218638884076816 0.366295138067307 0.9527954217952652
0 0.9070219267806391 0.9145920264210589 0.9059503228752995 0.8855634730253038 0.3589123819444444 0.8919530395507812 0.35998398584978397 0.9209815929465363
0 0.9066163738025431 0.8841404874555359 0.9055610988536967 0.8554727038950914 0.3553700798611111 0.8618808154296878 0.3564253548099576 0.8905485989901322
0 0.9065604788218415 0.8541600405423312 0.9050816343267503 0.8233562061838474 0.35068916666666666 0.8317775249023437 0.3521680111617578 0.8625813592608275
0 0.8999525162898373 0.825297419074816 0.898636079861111 0.7919543955078125 0.3541991777660252 0.7987556264191761 0.35551561419475153 0.8320986499861796
0 0.9074042186940598 0.7913702567648397 0.9058025500615307 0.7576956377119328 0.3472846901041666 0.7661009160156249 0.34888635873669593 0.7997755350685318
0 0.9076024427083331 0.7594750712890626 0.9060433995057307 0.7266079451715659 0.34554599652777773 0.7350202514648436 0.3471050397303803 0.7678873775823403
0 0.9049166180502505 0.7286164825776421 0.9031277824394643 0.6930233342488831 0.3350154305555555 0.7020574013671874 0.3368042661663415 0.7376505496959465
0 0.9032085464713404 0.6943648717606714 0.9018109626736113 0.6610235371093751 0.33763891654130074 0.6685061192643488 0.33903650033903 0.7018474539156451
0 0.9017213583820745 0.6605366393719542 0.9003952303064353 0.6267034369819274 0.33534006076388884 0.6337111816406251 0.336666188839528 0.6675443840306519
0 0.9056298529548256 0.6261659573755185 0.9041245494791667 0.592350580078125 0.3305188566831816 0.6004297795978123 0.33202416015884034 0.6342451568952058