0 0.7648148148148148 0.3489583333333333 0.24814814814814826 0.3489583333333333 0.24814814814814826 0.3807291666666667 0.7648148148148148 0.3807291666666667
0 0.7638888888888888 0.31666666666666665 0.24814814814814826 0.31666666666666665 0.24814814814814826 0.3484375 0.7638888888888888 0.3484375
0 0.7657407407407407 0.2828125 0.2453703703703705 0.2828125 0.2453703703703705 0.315625 0.7657407407407407 0.315625
0 0.7518518518518521 0.7552083333333334 0.2685185185185187 0.7552083333333334 0.2685185185185187 0.784375 0.7518518518518521 0.784375
0 0.7675925925925926 0.24843750000000003 0.2425925925925927 0.2484375 0.2425925925925927 0.28177083333333336 0.7675925925925926 0.28177083333333336
0 0.7648148148148148 0.38177083333333334 0.2537037037037038 0.38177083333333334 0.2537037037037038 0.41302083333333334 0.7648148148148148 0.41302083333333334
0 0.7685185185185185 0.21302083333333335 0.24074074074074073 0.21302083333333333 0.24074074074074078 0.24739583333333337 0.7685185185185185 0.2473958333333334
0 0.7518518518518521 0.7255208333333333 0.2685185185185187 0.7255208333333333 0.2685185185185187 0.7552083333333334 0.7518518518518521 0.7552083333333334
0 0.7703703703703704 0.17656250000000004 0.24074074074074073 0.1765625 0.24074074074074073 0.20989583333333336 0.7703703703703704 0.2098958333333334
0 0.7611111111111113 0.6322916666666667 0.2666666666666668 0.6322916666666667 0.2666666666666668 0.6645833333333333 0.7611111111111113 0.6645833333333333
0 0.7601851851851853 0.48072916666666665 0.2564814814814816 0.48072916666666665 0.2564814814814816 0.5104166666666666 0.7601851851851854 0.5104166666666666
0 0.7601851851851854 0.603125 0.26574074074074083 0.603125 0.26574074074074083 0.6317708333333333 0.7601851851851854 0.6317708333333333
0 0.7611111111111113 0.5739583333333333 0.263888888888889 0.5739583333333333 0.263888888888889 0.6020833333333333 0.7611111111111113 0.6020833333333333
0 0.7453703703703706 0.8416666666666667 0.26944444444444465 0.8416666666666667 0.26944444444444465 0.8697916666666666 0.7453703703703706 0.8697916666666666
0 0.7611111111111111 0.4161458333333333 0.2537037037037038 0.4161458333333333 0.2537037037037038 0.44635416666666666 0.7611111111111111 0.44635416666666666
0 0.7601851851851854 0.5130208333333334 0.2601851851851853 0.5130208333333334 0.2601851851851853 0.5421875 0.7601851851851854 0.5421875
0 0.7537037037037039 0.696875 0.2675925925925927 0.696875 0.26759259259259277 0.7260416666666667 0.7537037037037039 0.7260416666666667
0 0.7731481481481481 0.14114583333333336 0.23703703703703705 0.14114583333333333 0.23703703703703705 0.17552083333333338 0.7731481481481481 0.1755208333333334
0 0.7611111111111113 0.5432291666666667 0.26111111111111124 0.5432291666666667 0.26111111111111124 0.5713541666666667 0.7611111111111113 0.5713541666666667
0 0.7462962962962965 0.8140625 0.2685185185185187 0.8140625 0.2685185185185187 0.8421875 0.7462962962962965 0.8421875
0 0.7722222222222223 0.10312500000000005 0.2361111111111111 0.10312500000000004 0.23611111111111113 0.1385416666666667 0.7722222222222223 0.13854166666666673
0 0.7694444444444445 0.06458333333333337 0.23333333333333334 0.06458333333333335 0.23333333333333334 0.10156250000000004 0.7694444444444445 0.10156250000000006
0 0.7574074074074076 0.665625 0.2666666666666668 0.665625 0.2666666666666668 0.6963541666666667 0.7574074074074076 0.6963541666666667
0 0.7490740740740743 0.7833333333333333 0.2675925925925928 0.7833333333333333 0.2675925925925928 0.8135416666666667 0.7490740740740743 0.8135416666666667
0 0.7601851851851852 0.44895833333333335 0.25925925925925936 0.44895833333333335 0.25925925925925936 0.4791666666666667 0.7601851851851852 0.4791666666666667
0 0.7407407407407409 0.8958333333333334 0.27314814814814836 0.8958333333333334 0.27314814814814836 0.925 0.7407407407407409 0.925
0 0.7416666666666669 0.8692708333333333 0.2712962962962965 0.8692708333333333 0.2712962962962965 0.8958333333333334 0.7416666666666669 0.8958333333333334