0 0.79375 0.3572916666666668 0.60390625 0.3572916666666668 0.60390625 0.39270833333333344 0.79375 0.39270833333333344
0 0.79453125 0.32187500000000013 0.60078125 0.32187500000000013 0.60078125 0.35833333333333345 0.79453125 0.35833333333333345
0 0.55078125 0.4395833333333334 0.35703125 0.4395833333333333 0.35703125 0.47604166666666675 0.55078125 0.4760416666666668
0 0.54453125 0.16145833333333343 0.35234375 0.1614583333333334 0.35234375 0.19687500000000008 0.54453125 0.1968750000000001
0 0.29609375 0.4083333333333333 0.09921875000000005 0.4083333333333333 0.09921875000000005 0.44479166666666664 0.29609375 0.44479166666666664
0 0.29375 0.2354166666666667 0.09765625000000003 0.23541666666666666 0.09765625000000003 0.271875 0.29375 0.271875
0 0.5515625 0.578125 0.3554687500000001 0.578125 0.3554687500000001 0.615625 0.5515625 0.615625
0 0.7890625 0.18541666666666679 0.6 0.18541666666666679 0.6 0.22187500000000013 0.7890625 0.22187500000000013
0 0.2953125 0.2708333333333333 0.09609375000000002 0.2708333333333333 0.09609375000000002 0.3072916666666667 0.2953125 0.3072916666666667
0 0.790625 0.21979166666666677 0.60078125 0.21979166666666677 0.60078125 0.25625000000000014 0.790625 0.25625000000000014
0 0.2992187500000001 0.6197916666666666 0.09843750000000007 0.6197916666666666 0.09843750000000007 0.65625 0.2992187500000001 0.65625
0 0.29375 0.30625 0.09765625000000003 0.30625 0.09765625000000003 0.34270833333333334 0.29375 0.34270833333333334
0 0.54609375 0.30000000000000004 0.35625 0.3 0.35625 0.3375000000000001 0.54609375 0.33750000000000013
0 0.2953125 0.44479166666666664 0.09843750000000004 0.44479166666666664 0.09843750000000004 0.4822916666666667 0.2953125 0.4822916666666667
0 0.2921875 0.16666666666666669 0.09687500000000002 0.16666666666666666 0.09687500000000002 0.20312500000000003 0.2921875 0.20312500000000006
0 0.55078125 0.4729166666666667 0.35546875 0.47291666666666665 0.35546875000000006 0.5104166666666667 0.55078125 0.5104166666666667
0 0.55 0.40312500000000007 0.35625 0.403125 0.35625 0.44062500000000004 0.55 0.4406250000000001
0 0.29375 0.33958333333333335 0.09765625000000003 0.33958333333333335 0.09765625000000003 0.37604166666666666 0.29375 0.37604166666666666
0 0.78984375 0.15312500000000012 0.59765625 0.15312500000000012 0.59765625 0.18854166666666677 0.78984375 0.18854166666666677
0 0.79375 0.2864583333333334 0.60078125 0.2864583333333334 0.60078125 0.3229166666666668 0.79375 0.3229166666666668
0 0.54765625 0.33437500000000003 0.35390625 0.334375 0.35390625 0.3708333333333334 0.54765625 0.37083333333333346
0 0.81015625 0.6708333333333335 0.61015625 0.6708333333333333 0.61015625 0.7072916666666668 0.81015625 0.7072916666666669
0 0.54609375 0.26458333333333345 0.3546875 0.2645833333333334 0.3546875 0.30000000000000004 0.54609375 0.3000000000000001
0 0.803125 0.5281250000000001 0.60703125 0.5281250000000001 0.60703125 0.5656250000000002 0.803125 0.5656250000000003
0 0.54453125 0.19583333333333341 0.35390625 0.1958333333333334 0.35390625 0.2312500000000001 0.54453125 0.23125000000000012
0 0.55078125 0.5447916666666667 0.3570312500000001 0.5447916666666667 0.3570312500000001 0.5802083333333333 0.55078125 0.5802083333333333
0 0.796875 0.3906250000000001 0.60625 0.3906250000000001 0.60625 0.4270833333333334 0.796875 0.4270833333333334
0 0.29609375000000004 0.4791666666666667 0.09765625000000004 0.4791666666666667 0.09765625000000004 0.515625 0.2960937500000001 0.515625
0 0.5421875 0.12812500000000007 0.35078125 0.12812500000000007 0.35078125 0.16354166666666672 0.5421875 0.16354166666666672
0 0.81171875 0.7052083333333334 0.6109375 0.7052083333333333 0.6109375 0.7427083333333334 0.81171875 0.7427083333333335
0 0.29765625000000007 0.5135416666666667 0.09765625000000004 0.5135416666666667 0.09765625000000004 0.55 0.29765625000000007 0.55
0 0.79296875 0.2531250000000001 0.59921875 0.2531250000000001 0.59921875 0.2885416666666668 0.79296875 0.2885416666666668
0 0.55078125 0.509375 0.35625000000000007 0.509375 0.35625000000000007 0.5447916666666667 0.55078125 0.5447916666666667
0 0.55234375 0.6145833333333334 0.35625000000000007 0.6145833333333334 0.35625000000000007 0.6520833333333333 0.55234375 0.6520833333333333
0 0.5453125 0.23020833333333343 0.35546875 0.2302083333333334 0.35546875 0.2656250000000001 0.5453125 0.2656250000000001
0 0.29296875 0.20208333333333336 0.09765625000000003 0.20208333333333334 0.09765625000000003 0.23750000000000002 0.29296875 0.23750000000000007
0 0.296875 0.375 0.09609375000000005 0.375 0.09609375000000005 0.4114583333333333 0.296875 0.4114583333333333
0 0.29140625 0.13437500000000002 0.09687500000000002 0.134375 0.09687500000000002 0.1697916666666667 0.29140625 0.16979166666666673
0 0.8015625 0.49270833333333347 0.60546875 0.49270833333333347 0.60546875 0.5302083333333335 0.8015625 0.5302083333333335
0 0.54921875 0.3687500000000001 0.3546875 0.36875 0.3546875 0.4052083333333334 0.54921875 0.40520833333333345
0 0.553125 0.6864583333333333 0.3570312500000001 0.6864583333333333 0.3570312500000001 0.7270833333333333 0.553125 0.7270833333333333
0 0.29765625000000007 0.5479166666666667 0.09765625000000004 0.5479166666666667 0.09765625000000004 0.584375 0.29765625000000007 0.584375
0 0.78828125 0.11666666666666677 0.5984375 0.11666666666666675 0.5984375 0.15312500000000012 0.78828125 0.15312500000000012
0 0.80546875 0.5645833333333334 0.60703125 0.5645833333333333 0.60703125 0.6020833333333334 0.80546875 0.6020833333333335
0 0.79921875 0.42395833333333344 0.60625 0.42395833333333344 0.60625 0.4604166666666668 0.79921875 0.4604166666666668
0 0.553125 0.6510416666666666 0.3554687500000001 0.6510416666666666 0.3554687500000001 0.6875 0.553125 0.6875
0 0.2984375000000001 0.5833333333333334 0.09843750000000004 0.5833333333333334 0.09843750000000005 0.6208333333333333 0.2984375000000001 0.6208333333333333
0 0.80859375 0.6343750000000001 0.609375 0.634375 0.609375 0.6718750000000001 0.80859375 0.6718750000000002
0 0.8 0.45937500000000014 0.60625 0.45937500000000014 0.60625 0.4947916666666668 0.8 0.4947916666666668
0 0.81171875 0.7406250000000001 0.61171875 0.740625 0.61171875 0.7781250000000001 0.81171875 0.7781250000000003
0 0.3000000000000001 0.65625 0.09921875000000006 0.65625 0.09921875000000006 0.69375 0.3000000000000001 0.69375
0 0.80703125 0.5979166666666668 0.6078125 0.5979166666666667 0.6078125 0.6364583333333335 0.80703125 0.6364583333333336
0 0.790625 0.0843750000000001 0.596875 0.08437500000000009 0.596875 0.1187500000000001 0.790625 0.11875000000000012
0 0.5546875 0.7229166666666667 0.3554687500000001 0.7229166666666667 0.3554687500000001 0.7604166666666666 0.5546875 0.7604166666666666
0 0.2921875 0.09895833333333338 0.09765625 0.09895833333333336 0.09765625000000001 0.13333333333333336 0.2921875 0.1333333333333334
0 0.5453125 0.09583333333333341 0.353125 0.0958333333333334 0.353125 0.12812500000000007 0.5453125 0.1281250000000001