0 0.8721656406098448 0.364647644058377 0.8716527777777778 0.31145094677734375 0.12671227330801493 0.31372333849951406 0.12722513614008188 0.3669200357805473
0 0.842728240451389 0.73706905078125 0.15502611828173135 0.7364578717036845 0.1549234400590724 0.7730135866338587 0.8426255622287301 0.7736247657114241
0 0.8415291666666667 0.6495893452148437 0.15138425954861123 0.6469248364257811 0.15086932837966538 0.6891253138749905 0.8410142354977208 0.6917898226640531
0 0.8469726848958335 0.6116610654296876 0.15018379600694456 0.6022334082031251 0.1484254480349868 0.6433528595441916 0.8452143369238757 0.6527805167707541
0 0.851387037326389 0.5137486889648438 0.12907222222222234 0.5084486948242187 0.12810270272401036 0.5502560538862753 0.850417517828177 0.5555560480269004
0 0.8615199071180557 0.46500372412109375 0.1297143515625001 0.462608869140625 0.12922952191194492 0.509484886634544 0.8610350774675005 0.5118797416150128
0 0.8651787039930556 0.41481804150390633 0.12971435156250008 0.41383647314453126 0.1295011877837618 0.46437231919688693 0.8649655402143173 0.465353887556262
0 0.8760261904385415 0.25442593358651144 0.8753879626736112 0.20767801416015624 0.10284417935312516 0.21101520899161358 0.10348240711805556 0.2577631284179688
0 0.8363048450770112 0.7827550908971832 0.1691490737847224 0.7786694306640625 0.16849932158965583 0.8122399305871918 0.8356550928819445 0.8163255908203125
0 0.8654513888888888 0.25781250000000006 0.11111111111111116 0.2578125 0.11111111111111116 0.31054687500000006 0.8654513888888888 0.3105468750000001
0 0.8472222222222224 0.69482421875 0.14409722222222238 0.69482421875 0.14409722222222238 0.7353515625 0.8472222222222224 0.7353515625
0 0.8736941473227607 0.40965845807602613 0.8733074071180555 0.363634486328125 0.12200446378835032 0.3656320258106926 0.12239120399305557 0.4116559975585937
0 0.8627500000000002 0.5580923847656251 0.1316291666666668 0.5527305000000001 0.13064895220836992 0.5950205151636186 0.8617697855417034 0.6003823999292436