0 0.57861328125 0.2376302083333334 0.39990234375 0.2376302083333334 0.39990234375 0.26171875000000006 0.57861328125 0.26171875000000006
0 0.93505859375 0.5299479166666669 0.76806640625 0.5299479166666669 0.76806640625 0.5540364583333335 0.93505859375 0.5540364583333335
0 0.5693359375 0.6015625000000001 0.400390625 0.6015625 0.40039062500000006 0.6250000000000001 0.5693359375 0.6250000000000001
0 0.74609375 0.703125 0.5830078125 0.703125 0.5830078125 0.7252604166666666 0.74609375 0.7252604166666666
0 0.57080078125 0.3977864583333334 0.40283203125 0.3977864583333333 0.40283203125 0.42252604166666674 0.57080078125 0.4225260416666668
0 0.56982421875 0.4759114583333334 0.404296875 0.4759114583333333 0.404296875 0.5000000000000001 0.56982421875 0.5000000000000001
0 0.3876953125 0.4446614583333333 0.21337890625000006 0.4446614583333333 0.21337890625000006 0.46875 0.3876953125 0.46875
0 0.19238281250000006 0.5787760416666666 0.020019531250000056 0.5787760416666666 0.020019531250000056 0.6015625 0.19238281250000006 0.6015625
0 0.19824218750000006 0.6803385416666666 0.024902343750000062 0.6803385416666666 0.024902343750000062 0.7037760416666666 0.19824218750000006 0.7037760416666666
0 0.18994140625000006 0.4205729166666667 0.011718750000000038 0.4205729166666667 0.01171875000000004 0.4446614583333333 0.18994140625000006 0.4446614583333333
0 0.38769531250000006 0.6022135416666666 0.21582031250000006 0.6022135416666666 0.21582031250000006 0.625 0.3876953125000001 0.625
0 0.7431640625 0.6783854166666666 0.5830078125 0.6783854166666666 0.5830078125 0.7005208333333334 0.7431640625 0.7005208333333334
0 0.38818359375 0.5240885416666666 0.21240234375000006 0.5240885416666666 0.21240234375000006 0.5475260416666666 0.38818359375 0.5475260416666666
0 0.75048828125 0.5520833333333335 0.5830078125 0.5520833333333335 0.5830078125 0.5761718750000001 0.75048828125 0.5761718750000001
0 0.57666015625 0.2649739583333334 0.400390625 0.2649739583333334 0.400390625 0.2903645833333334 0.57666015625 0.2903645833333334
0 0.9404296875 0.4537760416666668 0.77197265625 0.4537760416666668 0.77197265625 0.4772135416666668 0.9404296875 0.4772135416666668
0 0.38525390625 0.390625 0.21142578125000006 0.390625 0.21142578125000006 0.4147135416666667 0.38525390625 0.4147135416666667
0 0.19042968750000006 0.3665364583333333 0.010253906250000035 0.3665364583333333 0.010253906250000035 0.3919270833333333 0.19042968750000006 0.3919270833333333
0 0.9287109375 0.6575520833333335 0.7666015625 0.6575520833333335 0.7666015625 0.6796875000000001 0.9287109375 0.6796875000000003
0 0.931640625 0.6321614583333335 0.765625 0.6321614583333335 0.765625 0.6549479166666669 0.931640625 0.6549479166666669
0 0.95166015625 0.32031250000000017 0.7763671875 0.32031250000000017 0.7763671875 0.3450520833333335 0.95166015625 0.3450520833333335
0 0.3891601562500001 0.6536458333333334 0.21435546875000006 0.6536458333333334 0.21435546875000006 0.6751302083333334 0.3891601562500001 0.6751302083333334
0 0.75048828125 0.5781250000000001 0.58251953125 0.5781250000000001 0.58251953125 0.6015625000000001 0.75048828125 0.6015625000000001
0 0.5693359375 0.6276041666666667 0.4008789062500001 0.6276041666666666 0.4008789062500001 0.6497395833333334 0.5693359375 0.6497395833333335
0 0.93408203125 0.5566406250000001 0.76806640625 0.5566406250000001 0.76806640625 0.5800781250000001 0.93408203125 0.5800781250000001
0 0.94580078125 0.3756510416666668 0.77734375 0.3756510416666668 0.77734375 0.3997395833333335 0.94580078125 0.3997395833333335
0 0.748046875 0.6035156250000001 0.58349609375 0.6035156250000001 0.58349609375 0.6256510416666669 0.748046875 0.6256510416666669
0 0.93310546875 0.6074218750000001 0.7666015625 0.6074218750000001 0.7666015625 0.6302083333333335 0.93310546875 0.6302083333333335
0 0.56884765625 0.5768229166666667 0.40185546875 0.5768229166666666 0.40185546875 0.5996093750000001 0.56884765625 0.5996093750000001
0 0.3857421875000001 0.703125 0.22070312500000006 0.703125 0.22070312500000006 0.7265625 0.3857421875000001 0.7265625
0 0.5732421875 0.31835937500000006 0.40380859375 0.31835937500000006 0.40380859375 0.34375000000000006 0.5732421875 0.34375000000000017
0 0.75439453125 0.47656250000000017 0.587890625 0.47656250000000017 0.587890625 0.5000000000000001 0.75439453125 0.5000000000000001
0 0.18847656250000006 0.5 0.01562500000000005 0.5 0.01562500000000005 0.5240885416666666 0.18847656250000006 0.5240885416666666
0 0.5673828125 0.7024739583333334 0.4018554687500001 0.7024739583333334 0.4018554687500001 0.7252604166666666 0.5673828125 0.7252604166666666
0 0.19335937500000006 0.6549479166666666 0.022460937500000062 0.6549479166666666 0.022460937500000062 0.6783854166666666 0.19335937500000006 0.6783854166666666
0 0.943359375 0.4270833333333335 0.77294921875 0.4270833333333335 0.77294921875 0.4518229166666668 0.943359375 0.4518229166666668
0 0.3876953125 0.470703125 0.21435546875000006 0.470703125 0.21435546875000006 0.4947916666666667 0.3876953125 0.4947916666666667
0 0.19189453125000006 0.3111979166666667 0.0034179687500000286 0.3111979166666667 0.00341796875000003 0.3359375 0.19189453125000006 0.3359375
0 0.5732421875 0.4505208333333334 0.40380859375 0.4505208333333333 0.40380859375 0.47330729166666674 0.5732421875 0.4733072916666668
0 0.9384765625 0.5058593750000001 0.7705078125 0.5058593750000001 0.7705078125 0.5299479166666669 0.9384765625 0.5299479166666669
0 0.3876953125 0.3352864583333333 0.20849609375000006 0.3352864583333333 0.20849609375000006 0.361328125 0.3876953125 0.361328125
0 0.7470703125 0.6536458333333335 0.583984375 0.6536458333333335 0.583984375 0.67578125 0.7470703125 0.67578125
0 0.57275390625 0.37174479166666674 0.404296875 0.3717447916666667 0.404296875 0.39713541666666674 0.57275390625 0.3971354166666668
0 0.7529296875 0.5013020833333335 0.5869140625 0.5013020833333335 0.5869140625 0.5247395833333335 0.7529296875 0.5247395833333335
0 0.19140625000000006 0.4466145833333333 0.01660156250000004 0.4466145833333333 0.01660156250000004 0.470703125 0.19140625000000006 0.470703125
0 0.19287109375000006 0.5260416666666666 0.01904296875000005 0.5260416666666666 0.01904296875000005 0.5501302083333334 0.19287109375000006 0.5501302083333334
0 0.38623046875 0.576171875 0.21533203125000006 0.576171875 0.21533203125000006 0.6002604166666666 0.38623046875 0.6002604166666666
0 0.3842773437500001 0.677734375 0.21679687500000006 0.677734375 0.21679687500000006 0.6998697916666666 0.3842773437500001 0.6998697916666666
0 0.19677734375000006 0.7063802083333334 0.023925781250000062 0.7063802083333334 0.023925781250000066 0.7291666666666666 0.19677734375000006 0.7291666666666666
0 0.38623046875 0.55078125 0.21435546875000006 0.55078125 0.21435546875000006 0.5735677083333334 0.38623046875 0.5735677083333334
0 0.57177734375 0.5266927083333334 0.4052734375 0.5266927083333334 0.4052734375 0.5488281250000001 0.57177734375 0.5488281250000001
0 0.39013671875 0.4967447916666667 0.21435546875000006 0.4967447916666667 0.21435546875000006 0.521484375 0.39013671875 0.521484375
0 0.572265625 0.42447916666666674 0.40478515625 0.4244791666666667 0.40478515625 0.4485677083333334 0.572265625 0.4485677083333335
0 0.19335937500000006 0.603515625 0.022460937500000056 0.603515625 0.022460937500000056 0.6263020833333334 0.19335937500000006 0.6263020833333334
0 0.56982421875 0.5026041666666667 0.40185546875 0.5026041666666666 0.40185546875 0.5253906250000001 0.56982421875 0.5253906250000001
0 0.9296875 0.6829427083333335 0.763671875 0.6829427083333334 0.763671875 0.7037760416666669 0.9296875 0.703776041666667
0 0.74609375 0.6289062500000001 0.5849609375 0.6289062500000001 0.5849609375 0.6516927083333335 0.74609375 0.6516927083333335
0 0.57470703125 0.34570312500000006 0.40087890625 0.345703125 0.40087890625 0.36979166666666674 0.57470703125 0.3697916666666668
0 0.94482421875 0.4016927083333335 0.779296875 0.4016927083333335 0.779296875 0.4264322916666668 0.94482421875 0.4264322916666668
0 0.9462890625 0.3489583333333335 0.77734375 0.3489583333333335 0.77734375 0.3736979166666668 0.9462890625 0.3736979166666668
0 0.3896484375 0.3645833333333333 0.20751953125000006 0.3645833333333333 0.20751953125000006 0.388671875 0.3896484375 0.388671875
0 0.3818359375 0.2799479166666667 0.2060546875 0.2799479166666667 0.20605468750000003 0.30598958333333337 0.3818359375 0.3059895833333334
0 0.93505859375 0.5813802083333335 0.767578125 0.5813802083333335 0.767578125 0.6041666666666669 0.93505859375 0.6041666666666669
0 0.18750000000000006 0.3391927083333333 0.007812500000000031 0.3391927083333333 0.007812500000000033 0.3645833333333333 0.18750000000000006 0.3645833333333333
0 0.19433593750000006 0.5520833333333334 0.01953125000000005 0.5520833333333334 0.019531250000000052 0.5755208333333334 0.19433593750000006 0.5755208333333334
0 0.56640625 0.67578125 0.4003906250000001 0.67578125 0.4003906250000001 0.6979166666666666 0.56640625 0.6979166666666666
0 0.38525390625 0.3092447916666667 0.20898437500000006 0.3092447916666667 0.20898437500000006 0.3346354166666667 0.38525390625 0.3346354166666667
0 0.3876953125 0.41796875 0.21142578125000006 0.41796875 0.21142578125000006 0.443359375 0.3876953125 0.443359375
0 0.19433593750000006 0.47265625 0.014160156250000045 0.47265625 0.014160156250000045 0.49609375 0.19433593750000006 0.49609375
0 0.56884765625 0.6510416666666667 0.4033203125000001 0.6510416666666666 0.4033203125000001 0.6744791666666666 0.56884765625 0.6744791666666666
0 0.3896484375000001 0.626953125 0.21630859375000006 0.626953125 0.21630859375000006 0.650390625 0.3896484375000001 0.650390625
0 0.9248046875 0.7063802083333335 0.76513671875 0.7063802083333334 0.76513671875 0.7285156250000001 0.9248046875 0.7285156250000003
0 0.75244140625 0.5279947916666669 0.5849609375 0.5279947916666669 0.5849609375 0.5527343750000001 0.75244140625 0.5527343750000001
0 0.57373046875 0.29166666666666674 0.40185546875 0.29166666666666674 0.40185546875 0.31705729166666674 0.57373046875 0.31705729166666674
0 0.57080078125 0.5520833333333334 0.40234375 0.5520833333333334 0.40234375 0.5748697916666667 0.57080078125 0.5748697916666669
0 0.18750000000000006 0.3938802083333333 0.010742187500000035 0.3938802083333333 0.010742187500000036 0.4192708333333333 0.18750000000000006 0.4192708333333333
0 0.19238281250000006 0.6295572916666666 0.021972656250000056 0.6295572916666666 0.02197265625000006 0.6536458333333334 0.19238281250000006 0.6536458333333334
0 0.94091796875 0.4791666666666668 0.771484375 0.4791666666666668 0.771484375 0.5039062500000001 0.94091796875 0.5039062500000001
0 0.92529296875 0.7324218750000001 0.7607421875 0.732421875 0.7607421875 0.7584635416666669 0.92529296875 0.758463541666667
0 0.20068359375000006 0.73046875 0.02246093750000007 0.73046875 0.02246093750000007 0.75390625 0.20068359375000006 0.75390625
0 0.38720703125 0.25390625000000006 0.2041015625 0.25390625 0.2041015625 0.27734375000000006 0.38720703125 0.27734375000000006
0 0.5673828125 0.7272135416666666 0.4023437500000001 0.7272135416666666 0.4023437500000001 0.7545572916666666 0.5673828125 0.7545572916666666
0 0.7470703125 0.7291666666666666 0.58203125 0.7291666666666666 0.58203125 0.7565104166666666 0.7470703125 0.7565104166666666
0 0.3847656250000001 0.73046875 0.21923828125000006 0.73046875 0.21923828125000006 0.751953125 0.3847656250000001 0.751953125
0 0.75830078125 0.4518229166666668 0.58837890625 0.4518229166666668 0.58837890625 0.47265625000000017 0.75830078125 0.47265625000000017