0 0.8023933516068227 0.9021122868571062 0.10175458748002798 0.8986192258754852 0.10103346614583354 0.9443850610351563 0.8016722302726282 0.9478781220167773
0 0.8025575755453409 0.857460212195049 0.11626945041602123 0.852815263427319 0.11534811879429174 0.8958864252557077 0.8016362439236113 0.9005313740234377
0 0.8039255286458334 0.8138190107421875 0.12013379926428813 0.8061038766171194 0.11860612934027798 0.8489444174804688 0.8023978587218232 0.856659551605537
0 0.8104140805980082 0.7711398890291299 0.12576877925746968 0.7590847686108769 0.12330963628472243 0.8032746577148439 0.8079549376252609 0.8153297781330968
0 0.8111809690905112 0.7263551126983295 0.1317859655450788 0.713004243562186 0.1291505190972224 0.755438056640625 0.8085455226426548 0.7687889257767686
0 0.8153092414079314 0.6852453285666217 0.14282371656607742 0.6682072973653632 0.13954111284722234 0.7092019340820312 0.8120266376890762 0.7262399652832897
0 0.8173079716042189 0.6439492232409573 0.1505722490441547 0.6257320167978884 0.14713798350694463 0.6655015844726562 0.8138737060670088 0.6837187909157251
0 0.8163396991292156 0.6038983677547424 0.15962764978666188 0.5819849563823918 0.15524280815972236 0.6235629912109374 0.8119548575022759 0.645476402583288
0 0.8171106067708337 0.5747735439453125 0.1711404197107603 0.541167765814541 0.1645514800347224 0.5812414345703126 0.8105216670947958 0.6148472127010842
0 0.8265828725517296 0.5334190688672329 0.17155676550693785 0.4975084234694212 0.164741628452786 0.5368412400527481 0.8197677354975776 0.5727518854505599
0 0.8369500326747586 0.4962556568924769 0.18105445709158022 0.45652730227407595 0.1735165164930557 0.49590332861328124 0.8294120920762341 0.5356316832316822
0 0.8775167292124686 0.11631756983988209 0.26573692144457284 0.06121244464615877 0.2554384863582344 0.09738835216140908 0.8672182941261302 0.1524934773551324
0 0.8792938083481812 0.15606005317923394 0.2528704361961612 0.10282571440405136 0.24465737871603566 0.13340490634200497 0.8710807508680556 0.18663924511718755
0 0.8824235449555948 0.19288215126116132 0.24109650389154502 0.13782146410273835 0.23198840798611117 0.17138831298828128 0.8733154490501609 0.22644900014670424
0 0.8668716743773585 0.22952403490337678 0.23529767741456828 0.1775458753680466 0.22667382031250005 0.2107009453125 0.8582478172752902 0.2626791048478302
0 0.8625211119570095 0.26660269374639295 0.22303069806760922 0.21546663714893072 0.21393727343750002 0.251448142578125 0.8534276873269003 0.3025841991755872
0 0.8619597391905343 0.3029860400450625 0.21912396990973879 0.2555054240366 0.21127750520833338 0.2891180751953125 0.8541132744891288 0.33659869120377506
0 0.8569572045612466 0.3385958760533924 0.2127479277518002 0.29390787714053995 0.20478874055166485 0.3302114893683976 0.8489980173611111 0.3748994882812501
0 0.8472003459362712 0.376275038505451 0.1993411274749304 0.33507320473482066 0.19218363454861118 0.3706830493164063 0.840042853009952 0.41188488308703664
0 0.8419008263705517 0.41332262109482154 0.1897064687343129 0.37424579003135344 0.18254848611376115 0.41204592870215695 0.83474284375 0.45112275976562505
0 0.8452139915372242 0.4549222245433316 0.1836620602686453 0.414775481141437 0.1761865746863806 0.45375155424439223 0.8377385059549596 0.49389829764628684