0 0.7250025598958333 0.2366391684570313 0.3067236738281251 0.2339173403320313 0.30628805013058574 0.2715737811332619 0.7245669361982939 0.27429560925826196
0 0.719635535807292 0.27780294921875 0.31137149414062504 0.2719710146484374 0.3104578106113098 0.3079498259445254 0.7187218522779767 0.31378176051483797
0 0.7139779985721817 0.3150830023652383 0.31996474869791675 0.3081669428710938 0.31893379108525954 0.3412050717191246 0.7129470409595244 0.3481211312132691
0 0.7091957942708335 0.345156482421875 0.31951244986979166 0.34197005761718746 0.319048895742637 0.37385834156541536 0.7087322401436787 0.3770447663701029
0 0.703860890625 0.3782705415039063 0.3230075032552084 0.3738907109375 0.32236449342045465 0.4053421596534553 0.7032178807902464 0.40972199021986166
0 0.7004168014322917 0.40864723339843745 0.32485083984375 0.4061052729492187 0.3244915185724739 0.4359675478832087 0.7000574801610155 0.4385095083324274
0 0.6954649199218751 0.4381174736328126 0.3273280117187501 0.4371464995117188 0.32720496144245964 0.4633890973798705 0.6953418696455848 0.4643600715009643
0 0.6932711946614586 0.4663746948242188 0.33116964973958346 0.4645985219726564 0.33090949653681717 0.4944315168651834 0.6930110414586922 0.4962076897167458
0 0.6843063229166667 0.49794944189453133 0.33319845247395846 0.49442411279296883 0.33274690036776705 0.519721245423734 0.6838547708104752 0.5232465745252965
0 0.6814232089843749 0.5238992387695314 0.3344023404947916 0.5208846875000002 0.33400406799223825 0.5466737626468662 0.6810249364818216 0.5496883139163974
0 0.6575765143229165 0.6806905761718749 0.6574217391629158 0.6655211837456018 0.34801398046874993 0.6672969541015625 0.34816875562875066 0.6824663465278357
0 0.6678388697983006 0.6651367802585838 0.6675833736979166 0.6406385297851562 0.34441930368521634 0.642534339747837 0.3446747997856004 0.6670325902212646
0 0.6716962619119152 0.6399604026123245 0.6714142464438684 0.6170750908738376 0.34141819075520835 0.6193625185546875 0.34170020622325525 0.6422478302931743
0 0.6735978603638842 0.6167842530151703 0.6733673758099438 0.5927306082928775 0.3417180605468751 0.5945181762695313 0.34194854510081574 0.6185718209918241
0 0.6760856705729167 0.5702769096679688 0.34129293204921246 0.5701006508221972 0.3412712389322918 0.5932783110351564 0.6760639774559958 0.593454569880928
0 0.6784196314410922 0.5684956254099502 0.6783334651536065 0.5467439263634764 0.33776597395833335 0.5475028007812501 0.33785214024581905 0.569254499827724