0 0.59765625 0.16406250000000008 0.35498046875 0.16406250000000008 0.35498046875 0.20507812500000008 0.59765625 0.20507812500000008
0 0.2880859375 0.21419270833333337 0.046386718750000014 0.21419270833333334 0.04638671875000002 0.25585937500000006 0.2880859375 0.25585937500000006
0 0.90771484375 0.7011718750000001 0.65966796875 0.701171875 0.65966796875 0.7408854166666669 0.90771484375 0.740885416666667
0 0.2866210937500001 0.7298177083333334 0.04931640625000007 0.7298177083333334 0.04931640625000007 0.7688802083333334 0.2866210937500001 0.7688802083333334
0 0.28515625 0.517578125 0.04882812500000004 0.517578125 0.04882812500000005 0.556640625 0.28515625 0.556640625
0 0.59375 0.8209635416666666 0.3554687500000001 0.8209635416666666 0.3554687500000001 0.8606770833333334 0.59375 0.8606770833333334
0 0.2841796875000001 0.6875 0.04785156250000007 0.6875 0.04785156250000007 0.7259114583333334 0.2841796875000001 0.7259114583333334
0 0.6005859375 0.38671875000000006 0.35888671875 0.38671875 0.35888671875 0.4270833333333334 0.6005859375 0.4270833333333335
0 0.2851562500000001 0.8131510416666666 0.05029296875000007 0.8131510416666666 0.050292968750000076 0.8509114583333334 0.2851562500000001 0.8509114583333334
0 0.287109375 0.38671875 0.04980468750000004 0.38671875 0.04980468750000004 0.427734375 0.287109375 0.427734375
0 0.90380859375 0.8294270833333334 0.66015625 0.8294270833333334 0.66015625 0.8684895833333334 0.90380859375 0.8684895833333334
0 0.91552734375 0.5273437500000001 0.6669921875 0.5273437500000001 0.6669921875 0.5670572916666669 0.91552734375 0.5670572916666669
0 0.9111328125 0.6575520833333335 0.65966796875 0.6575520833333335 0.65966796875 0.6972656250000001 0.9111328125 0.6972656250000003
0 0.60009765625 0.6484375000000001 0.3588867187500001 0.6484375 0.3588867187500001 0.6875 0.60009765625 0.6875
0 0.919921875 0.3072916666666668 0.67138671875 0.30729166666666674 0.67138671875 0.3522135416666668 0.919921875 0.3522135416666668
0 0.59814453125 0.20768229166666674 0.35595703125 0.20768229166666674 0.35595703125 0.2513020833333334 0.59814453125 0.2513020833333334
0 0.904296875 0.787109375 0.66015625 0.787109375 0.66015625 0.8248697916666666 0.904296875 0.8248697916666666
0 0.59912109375 0.3001302083333334 0.3583984375 0.3001302083333334 0.3583984375 0.3411458333333334 0.59912109375 0.3411458333333335
0 0.5986328125 0.5625000000000001 0.3564453125 0.5625 0.3564453125 0.6009114583333334 0.5986328125 0.6009114583333335
0 0.59814453125 0.4309895833333334 0.3583984375 0.4309895833333333 0.3583984375 0.47265625000000006 0.59814453125 0.47265625000000017
0 0.2827148437500001 0.7734375 0.04443359375000007 0.7734375 0.04443359375000007 0.810546875 0.2827148437500001 0.810546875
0 0.91259765625 0.5709635416666669 0.66259765625 0.5709635416666669 0.66259765625 0.6119791666666669 0.91259765625 0.6119791666666669
0 0.9130859375 0.4856770833333335 0.6669921875 0.4856770833333335 0.6669921875 0.5253906250000001 0.9130859375 0.5253906250000001
0 0.28466796875 0.4309895833333333 0.04736328125000004 0.4309895833333333 0.04736328125000004 0.4713541666666667 0.28466796875 0.4713541666666667
0 0.90576171875 0.7434895833333334 0.65869140625 0.7434895833333334 0.65869140625 0.78515625 0.90576171875 0.78515625
0 0.59912109375 0.4739583333333334 0.35791015625 0.4739583333333333 0.35791015625 0.5143229166666667 0.59912109375 0.5143229166666669
0 0.6025390625 0.34375000000000006 0.35986328125 0.34375 0.35986328125 0.38281250000000006 0.6025390625 0.38281250000000017
0 0.28857421875 0.3450520833333333 0.04882812500000003 0.3450520833333333 0.048828125000000035 0.384765625 0.28857421875 0.384765625
0 0.91455078125 0.39648437500000017 0.66943359375 0.39648437500000017 0.66943359375 0.43945312500000017 0.91455078125 0.43945312500000017
0 0.28564453125 0.55859375 0.050292968750000056 0.55859375 0.050292968750000056 0.5989583333333334 0.28564453125 0.5989583333333334
0 0.60009765625 0.736328125 0.3564453125000001 0.736328125 0.3564453125000001 0.7747395833333334 0.60009765625 0.7747395833333334
0 0.59765625 0.7779947916666666 0.3549804687500001 0.7779947916666666 0.3549804687500001 0.8157552083333334 0.59765625 0.8157552083333334
0 0.28955078125 0.4739583333333333 0.05078125000000004 0.4739583333333333 0.05078125000000004 0.513671875 0.28955078125 0.513671875
0 0.28417968750000006 0.6015625 0.050781250000000056 0.6015625 0.050781250000000056 0.640625 0.2841796875000001 0.640625
0 0.6005859375 0.6067708333333334 0.3559570312500001 0.6067708333333334 0.3559570312500001 0.6458333333333334 0.6005859375 0.6458333333333335
0 0.28759765625 0.30208333333333337 0.04931640625000003 0.3020833333333333 0.04931640625000003 0.3430989583333333 0.28759765625 0.3430989583333333
0 0.91455078125 0.6139322916666669 0.6611328125 0.6139322916666669 0.6611328125 0.6536458333333335 0.91455078125 0.6536458333333335
0 0.5986328125 0.6920572916666666 0.3583984375000001 0.6920572916666666 0.3583984375000001 0.7278645833333334 0.5986328125 0.7278645833333334
0 0.28466796875 0.2584635416666667 0.04541015625000003 0.2584635416666667 0.04541015625000003 0.2994791666666667 0.28466796875 0.29947916666666674
0 0.92529296875 0.21744791666666677 0.6728515625 0.21744791666666674 0.6728515625 0.2597656250000001 0.92529296875 0.25976562500000017
0 0.9140625 0.4420572916666668 0.66845703125 0.4420572916666668 0.66845703125 0.48437500000000017 0.9140625 0.48437500000000017
0 0.59814453125 0.5195312500000001 0.35791015625 0.51953125 0.35791015625 0.5585937500000001 0.59814453125 0.5585937500000001
0 0.2846679687500001 0.6451822916666666 0.047851562500000056 0.6451822916666666 0.04785156250000006 0.6829427083333334 0.2846679687500001 0.6829427083333334
0 0.91943359375 0.3522135416666668 0.67041015625 0.3522135416666668 0.67041015625 0.3951822916666668 0.91943359375 0.3951822916666668
0 0.59912109375 0.2532552083333334 0.35693359375 0.2532552083333334 0.35693359375 0.2962239583333334 0.59912109375 0.2962239583333334
0 0.92138671875 0.2630208333333334 0.6708984375 0.2630208333333334 0.6708984375 0.3053385416666668 0.92138671875 0.3053385416666668
0 0.59521484375 0.8665364583333334 0.3564453125000001 0.8665364583333334 0.3564453125000001 0.9016927083333334 0.59521484375 0.9016927083333334
0 0.9052734375 0.8723958333333334 0.65966796875 0.8723958333333334 0.65966796875 0.9095052083333334 0.9052734375 0.9095052083333334
0 0.28369140625 0.16992187500000003 0.040527343750000014 0.169921875 0.040527343750000014 0.21093750000000003 0.28369140625 0.21093750000000008
0 0.9269814453125 0.17335091145833348 0.678421630859375 0.17335091145833345 0.678421630859375 0.21157194010416677 0.9269814453125 0.2115719401041668
0 0.2813522949218751 0.8631634114583333 0.04842553710937507 0.8546569010416666 0.04770330005135284 0.8898149838761555 0.28063005786385287 0.8983214942928223