0 0.7276705729166666 0.11096411132812505 0.17609635416666666 0.09938452148437502 0.1734485344278249 0.1392910776424995 0.7250227531778248 0.15087066748624955
0 0.7276705729166667 0.14401196289062507 0.1861566840277778 0.13806347656250004 0.18489328648892173 0.17445399244857743 0.7264071753778106 0.18040247877670246
0 0.7274675441375088 0.1817153893006911 0.18733159722222226 0.17706005859375 0.1863601468347135 0.21272308726180894 0.7264960937500001 0.21737841796875002
0 0.7241467013888889 0.21539550781250005 0.18842317708333337 0.21131591796875002 0.1875618131532774 0.2471054442843546 0.7232853374588329 0.2511850341281046
0 0.7190056485390774 0.25043126712057434 0.18666232638888897 0.246975341796875 0.18592829447135717 0.28275098569600127 0.7182716166215457 0.2862069110197006
0 0.7194483506944445 0.285457275390625 0.19194531250000005 0.28263476562499995 0.19135058961843832 0.31780289056853667 0.7188536278128826 0.3206254003341617
0 0.7210047343416898 0.3191811430209163 0.19672873263888896 0.317183349609375 0.19633101519931265 0.350207305122578 0.7206070169021134 0.35220509853411935
0 0.7223806423611111 0.35171337890625 0.1972382812500001 0.3511484375 0.19712111691795037 0.3856083460332323 0.7222634780290614 0.38617328743948226
0 0.7163563368055555 0.38448291015625 0.20125477430555563 0.38448291015625 0.20125477430555563 0.41725244140625 0.7163563368055555 0.41725244140625
0 0.7158900058359475 0.4477475050437264 0.7153094332784717 0.4148399013693082 0.20020225694444446 0.41771533203125 0.2007828295019203 0.4506229357056682
0 0.7163820505274069 0.44832691079309234 0.20321267361111123 0.448197265625 0.20318460281770678 0.48335364469130637 0.7163539797340024 0.4834832898593987
0 0.714414385014271 0.5104523428848557 0.7133421237128894 0.48048580006884145 0.21029166666666665 0.4861811523437499 0.21136392796804826 0.5161476951597642
0 0.7131180034595981 0.5421090675006365 0.7123201507988997 0.5102545235886365 0.20923394097222217 0.514241455078125 0.2100317936329207 0.546095998990125
0 0.7145335746503634 0.570463544592692 0.7132038042967249 0.5395561255038839 0.2092339409722222 0.546416748046875 0.2105637113258606 0.5773241671356831
0 0.7127865651940246 0.6015447315204617 0.7111434567003644 0.568942912363044 0.21224435763888894 0.576898681640625 0.2138874661325491 0.6095005007980427
0 0.7098374445058176 0.632618091108463 0.7083233506944445 0.60269775390625 0.20926282596692258 0.6106884492532587 0.21077691977829577 0.6406087864554717
0 0.7119020084196752 0.6636755713049269 0.7103315972222223 0.632642333984375 0.2092358865804455 0.6406656156607156 0.21080629777789847 0.6716988529812675
0 0.7120749307102954 0.6935548980056448 0.7102569863776302 0.6624397916768496 0.21330381944444443 0.6716267089843752 0.2151217637771096 0.7027418153131704
0 0.7101865069024886 0.7216921469380042 0.7083233506944446 0.6918637695312498 0.21366130213850384 0.7016400417017383 0.2155244583465479 0.7314684191084927
0 0.7072697533529747 0.7506018453976686 0.7051027125605631 0.7193684027681316 0.21375 0.730155029296875 0.2159170407924116 0.761388471926412
0 0.7044923538527552 0.7799481919450618 0.7020753786612617 0.7488835469516654 0.21791549008628436 0.7608025425066035 0.22033246527777778 0.7918671875
0 0.7114712102370213 0.8115947280328334 0.7093054527341782 0.7802515851172235 0.2122443576388889 0.7911188964843748 0.21441011514173205 0.8224620393999847
0 0.708491418205238 0.8391938420232125 0.7060726507513829 0.8090863175176386 0.21375 0.821600830078125 0.21616876745385505 0.8517083545836989
0 0.7067648487906477 0.8674009589137601 0.7040189954699303 0.83781729043366 0.21826562500000002 0.852082763671875 0.22101147832071744 0.881666432151975
0 0.7022986111111111 0.89572265625 0.6999709453218932 0.867522570661162 0.22127604166666665 0.8800244140624999 0.22360370745588456 0.9082244996513379
0 0.7096570704558336 0.9213549568452872 0.7070803877500791 0.8931013759342301 0.22127604166666665 0.9071196289062499 0.2238527243724212 0.935373209817307
0 0.7108502422779507 0.9526906578652392 0.7071176469579579 0.9188831842576559 0.21977083333333333 0.935907958984375 0.22350342865332612 0.9697154325919582