0 0.7736892552083333 0.8863312587890625 0.7691838557941482 0.8457528719865055 0.14219725336359268 0.8677791864396305 0.1467026527777778 0.9083575732421875
0 0.7607233541666666 0.8428328168945312 0.7566705219778443 0.8040532164325845 0.137910153922289 0.8245140269794595 0.1419629861111111 0.8632936274414061
0 0.7571506076388888 0.8014537075195313 0.7527210703200536 0.7627466026127401 0.14380992622283154 0.7847944732182087 0.14823946354166664 0.8235015781249999
0 0.7478850199652779 0.7598953867187501 0.7439079446436678 0.7215011585166828 0.14310055054644544 0.7411926311729329 0.14707762586805556 0.7795868593750002
0 0.6248984592013889 0.07617026660156252 0.6218788820551284 0.05270875780929565 0.1464822770204062 0.07206813232101439 0.14950185416666667 0.09552964111328126
0 0.6299375416666667 0.10310516943359377 0.6270383172300606 0.0809083176271842 0.14521084413978283 0.10082087622093419 0.14811006857638886 0.12301772802734376
0 0.6378575902777778 0.13037878417968754 0.6346679818059364 0.10497010430616228 0.13442491062538087 0.12483935137647474 0.1376145190972222 0.15024803125
0 0.6413073880208332 0.1558420180664063 0.6374118561603599 0.1286842127593597 0.1417911808131378 0.15117820592342218 0.1456867126736111 0.17833601123046877
0 0.6464822005208333 0.18436712500000002 0.6427679366576573 0.156744794183755 0.14065890193543507 0.17810746361734878 0.14437316579861115 0.2057297944335938
0 0.6518561875 0.21345635644531252 0.6482349254740452 0.18438174951218023 0.14108024318237858 0.20436801220749268 0.14470150520833333 0.23344261914062497
0 0.6562951744791667 0.2423694794921876 0.6527696039192539 0.21473658180805238 0.14020822805119829 0.23542817409320854 0.14373379861111113 0.2630610717773438
0 0.6586869722222223 0.27383626953125 0.6550840679458937 0.24405726018632762 0.13772046725144912 0.2638626503230463 0.14132337152777774 0.2936416596679687
0 0.6668132222222222 0.3034761186523438 0.6635591581563989 0.2753621486635044 0.14018981961473231 0.2945292858705356 0.14344388368055558 0.32264325585937503
0 0.6710735546874999 0.3345655952148437 0.6677882071417193 0.30560274862407827 0.14213586979166667 0.32446891796875 0.14542121733744726 0.3534317645595154
0 0.7377413628472224 0.7181596489257813 0.7333380563799614 0.6826316294246191 0.14239259283829464 0.7058055957332129 0.14679589930555556 0.7413336152343751
0 0.7320920564236111 0.6818194873046876 0.7278067795158152 0.6445316189339253 0.13885382552275954 0.6659475515511126 0.14313910243055555 0.7032354199218749
0 0.7257628984375 0.6429675483398438 0.7215538806370773 0.606748639966001 0.1408114266440218 0.6281023841066261 0.14502044444444445 0.6643212924804689
0 0.7189404635416666 0.6063686323242188 0.7149528650925749 0.5707231826137714 0.14197444321757502 0.5910042421840839 0.14596204166666665 0.6266496918945312
0 0.7098342447916667 0.5697078520507813 0.7056765405605524 0.5348227114862084 0.14179050173611113 0.5560869340820312 0.14594820596722546 0.5909720746466042
0 0.7038013307291667 0.5347216494140626 0.7001871708835398 0.500494162000337 0.14115717695992858 0.5191713934456496 0.14477133680555554 0.5533988808593752
0 0.6791327752469264 0.36684740123843324 0.675824372107797 0.336622293757641 0.14158172793725948 0.3551249540426452 0.1448901310763889 0.3853500615234374
0 0.6813657982119756 0.3985110122647696 0.678184454037916 0.3687329744075911 0.14235750912455136 0.3868457155607903 0.14553885329861113 0.41662375341796876
0 0.6874558836805555 0.42979777587890633 0.6832493578590992 0.394870387118954 0.13860351324104375 0.4156250980564539 0.1428100390625 0.45055248681640625
0 0.6953485234608754 0.4623656467861788 0.6911871476641968 0.42873928895097124 0.14001040024498793 0.4503213565202612 0.14417177604166664 0.48394771435546874
0 0.7007562235927063 0.49822817924308144 0.6972544071070448 0.46650377313452296 0.14784170659722223 0.48569238818359367 0.1513435230828837 0.5174167942921521
0 0.7827155364583334 0.9347971293945313 0.7777649733884382 0.8883606819295219 0.13676074074954922 0.9099829656209281 0.1417113038194444 0.9564194130859375
0 0.6199074496527778 0.04981950146484375 0.6161236952325058 0.02434392423812581 0.13982597648250578 0.046727139081875826 0.1436097309027778 0.07220271630859376