0 0.7813206970486112 0.08194117626953124 0.04731938975694447 0.07103382373046874 0.04467227738641445 0.12739692928037363 0.7786735846780811 0.13830428181943613
0 0.7786178645833333 0.13221495117187498 0.06067320225694447 0.12794338232421873 0.05953556056678427 0.18844320655616362 0.7774802228931731 0.19271477540381987
0 0.7787771887273914 0.2274745622797849 0.7762149135238161 0.17414287183369911 0.07354335503472223 0.18482450976562498 0.07610563023829758 0.23815620021171077
0 0.774291951931754 0.27122301313319297 0.7697993050663255 0.21893895352380605 0.08457472743055555 0.23756887255859374 0.08906737429598402 0.28985293216798064
0 0.7747222732279593 0.311268413548727 0.7691130503952832 0.26183281090137633 0.09004095833333332 0.28621225488281243 0.09565018116600932 0.3356478575301631
0 0.7649716040977393 0.35736894445732015 0.7596327985379402 0.309616261417644 0.10663790885416666 0.3327156860351563 0.11197671441396577 0.3804683690748325
0 0.7680522310858318 0.3959893935222693 0.761589827333461 0.3516370605297749 0.11766928125000001 0.3813232841796875 0.12413168500237079 0.42567561717218194
0 0.7638177156796514 0.43391892874445903 0.7581727336907584 0.3953040424984946 0.12134640538194441 0.424760048828125 0.12699138737083743 0.4633749350740894
0 0.7544731466463771 0.4661237005325002 0.7467489562040452 0.4257943060041434 0.13135467674516807 0.463087517092737 0.13907886718749998 0.5034169116210938
0 0.7509171001908673 0.5012963277649365 0.7441838776041667 0.4646308823242187 0.13664816564383603 0.4999315460600187 0.14338138823053667 0.5365969915007365
0 0.74931465609377 0.5347629179269924 0.7409763964008452 0.49636305101991185 0.13798344184027778 0.5377919116210937 0.14632170153320256 0.5761917785281743
0 0.7538133942057436 0.5652011857117742 0.7451603355851709 0.5279861990363619 0.14023442274305553 0.5724901962890625 0.14888748136362828 0.6097051829644748
0 0.7428772431145881 0.5983290457266451 0.7351462521585159 0.5648413522431844 0.14575511979166664 0.6078938725585938 0.15348611074773888 0.6413815660420545
0 0.7453394954057235 0.627434823233873 0.7376462033363935 0.5969368740980036 0.15679738541666666 0.643297548828125 0.16449067748599658 0.6737954979639944
0 0.740604721285773 0.6578432119262538 0.7313736318153283 0.6249052202717075 0.16673507638888885 0.6749745097656249 0.17596616585933345 0.7079125014201713
0 0.7349292065554869 0.6880876099013914 0.7257917980793211 0.6572462343791782 0.17225620920138895 0.7091357841796876 0.18139361767755466 0.7399771597019008
0 0.7323399350383187 0.7163065523113585 0.7239942728602533 0.6877351111941282 0.18329847482638895 0.7377071079101564 0.19164413700445435 0.7662785490273867
0 0.7262886290663455 0.7432291268917051 0.7177036921844491 0.715073442107457 0.18457628273615898 0.7665070603329395 0.19316121961805552 0.7946627451171875
0 0.7217566460808107 0.7684988020875345 0.7131554321121647 0.741412073486058 0.18879912847222224 0.7940955883789063 0.19740034244086826 0.8211823169803829
0 0.7213114506464429 0.7943942718729226 0.7125300229430712 0.7670307400420564 0.1912196076388889 0.8199647060546874 0.2000010353422606 0.8473282378855536
0 0.7182971716315927 0.8197765856500234 0.7099293597165326 0.7938150390103265 0.1922649236111111 0.8466078432617189 0.20063273552617109 0.8725693899014157
0 0.7182602957098893 0.8453867356857195 0.7085014799485312 0.8171090492874992 0.1960605668402778 0.8730644609375002 0.20581938260163582 0.9013421473357206