0 0.612824941840278 0.9719199565429687 0.009708341145833558 0.938656171875 0.0013838582844616365 0.9864126112279313 0.604500458978906 1.0196763958959
0 0.6471005070848087 0.924230417412504 0.009142003472222418 0.8838995053710937 -0.0007591633662663701 0.9334543158621136 0.63719934024632 0.9737852279035238
0 0.6631093767780266 0.874784313940783 0.008579283854166854 0.8294926791992189 -0.002344446913498851 0.8794417787761436 0.652185646010361 0.9247334135177078
0 0.6601347856370859 0.8291980105890627 0.008098968750000182 0.7830531137695314 -0.0017608976162521747 0.8271353741765625 0.6502749192708337 0.8732802709960938
0 0.6656953356374488 0.7805303336664337 0.007562056423611259 0.7311414814453125 -0.003894367706873187 0.7794450320727682 0.6542389115069642 0.8288338842938893
0 0.6784826526379371 0.7404577239976403 0.007066490451389024 0.6832274453125 -0.00464668982737177 0.7267070725121416 0.6667694723591763 0.7839373511972819
0 0.6864978610554133 0.6943551869124038 0.006568714409722398 0.6350996674804688 -0.005668863738318973 0.6795295720900564 0.6742602829073719 0.7387850915219913
0 0.7895194896214032 0.04404023577575676 0.4106476383640271 -0.0006629112364571962 0.4003409360690128 0.026975878866692327 0.7792127873263888 0.07167902587890629
0 0.782205124973121 0.07176569733917204 0.39978509895833336 0.01877567480468753 0.39019633856854563 0.0406711332272343 0.7726163645833333 0.0936611557617188
0 0.779253974932564 0.09874343738874333 0.2448219471624611 0.023494289654750262 0.23438246354166672 0.046953584960937524 0.7688144913117695 0.1222027326949306
0 0.7777637383258372 0.12265245040660055 0.22314265768937336 0.048548750498518194 0.2118336363774251 0.07532973612707393 0.766454717013889 0.1494334360351563
0 0.7687134300039268 0.15277511084455508 0.21307076982167494 0.0754528155141128 0.20108462152777784 0.10270589257812501 0.7567272817100297 0.18002818790856728
0 0.766877674871234 0.181335501736939 0.20484941681235902 0.10778775765468154 0.1937435813508473 0.13464027984352386 0.7557718394097223 0.2081880239257813
0 0.7565607699183974 0.20765428751000395 0.19428062715910693 0.13510921836254033 0.1829809314236111 0.16282050244140628 0.7452610741829017 0.2353655715888699
0 0.7577353573274643 0.23998885443710244 0.17988447758611878 0.16266773465113185 0.16772615625106382 0.19141763307727336 0.7455770359924094 0.26873875286324395
0 0.7553827991571385 0.2689190467380357 0.15839494749745697 0.19321024549961713 0.14645745389587417 0.2229938550115815 0.7434453055555557 0.29870265625000003
0 0.7487495044109873 0.3010464951487405 0.15449858496063015 0.22468984410520887 0.14203762065972228 0.25537438964843756 0.7362885401100795 0.3317310406919691
0 0.7461802543855691 0.3322135265566427 0.13702511160151995 0.2575534093721701 0.12483975954861116 0.2890107773437501 0.7339949023326604 0.36367089452822277
0 0.7395142906764245 0.3625039701376573 0.12090489223288209 0.29006244049343155 0.10894375433423531 0.32238058754327426 0.7275531527777778 0.3948221171875
0 0.7326549100438032 0.3972112316048447 0.1088307297152595 0.3239798189610423 0.09601386371527784 0.3585253354492188 0.7198380440438216 0.43175674809302117
0 0.7255112180177231 0.4293731957023865 0.09412161895245415 0.35946296464325767 0.08232614930555565 0.39316972216796875 0.7137157483708246 0.4630799532270976
0 0.7238949772874332 0.46248045052136005 0.07663716709825025 0.3945003494015366 0.06485535249111656 0.42999416850039723 0.7121131626802994 0.4979742696202207
0 0.7139673110410496 0.4994425019357227 0.059942052777928634 0.43348896309687346 0.048842845035490225 0.4683141496377132 0.7028681032986113 0.5342676884765625
0 0.7084773773001961 0.5335124732463798 0.04814182571811651 0.46990491605418316 0.03616960727208718 0.5092305424171786 0.6965051588541668 0.5728380996093752
0 0.7045659095308222 0.5742081649507548 0.02615779923257337 0.5080499694227016 0.01371256510416679 0.5484289643554687 0.6921206754024156 0.614587159883522
0 0.6969083836602336 0.6125801659249217 0.01392748272838514 0.5501304240522834 0.0020008748357121953 0.5914009407701695 0.6849817757675606 0.6538506826428078
0 0.6940177688709503 0.6520537845939358 0.007564123263889024 0.5930163237304688 -0.0038661256417833714 0.6350680943123141 0.682587519965278 0.6941055551757812