0 0.742562113715278 0.08828257275390632 0.22622468923611116 0.033124076171875017 0.21595570356980576 0.06353949386451964 0.7322931280489726 0.11869799044655094
0 0.7376695494791665 0.12144417187500003 0.2236746831597222 0.06705895849609377 0.2134287840724383 0.09769785166067227 0.7274236503918826 0.15208306503957852
0 0.7373137413194444 0.15289261669921872 0.22028589062500004 0.10184768164062502 0.21016972997024463 0.13426835670696985 0.727197580664689 0.18531329176556355
0 0.7278105477430556 0.18919550048828127 0.2113616310763889 0.13612520996093752 0.2010374121970059 0.16791430483244463 0.7174863288636728 0.22098459535978837
0 0.5906620937500002 0.8381980009765624 0.09002715143710559 0.8316178951131796 0.08864462745504913 0.8648996336704696 0.5892795697679438 0.8714797395338524
0 0.5986182986111113 0.8072312871093751 0.08998364826047366 0.7976126276448806 0.08816780642361127 0.8279944951171875 0.5968024567742489 0.837613154581682
0 0.6027652881944446 0.7762022275390625 0.10056735638518076 0.7655882148953186 0.09865686111111129 0.7941895522460939 0.6008547929203751 0.8048035648898378
0 0.6068009947916669 0.7473160893554688 0.10987104831913082 0.7340316746401174 0.10741799565972238 0.7630655273437501 0.6043479421322585 0.7763499420591015
0 0.6141594131944446 0.7156249218749999 0.1124014388641202 0.7018934831109279 0.10985248177083348 0.7313638686523437 0.6116104561011579 0.7450953074164157
0 0.6317612938360685 0.6871978969788148 0.12183643124664043 0.6690099698832739 0.11886684201388903 0.6953529204101564 0.6287917046033171 0.7135408475056974
0 0.6287469565972224 0.6547420590820312 0.12460066261812525 0.6359268081559608 0.12127777951388902 0.6640980947265623 0.6254240734929861 0.6829133456526327
0 0.6347981215277779 0.6237441655273438 0.130884560763889 0.6012730297851563 0.12667703682059242 0.6311270396629388 0.6305905975844813 0.6535981754051263
0 0.6395428862847224 0.5934398037109376 0.1348838281250001 0.5700442001953127 0.130603946376903 0.5992548113393509 0.6352630045366253 0.6226504148549759
0 0.6455944713541668 0.5624421616210937 0.13979214322916678 0.5365948901367188 0.134989935666054 0.5663288054761743 0.6407922637910539 0.5921760769605493
0 0.6528790026041668 0.5321793686523437 0.14229316927083346 0.5036068891601564 0.1369184484287279 0.533996266166069 0.6475042817620612 0.5625687456582564
0 0.6570259921875001 0.5011503090820313 0.14717881597222235 0.47060418212890626 0.1416614104697206 0.49974245614857 0.6515085866849984 0.530288583101695
0 0.6649082986111112 0.47161221435546874 0.15203997309027784 0.4380749160156249 0.14604769013153762 0.4670693857247058 0.658916015652371 0.5006066840645496
0 0.6696900130208334 0.4405935434570313 0.16171196527777787 0.40470381787109383 0.15494032878826677 0.43502970380237405 0.6629183765313224 0.47091942938831155
0 0.6764502222222223 0.40817767089843754 0.16503281857638896 0.37122852636718756 0.15812333685617203 0.40148801894394903 0.6695407405020053 0.438437163475199
0 0.6759681006944445 0.3806471728515626 0.17073275000000007 0.33784566308593755 0.1623146794723508 0.36928636659425185 0.6675500301667951 0.41208787635987687
0 0.6854343446180555 0.3450585986328126 0.17806912673611114 0.3035419018554688 0.1700690289304141 0.33447605626916804 0.6774342468123584 0.3759927530465118
0 0.6920467682291667 0.31549971923828124 0.18608115277777781 0.271538046875 0.1772962401890957 0.3035291559692559 0.6832618556404847 0.3474908283325372
0 0.7049845459319863 0.28452712601946595 0.19729389583333332 0.2391127377929687 0.18867586996123825 0.2695957966183097 0.6963665200598913 0.3150101848448069
0 0.7083129702089084 0.2498856328562774 0.19673742621527782 0.20378584570312505 0.18734277869253096 0.23677235792846105 0.6989183226861615 0.2828721450816134
0 0.7129625677083333 0.2182622524414063 0.20323363802083338 0.17036252490234377 0.19417834364808 0.20085227510287634 0.70390727333558 0.24875200264193886