0 0.8662937109375001 0.887863995605469 0.8568933319629317 0.8435614236834686 0.18785469915043163 0.8884786233904998 0.19725507812500004 0.9327811953125001
0 0.8551664053819444 0.8412143984375 0.8458502646235959 0.7968006466888244 0.17959715438054033 0.841019032431012 0.18891329513888888 0.8854327841796875
0 0.841786138888889 0.7940552705078125 0.8337350481106375 0.7528366991969047 0.17874636321480403 0.793316711892217 0.18679745399305553 0.834535283203125
0 0.826854564236111 0.7512216518554686 0.8180143187484803 0.7066128471947959 0.17571498975542468 0.746886985866671 0.18455523524305553 0.7914957905273438
0 0.8166108819444444 0.7106610200195314 0.8093908386456286 0.6698943130825799 0.17455618135698758 0.7054688988883256 0.18177622465580345 0.7462356058252771
0 0.6321619175347224 0.06539369628906253 0.6299136084215703 0.04223804460106262 0.1393010285604591 0.05731045622215635 0.1415493376736111 0.08046610791015625
0 0.6347074817708334 0.0904442641601563 0.6324890727343374 0.06709483464336091 0.13962730537322632 0.08191099040507961 0.1418457144097222 0.105260419921875
0 0.6437362890625 0.11512398388671877 0.6411258643580268 0.0899411689533771 0.13966947546913785 0.10638810938306462 0.1422799001736111 0.13157092431640627
0 0.6564588619791666 0.14273557861328126 0.6533029572611511 0.11492314765628618 0.13545317167087342 0.13351547626956745 0.13860907638888892 0.1613279072265625
0 0.6616886354166667 0.1712673549804688 0.6579473697914016 0.142235584980662 0.1359661258677904 0.16351917970722443 0.13970739149305555 0.19255094970703124
0 0.6663935217013889 0.19618219384765634 0.6624505805899022 0.16914882327054095 0.13724975940934672 0.19338647512600962 0.14119270052083333 0.220419845703125
0 0.6792561692708333 0.22791830908203134 0.6754773803008312 0.19949171212180003 0.14445049835638668 0.22182688546164372 0.14822928732638888 0.25025348242187506
0 0.682321345486111 0.25654947656250005 0.6781475072235593 0.22685811700744937 0.14555150027911493 0.25054721319885565 0.14972533854166667 0.2802385727539063
0 0.6952206510416666 0.28537891601562493 0.6912777186563656 0.2567716627568079 0.14632935667719896 0.2805369776982142 0.15027228906249995 0.3091442309570312
0 0.8062783723958333 0.6694914873046875 0.7989655059022274 0.6290702119713446 0.17233190347167185 0.6649406240807195 0.17964476996527778 0.7053618994140625
0 0.7928763914930556 0.6296888540039064 0.7865830267399584 0.5933136112713804 0.1663231656288473 0.6272679857830991 0.17261653038194444 0.6636432285156251
0 0.7793860460069442 0.5892772973632814 0.7734187467909014 0.5557941543000211 0.16358828411729048 0.5901820629914273 0.16955558333333334 0.6236652060546876
0 0.765426423611111 0.5531413071289063 0.7593036015471915 0.517959129905154 0.16057433331802484 0.5509280307840603 0.16669715538194443 0.5861102080078125
0 0.7527366076388889 0.5182461313476565 0.7470125871474446 0.4847773617401811 0.15984389713297098 0.5165511777078128 0.16556791762441542 0.5500199473152881
0 0.7440946050347224 0.48121641503906243 0.7384262626603424 0.4486290880884447 0.1558733972089534 0.480690875686101 0.16154173958333332 0.5132782026367188
0 0.7372521440972222 0.4490810693359375 0.7327359358196902 0.41802685773548337 0.1567054063058014 0.4445328465050146 0.16122161458333334 0.47558705810546875
0 0.7246401484374999 0.4147221396484376 0.7196729395347167 0.38281841388909177 0.15297526158332792 0.41073533429924797 0.1579424704861111 0.44263906005859377
0 0.7044039782986111 0.3186327373046876 0.7001066609588669 0.2868462772820371 0.14607542397970028 0.31054552532891205 0.15037274131944445 0.34233198535156256
0 0.7069230190972222 0.35100344042968756 0.7024709530057919 0.3187318301903561 0.15217870908218067 0.34275218468254365 0.1566307751736111 0.3750237949218751
0 0.7189995833333334 0.38167275634765624 0.714382360278824 0.35061406347293156 0.15398090802187955 0.3769738559534003 0.1585981310763889 0.408032548828125
0 0.8875144340277776 0.9365017968750001 0.8763763992745042 0.8865109018984371 0.18545328121894863 0.9352180200624995 0.19659131597222224 0.9852089150390626
0 0.6323159201388889 0.043933372558593815 0.6304260835376979 0.017173959554421872 0.13633685263492 0.028214697835671806 0.1382266892361111 0.05497411083984375