0 0.6898404112265122 0.9094296912235309 0.15414835497997612 0.8594488116423588 0.14337648455207536 0.8959786277430467 0.6790685407986115 0.9459595073242189
0 0.6967980946127419 0.8724439410620486 0.1623790725049128 0.8217683974063043 0.15183453298611133 0.8569532846679686 0.6862535550939405 0.9076288283237129
0 0.7033091531244329 0.8352838593176768 0.1743553344730471 0.7886642317127491 0.1651185719736146 0.8218241756177286 0.6940723906250004 0.8684438032226562
0 0.7140175192012855 0.7990198652389918 0.1824667882013432 0.750803759035092 0.1725430460069447 0.7854194584960937 0.704093777006887 0.8336355646999936
0 0.7184976947302938 0.7653157476859498 0.197108727907166 0.717649669632999 0.187486381076389 0.7509522954101564 0.7088753478995168 0.7986183734631072
0 0.7234588550927217 0.7289159361391846 0.2076157373582984 0.6859912008405762 0.19890755761279905 0.7191029751506106 0.7147506753472224 0.7620277104492188
0 0.7311922458508027 0.6945485487711804 0.21423887195249228 0.6534998360669332 0.20635230752530093 0.6849255202059091 0.7233056814236113 0.7259742329101564
0 0.7371652462056597 0.661586115251061 0.22632353112922676 0.6184302998010577 0.2179814010416668 0.6496744731445312 0.7288231161180997 0.6928302885945345
0 0.7438375986241486 0.6288310354797356 0.24014395178991174 0.5876067185878209 0.23276527764493002 0.6161324238307415 0.7364589244791668 0.6573567407226563
0 0.7505112773312528 0.5946368359751222 0.24750085751298506 0.5539617894166793 0.2402483125000001 0.5823399609374998 0.7432587323182678 0.6230150074959427
0 0.7554531314821951 0.5629950342053082 0.25530507060282015 0.522879091022293 0.24790368750000003 0.552076177734375 0.7480517483793749 0.5921921209173902
0 0.7636544482078512 0.5315339550045841 0.265444557227137 0.4927468054495757 0.2588034328040081 0.5197373191949916 0.7570133237847223 0.55852446875
0 0.7716528249982588 0.498992433617241 0.2755738925006936 0.4608220167707141 0.26882403972465696 0.4885784229972232 0.7649029722222223 0.5267488398437501
0 0.7791427837680441 0.4689388298022135 0.28879920963129146 0.43175604661489964 0.2822442843701918 0.45910693214471743 0.7725878585069444 0.4962897153320313
0 0.7821737899459237 0.43785912797923215 0.2931697636539832 0.40035657536246666 0.2861843723958334 0.42917613867187504 0.7751883986877739 0.46667869128864053
0 0.787649399945728 0.40789850019931545 0.3026346648883972 0.3731434520655568 0.29655905921350256 0.3999704250107727 0.7815737942708334 0.4347254731445313
0 0.7969193862847223 0.3776350581054688 0.31289822678711426 0.3421657623354214 0.3064317734375 0.3700862490234375 0.7904529329351081 0.4055555447934849
0 0.8654563159722222 0.0602053852539063 0.4053163072732371 0.03547245796001285 0.4005626770833333 0.06345485546875003 0.8607026857823185 0.08818778276264347
0 0.8563242360179264 0.09002002279933602 0.39504620382533584 0.06439691078404158 0.3904252708333333 0.09071810693359375 0.8517033030259237 0.1163412189488882
0 0.8543109375000001 0.11764464550781253 0.3890150712514804 0.09057995689091655 0.3839491545138889 0.11813678710937503 0.8492450207624087 0.145201475726271
0 0.8467524017618661 0.1446472254890655 0.38159305274974054 0.1184137788147795 0.3766062395833333 0.14639164257812504 0.8417655885954588 0.17262508925241102
0 0.8471960286458333 0.17286852880859377 0.3717969573553832 0.14698301110842166 0.36667352089022487 0.17675500233863284 0.842072592180675 0.20264052003880495
0 0.8351435677083334 0.20296518066406252 0.3612874920707363 0.17255975477167154 0.3557842196180556 0.19969672949218753 0.8296402952556526 0.2301021553845785
0 0.8281035527281222 0.23003095864578263 0.3538195716845844 0.20081540309412313 0.3480605868055556 0.2303965698242188 0.8223445678490935 0.2596121253758783
0 0.820002062279658 0.2586124839797167 0.3455263286457151 0.22776036402832806 0.33892684535911266 0.2598735934275176 0.8134025789930557 0.2907257133789063
0 0.8114443542254459 0.28927298366617654 0.3366525043402778 0.2563530517578125 0.3299605207745543 0.28689130881429226 0.8047523706597224 0.31981124072265626
0 0.8066694305555555 0.31968771386718753 0.32821724611475234 0.28573807593223954 0.3215859557291667 0.3153077470703125 0.80003814016997 0.3492573850052605
0 0.8034920943117383 0.34696270380764227 0.320453877092108 0.314346055158543 0.3138762159400921 0.34516790555011956 0.7969144331597224 0.3777845541992188