0 0.4996549340277778 0.810051130859375 0.49653897450008216 0.7823492312836973 0.08513846842369327 0.7969909524751035 0.08825442795138888 0.8246928520507812
0 0.49780762034088494 0.7836299055137786 0.4952775383024076 0.7571307090420836 0.089114852857356 0.7694007771611174 0.09164493489583332 0.7958999736328125
0 0.4960602126736111 0.7572674433593751 0.49404322653739974 0.7334128991161787 0.08951970830823315 0.7442352252880536 0.09153669444444444 0.7680897695312501
0 0.983272637152778 0.8051141723632811 0.9808945863326718 0.778532346832077 0.5713682651521161 0.790124475738327 0.5737463159722223 0.8167063012695311
0 0.9790942647569444 0.7774957768554688 0.9770030196170665 0.7508971225592471 0.5674326862837333 0.7610858237311221 0.5695239314236112 0.7876844780273438
0 0.9775958619791665 0.7506212373046875 0.9757969514541861 0.7247407302994038 0.5675179922527975 0.7337199549087786 0.5693169027777779 0.7596004619140624
0 0.8917776684027778 0.23297732080078132 0.8910281070627367 0.2116744909984237 0.5316266791113478 0.21567573220936112 0.5323762404513889 0.23697856201171874
0 0.465811545138889 0.24487437451171878 0.4658069116974247 0.22488492339641972 0.10673220596825789 0.22491125835735717 0.10673683940972223 0.24490070947265624
0 0.49203804513888877 0.7327430375976564 0.4899087027991491 0.7056095535837698 0.0889010092227604 0.7155667640329885 0.09103035156250001 0.7427002480468751
0 0.48988403569494626 0.7055538494323412 0.4877045943160821 0.6801059487791782 0.08914602303085811 0.690906114971837 0.09132546440972221 0.716354015625
0 0.9611689340277779 0.6708393588867188 0.9592879700843956 0.6474294564110795 0.553643377202451 0.6577421380517045 0.5555243411458333 0.6811520405273437
0 0.9544731649305552 0.6477309990234374 0.9529748728004735 0.6208185191416057 0.5518565111572276 0.6278843034590627 0.5533548032873092 0.6547967833408944
0 0.4897825859375001 0.6810690278320313 0.4880730895088138 0.6561134847612398 0.09000330305048033 0.6647413914995208 0.09171279947916666 0.6896969345703123
0 0.9490249670138886 0.6220165048828125 0.9474318039596508 0.5980678806413607 0.5461194009379222 0.6065149739684443 0.5477125639921603 0.6304635982098961
0 0.4902292590480049 0.6553171387207679 0.48817044221537287 0.6299371901467429 0.09070120486875677 0.6401389606056624 0.09276002170138888 0.6655189091796875
0 0.9435878932291669 0.5966753959960939 0.9421423834090715 0.5734834845118357 0.5456144302840711 0.5813034234766795 0.5470599401041666 0.6044953349609377
0 0.9388503246527777 0.5724489438476563 0.9374400772576925 0.5485353400370405 0.5436634068886216 0.5558829367704675 0.5450736542837068 0.5797965405810833
0 0.48623272309027776 0.6297309531250002 0.4843862358285364 0.6038802018863869 0.09023869850214762 0.6127881364566994 0.09208518576388888 0.6386388876953126
0 0.9354169105902775 0.5474397778320312 0.9338178468642209 0.5249442981949688 0.542934323426721 0.5337357972184064 0.5445333871527777 0.5562312768554688
0 0.4850794077433429 0.6047051212317871 0.4833613113667712 0.580849044270999 0.08956603645833335 0.5898225893554688 0.09128413283490505 0.6136786663162569
0 0.4812620095486111 0.5808613701171875 0.47951734959578485 0.5556496169882639 0.08733145289439603 0.5642366824179512 0.08907611284722222 0.5894484355468749
0 0.48040038081816416 0.5562827340253883 0.47921451249914504 0.5335467254994666 0.09145105963236974 0.5399460505561096 0.09263692795138888 0.5626820590820313
0 0.4764615118764661 0.5314376848952279 0.4752396588031547 0.509084372673346 0.08869619727391082 0.5157696662937431 0.08991805034722221 0.538122978515625
0 0.4737802595486111 0.5096838735351563 0.47256735639086256 0.4854419204773253 0.08866365413391813 0.4915194331726378 0.08987655729166667 0.5157613862304689
0 0.47623695370561603 0.4851506052940029 0.4749720499437251 0.46248788758602566 0.09167748512699794 0.4692568672529604 0.0929423888888889 0.49191958496093763
0 0.9290710317488521 0.5000481688074582 0.9272644118664475 0.4775520751577706 0.5371981518189843 0.4874636602565625 0.5390047717013888 0.50995975390625
0 0.47510717586359547 0.46321640883657134 0.47429693489583347 0.4404755522460938 0.0962202859419602 0.44473773715952253 0.09703052690972222 0.46747859375000006
0 0.4746819013073933 0.4400947504182679 0.4734661769424875 0.415629633199786 0.09665652083333333 0.4215541767578124 0.09787224519823916 0.4460192939762943
0 0.9308123218148374 0.5261358391277656 0.9293410110925415 0.5016918072273746 0.5422700538194445 0.5090634995117187 0.5437413645417403 0.5335075314121097
0 0.9252224079861109 0.4758198344726563 0.9236567657900034 0.45414205828764415 0.5402299463455591 0.46290410027983164 0.5417955885416665 0.4845818764648438
0 0.9199133524305556 0.45458929296875006 0.9182129343329846 0.4297089944630529 0.5408993298611112 0.43786819580078123 0.542599747958682 0.4627484943064784
0 0.9165194629340164 0.42957904991107315 0.9151779479166665 0.4090350922851563 0.5342343009548723 0.4169058621983019 0.5355758159722223 0.43744981982421877
0 0.9139835092415127 0.4090609295799699 0.9124326684027779 0.3847890791015625 0.5347094395432094 0.3924253809669051 0.5362602803819444 0.4166972314453125
0 0.9130860190972224 0.38443130810546877 0.9114174530341942 0.3602109114271728 0.536987263798083 0.36837256328264156 0.5386558298611112 0.3925929599609375
0 0.9103632343750001 0.36091018505859374 0.9089981315508088 0.33915491797731345 0.5362525425347222 0.34655537451171875 0.5376176453589134 0.36831064159299903
0 0.9077211553819444 0.34000481298828134 0.9064954831482078 0.3182387997835081 0.5326831584954302 0.3248991049592893 0.533908830729167 0.34666511816406254
0 0.9017130581597222 0.31765960986328123 0.9005372346966593 0.29688017493747 0.5285130729166667 0.30354094726562497 0.5296888963797296 0.3243203821914362
0 0.8964380920138889 0.2975275986328124 0.8952778418558734 0.2758447425616648 0.5274312533142068 0.2820727186358836 0.5285915034722222 0.30375557470703124
0 0.8917932795138888 0.2762902744140625 0.8905897574117881 0.25445388617288406 0.5310511979166667 0.2607238320312501 0.5322547200187675 0.28256022027242855
0 0.8916026999258501 0.25385073594578755 0.8904141519097222 0.23184704443359375 0.5261183964283166 0.2380732054604624 0.5273069444444444 0.26007689697265624
0 0.47625282641770916 0.4171313926983917 0.47573721100632255 0.3964218482987757 0.09636912677611337 0.399410402866009 0.09688474218750001 0.420119947265625
0 0.4763555121527778 0.39549979541015634 0.4757636575648021 0.37172009659067284 0.0982298841273021 0.37469319668832907 0.09882173871527779 0.39847289550781256
0 0.4752240977352383 0.3731359769320087 0.47493258333333344 0.34964506152343755 0.09974648125781731 0.3511182281461164 0.10003799565972223 0.3746091435546875
0 0.4762593203125001 0.35036600097656256 0.4758302521636333 0.3288365882658941 0.1012381540733554 0.3311986854338629 0.10166722222222221 0.3527280981445313
0 0.4723630529513889 0.3298987895507812 0.47189991569671996 0.30627850948850655 0.10451016753472221 0.3085577846679687 0.10497330478939118 0.33217806473024336
0 0.4683897812500001 0.28592562890625006 0.1045399409722223 0.28585169042968755 0.10452579101657938 0.30788358387731934 0.4683756312943571 0.30795752235388185
0 0.46406113554083944 0.2646990298368495 0.4638432986111111 0.24450483886718746 0.10231166133416057 0.245738785592838 0.10252949826388888 0.26593297656250003
0 0.46711996614583334 0.2870390454101563 0.4668491764239533 0.2676090735491513 0.10314169204895336 0.26921289972102624 0.10341248177083334 0.2886428715820312
0 0.5064284722222223 0.8400376396484375 0.5036551371397847 0.810602685129962 0.08193375432728481 0.8231748379619933 0.08470708940972221 0.8526097924804688
0 0.9928682074652778 0.8360207739257813 0.9906937817734236 0.8068229808092067 0.5726755404539792 0.8166729490709255 0.5748499661458334 0.8458707421875001
0 0.4618717473958333 0.20197995605468752 0.10933401006935076 0.20103382524868682 0.10914954340277784 0.2227817280273438 0.4616872807292604 0.2237278588333445
0 0.8864795121527778 0.21209802734375002 0.8856965459439277 0.18930405263787187 0.5297345876105943 0.1931728109386531 0.5305175538194444 0.21596678564453126
0 0.9627130277777778 0.6991863305664061 0.9608848010953744 0.6713379664702227 0.5578373375537078 0.6797100123686602 0.5596655642361111 0.7075583764648437
0 0.9701317152777776 0.7241787666015627 0.9686598605666568 0.7005999564481136 0.5603950820635887 0.7086635759137387 0.5618669367747097 0.7322423860671878