0 0.9416666666666667 0.27812500000000007 0.5324074074074074 0.278125 0.5324074074074074 0.3052083333333334 0.9416666666666667 0.30520833333333347
0 0.5046296296296297 0.2260416666666667 0.07685185185185191 0.22604166666666667 0.07685185185185191 0.2572916666666667 0.5046296296296297 0.25729166666666675
0 0.9481481481481482 0.3296875000000001 0.5314814814814814 0.3296875 0.5314814814814814 0.35885416666666675 0.9481481481481482 0.3588541666666668
0 0.9583333333333334 0.43750000000000006 0.5370370370370371 0.4375 0.5370370370370371 0.46666666666666673 0.9583333333333334 0.4666666666666668
0 0.9694444444444444 0.5432291666666667 0.5453703703703706 0.5432291666666667 0.5453703703703706 0.5723958333333333 0.9694444444444444 0.5723958333333333
0 0.9648148148148148 0.4864583333333334 0.5388888888888891 0.4864583333333333 0.5388888888888891 0.51875 0.9648148148148148 0.5187500000000002
0 0.5074074074074074 0.25312500000000004 0.07870370370370376 0.253125 0.07870370370370376 0.2828125 0.5074074074074074 0.2828125
0 0.4935185185185185 0.14843750000000003 0.0703703703703704 0.1484375 0.0703703703703704 0.1776041666666667 0.4935185185185185 0.17760416666666673
0 0.5101851851851854 0.49114583333333334 0.063888888888889 0.49114583333333334 0.063888888888889 0.5255208333333333 0.5101851851851854 0.5255208333333333
0 0.950925925925926 0.3817708333333334 0.5333333333333333 0.38177083333333334 0.5333333333333333 0.4104166666666667 0.950925925925926 0.41041666666666676
0 0.49166666666666664 0.12135416666666668 0.07222222222222224 0.12135416666666667 0.07222222222222224 0.1526041666666667 0.49166666666666664 0.15260416666666674
0 0.4962962962962963 0.20052083333333337 0.07129629629629634 0.20052083333333334 0.07129629629629634 0.23020833333333338 0.4962962962962963 0.2302083333333334
0 0.9740740740740741 0.5677083333333334 0.5444444444444446 0.5677083333333334 0.5444444444444446 0.5979166666666667 0.9740740740740741 0.5979166666666667
0 0.9935185185185185 0.7677083333333333 0.5574074074074076 0.7677083333333333 0.5574074074074076 0.7984375 0.9935185185185185 0.7984375
0 0.9462962962962963 0.3036458333333334 0.5324074074074074 0.30364583333333334 0.5324074074074074 0.33281250000000007 0.9462962962962963 0.3328125000000001
0 0.9657407407407408 0.5145833333333334 0.5435185185185187 0.5145833333333333 0.5435185185185187 0.5463541666666667 0.9657407407407408 0.5463541666666667
0 0.49537037037037035 0.17395833333333335 0.0703703703703704 0.17395833333333333 0.07037037037037042 0.2041666666666667 0.49537037037037035 0.20416666666666672
0 0.9601851851851851 0.46406250000000004 0.5370370370370371 0.4640625 0.5370370370370371 0.49166666666666675 0.9601851851851851 0.4916666666666668
0 0.9768518518518519 0.5953125 0.540740740740741 0.5953125 0.540740740740741 0.625 0.9768518518518519 0.625
0 0.5092592592592595 0.5203125 0.06111111111111121 0.5203125 0.06111111111111123 0.5520833333333334 0.5092592592592595 0.5520833333333334
0 0.95 0.3531250000000001 0.5277777777777778 0.353125 0.5277777777777778 0.38541666666666674 0.95 0.3854166666666668
0 0.9425925925925925 0.2505208333333334 0.5324074074074074 0.2505208333333334 0.5324074074074074 0.27916666666666673 0.9425925925925925 0.2791666666666668
0 0.9842592592592593 0.621875 0.5444444444444446 0.621875 0.5444444444444446 0.653125 0.9842592592592593 0.653125
0 0.9407407407407408 0.22291666666666674 0.5314814814814814 0.22291666666666674 0.5314814814814814 0.25572916666666673 0.9407407407407408 0.25572916666666673
0 0.9851851851851852 0.6520833333333333 0.5500000000000002 0.6520833333333333 0.5500000000000002 0.6822916666666666 0.9851851851851852 0.6822916666666666
0 0.5055555555555558 0.6666666666666666 0.05000000000000014 0.6666666666666666 0.05000000000000015 0.6994791666666667 0.5055555555555558 0.6994791666666667
0 0.9537037037037037 0.40625000000000006 0.5361111111111111 0.40625 0.5361111111111111 0.4385416666666667 0.9537037037037037 0.4385416666666668
0 0.9888888888888889 0.6786458333333333 0.5509259259259262 0.6786458333333333 0.5509259259259262 0.7104166666666667 0.9888888888888889 0.7104166666666667
0 0.5101851851851854 0.5479166666666667 0.06388888888888902 0.5479166666666667 0.06388888888888902 0.5802083333333333 0.5101851851851854 0.5802083333333333
0 0.5046296296296299 0.6947916666666667 0.05000000000000014 0.6947916666666667 0.05000000000000015 0.7286458333333333 0.5046296296296299 0.7286458333333333
0 0.5037037037037039 0.7536458333333333 0.05277777777777794 0.7536458333333333 0.052777777777777944 0.7875 0.5037037037037039 0.7875
0 0.502777777777778 0.7239583333333334 0.050000000000000155 0.7239583333333334 0.05000000000000016 0.7583333333333333 0.502777777777778 0.7583333333333333
0 0.9898148148148148 0.7057291666666666 0.5537037037037039 0.7057291666666666 0.5537037037037039 0.7390625 0.9898148148148148 0.7390625
0 0.9916666666666667 0.7369791666666666 0.5555555555555558 0.7369791666666666 0.5555555555555558 0.7703125 0.9916666666666667 0.7703125
0 0.5101851851851854 0.5755208333333334 0.06203703703703717 0.5755208333333334 0.06203703703703717 0.6114583333333333 0.5101851851851854 0.6114583333333333
0 0.5064814814814816 0.7822916666666667 0.04814814814814832 0.7822916666666667 0.04814814814814833 0.8166666666666667 0.5064814814814816 0.8166666666666667
0 0.5083333333333335 0.60625 0.05740740740740754 0.60625 0.057407407407407546 0.6421875 0.5083333333333335 0.6421875
0 0.5074074074074076 0.6375 0.0555555555555557 0.6375 0.0555555555555557 0.6708333333333333 0.5074074074074076 0.6708333333333333
0 0.9281668595072743 0.10388220225289108 0.5267420096506629 0.09907013297867023 0.5257362407407408 0.12561714479166672 0.9271610905973522 0.13042921406588756
0 0.4889202900963266 0.09613416564559944 0.06783349278577962 0.09587654227575829 0.06778019435611975 0.12344077038015885 0.4888669916666668 0.12369839375000002
0 0.5092667018518519 0.8457079677083335 0.509156089756178 0.8127694806809022 0.04059883975617799 0.8132673400559021 0.04070945185185185 0.8462058270833334
0 0.9961042296296297 0.8223951723958333 0.9937751387983659 0.7913444218095836 0.5520332267613288 0.8018284452470837 0.5543623175925926 0.8328791958333334
0 0.9373611736196855 0.20414099111123635 0.531159313888889 0.20124925052083334 0.530669029324169 0.22304018479526494 0.9368708890549655 0.22593192538566792
0 0.9338948197666821 0.1791137650259966 0.5282339453703703 0.17660765156250005 0.5277809289927199 0.19980943396533163 0.9334418033890317 0.20231554742882818
0 0.9327717174552083 0.15556979791298542 0.5297094037037038 0.15085069114583335 0.5287723218157157 0.1761748475977856 0.9318346355672202 0.18089395436493763
0 0.9278952926060917 0.12878705235530838 0.5261194296296298 0.1255003322916667 0.5255185504978717 0.14874125153637247 0.9272944134743336 0.15202797160001416
0 0.5065163231481482 0.4918144067708333 0.5060192756325291 0.4651124901742711 0.06773523581771426 0.46769389538260436 0.06823228333333334 0.4943958119791666
0 0.5061760870370371 0.4466146067708335 0.07248472711826211 0.441359370700356 0.07157724840532598 0.46505509784815025 0.505268608324101 0.47031033391862764
0 0.5099709638546711 0.4187040433786401 0.07192788117228191 0.41156938708710517 0.07052416203703714 0.4388383765625 0.5085672447194265 0.44597303285403495
0 0.5057952014128112 0.3929023614064561 0.07367169074074081 0.38545121718750003 0.07214761295600589 0.4134176524556105 0.5042711236280762 0.4208687966745666
0 0.5075835291404859 0.3645304374078297 0.07102198796296305 0.35840734375000005 0.06982005782263422 0.3855216721061482 0.5063815990001571 0.39164476576397783
0 0.5155295499547973 0.340119852202469 0.07365311759259266 0.32953772708333334 0.07150558644077079 0.357911198428991 0.5133820188029755 0.36849332354812664
0 0.5067066203703705 0.311509478125 0.07478346501036479 0.30276469012615853 0.07295970555555562 0.3312663276041667 0.5048828609155612 0.34001111560300823
0 0.5047460716380768 0.27969359531931204 0.07525263873655551 0.2780751551559902 0.07488370969107126 0.30905275619084477 0.5043771425925926 0.3106711963541667