0 0.7278924457701046 0.9147838043257857 0.14399136143313415 0.8972510824122102 0.13986553645833355 0.940726703125 0.723766620795304 0.9582594250385754
0 0.7284150789930558 0.8745770507812501 0.14537415086835853 0.8595482304978567 0.1422338515625002 0.8980952006835937 0.7252747796871974 0.9131240209669872
0 0.727191321776218 0.8361621647069323 0.15526666503796407 0.8203799959016363 0.15198174826388908 0.8580453071289064 0.723906405002143 0.8738274759342023
0 0.7369415999888471 0.7978294242686822 0.1641108016937135 0.7801978730903709 0.16019127517361129 0.8204894716796876 0.7330220734687448 0.8381210228579988
0 0.7362518479154486 0.7619342720920095 0.17497901956108539 0.7467319144537575 0.17177694161091486 0.7841378074008104 0.733049769965278 0.7993401650390624
0 0.7391337658083208 0.7244695639651124 0.1816901556177938 0.7080419348063258 0.17820002262197324 0.7455144704505885 0.7356436328125002 0.7619420996093751
0 0.7414548889405961 0.6882739252881221 0.18701002827870225 0.6718897233366514 0.18351816017143965 0.7092780436539982 0.7379630208333334 0.7256622456054689
0 0.7421217270958403 0.6533925391561975 0.19333087867513424 0.6369705719046437 0.18992150835012722 0.6730202099945399 0.7387123567708334 0.6894421772460938
0 0.738304677575507 0.6184341656337964 0.20101202771829005 0.6015000109923029 0.19759272829861124 0.6358265141601562 0.7348853781558282 0.6527606688016497
0 0.7378384640227282 0.5833213765500025 0.2071393698082631 0.5678752976398774 0.2038125038758128 0.604042128121125 0.734511598090278 0.6194882070312501
0 0.7340520528706995 0.5514420770686377 0.21359053249469337 0.5347660792530936 0.21025811330454935 0.5676740783563309 0.7307196336805556 0.584350076171875
0 0.7385225853610249 0.5185434999431512 0.21576108542074315 0.5004165990069299 0.21213568576388905 0.5334977778320312 0.7348971857041707 0.5516246787682526
0 0.7408945684053718 0.4886399477096397 0.22332009931955998 0.4661867630352829 0.21843984809027786 0.5017812001953125 0.7360143171760897 0.5242343848696692
0 0.7422267959021174 0.4581154510825156 0.22741367421328162 0.4376690519972985 0.2235257324778311 0.4686430721061892 0.7383388541666668 0.48908947119140633
0 0.7476543143149557 0.42718213330091925 0.23060901473333464 0.4058949162142307 0.22655732986111113 0.4370328950195312 0.7436026294427321 0.45832011210621976
0 0.7445310955238785 0.3964824615802598 0.23754688089881673 0.37661637211918464 0.2339205813818826 0.40589770057798735 0.7409047960069445 0.4257637900390625
0 0.7471338155292485 0.3673105597443948 0.24087525877329247 0.34617930040175954 0.2368417934027779 0.376754576171875 0.7431003501587338 0.3978858355145103
0 0.7452606852775157 0.3366484651331449 0.2510484004684437 0.3143614525706111 0.24651093663194448 0.34619755615234377 0.7407232214410163 0.36848456871487756
0 0.7519246787836856 0.30816555764353176 0.2534071119791667 0.2858862172851563 0.24929907902881457 0.3149704164775621 0.7478166458333334 0.33724975683593755
0 0.750988290340053 0.27871080006883436 0.26601148176126554 0.254759305504573 0.26133925607638897 0.2846927861328125 0.7463160646551763 0.30864428069707395
0 0.7551598449978079 0.25161057969789324 0.26850296750022906 0.22748542780962117 0.264034920245477 0.256003201627353 0.7506917977430557 0.2801283535156251
0 0.7555839248996921 0.22441909059418444 0.27388873572316713 0.20026544670658877 0.2692595468750001 0.22947598779296877 0.7509547360515251 0.2536296316805644
0 0.7566586385691082 0.19454409923882865 0.27893426019815126 0.16975486299678777 0.2739921632957099 0.19988981942202172 0.7517165416666668 0.22467905566406257
0 0.7587218367302129 0.1688847059870292 0.28537905822203496 0.14298562213695015 0.2806495538194445 0.17033528906250003 0.7539923323276223 0.19623437291257909
0 0.7630160913618892 0.1409759815403287 0.2892321777905897 0.11510405964555101 0.2842728711509228 0.14383948533178487 0.7580567847222224 0.16971140722656256
0 0.7679841143718633 0.11455361726749803 0.29163368028461245 0.0896896135929579 0.2873962699058048 0.11537588597389746 0.7637467039930557 0.1402398896484376
0 0.7647617610279499 0.09415646918112813 0.29657680899246835 0.06812501679910467 0.2924445381944445 0.09164044433593752 0.7606294902299261 0.11767189671796097