0 0.68310546875 0.763671875 0.4916992187500001 0.763671875 0.4916992187500001 0.791015625 0.68310546875 0.791015625
0 0.89111328125 0.6393229166666669 0.70068359375 0.6393229166666669 0.70068359375 0.6660156250000001 0.89111328125 0.6660156250000001
0 0.89208984375 0.6998697916666666 0.7001953125 0.6998697916666666 0.7001953125 0.7265625 0.89208984375 0.7265625
0 0.89404296875 0.5800781250000001 0.70068359375 0.5800781250000001 0.70068359375 0.6067708333333335 0.89404296875 0.6067708333333335
0 0.8896484375 0.787109375 0.69873046875 0.787109375 0.69873046875 0.8131510416666666 0.8896484375 0.8131510416666666
0 0.67919921875 0.705078125 0.4892578125000001 0.705078125 0.4892578125000001 0.7317708333333334 0.67919921875 0.7317708333333334
0 0.90625 0.11328125000000012 0.70556640625 0.11328125000000011 0.70556640625 0.1432291666666668 0.90625 0.14322916666666682
0 0.8955078125 0.6093750000000001 0.6982421875 0.6093750000000001 0.6982421875 0.6360677083333335 0.8955078125 0.6360677083333335
0 0.6845703125 0.6751302083333334 0.4887695312500001 0.6751302083333334 0.4887695312500001 0.7024739583333334 0.6845703125 0.7024739583333334
0 0.6875 0.7337239583333334 0.4907226562500001 0.7337239583333334 0.4907226562500001 0.759765625 0.6875 0.759765625
0 0.6845703125 0.3411458333333335 0.48681640625 0.3411458333333335 0.48681640625 0.3704427083333335 0.6845703125 0.3704427083333335
0 0.24658203125000006 0.8157552083333334 0.04980468750000007 0.8157552083333334 0.049804687500000076 0.8444010416666666 0.24658203125000006 0.8444010416666666
0 0.68017578125 0.6445312500000001 0.4882812500000001 0.6445312500000001 0.4882812500000001 0.6725260416666666 0.68017578125 0.6725260416666666
0 0.68408203125 0.6158854166666669 0.4877929687500001 0.6158854166666669 0.4877929687500001 0.6419270833333335 0.68408203125 0.6419270833333335
0 0.4697265625 0.5338541666666667 0.2568359375 0.5338541666666666 0.2568359375 0.5651041666666667 0.4697265625 0.5651041666666669
0 0.4741210937500001 0.7845052083333334 0.2690429687500001 0.7845052083333334 0.2690429687500001 0.8131510416666666 0.4741210937500001 0.8131510416666666
0 0.4736328125000001 0.7532552083333334 0.2666015625000001 0.7532552083333334 0.2666015625000001 0.783203125 0.4736328125000001 0.783203125
0 0.47314453125000006 0.5970052083333334 0.26025390625 0.5970052083333334 0.26025390625000006 0.6256510416666667 0.4731445312500001 0.6256510416666669
0 0.90087890625 0.5501302083333335 0.7001953125 0.5501302083333335 0.7001953125 0.5768229166666669 0.90087890625 0.5768229166666669
0 0.6865234375 0.21354166666666677 0.48193359375 0.21354166666666674 0.48193359375 0.24348958333333345 0.6865234375 0.24348958333333348
0 0.68408203125 0.4029947916666668 0.4833984375 0.4029947916666668 0.4833984375 0.43164062500000017 0.68408203125 0.43164062500000017
0 0.4721679687500001 0.6269531250000001 0.2602539062500001 0.626953125 0.2602539062500001 0.6569010416666667 0.4721679687500001 0.6569010416666669
0 0.89501953125 0.669921875 0.70166015625 0.669921875 0.70166015625 0.697265625 0.89501953125 0.697265625
0 0.6826171875 0.37109375000000017 0.4892578125 0.37109375000000017 0.4892578125 0.40039062500000017 0.6826171875 0.40039062500000017
0 0.68994140625 0.1132812500000001 0.4814453125 0.11328125000000007 0.4814453125 0.14648437500000008 0.68994140625 0.1464843750000001
0 0.46923828125 0.5644531250000001 0.26025390625 0.564453125 0.26025390625 0.5930989583333334 0.46923828125 0.5930989583333335
0 0.24804687500000006 0.6946614583333334 0.04199218750000007 0.6946614583333334 0.04199218750000007 0.7220052083333334 0.24804687500000006 0.7220052083333334
0 0.68603515625 0.5566406250000001 0.48876953125 0.5566406250000001 0.48876953125 0.5846354166666669 0.68603515625 0.5846354166666669
0 0.68505859375 0.07877604166666675 0.4794921875 0.07877604166666674 0.4794921875 0.10872395833333343 0.68505859375 0.10872395833333344
0 0.90283203125 0.33593750000000017 0.70751953125 0.33593750000000017 0.70751953125 0.36523437500000017 0.90283203125 0.36523437500000017
0 0.89990234375 0.36718750000000017 0.708984375 0.36718750000000017 0.708984375 0.39648437500000017 0.89990234375 0.39648437500000017
0 0.888671875 0.8157552083333334 0.70361328125 0.8157552083333334 0.70361328125 0.841796875 0.888671875 0.841796875
0 0.68505859375 0.3098958333333334 0.4873046875 0.3098958333333334 0.4873046875 0.3391927083333335 0.68505859375 0.3391927083333335
0 0.4770507812500001 0.818359375 0.2641601562500001 0.818359375 0.2641601562500001 0.8470052083333334 0.4770507812500001 0.8470052083333334
0 0.24951171875000006 0.845703125 0.05224609375000008 0.845703125 0.05224609375000008 0.873046875 0.24951171875000006 0.873046875
0 0.68505859375 0.43359375000000017 0.48291015625 0.43359375000000017 0.48291015625 0.4622395833333335 0.68505859375 0.4622395833333335
0 0.89990234375 0.3977864583333335 0.7041015625 0.3977864583333335 0.7041015625 0.4270833333333335 0.89990234375 0.4270833333333335
0 0.68212890625 0.46484375000000017 0.48828125 0.46484375000000017 0.48828125 0.4934895833333335 0.68212890625 0.4934895833333335
0 0.24755859375000006 0.6028645833333334 0.037597656250000056 0.6028645833333334 0.037597656250000056 0.6321614583333334 0.24755859375000006 0.6321614583333334
0 0.68408203125 0.4954427083333335 0.4853515625 0.4954427083333335 0.4853515625 0.5234375000000001 0.68408203125 0.5234375000000001
0 0.4677734375000001 0.6907552083333334 0.2641601562500001 0.6907552083333334 0.2641601562500001 0.7213541666666666 0.4677734375000001 0.7213541666666666
0 0.685546875 0.5247395833333335 0.48828125 0.5247395833333335 0.48828125 0.5533854166666669 0.685546875 0.5533854166666669
0 0.8974609375 0.5188802083333335 0.701171875 0.5188802083333335 0.701171875 0.5462239583333335 0.8974609375 0.5462239583333335
0 0.689453125 0.17708333333333345 0.4833984375 0.1770833333333334 0.4833984375 0.20833333333333345 0.689453125 0.20833333333333348
0 0.68505859375 0.79296875 0.4892578125000001 0.79296875 0.4892578125000001 0.8196614583333334 0.68505859375 0.8196614583333334
0 0.23876953125000006 0.5091145833333334 0.03222656250000004 0.5091145833333334 0.03222656250000005 0.5384114583333334 0.23876953125000006 0.5384114583333334
0 0.4760742187500001 0.7213541666666666 0.2656250000000001 0.7213541666666666 0.2656250000000001 0.7506510416666666 0.4760742187500001 0.7506510416666666
0 0.68408203125 0.2812500000000001 0.48779296875 0.28125000000000006 0.48779296875 0.3111979166666668 0.68408203125 0.3111979166666668
0 0.23779296875000006 0.6341145833333334 0.039550781250000056 0.6341145833333334 0.039550781250000056 0.6627604166666666 0.23779296875000006 0.6627604166666666
0 0.24218750000000006 0.5729166666666666 0.036621093750000056 0.5729166666666666 0.036621093750000056 0.6022135416666666 0.24218750000000006 0.6022135416666666
0 0.6904296875 0.14713541666666677 0.4794921875 0.14713541666666674 0.4794921875 0.1777343750000001 0.6904296875 0.17773437500000014
0 0.6875 0.24479166666666677 0.48388671875 0.24479166666666674 0.48388671875 0.2747395833333334 0.6875 0.2747395833333335
0 0.24169921875000006 0.6647135416666666 0.043945312500000056 0.6647135416666666 0.04394531250000006 0.693359375 0.24169921875000006 0.693359375
0 0.89794921875 0.49023437500000017 0.7041015625 0.49023437500000017 0.7041015625 0.5182291666666669 0.89794921875 0.5182291666666669
0 0.23730468750000006 0.34765625 0.026855468750000035 0.34765625 0.026855468750000035 0.37890625 0.23730468750000006 0.37890625
0 0.90283203125 0.2727864583333335 0.70849609375 0.2727864583333335 0.70849609375 0.3020833333333335 0.90283203125 0.3020833333333335
0 0.9033203125 0.24088541666666682 0.70849609375 0.24088541666666682 0.70849609375 0.27148437500000017 0.9033203125 0.27148437500000017
0 0.88818359375 0.8430989583333334 0.7060546875 0.8430989583333334 0.7060546875 0.8736979166666666 0.88818359375 0.8736979166666666
0 0.2504882812500001 0.75390625 0.04980468750000007 0.75390625 0.04980468750000007 0.7825520833333334 0.2504882812500001 0.7825520833333334
0 0.8994140625 0.3033854166666668 0.71142578125 0.3033854166666668 0.71142578125 0.33398437500000017 0.8994140625 0.33398437500000017
0 0.2509765625000001 0.7239583333333334 0.04492187500000007 0.7239583333333334 0.04492187500000007 0.7526041666666666 0.2509765625000001 0.7526041666666666
0 0.23974609375000006 0.4134114583333333 0.029296875000000035 0.4134114583333333 0.029296875000000038 0.4440104166666667 0.23974609375000006 0.4440104166666667
0 0.685546875 0.5865885416666669 0.4853515625 0.5865885416666669 0.48535156250000006 0.6139322916666669 0.685546875 0.6139322916666669
0 0.8896484375 0.7291666666666666 0.69970703125 0.7291666666666666 0.69970703125 0.7565104166666666 0.8896484375 0.7565104166666666
0 0.4702148437500001 0.6582031250000001 0.2602539062500001 0.658203125 0.2602539062500001 0.689453125 0.4702148437500001 0.689453125
0 0.90380859375 0.21028645833333348 0.7109375 0.21028645833333348 0.7109375 0.23958333333333348 0.90380859375 0.23958333333333348
0 0.90380859375 0.17708333333333348 0.7099609375 0.17708333333333348 0.7099609375 0.20703125000000014 0.90380859375 0.20703125000000014
0 0.24218750000000006 0.4772135416666667 0.03320312500000004 0.4772135416666667 0.03320312500000004 0.5065104166666666 0.24218750000000006 0.5065104166666666
0 0.4731445312500001 0.8470052083333334 0.2680664062500001 0.8470052083333334 0.2680664062500001 0.8763020833333334 0.4731445312500001 0.8763020833333334
0 0.24511718750000006 0.5403645833333334 0.036132812500000056 0.5403645833333334 0.036132812500000056 0.5690104166666666 0.24511718750000006 0.5690104166666666
0 0.900390625 0.4290364583333335 0.7041015625 0.4290364583333335 0.7041015625 0.4563802083333335 0.900390625 0.4563802083333335
0 0.23681640625000006 0.380859375 0.024902343750000035 0.380859375 0.024902343750000035 0.4114583333333333 0.23681640625000006 0.4114583333333333
0 0.4658203125 0.5006510416666667 0.2587890625 0.5006510416666666 0.2587890625 0.5279947916666667 0.4658203125 0.5279947916666669
0 0.2509765625000001 0.787109375 0.04931640625000007 0.787109375 0.04931640625000007 0.81640625 0.2509765625000001 0.81640625
0 0.23876953125000006 0.4459635416666667 0.02978515625000004 0.4459635416666667 0.02978515625000004 0.4759114583333333 0.23876953125000006 0.4759114583333333
0 0.89697265625 0.45898437500000017 0.705078125 0.45898437500000017 0.705078125 0.4876302083333335 0.89697265625 0.4876302083333335
0 0.68603515625 0.8216145833333334 0.4921875000000001 0.8216145833333334 0.4921875000000001 0.84765625 0.68603515625 0.84765625
0 0.90673828125 0.14648437500000014 0.7109375 0.1464843750000001 0.7109375 0.17773437500000014 0.90673828125 0.17773437500000014
0 0.88916015625 0.7584635416666666 0.6982421875 0.7584635416666666 0.6982421875 0.78515625 0.88916015625 0.78515625
0 0.689453125 0.8522135416666666 0.4931640625000001 0.8522135416666666 0.4931640625000001 0.8821614583333334 0.689453125 0.8821614583333334
0 0.2529296875000001 0.876953125 0.05029296875000008 0.876953125 0.05029296875000008 0.9095052083333334 0.2529296875000001 0.9095052083333334
0 0.24609375000000006 0.31445312500000006 0.016113281250000028 0.314453125 0.01611328125000003 0.3463541666666667 0.24609375000000006 0.3463541666666667
0 0.4814453125000001 0.8763020833333334 0.2685546875000001 0.8763020833333334 0.2685546875000001 0.9095052083333334 0.4814453125000001 0.9095052083333334