0 0.7359375 0.727777777777778 0.5828125 0.727777777777778 0.5828125 0.7601851851851854 0.7359375 0.7601851851851854
0 0.40520833333333334 0.7129629629629629 0.24947916666666672 0.7129629629629629 0.24947916666666672 0.7462962962962963 0.40520833333333334 0.7462962962962963
0 0.24635416666666674 0.46111111111111114 0.09531250000000004 0.46111111111111114 0.09531250000000004 0.4925925925925926 0.24635416666666674 0.4925925925925926
0 0.578125 0.15277777777777787 0.4296875 0.15277777777777787 0.4296875 0.18055555555555566 0.578125 0.18055555555555566
0 0.2348958333333334 0.8064814814814815 0.07864583333333339 0.8064814814814815 0.07864583333333339 0.8379629629629629 0.2348958333333334 0.8379629629629629
0 0.2526041666666667 0.27870370370370373 0.1010416666666667 0.27870370370370373 0.1010416666666667 0.31018518518518523 0.2526041666666667 0.3101851851851853
0 0.24375000000000005 0.5222222222222223 0.09375000000000003 0.5222222222222223 0.09375000000000003 0.5527777777777778 0.24375000000000005 0.5527777777777778
0 0.734375 0.24629629629629646 0.5869791666666667 0.2462962962962964 0.5869791666666667 0.27407407407407425 0.734375 0.2740740740740743
0 0.7348958333333333 0.2759259259259261 0.5880208333333333 0.275925925925926 0.5880208333333333 0.30370370370370386 0.7348958333333333 0.3037037037037039
0 0.4036458333333333 0.7444444444444445 0.25000000000000006 0.7444444444444445 0.25000000000000006 0.7777777777777778 0.4036458333333333 0.7777777777777778
0 0.7359375 0.5731481481481484 0.5838541666666667 0.5731481481481484 0.5838541666666667 0.603703703703704 0.7359375 0.603703703703704
0 0.5734375 0.35833333333333345 0.42864583333333334 0.35833333333333345 0.42864583333333334 0.38796296296296306 0.5734375 0.38796296296296306
0 0.7359375 0.7583333333333335 0.5838541666666667 0.7583333333333335 0.5838541666666667 0.790740740740741 0.7359375 0.790740740740741
0 0.9046875 0.8666666666666669 0.7546875 0.8666666666666669 0.7546875 0.8981481481481484 0.9046875 0.8981481481481484
0 0.7338541666666667 0.15925925925925938 0.5895833333333333 0.15925925925925938 0.5895833333333333 0.18796296296296308 0.7338541666666667 0.1879629629629631
0 0.7375 0.6305555555555558 0.5838541666666667 0.6305555555555558 0.5838541666666667 0.6638888888888891 0.7375 0.6638888888888891
0 0.7348958333333333 0.18888888888888902 0.5890625 0.188888888888889 0.5890625 0.21759259259259273 0.7348958333333333 0.21759259259259275
0 0.25052083333333336 0.3685185185185186 0.09895833333333336 0.3685185185185185 0.09895833333333336 0.4000000000000001 0.25052083333333336 0.4000000000000001
0 0.5765625 0.2712962962962964 0.43020833333333336 0.2712962962962964 0.43020833333333336 0.29907407407407416 0.5765625 0.29907407407407416
0 0.9010416666666666 0.6111111111111113 0.7515625 0.6111111111111113 0.7515625 0.6425925925925928 0.9010416666666666 0.6425925925925928
0 0.8989583333333333 0.5175925925925928 0.7520833333333333 0.5175925925925928 0.7520833333333333 0.5481481481481484 0.8989583333333333 0.5481481481481484
0 0.4015625 0.8101851851851852 0.24791666666666673 0.8101851851851852 0.24791666666666673 0.8425925925925926 0.4015625 0.8425925925925926
0 0.9041666666666667 0.8361111111111114 0.7526041666666666 0.8361111111111114 0.7526041666666666 0.864814814814815 0.9041666666666667 0.864814814814815
0 0.8973958333333333 0.5490740740740743 0.7515625 0.5490740740740743 0.7515625 0.5796296296296298 0.8973958333333333 0.5796296296296298
0 0.5760416666666667 0.18333333333333343 0.42864583333333334 0.18333333333333343 0.42864583333333334 0.21203703703703713 0.5760416666666667 0.21203703703703713
0 0.7354166666666667 0.451851851851852 0.5848958333333333 0.45185185185185195 0.5848958333333333 0.4814814814814817 0.7354166666666667 0.4814814814814817
0 0.2411458333333334 0.5527777777777778 0.09218750000000003 0.5527777777777778 0.09218750000000003 0.5851851851851851 0.2411458333333334 0.5851851851851851
0 0.4114583333333333 0.5277777777777778 0.2593750000000001 0.5277777777777778 0.2593750000000001 0.5592592592592592 0.4114583333333333 0.5592592592592592
0 0.40677083333333336 0.6814814814814815 0.25312500000000004 0.6814814814814815 0.25312500000000004 0.7129629629629629 0.40677083333333336 0.7129629629629629
0 0.8973958333333333 0.277777777777778 0.7510416666666667 0.277777777777778 0.7510416666666667 0.30740740740740763 0.8973958333333333 0.30740740740740763
0 0.24635416666666674 0.49074074074074076 0.09427083333333336 0.49074074074074076 0.09427083333333336 0.5222222222222223 0.24635416666666674 0.5222222222222223
0 0.4125 0.4685185185185186 0.26093750000000004 0.4685185185185186 0.26093750000000004 0.5 0.4125 0.5
0 0.4171875 0.19907407407407415 0.26927083333333335 0.19907407407407413 0.26927083333333335 0.23148148148148157 0.4171875 0.2314814814814816
0 0.8994791666666667 0.7407407407407409 0.7557291666666667 0.7407407407407409 0.7557291666666667 0.7722222222222225 0.8994791666666667 0.7722222222222225
0 0.41354166666666664 0.40462962962962973 0.2625 0.40462962962962973 0.2625 0.4361111111111112 0.41354166666666664 0.4361111111111112
0 0.24895833333333334 0.39907407407407414 0.09739583333333336 0.3990740740740741 0.09739583333333336 0.4296296296296297 0.24895833333333334 0.42962962962962975
0 0.40104166666666674 0.8435185185185186 0.2458333333333334 0.8435185185185186 0.2458333333333334 0.8777777777777778 0.4010416666666668 0.8777777777777778
0 0.25364583333333335 0.24907407407407411 0.10625000000000002 0.2490740740740741 0.10625000000000002 0.27870370370370373 0.25364583333333335 0.2787037037037038
0 0.23645833333333338 0.7712962962962963 0.0802083333333334 0.7712962962962963 0.0802083333333334 0.8046296296296296 0.23645833333333338 0.8046296296296296
0 0.575 0.24166666666666678 0.4296875 0.24166666666666678 0.4296875 0.26944444444444454 0.575 0.26944444444444454
0 0.25000000000000006 0.4296296296296297 0.0979166666666667 0.42962962962962964 0.0979166666666667 0.46111111111111114 0.25000000000000006 0.4611111111111112
0 0.7359375 0.6018518518518521 0.5864583333333333 0.6018518518518521 0.5864583333333333 0.6342592592592595 0.7359375 0.6342592592592595
0 0.9005208333333333 0.7111111111111114 0.7552083333333334 0.7111111111111114 0.7552083333333334 0.7425925925925928 0.9005208333333333 0.7425925925925928
0 0.403125 0.7777777777777778 0.2489583333333334 0.7777777777777778 0.2489583333333334 0.8101851851851852 0.403125 0.8101851851851852
0 0.9005208333333333 0.6370370370370373 0.7515625 0.6370370370370373 0.7515625 0.6731481481481484 0.9005208333333333 0.6731481481481484
0 0.41041666666666665 0.5879629629629629 0.25468750000000007 0.5879629629629629 0.25468750000000007 0.6185185185185185 0.41041666666666665 0.6185185185185185
0 0.5713541666666667 0.5953703703703704 0.42239583333333336 0.5953703703703703 0.42239583333333336 0.6250000000000001 0.5713541666666667 0.6250000000000002
0 0.25729166666666664 0.18981481481481485 0.1078125 0.18981481481481483 0.10781250000000002 0.21944444444444447 0.25729166666666664 0.2194444444444445
0 0.5744791666666667 0.30092592592592604 0.4276041666666667 0.30092592592592604 0.4276041666666667 0.32870370370370383 0.5744791666666667 0.32870370370370383
0 0.8984375 0.5796296296296298 0.7520833333333333 0.5796296296296298 0.7520833333333333 0.6111111111111113 0.8984375 0.6111111111111113
0 0.2515625 0.3092592592592593 0.10208333333333336 0.30925925925925923 0.10208333333333336 0.337962962962963 0.2515625 0.3379629629629631
0 0.5760416666666667 0.32870370370370383 0.428125 0.32870370370370383 0.428125 0.3574074074074075 0.5760416666666667 0.3574074074074075
0 0.9036458333333334 0.676851851851852 0.7526041666666666 0.676851851851852 0.7526041666666666 0.7111111111111114 0.9036458333333334 0.7111111111111114
0 0.7359375 0.7879629629629632 0.5828125 0.7879629629629632 0.5828125 0.8231481481481484 0.7359375 0.8231481481481484
0 0.23645833333333338 0.7416666666666667 0.08645833333333339 0.7416666666666667 0.08645833333333339 0.7722222222222223 0.23645833333333338 0.7722222222222223
0 0.4125 0.43703703703703717 0.2614583333333334 0.43703703703703717 0.2614583333333334 0.46944444444444455 0.4125 0.46944444444444455
0 0.8953125 0.24907407407407428 0.7505208333333333 0.24907407407407428 0.7505208333333333 0.2787037037037039 0.8953125 0.2787037037037039
0 0.4161458333333333 0.23055555555555562 0.2671875 0.2305555555555556 0.2671875 0.2620370370370371 0.4161458333333333 0.2620370370370371
0 0.41458333333333336 0.3750000000000001 0.26458333333333334 0.3750000000000001 0.26458333333333334 0.4064814814814816 0.41458333333333336 0.4064814814814816
0 0.7359375 0.5101851851851854 0.5854166666666667 0.5101851851851854 0.5854166666666667 0.5416666666666669 0.7359375 0.5416666666666669
0 0.24218750000000006 0.5824074074074074 0.0916666666666667 0.5824074074074074 0.0916666666666667 0.6148148148148148 0.24218750000000006 0.6148148148148148
0 0.4192708333333333 0.1685185185185186 0.2708333333333333 0.16851851851851857 0.2708333333333333 0.20277777777777786 0.4192708333333333 0.2027777777777779
0 0.5723958333333333 0.3870370370370371 0.4296875 0.3870370370370371 0.4296875 0.4148148148148149 0.5723958333333333 0.4148148148148149
0 0.5755208333333334 0.213888888888889 0.43072916666666666 0.213888888888889 0.43072916666666666 0.24166666666666678 0.5755208333333334 0.24166666666666678
0 0.41354166666666664 0.4981481481481482 0.26041666666666674 0.4981481481481482 0.26041666666666674 0.5296296296296297 0.41354166666666664 0.5296296296296297
0 0.41822916666666665 0.1398148148148149 0.2713541666666667 0.13981481481481486 0.2713541666666667 0.17129629629629636 0.41822916666666665 0.1712962962962964
0 0.4166666666666667 0.3157407407407408 0.26510416666666664 0.3157407407407408 0.26510416666666664 0.3472222222222223 0.4166666666666667 0.3472222222222223
0 0.7364583333333333 0.8518518518518521 0.5828125 0.8518518518518521 0.5828125 0.8842592592592595 0.7364583333333333 0.8842592592592595
0 0.8979166666666667 0.48796296296296315 0.7520833333333333 0.48796296296296315 0.7520833333333333 0.5185185185185187 0.8979166666666667 0.5185185185185187
0 0.7354166666666667 0.30370370370370386 0.5890625 0.3037037037037038 0.5890625 0.33240740740740754 0.7354166666666667 0.3324074074074076
0 0.7348958333333333 0.21574074074074087 0.5880208333333333 0.21574074074074084 0.5880208333333333 0.24537037037037052 0.7348958333333333 0.24537037037037057
0 0.7348958333333333 0.39351851851851866 0.5848958333333333 0.3935185185185186 0.5848958333333333 0.42314814814814833 0.7348958333333333 0.4231481481481484
0 0.4109375 0.5574074074074075 0.25781250000000006 0.5574074074074075 0.25781250000000006 0.5898148148148148 0.4109375 0.5898148148148148
0 0.2546875 0.16203703703703706 0.10833333333333334 0.16203703703703703 0.10833333333333334 0.19074074074074077 0.2546875 0.1907407407407408
0 0.25885416666666666 0.13425925925925927 0.10833333333333334 0.13425925925925927 0.10833333333333334 0.16296296296296298 0.25885416666666666 0.162962962962963
0 0.7375 0.8203703703703705 0.584375 0.8203703703703705 0.584375 0.853703703703704 0.7375 0.853703703703704
0 0.4197916666666667 0.11296296296296303 0.27291666666666664 0.11296296296296301 0.27291666666666664 0.14259259259259266 0.4197916666666667 0.1425925925925927
0 0.25416666666666665 0.22314814814814818 0.1072916666666667 0.22314814814814815 0.1072916666666667 0.2527777777777778 0.25416666666666665 0.2527777777777779
0 0.7354166666666667 0.4805555555555558 0.5859375 0.4805555555555558 0.5859375 0.5120370370370373 0.7354166666666667 0.5120370370370373
0 0.415625 0.3453703703703705 0.26458333333333334 0.3453703703703705 0.26458333333333334 0.37685185185185194 0.415625 0.37685185185185194
0 0.7348958333333333 0.5425925925925928 0.5848958333333333 0.5425925925925928 0.5848958333333333 0.5740740740740743 0.7348958333333333 0.5740740740740743
0 0.7348958333333333 0.3629629629629631 0.5854166666666667 0.36296296296296304 0.5854166666666667 0.39259259259259277 0.7348958333333333 0.3925925925925928
0 0.571875 0.4750000000000001 0.42552083333333335 0.475 0.42552083333333335 0.5037037037037038 0.571875 0.5037037037037039
0 0.7369791666666666 0.42129629629629645 0.5859375 0.4212962962962964 0.5859375 0.45277777777777795 0.7369791666666666 0.452777777777778
0 0.8989583333333333 0.45833333333333354 0.7515625 0.45833333333333354 0.7515625 0.4888888888888891 0.8989583333333333 0.4888888888888891
0 0.7359375 0.3333333333333335 0.5859375 0.3333333333333334 0.5859375 0.3629629629629631 0.7359375 0.36296296296296315
0 0.8973958333333333 0.42685185185185204 0.7510416666666667 0.42685185185185204 0.7510416666666667 0.45833333333333354 0.8973958333333333 0.45833333333333354
0 0.41770833333333335 0.2879629629629631 0.265625 0.2879629629629631 0.265625 0.31851851851851865 0.41770833333333335 0.31851851851851865
0 0.25 0.337962962962963 0.10260416666666669 0.33796296296296297 0.10260416666666669 0.3685185185185186 0.25 0.36851851851851863
0 0.5697916666666667 0.7472222222222223 0.41875 0.7472222222222222 0.41875 0.7805555555555557 0.5697916666666667 0.7805555555555558
0 0.9020833333333333 0.7712962962962965 0.753125 0.7712962962962965 0.753125 0.8037037037037039 0.9020833333333333 0.8037037037037039
0 0.8953125 0.19074074074074093 0.7526041666666666 0.1907407407407409 0.7526041666666666 0.21944444444444464 0.8953125 0.21944444444444466
0 0.41770833333333335 0.2583333333333334 0.265625 0.2583333333333334 0.265625 0.2898148148148149 0.41770833333333335 0.2898148148148149
0 0.5723958333333333 0.44722222222222235 0.42604166666666665 0.44722222222222235 0.42604166666666665 0.47592592592592603 0.5723958333333333 0.47592592592592614
0 0.2348958333333334 0.7055555555555556 0.08437500000000006 0.7055555555555556 0.08437500000000006 0.7388888888888889 0.2348958333333334 0.7388888888888889
0 0.571875 0.563888888888889 0.42291666666666666 0.5638888888888889 0.42291666666666666 0.5962962962962964 0.571875 0.5962962962962965
0 0.8989583333333333 0.3953703703703706 0.7505208333333333 0.3953703703703706 0.7505208333333333 0.427777777777778 0.8989583333333333 0.427777777777778
0 0.56875 0.6240740740740742 0.42083333333333334 0.6240740740740741 0.42083333333333334 0.6564814814814816 0.56875 0.6564814814814817
0 0.2369791666666667 0.6768518518518518 0.08906250000000006 0.6768518518518518 0.08906250000000006 0.7083333333333334 0.2369791666666667 0.7083333333333334
0 0.2411458333333334 0.6138888888888889 0.09062500000000002 0.6138888888888889 0.09062500000000004 0.6453703703703704 0.2411458333333334 0.6453703703703704
0 0.4078125 0.6509259259259259 0.2536458333333334 0.6509259259259259 0.2536458333333334 0.6824074074074075 0.4078125 0.6824074074074075
0 0.8963541666666667 0.30925925925925946 0.7515625 0.30925925925925946 0.7515625 0.3379629629629632 0.8963541666666667 0.3379629629629632
0 0.896875 0.3379629629629632 0.7520833333333333 0.3379629629629632 0.7520833333333333 0.36851851851851875 0.896875 0.36851851851851875
0 0.5729166666666666 0.5046296296296298 0.4239583333333333 0.5046296296296297 0.4239583333333333 0.5342592592592593 0.5729166666666666 0.5342592592592594
0 0.7354166666666667 0.6944444444444446 0.5838541666666667 0.6944444444444446 0.5838541666666667 0.728703703703704 0.7354166666666667 0.728703703703704
0 0.56875 0.7166666666666668 0.4203125 0.7166666666666667 0.4203125 0.7490740740740742 0.56875 0.7490740740740743
0 0.5770833333333333 0.12314814814814826 0.4317708333333333 0.12314814814814826 0.4317708333333333 0.15092592592592602 0.5770833333333333 0.15092592592592602
0 0.2578125 0.1055555555555556 0.10989583333333333 0.10555555555555558 0.10989583333333333 0.13240740740740745 0.2578125 0.13240740740740747
0 0.571875 0.41574074074074086 0.4276041666666667 0.41574074074074086 0.4276041666666667 0.44537037037037047 0.571875 0.44537037037037047
0 0.40989583333333335 0.6185185185185185 0.25520833333333337 0.6185185185185185 0.25520833333333337 0.65 0.40989583333333335 0.65
0 0.23125000000000007 0.837037037037037 0.07656250000000006 0.837037037037037 0.07656250000000006 0.8722222222222222 0.23125000000000007 0.8722222222222222
0 0.9010416666666666 0.8046296296296298 0.7536458333333333 0.8046296296296298 0.7536458333333333 0.8361111111111114 0.9010416666666666 0.8361111111111114
0 0.56875 0.7805555555555557 0.4192708333333333 0.7805555555555556 0.4192708333333333 0.8120370370370371 0.56875 0.8120370370370372
0 0.5713541666666667 0.5342592592592593 0.4234375 0.5342592592592592 0.4234375 0.563888888888889 0.5713541666666667 0.5638888888888891
0 0.8953125 0.16203703703703723 0.7526041666666666 0.1620370370370372 0.7526041666666666 0.19166666666666685 0.8953125 0.19166666666666687
0 0.2395833333333334 0.6444444444444445 0.08802083333333337 0.6444444444444445 0.08802083333333338 0.6777777777777778 0.2395833333333334 0.6777777777777778
0 0.8953125 0.22037037037037055 0.7505208333333333 0.22037037037037052 0.7505208333333333 0.2500000000000002 0.8953125 0.2500000000000002
0 0.8979166666666667 0.36851851851851875 0.7494791666666667 0.36851851851851875 0.7494791666666667 0.3972222222222224 0.8979166666666667 0.3972222222222224
0 0.7338541666666667 0.12870370370370385 0.5890625 0.12870370370370382 0.5890625 0.15740740740740755 0.7338541666666667 0.15740740740740758
0 0.8953125 0.13240740740740758 0.7526041666666666 0.13240740740740756 0.7526041666666666 0.16296296296296314 0.8953125 0.16296296296296317
0 0.5677083333333334 0.8444444444444446 0.4166666666666667 0.8444444444444444 0.41666666666666674 0.8777777777777779 0.5677083333333334 0.877777777777778
0 0.5703125 0.6842592592592593 0.4197916666666667 0.6842592592592592 0.4197916666666667 0.7166666666666668 0.5703125 0.7166666666666669
0 0.5692674770833334 0.8165246861111112 0.41977938333333337 0.8103739212962964 0.4194119197081877 0.83859975536641 0.5689000134581875 0.8447505201812249
0 0.7355212984375 0.6681925296296298 0.5816339895833335 0.6624081435185187 0.5813101982297125 0.6896330078363179 0.735197507083879 0.695417393947429
0 0.5692795885552522 0.6564712026054235 0.42103893863780556 0.6531383551297607 0.4208380547700535 0.6813775219687819 0.5690787046875001 0.6847103694444446
0 0.9068572517831193 0.9035283373442892 0.7544196041666669 0.8977816018518521 0.7540889883210476 0.9254988200631188 0.9065266359375 0.9312455555555559
0 0.8944534278000521 0.1048906577862855 0.7482779125 0.09984961018518534 0.7479464966791145 0.13022221351001118 0.8941220119791667 0.1352632611111113
0 0.7352794052083333 0.10189220092592609 0.5893539776041669 0.09433772777777792 0.5888837156908177 0.12304695785024856 0.7348091432949843 0.13060143099839674
0 0.5791417329159525 0.09471667748282128 0.4318506270833334 0.08862264814814824 0.4315108141372462 0.11458038642255705 0.5788019199698655 0.1206744157572301
0 0.41921059911976083 0.08882639415412283 0.27306159531250007 0.07821741296296303 0.2724026979631917 0.10690505722555523 0.4185517017704525 0.11751403841671502
0 0.2572352630208334 0.0796869351851852 0.10965858061338854 0.07257721301883245 0.10926659583333335 0.09829237500000003 0.2568432782407782 0.10540209716635278
0 0.23385233593750007 0.8749383111111111 0.07429667500000008 0.8689780111111112 0.07398674340404231 0.8951999557838032 0.2335424043415423 0.9011602557838031
0 0.3995485453125 0.8829655814814815 0.24374128036814618 0.8755951554817163 0.24334892116740395 0.901809192080646 0.39915618611175774 0.9091796180804113
0 0.7353956734375 0.8944145750000001 0.5818278874999999 0.8858690305555555 0.581353474015154 0.9128136687947163 0.7349212599526541 0.9213592132391608
0 0.5669724864583333 0.883522338888889 0.41694575333964473 0.8788663526804799 0.4166635942708334 0.9076010037037038 0.566690327389522 0.9122569899121129