0 0.799074074074074 0.0526041666666667 0.25462962962962965 0.05260416666666668 0.25462962962962965 0.09010416666666671 0.799074074074074 0.09010416666666672
0 0.7759259259259259 0.4359375 0.2601851851851853 0.4359375 0.2601851851851853 0.46770833333333334 0.7759259259259259 0.46770833333333334
0 0.7657407407407409 0.6609375 0.26111111111111124 0.6609375 0.26111111111111124 0.6932291666666667 0.7657407407407409 0.6932291666666667
0 0.7675925925925928 0.7244791666666667 0.2601851851851853 0.7244791666666667 0.26018518518518535 0.7567708333333333 0.7675925925925928 0.7567708333333333
0 0.7750000000000002 0.5322916666666667 0.25925925925925936 0.5322916666666667 0.25925925925925936 0.565625 0.7750000000000002 0.565625
0 0.7935185185185185 0.1635416666666667 0.25833333333333336 0.16354166666666667 0.25833333333333336 0.1963541666666667 0.7935185185185185 0.19635416666666672
0 0.7750000000000001 0.46770833333333334 0.26111111111111124 0.46770833333333334 0.26111111111111124 0.5010416666666667 0.7750000000000002 0.5010416666666667
0 0.7972222222222223 0.1276041666666667 0.2574074074074074 0.12760416666666669 0.2574074074074074 0.16302083333333336 0.7972222222222223 0.1630208333333334
0 0.7787037037037037 0.4041666666666667 0.25740740740740753 0.4041666666666667 0.25740740740740753 0.43697916666666664 0.7787037037037037 0.43697916666666664
0 0.7657407407407409 0.6916666666666667 0.2583333333333334 0.6916666666666667 0.2583333333333334 0.7244791666666667 0.7657407407407409 0.7244791666666667
0 0.7648148148148151 0.7583333333333333 0.26203703703703723 0.7583333333333333 0.26203703703703723 0.7864583333333334 0.7648148148148151 0.7864583333333334
0 0.7675925925925928 0.8479166666666667 0.2703703703703706 0.8479166666666667 0.2703703703703706 0.8786458333333333 0.7675925925925928 0.8786458333333333
0 0.7722222222222225 0.5015625 0.2601851851851853 0.5015625 0.2601851851851853 0.53125 0.7722222222222225 0.53125
0 0.7657407407407409 0.7848958333333333 0.264814814814815 0.7848958333333333 0.264814814814815 0.8177083333333334 0.7657407407407409 0.8177083333333334
0 0.7675925925925928 0.6260416666666667 0.2620370370370371 0.6260416666666667 0.2620370370370371 0.6598958333333333 0.7675925925925928 0.6598958333333333
0 0.7675925925925928 0.8776041666666666 0.2722222222222224 0.8776041666666666 0.2722222222222224 0.9109375 0.7675925925925928 0.9109375
0 0.7851851851851852 0.3015625 0.2583333333333334 0.3015625 0.2583333333333334 0.33645833333333336 0.7851851851851852 0.33645833333333336
0 0.7685185185185187 0.8166666666666667 0.2666666666666669 0.8166666666666667 0.2666666666666669 0.8473958333333333 0.7685185185185187 0.8473958333333333
0 0.7916666666666666 0.19687500000000002 0.25462962962962965 0.196875 0.25462962962962965 0.23177083333333337 0.7916666666666666 0.2317708333333334
0 0.7842592592592592 0.33541666666666664 0.2583333333333334 0.33541666666666664 0.2583333333333334 0.37135416666666665 0.7842592592592592 0.37135416666666665
0 0.7740740740740742 0.5640625 0.25925925925925936 0.5640625 0.25925925925925936 0.5994791666666667 0.7740740740740742 0.5994791666666667
0 0.7796296296296297 0.3703125 0.2583333333333334 0.3703125 0.2583333333333334 0.4041666666666667 0.7796296296296297 0.4041666666666667
0 0.787962962962963 0.23177083333333337 0.25833333333333336 0.23177083333333334 0.25833333333333336 0.26979166666666665 0.787962962962963 0.26979166666666665
0 0.7694444444444447 0.5984375 0.26111111111111124 0.5984375 0.26111111111111124 0.6291666666666667 0.7694444444444447 0.6291666666666667
0 0.7851851851851852 0.2677083333333333 0.25740740740740753 0.2677083333333333 0.25740740740740753 0.30052083333333335 0.7851851851851852 0.30052083333333335
0 0.8 0.08958333333333338 0.2574074074074074 0.08958333333333336 0.2574074074074074 0.1276041666666667 0.8 0.1276041666666667
0 0.7675925925925928 0.9098958333333333 0.2740740740740743 0.9098958333333333 0.2740740740740743 0.9411458333333333 0.7675925925925928 0.9411458333333333