0 0.20312500000000006 0.4772135416666667 0.07617187500000006 0.4772135416666667 0.07617187500000006 0.4986979166666667 0.20312500000000006 0.4986979166666667
0 0.20458984375000006 0.4537760416666667 0.07861328125000006 0.4537760416666667 0.07861328125000006 0.4752604166666667 0.20458984375000006 0.4752604166666667
0 0.55810546875 0.47721354166666674 0.42529296875 0.4772135416666667 0.42529296875 0.49869791666666674 0.55810546875 0.4986979166666668
0 0.556640625 0.5475260416666667 0.421875 0.5475260416666666 0.421875 0.5709635416666667 0.556640625 0.5709635416666669
0 0.55810546875 0.5006510416666667 0.4248046875 0.5006510416666666 0.4248046875 0.5214843750000001 0.55810546875 0.5214843750000001
0 0.20214843750000006 0.5013020833333334 0.07470703125000006 0.5013020833333334 0.07470703125000006 0.5234375 0.20214843750000006 0.5234375
0 0.3818359375 0.5006510416666666 0.24755859375000006 0.5006510416666666 0.24755859375000006 0.5234375 0.3818359375 0.5234375
0 0.20654296875000006 0.4069010416666667 0.08203125000000003 0.4069010416666667 0.08203125000000003 0.427734375 0.20654296875000006 0.427734375
0 0.20556640625000006 0.4296875 0.07958984375000003 0.4296875 0.07958984375000003 0.4518229166666667 0.20556640625000006 0.4518229166666667
0 0.380859375 0.5240885416666666 0.24560546875000006 0.5240885416666666 0.24560546875000006 0.546875 0.380859375 0.546875
0 0.20068359375000006 0.5260416666666666 0.07324218750000006 0.5260416666666666 0.07324218750000006 0.5475260416666666 0.20068359375000006 0.5475260416666666
0 0.751953125 0.7083333333333334 0.60107421875 0.7083333333333334 0.60107421875 0.7317708333333334 0.751953125 0.7317708333333334
0 0.5576171875 0.5247395833333334 0.42431640625 0.5247395833333334 0.42431640625 0.5462239583333334 0.5576171875 0.5462239583333335
0 0.19238281250000006 0.6497395833333334 0.061523437500000056 0.6497395833333334 0.061523437500000056 0.673828125 0.19238281250000006 0.673828125
0 0.3769531250000001 0.6236979166666666 0.23632812500000006 0.6236979166666666 0.23632812500000006 0.6471354166666666 0.3769531250000001 0.6471354166666666
0 0.556640625 0.33789062500000006 0.4267578125 0.337890625 0.4267578125 0.35807291666666674 0.556640625 0.3580729166666668
0 0.92919921875 0.47070312500000017 0.78173828125 0.47070312500000017 0.78173828125 0.4934895833333335 0.92919921875 0.4934895833333335
0 0.740234375 0.5000000000000001 0.59716796875 0.5000000000000001 0.59716796875 0.5227864583333335 0.740234375 0.5227864583333335
0 0.93896484375 0.5462239583333335 0.78955078125 0.5462239583333335 0.78955078125 0.5709635416666669 0.93896484375 0.5709635416666669
0 0.55810546875 0.45312500000000006 0.42431640625 0.453125 0.42431640625 0.4759114583333334 0.55810546875 0.4759114583333335
0 0.556640625 0.35937500000000006 0.42626953125 0.359375 0.42626953125 0.3802083333333334 0.556640625 0.3802083333333335
0 0.20800781250000006 0.3841145833333333 0.08447265625000003 0.3841145833333333 0.08447265625000003 0.404296875 0.20800781250000006 0.404296875
0 0.19335937500000006 0.625 0.06250000000000006 0.625 0.06250000000000006 0.6471354166666666 0.19335937500000006 0.6471354166666666
0 0.20996093750000006 0.3626302083333333 0.08691406250000003 0.3626302083333333 0.08691406250000003 0.3828125 0.20996093750000006 0.3828125
0 0.9267578125 0.4212239583333335 0.7822265625 0.4212239583333335 0.7822265625 0.4440104166666668 0.9267578125 0.4440104166666668
0 0.5576171875 0.42968750000000006 0.4248046875 0.4296875 0.4248046875 0.4505208333333334 0.5576171875 0.4505208333333335
0 0.94140625 0.6250000000000001 0.79345703125 0.6250000000000001 0.79345703125 0.6484375000000001 0.94140625 0.6484375000000001
0 0.931640625 0.4459635416666668 0.783203125 0.4459635416666668 0.783203125 0.46875000000000017 0.931640625 0.46875000000000017
0 0.55712890625 0.5729166666666667 0.419921875 0.5729166666666666 0.419921875 0.5957031250000001 0.55712890625 0.5957031250000001
0 0.74072265625 0.5247395833333335 0.595703125 0.5247395833333335 0.595703125 0.5481770833333335 0.74072265625 0.5481770833333335
0 0.7353515625 0.3776041666666668 0.59326171875 0.3776041666666668 0.59326171875 0.39843750000000017 0.7353515625 0.39843750000000017
0 0.3750000000000001 0.6497395833333334 0.23242187500000006 0.6497395833333334 0.23242187500000006 0.673828125 0.3750000000000001 0.673828125
0 0.38330078125 0.4759114583333333 0.24804687500000006 0.4759114583333333 0.24804687500000006 0.4986979166666667 0.38330078125 0.4986979166666667
0 0.5595703125 0.38281250000000006 0.42724609375 0.3828125 0.42724609375 0.4036458333333334 0.5595703125 0.4036458333333335
0 0.74755859375 0.681640625 0.60205078125 0.681640625 0.60205078125 0.70703125 0.74755859375 0.70703125
0 0.73486328125 0.3541666666666668 0.59375 0.3541666666666668 0.59375 0.37500000000000017 0.73486328125 0.37500000000000017
0 0.55810546875 0.6484375000000001 0.4184570312500001 0.6484375 0.4184570312500001 0.6725260416666666 0.55810546875 0.6725260416666666
0 0.19824218750000006 0.5501302083333334 0.07031250000000006 0.5501302083333334 0.07031250000000006 0.5729166666666666 0.19824218750000006 0.5729166666666666
0 0.744140625 0.6015625000000001 0.60107421875 0.6015625000000001 0.60107421875 0.6250000000000001 0.744140625 0.6250000000000001
0 0.93603515625 0.5722656250000001 0.7900390625 0.5722656250000001 0.7900390625 0.5963541666666669 0.93603515625 0.5963541666666669
0 0.7451171875 0.5755208333333335 0.60009765625 0.5755208333333335 0.60009765625 0.5996093750000001 0.7451171875 0.5996093750000001
0 0.3779296875 0.548828125 0.24218750000000006 0.548828125 0.24218750000000006 0.5716145833333334 0.3779296875 0.5716145833333334
0 0.55810546875 0.6223958333333334 0.4199218750000001 0.6223958333333334 0.4199218750000001 0.6464843750000001 0.55810546875 0.6464843750000001
0 0.74658203125 0.6536458333333335 0.60302734375 0.6536458333333335 0.60302734375 0.6783854166666666 0.74658203125 0.6783854166666666
0 0.73681640625 0.42578125000000017 0.59716796875 0.42578125000000017 0.59716796875 0.44726562500000017 0.73681640625 0.44726562500000017
0 0.38427734375 0.4036458333333333 0.2529296875 0.4036458333333333 0.2529296875 0.4244791666666667 0.38427734375 0.4244791666666667
0 0.21044921875000006 0.3391927083333333 0.08886718750000003 0.3391927083333333 0.08886718750000003 0.359375 0.21044921875000006 0.359375
0 0.19384765625000006 0.7018229166666666 0.05810546875000007 0.7018229166666666 0.05810546875000007 0.724609375 0.19384765625000006 0.724609375
0 0.7412109375 0.47460937500000017 0.59814453125 0.47460937500000017 0.59814453125 0.4967447916666668 0.7412109375 0.4967447916666668
0 0.3793945312500001 0.7018229166666666 0.23144531250000006 0.7018229166666666 0.23144531250000006 0.7252604166666666 0.3793945312500001 0.7252604166666666
0 0.19482421875000006 0.599609375 0.06347656250000006 0.599609375 0.06347656250000006 0.6223958333333334 0.19482421875000006 0.6223958333333334
0 0.73583984375 0.4029947916666668 0.5966796875 0.4029947916666668 0.5966796875 0.4231770833333335 0.73583984375 0.4231770833333335
0 0.74072265625 0.5494791666666669 0.59619140625 0.5494791666666669 0.59619140625 0.5729166666666669 0.74072265625 0.5729166666666669
0 0.384765625 0.4498697916666667 0.2509765625 0.4498697916666667 0.2509765625 0.47265625 0.384765625 0.47265625
0 0.92626953125 0.39648437500000017 0.783203125 0.39648437500000017 0.783203125 0.4186197916666668 0.92626953125 0.4186197916666668
0 0.7333984375 0.3300781250000001 0.59375 0.33007812500000006 0.59375 0.35156250000000017 0.7333984375 0.35156250000000017
0 0.7373046875 0.4498697916666668 0.595703125 0.4498697916666668 0.595703125 0.47265625000000017 0.7373046875 0.47265625000000017
0 0.38623046875 0.3346354166666667 0.25537109375 0.3346354166666667 0.25537109375 0.35546875 0.38623046875 0.35546875
0 0.384765625 0.380859375 0.25341796875 0.380859375 0.25341796875 0.400390625 0.384765625 0.400390625
0 0.37890625 0.5729166666666666 0.24023437500000006 0.5729166666666666 0.24023437500000006 0.5963541666666666 0.37890625 0.5963541666666666
0 0.5576171875 0.4055989583333334 0.42578125 0.4055989583333333 0.42578125 0.42773437500000006 0.5576171875 0.42773437500000017
0 0.94287109375 0.6490885416666669 0.79443359375 0.6490885416666669 0.79443359375 0.6744791666666669 0.94287109375 0.674479166666667
0 0.921875 0.3483072916666668 0.78173828125 0.3483072916666668 0.78173828125 0.3697916666666668 0.921875 0.3697916666666668
0 0.55810546875 0.5976562500000001 0.4208984375 0.59765625 0.42089843750000006 0.6204427083333334 0.55810546875 0.6204427083333335
0 0.3837890625 0.427734375 0.25146484375 0.427734375 0.25146484375 0.4479166666666667 0.3837890625 0.4479166666666667
0 0.55810546875 0.673828125 0.4179687500000001 0.673828125 0.4179687500000001 0.69921875 0.55810546875 0.69921875
0 0.55712890625 0.7024739583333334 0.4169921875000001 0.7024739583333334 0.4169921875000001 0.7233072916666666 0.55712890625 0.7233072916666666
0 0.38671875 0.357421875 0.25439453125 0.357421875 0.25439453125 0.37890625 0.38671875 0.37890625
0 0.9228515625 0.37304687500000017 0.78173828125 0.37304687500000017 0.78173828125 0.3938802083333335 0.9228515625 0.3938802083333335
0 0.3754882812500001 0.6744791666666666 0.23388671875000006 0.6744791666666666 0.23388671875000006 0.6985677083333334 0.3754882812500001 0.6985677083333334
0 0.7451171875 0.6276041666666669 0.60205078125 0.6276041666666669 0.60205078125 0.6510416666666669 0.7451171875 0.6510416666666669
0 0.939453125 0.5976562500000001 0.79150390625 0.5976562500000001 0.79150390625 0.6217447916666669 0.939453125 0.6217447916666669
0 0.19726562500000006 0.57421875 0.06689453125000006 0.57421875 0.06689453125000006 0.59765625 0.19726562500000006 0.59765625
0 0.93115234375 0.4954427083333335 0.78515625 0.4954427083333335 0.78515625 0.5195312500000001 0.93115234375 0.5195312500000001
0 0.9208984375 0.3255208333333335 0.78125 0.3255208333333335 0.78125 0.34570312500000017 0.9208984375 0.34570312500000017
0 0.94677734375 0.6770833333333335 0.7958984375 0.6770833333333334 0.7958984375 0.7024739583333335 0.94677734375 0.7024739583333336
0 0.93310546875 0.5201822916666669 0.7861328125 0.5201822916666669 0.7861328125 0.5436197916666669 0.93310546875 0.5436197916666669
0 0.37744140625000006 0.59765625 0.23828125000000006 0.59765625 0.23828125000000006 0.62109375 0.3774414062500001 0.62109375
0 0.94775390625 0.7057291666666669 0.7958984375 0.7057291666666666 0.7958984375 0.7291666666666669 0.94775390625 0.729166666666667
0 0.19335937500000006 0.6744791666666666 0.059570312500000056 0.6744791666666666 0.05957031250000006 0.6979166666666666 0.19335937500000006 0.6979166666666666
0 0.9169921875 0.30078125000000017 0.7783203125 0.30078125000000017 0.7783203125 0.3216145833333335 0.9169921875 0.3216145833333335
0 0.3876953125 0.31119791666666674 0.2578125 0.31119791666666674 0.2578125 0.33072916666666674 0.3876953125 0.33072916666666674
0 0.21191406250000006 0.3151041666666667 0.09082031250000003 0.3151041666666667 0.09082031250000003 0.3359375 0.21191406250000006 0.3359375
0 0.55615234375 0.31510416666666674 0.42724609375 0.31510416666666674 0.42724609375 0.3333333333333334 0.55615234375 0.3333333333333335
0 0.73779296875 0.3079427083333334 0.595703125 0.3079427083333334 0.595703125 0.3268229166666668 0.73779296875 0.3268229166666668