0 0.7916666666666666 0.07447916666666671 0.23425925925925925 0.0744791666666667 0.23425925925925925 0.11406250000000004 0.7916666666666666 0.11406250000000005
0 0.7611111111111113 0.7645833333333333 0.25740740740740764 0.7645833333333333 0.25740740740740764 0.7921875 0.7611111111111113 0.7921875
0 0.7555555555555558 0.859375 0.2601851851851854 0.859375 0.2601851851851854 0.8854166666666666 0.7555555555555558 0.8854166666666666
0 0.7787037037037037 0.26614583333333336 0.2500000000000001 0.26614583333333336 0.2500000000000001 0.29375 0.7787037037037037 0.29375
0 0.7694444444444447 0.7338541666666667 0.252777777777778 0.7338541666666667 0.252777777777778 0.7625 0.7694444444444447 0.7625
0 0.7842592592592592 0.29635416666666664 0.24722222222222232 0.29635416666666664 0.24722222222222232 0.334375 0.7842592592592592 0.334375
0 0.7787037037037037 0.33541666666666664 0.2601851851851853 0.33541666666666664 0.2601851851851853 0.37083333333333335 0.7787037037037037 0.37083333333333335
0 0.7731481481481484 0.5083333333333333 0.2537037037037038 0.5083333333333333 0.2537037037037038 0.5390625 0.7731481481481484 0.5390625
0 0.7796296296296297 0.36822916666666666 0.24166666666666678 0.36822916666666666 0.24166666666666678 0.4036458333333333 0.7796296296296297 0.4036458333333333
0 0.7731481481481483 0.4765625 0.25740740740740753 0.4765625 0.25740740740740753 0.5057291666666667 0.7731481481481484 0.5057291666666667
0 0.7907407407407407 0.22239583333333338 0.24444444444444444 0.22239583333333332 0.2444444444444445 0.26406250000000003 0.7907407407407407 0.26406250000000003
0 0.7768518518518519 0.4421875 0.25740740740740753 0.4421875 0.25740740740740753 0.4713541666666667 0.7768518518518519 0.4713541666666667
0 0.7666666666666668 0.5390625 0.2527777777777779 0.5390625 0.2527777777777779 0.5692708333333333 0.7666666666666668 0.5692708333333333
0 0.7731481481481481 0.4046875 0.24814814814814826 0.4046875 0.24814814814814826 0.43645833333333334 0.7731481481481481 0.43645833333333334
0 0.7629629629629632 0.8270833333333333 0.264814814814815 0.8270833333333333 0.264814814814815 0.8557291666666667 0.7629629629629632 0.8557291666666667
0 0.7611111111111113 0.7015625 0.25185185185185194 0.7015625 0.251851851851852 0.7333333333333333 0.7611111111111113 0.7333333333333333
0 0.7888888888888889 0.18645833333333336 0.24166666666666667 0.18645833333333334 0.24166666666666667 0.22500000000000003 0.7888888888888889 0.22500000000000006
0 0.752777777777778 0.8859375 0.26111111111111135 0.8859375 0.26111111111111135 0.909375 0.752777777777778 0.909375
0 0.7898148148148149 0.11354166666666671 0.22592592592592592 0.1135416666666667 0.22592592592592595 0.15000000000000002 0.7898148148148149 0.15000000000000005
0 0.7722222222222225 0.6723958333333333 0.25925925925925936 0.6723958333333333 0.25925925925925936 0.7015625 0.7722222222222225 0.7015625
0 0.7666666666666668 0.5723958333333333 0.2527777777777779 0.5723958333333333 0.2527777777777779 0.6052083333333333 0.7666666666666668 0.6052083333333333
0 0.7675925925925928 0.7953125 0.2601851851851854 0.7953125 0.2601851851851854 0.8234375 0.7675925925925928 0.8234375
0 0.7638888888888891 0.6036458333333333 0.25555555555555565 0.6036458333333333 0.25555555555555565 0.6369791666666667 0.7638888888888891 0.6369791666666667
0 0.7888507051231348 0.1809801752492861 0.7885141814814816 0.1526200401041667 0.23029912265464295 0.1547158596465472 0.2306356462962963 0.1830759947916666
0 0.7665710444444445 0.6660557234375001 0.7659875387748543 0.6340356270998793 0.24901031655263206 0.6370164687665459 0.24959382222222223 0.6690365651041666
0 0.7553399506470075 0.9383277878796037 0.7549258065900393 0.9144394716132872 0.26338635779488356 0.9171357785253502 0.2638005018518519 0.9410240947916666
0 0.8001187777775446 0.06693344221740206 0.7998023657407407 0.028307097395833328 0.22739230555578874 0.029790714032597913 0.22770871759259256 0.06841705885416664