0 0.7547384364858734 0.12475509321109308 0.7472466684699062 0.09351131241069892 0.26924781531736613 0.12977672701210582 0.2767395833333333 0.1610205078125
0 0.7559387697086678 0.1552106511514627 0.7493971354166669 0.12605712890625 0.2745920462635546 0.1597668879110373 0.28113368055555554 0.18892041015625
0 0.7589929619948487 0.184253203646071 0.7525082597961757 0.1559144989987873 0.27402137419021594 0.19055826800896628 0.28050607638888886 0.21889697265625
0 0.7601410663986767 0.21640361332014224 0.7537907986111111 0.18569970703125 0.2785494717957677 0.21679951167985778 0.2848997395833333 0.24750341796875003
0 0.7671413658741043 0.2481432086907198 0.7613233506944446 0.217837646484375 0.2834758216258958 0.2468636272467802 0.28929383680555554 0.277169189453125
0 0.7678910101052817 0.2778248059495994 0.7625785590277777 0.24849951171874998 0.2864869414842076 0.2757885451880701 0.2917993925617116 0.3051138394189195
0 0.7690460831179322 0.3104192727102342 0.7638342013888888 0.278518310546875 0.28784801410428995 0.30312369603976586 0.29305989583333336 0.33502465820312505
0 0.7760573427574899 0.34245429558712975 0.7713667534722223 0.31100952148437505 0.2927629697425102 0.3335986829284953 0.29745355902777776 0.36504345703125
0 0.7753730620691514 0.3718967418854727 0.7707387152777777 0.34239892578125 0.2976544616418232 0.36591594163851127 0.30228880843319683 0.395413757742734
0 0.7788988715277778 0.40526196289062494 0.7738771701388889 0.37347729492187487 0.3030690445728008 0.39701272876625493 0.30809074596168984 0.428797396735005
0 0.7831664081321685 0.4347857437319827 0.7795264756944444 0.40526196289062494 0.30511223770116475 0.42376845548676717 0.3087521701388889 0.45329223632812493
0 0.7844395608997354 0.46661469527441074 0.7814097222222222 0.43594506835937497 0.30509472729470904 0.45083354691308924 0.3081245659722222 0.481503173828125
0 0.7865124065340477 0.49662160809032224 0.7832929687500001 0.4670234375 0.30929922541039667 0.4833363997221778 0.3125186631944444 0.5129345703125
0 0.797027461941116 0.5289440522059042 0.7945915798611112 0.4977275390624999 0.31234801151806585 0.5096340185222824 0.31478389359807074 0.5408505316656868
0 0.7958762181826511 0.5632782094210549 0.7945915798611112 0.529865478515625 0.3172472196958012 0.5356723972646226 0.3185318580173412 0.5690851281700524
0 0.7930648839369919 0.5972832631232141 0.7927083333333332 0.566926513671875 0.31269795909567943 0.5687103770392431 0.3130545096993381 0.5990671264905822
0 0.7920807291666667 0.6007880859375 0.3119125168015214 0.6006722868121366 0.31189044349725975 0.6296324183457479 0.7920586558624051 0.6297482174711113
0 0.7933359375000001 0.6325305175781251 0.31377387152777797 0.6311179199218752 0.3135173435381619 0.6586732839234728 0.793079409510384 0.6600858815797227
0 0.7952191840277779 0.6642941894531249 0.3162847222222223 0.6614687499999999 0.3157575825264741 0.6897410316000562 0.7946920443320297 0.6925664710531811
0 0.7958467881944445 0.69643212890625 0.3177513020833335 0.690745849609375 0.3167146131357768 0.7183249425208538 0.794810099246888 0.7240112218177287
0 0.7980251609584792 0.7268467869083428 0.3172495659722224 0.7218056640625 0.3163264015415211 0.7496629787166573 0.7971019965277779 0.7547041015625001
0 0.8002504437437966 0.7571637393940835 0.3202612847222224 0.750606689453125 0.3189960840339815 0.7799107234965414 0.7989852430555557 0.7864677734375
0 0.8024622046415404 0.789652442059242 0.3222690972222224 0.781384033203125 0.3206753821640156 0.810669335284508 0.8008684895833336 0.818937744140625
0 0.8053976329576541 0.8207954781286975 0.32226909722222236 0.813855712890625 0.3208784087090127 0.8444889456994275 0.8040069444444445 0.8514287109374999
0 0.8063491813881639 0.8551180092670827 0.32377517361111136 0.841244873046875 0.3208053325007255 0.8739313071391676 0.8033793402777781 0.8878044433593753