0 0.6969508287760416 0.23365867822265626 0.695277656974017 0.1931331174931918 0.24717164322916663 0.20353985986328124 0.24884481503119107 0.2440654205927457
0 0.6956762946061911 0.27411678240122456 0.6943922454427084 0.23593496484374998 0.25334772059465055 0.24427811415663206 0.25463176975813323 0.28245993171410666
0 0.6908215404821999 0.31182888733704583 0.6894636548284906 0.2727580759427011 0.25904531184895835 0.2811724936523438 0.26040319750266766 0.3202433050466886
0 0.6884840218288328 0.3466409204280475 0.6872458026263503 0.31169851941947674 0.2664888359375 0.3200853647460937 0.2677270551399826 0.3550277657546645
0 0.6855748217122981 0.3821218816320296 0.6846687011718751 0.34658911816406246 0.27286537862850213 0.35249615070736284 0.2737714991689251 0.38802891417533
0 0.6824660124220719 0.41440700994977775 0.6814822473958334 0.3806120234375 0.28106567529017773 0.38716854768479236 0.28204944031641627 0.4209635341970701
0 0.6815953496739321 0.4456529983080522 0.6805825755477776 0.41518506514900233 0.28290004296875 0.4226208813476562 0.2839128170949046 0.4530888145067061
0 0.6813310936739296 0.4780046159700761 0.6804804453124998 0.4456436176757812 0.2885323502047537 0.4514389619983897 0.2893829985661836 0.48379996029268457
0 0.677287815962465 0.5057036966221808 0.6763291707403382 0.47740381209625415 0.2944252239583333 0.48468077099609375 0.2953838691804603 0.5129806555220204
0 0.6770683070386784 0.533921391572284 0.67626494140625 0.5044641782226562 0.30012093863295664 0.510234476421287 0.3009243042653849 0.5396916897709149
0 0.6737658305081805 0.5593006454836741 0.6728824504205101 0.5319935537388627 0.30418817513020835 0.5387026044921874 0.30507155521787893 0.5660096962369988
0 0.672370195267304 0.5855469657999278 0.6717656002604165 0.560276611328125 0.3091757114710449 0.5651562924011362 0.30978030647793237 0.590426646872939
0 0.672479662611686 0.6114112465410588 0.6717457501037032 0.5859850008658554 0.3131298697916667 0.5918075625 0.3138637822996495 0.6172338081752035
0 0.6681978956238362 0.6367291275964695 0.6674251557689127 0.6116357698637802 0.3170659615885416 0.6177046782226562 0.31783870144346527 0.6427980359553455
0 0.6683881556930255 0.6598161401358027 0.667332061558033 0.6352329703254853 0.32100208268229163 0.6436020434570312 0.32205817681728394 0.6681852132673486
0 0.666906335565629 0.6777795994979131 0.666235710321202 0.6595505078049662 0.3282601061197916 0.6665444614257813 0.3289307313642184 0.6847735531187282