0 0.7731057787656712 0.08125999188189065 0.7729714908854167 0.038764548828124995 0.33352028754517793 0.03954568660576076 0.33365457542543236 0.08204112965952641
0 0.7684376661885447 0.11871642025090795 0.7679636979166666 0.0821606396484375 0.33952372123876456 0.08528532090271694 0.33999768951064263 0.12184110150518739
0 0.7666827765506862 0.17038485824464772 0.7661187076822915 0.12195013818359372 0.34127499924720217 0.12473322692917145 0.3418390681155968 0.17316794699022542
0 0.7614672467447915 0.17353655371093754 0.3374427584635417 0.17254293750000002 0.3372886499545407 0.2095360962107168 0.7613131382357907 0.21052971242165433
0 0.7590416458333334 0.21237339599609378 0.33590071419270834 0.2090492788085938 0.3354004713425897 0.24486816927174535 0.7585414029832148 0.24819228645924532
0 0.7554097115885418 0.2507585561523438 0.3430221386718752 0.24686718750000003 0.34243930471631007 0.28161044746197633 0.7548268776329768 0.28550181611432013
0 0.7506018632812501 0.28772253613281257 0.3379399700520833 0.28483816943359375 0.33751553807070045 0.3189947605773105 0.7501774312998672 0.32187912727652934
0 0.7483048873697916 0.32241468066406254 0.339688030228874 0.32190102046417524 0.3395951692462633 0.36345342537398656 0.7482120263871811 0.36396708557387386
0 0.7334263346354167 0.36930001660156253 0.3275835898437501 0.3526034306640625 0.3245911743274705 0.3935176749782556 0.7304339191191372 0.41021426091575564
0 0.7399461001609576 0.42375199428345045 0.739375293773136 0.3931485453901972 0.3310304303385417 0.3974327290039062 0.33160123672636327 0.4280361778971594
0 0.7389644746407801 0.4608552796750798 0.73890055078125 0.4288446796875 0.33372205730332594 0.4292998124365061 0.3337859811628559 0.4613104124240859
0 0.7373705141620327 0.4937572881047918 0.7372543196614583 0.4622295541992187 0.33873938075042204 0.4630557061832381 0.33885557525099635 0.4945834400888112
0 0.7423168977864583 0.4957042832031251 0.33780679557291665 0.49505106933593757 0.3377087082751638 0.5292182601573961 0.7422188104887054 0.5298714740245837
0 0.73704168359375 0.5280557802734376 0.33982235720045906 0.527666485216206 0.33976988995511775 0.5577800570406684 0.7369892163484085 0.5581693520979
0 0.7366151432291669 0.5614619467773438 0.33920336848958343 0.5585969721679689 0.33882374282554045 0.5882178581505425 0.7362355175651238 0.5910828327599175
0 0.7326150455729169 0.5920594418945313 0.3391524765625001 0.5893104194335937 0.33879524479701634 0.6180710055053188 0.732257813807433 0.6208200279662563
0 0.7353660227864585 0.6213741333007813 0.3411876726431516 0.6204739912994789 0.34106030562127304 0.6518473678241858 0.7352386557645798 0.6527475098254882
0 0.7337356848958335 0.6542468881835938 0.34264862500000004 0.6519762094726561 0.342357143933881 0.680215295366124 0.7334442038297144 0.6824859740770617
0 0.7093033200882818 0.937973474269114 0.35691600260416684 0.9252975742187499 0.3552092073714496 0.9519873798758425 0.7075965248555645 0.9646632799262066
0 0.7099305872395836 0.9111143505859376 0.3555827783078866 0.8998858886906391 0.35409392002055723 0.9263151711003745 0.7084417289522542 0.937543632995673
0 0.7099110858421084 0.8838632687593303 0.3545188776041668 0.8718918769531251 0.3529373646787252 0.8983012766508262 0.7083295729166669 0.9102726684570314
0 0.7137271627604168 0.8586890244140626 0.35309782421875013 0.8477921445312501 0.35165544953849537 0.8746430854208166 0.712284788080162 0.8855399653036291
0 0.716275099609375 0.82902870703125 0.35313926887263475 0.8220909434168411 0.35222761960640825 0.8489320191968067 0.7153634503431485 0.8558697828112156
0 0.7168827380437163 0.8010125796745655 0.35479172267332637 0.7926540535111111 0.3536403765566935 0.8207094538170144 0.7157313919270832 0.8290679799804689
0 0.7202090026041668 0.7721782543945314 0.3505090136718752 0.7634852133789064 0.34923400913883995 0.7939860649231231 0.7189339980711315 0.802679105938748
0 0.7227313509114585 0.743331724609375 0.3469504505208334 0.73837213671875 0.3462732079936976 0.7672360931373746 0.7220541083843225 0.7721956810279996
0 0.7274714720052086 0.712944455078125 0.34690972135416676 0.7058943330078126 0.3459186236032033 0.7359874737958544 0.7264803742542449 0.7430375958661668
0 0.7300064479166668 0.6836910278320313 0.3472005221354168 0.67904318359375 0.34658676926451726 0.7074775234605872 0.7293926950457673 0.7121253676988685