0 0.8691359299955148 0.27363419739092176 0.8649197653219881 0.22581536170434852 0.12304178732638887 0.2465118232421875 0.1272579519999154 0.2943306589287607
0 0.8687668935099366 0.3189533220990558 0.8641651480335316 0.2744972512203989 0.14041750086805554 0.29820136572265626 0.14501924634446062 0.34265743660131315
0 0.8689810663771692 0.36486745875330673 0.8645197568623157 0.322846651466014 0.14830560069444443 0.3469061137695313 0.152766910209298 0.388926921056824
0 0.8647632885044932 0.40968377446050847 0.8605247630208334 0.3697940380859376 0.15432285586259623 0.39353659961536347 0.15856138134625614 0.43342633598993435
0 0.8628857961822577 0.45269976098791376 0.857944601591221 0.4105590751248096 0.16166899999999998 0.4363909892578125 0.1666101945910366 0.47853167512091666
0 0.8542835635063125 0.49184282012234226 0.8494487425011856 0.4550349678644452 0.1755677840295954 0.48304206912882164 0.18040260503472222 0.5198499213867187
0 0.8588661491761749 0.5334293676748355 0.854788269950206 0.4995288320660335 0.17415344704861113 0.5254340361328125 0.17823132627458 0.5593345717416145
0 0.855199562589974 0.5711403568137258 0.8510907209869537 0.5385281766978868 0.17833847784142426 0.565347003477911 0.18244731944444448 0.59795918359375
0 0.8556235732500515 0.6123713430631199 0.8516442699652776 0.5778082895507812 0.18791958071749126 0.6019867120940348 0.19189888400226504 0.6365497656063734
0 0.8480820442271331 0.6514688078629403 0.8438090940354166 0.6178311185767249 0.2010799505208333 0.643664111328125 0.20535290071254972 0.6773018006143403
0 0.831487610657188 0.9558123497930012 0.8287580060763888 0.9276055517578123 0.2509545247567089 0.9452973165595918 0.253684129337508 0.9735041145947807
0 0.83511842904352 0.9226525998579023 0.8320657621527777 0.8956992441406249 0.24326217012599305 0.9167992257973772 0.24631483701673534 0.9437525815146546
0 0.8372352669890049 0.8895883092198225 0.8343845329861111 0.8644142690429687 0.24036117649542316 0.8856982249191977 0.24321191049831686 0.9108722650960515
0 0.8416096443015878 0.860055528453798 0.8385722890624999 0.8307125581054686 0.23205890086279635 0.8505770270566202 0.23509625610188423 0.8799199974049495
0 0.848157022246784 0.8243931567768388 0.8450111657986111 0.7987037001953126 0.22356556412497003 0.8227823513933382 0.22671142057314286 0.8484718079748644
0 0.8431552201600918 0.7886060788812483 0.8392875129265369 0.7617101657207576 0.21639720052083333 0.7900517373046875 0.22026490775438815 0.8169476504651783
0 0.844240177982809 0.7586675313804139 0.8405590522579316 0.7291432561505944 0.21135976388888889 0.7539651367187499 0.21504088961376633 0.7834894119485694
0 0.84543466010895 0.7227086260449008 0.8412730331804705 0.6922974416340031 0.20900081076388888 0.7196740073242188 0.21316243769236823 0.7500851917351166
0 0.8480932852843696 0.6855428729890738 0.8443568888888888 0.6568825454101563 0.20474239885428702 0.6832662114980831 0.20847879524976776 0.7119265390770005