0 0.7480454602864581 0.8364982504882812 0.7457180378396301 0.7955843747269029 0.30870613354275517 0.8095680197464341 0.3110335559895833 0.8504818955078124
0 0.7387588248697915 0.7966265493164061 0.7366323922060783 0.7566003055523837 0.3114228941592033 0.7693069910992587 0.31354932682291664 0.8093332348632811
0 0.7350242389322917 0.7606412573242187 0.7335732893765012 0.7205548005627478 0.31229474510566785 0.729132019801029 0.3137456946614583 0.7692184765625
0 0.7329954173177083 0.7232829365234374 0.7320805677127137 0.6858657015472321 0.3201447610720887 0.6915310951019198 0.32105961067708333 0.7289483300781251
0 0.7239261536458336 0.6874138588867189 0.7230964321209746 0.6499509971348545 0.31706120686055783 0.655009449283292 0.3178909283854167 0.6924723110351564
0 0.7221871595052082 0.655392369140625 0.7221100244699117 0.6186709863242376 0.3205762894438701 0.6191454218711124 0.3206534244791666 0.6558668046874999
0 0.7175659088541667 0.6168957143554689 0.717203844233332 0.5829619715932397 0.32305385595208197 0.5853275555776146 0.3234159205729167 0.6192612983398438
0 0.7120812579885031 0.556565491918818 0.32690662890625005 0.5523343046875 0.3262449560008604 0.5862157015887591 0.7114195850831134 0.5904468888200771
0 0.7105067917873976 0.5267743498087675 0.3273578743489584 0.5232863500976562 0.32684799133632336 0.5547916945720512 0.7099969087747625 0.5582796942831625
0 0.7035671463821082 0.49841760963817855 0.3274495815491947 0.49100394437558265 0.32634325000000014 0.5225756806640626 0.7024608148329136 0.5299893459266585
0 0.703207340890739 0.46999996584245385 0.32877524609375014 0.4595172934570313 0.3272113207638669 0.4909397109868475 0.7016434155608557 0.5014223833722701
0 0.6997261298672818 0.44222991914378246 0.3303136601562501 0.430900958984375 0.3287694440021455 0.45922479815991835 0.6981819137131771 0.4705537583193258
0 0.6959911575356922 0.41276948168426814 0.33096055859375006 0.4001996992187499 0.32908369539387156 0.4308586053034832 0.6941142943358137 0.4434283877690014
0 0.6972479557126133 0.38935572122988266 0.3320174171677272 0.37177150698085676 0.3294822994791667 0.40139012353515624 0.6947128380240528 0.41897433778418214
0 0.6895094465631489 0.3621335298141485 0.3364841113281251 0.34565299609375 0.3340431857129762 0.3750641235779974 0.687068520948 0.39154465729839594
0 0.6870590801343118 0.3341299407406755 0.3369577032456199 0.3190268546573953 0.3348745215488082 0.34618985874093866 0.6849758984375002 0.36129294482421886
0 0.6822037112267342 0.31268932502180363 0.340036990629645 0.29234722972871746 0.3372639466145834 0.3185846645507813 0.6794306672116727 0.3389267598438675
0 0.6827198348581461 0.28796238301770033 0.3419507750114943 0.26745662182760277 0.33940768234084806 0.29122879984505873 0.6801767421874999 0.3117345610351563
0 0.6793694997491234 0.26474991418624366 0.3449258203125 0.24269194921875004 0.3422244774644181 0.26573074548172526 0.6766681569010417 0.2877887104492189
0 0.6760875369638039 0.240808743083774 0.3456634566654677 0.21944264105071645 0.34282534678499715 0.24413133546694252 0.6732494270833334 0.2654974375000001
0 0.6726020996358363 0.21783387233831272 0.34673078255208334 0.19456411230468756 0.3437212123513913 0.2182713653920778 0.6695925294351442 0.24154112542570297
0 0.6717817465491227 0.1929986893670902 0.3480849513466422 0.16873229141491566 0.3446868981568946 0.1942290976532943 0.6683836933593751 0.21849549560546883