0 0.8354570850694443 0.9302485146484374 0.8291563183484187 0.8883006698340206 0.20351034959841888 0.918034951572302 0.20981111631944444 0.9599827963867188
0 0.8191964557291668 0.8883128315429688 0.8135163692253505 0.8496636911584847 0.20732277460729487 0.8778521613733286 0.21300286111111114 0.9165013017578126
0 0.8109211944444443 0.847627677734375 0.8056895237801743 0.8106943771696158 0.20298718871072996 0.8377072145719595 0.20821885937499998 0.8746405151367187
0 0.8086130147569446 0.807744953125 0.802804479975475 0.7699915609744521 0.1935043593157526 0.7996526390994522 0.19931289409722228 0.8374060312500001
0 0.7987431249999999 0.76932994921875 0.7930896905018326 0.7318981279482053 0.19762107678655494 0.7603542251161741 0.20327451128472218 0.7977860463867188
0 0.7876629782986111 0.7293964404296877 0.7812195832935717 0.6926907346189212 0.19515075082829386 0.7252425231931399 0.20159414583333335 0.7619482290039064
0 0.7779618020833333 0.6920689702148438 0.7721163972953982 0.657562773091496 0.195913887746787 0.688447068013371 0.20175929253472222 0.7229532651367188
0 0.7657843263888888 0.6576029555664062 0.7599638597669738 0.6228186893234257 0.194326095878085 0.6527660399093632 0.20014656249999999 0.6875503061523438
0 0.6405066111111112 0.11510361914062503 0.6340192585443899 0.08747482586921929 0.15686310489855648 0.12292441180671926 0.1633504574652778 0.150553205078125
0 0.64754971875 0.14160402539062503 0.6424807007054172 0.11743737393986614 0.15645480834430606 0.14969347110783487 0.16152382638888887 0.17386012255859376
0 0.6571541328125 0.16578670996093756 0.6518267603458443 0.141517019583658 0.15948074472084428 0.17571215337272045 0.1648081171875 0.19998184375
0 0.6595342621527777 0.19361218261718754 0.6545832599777635 0.16953802598373252 0.15843658029026353 0.20182275742904499 0.1633875824652778 0.2258969140625
0 0.668594826388889 0.22056097705078131 0.662923828088689 0.19342433783636703 0.15972517878313344 0.22669703266058575 0.16539617708333335 0.25383367187500006
0 0.6788703420138889 0.2490612587890625 0.6735956105702481 0.22334741566196337 0.16528953157719262 0.2563390416385259 0.17056426302083333 0.282052884765625
0 0.6802791770833332 0.2769018090820314 0.674424361635609 0.24950700842392642 0.16849594930922024 0.2837190655528326 0.17435076475694444 0.31111386621093756
0 0.6866097230902777 0.305080791015625 0.6810365916238329 0.2783382176482798 0.1714623286029998 0.3119389412810923 0.17703546006944443 0.33868151464843743
0 0.6988232100694444 0.3335184233398438 0.6936428476636635 0.3066971825312062 0.17211552735116342 0.33856874796089365 0.17729588975694444 0.3653899887695312
0 0.7076731684027777 0.36537587841796876 0.7018797991184964 0.3362011986986299 0.172777221861552 0.3694449516283174 0.17857059114583335 0.39861963134765627
0 0.7053907916666667 0.39452664062500004 0.7000968606774108 0.3674682748801544 0.17689858289963298 0.3998565688254669 0.1821925138888889 0.42691493457031254
0 0.7171450043402778 0.4262741391601563 0.712026881619153 0.39739252014027787 0.17774052224415288 0.4273502086168404 0.18285864496527776 0.4562318276367188
0 0.7209891501736112 0.45724962939453123 0.715155429220189 0.4260614214346012 0.17823198998407788 0.457838403368195 0.18406571093750002 0.489026611328125
0 0.7327387065972223 0.48896438769531253 0.7276770609782602 0.45953411395512295 0.18051044118659362 0.48930982098637293 0.18557208680555556 0.5187400947265626
0 0.7378129184027775 0.5215885439453126 0.732732208808625 0.4915685914022888 0.18163080776695856 0.5210800679647888 0.18671151736111108 0.5511000205078126
0 0.7486854600694445 0.5539273496093751 0.7435845856806116 0.5235584190606899 0.1863034016528338 0.5531749757013148 0.19140427604166668 0.58354390625
0 0.7569125190972222 0.5880398549804687 0.751509470491971 0.5556701164776999 0.19010791754058223 0.58531968288395 0.19551096614583333 0.6176894213867188
0 0.7651395772569445 0.6221523603515624 0.7592612832632619 0.5884541238298574 0.18667584836742865 0.6200572087907948 0.1925541423611111 0.6537554453124998