0 0.8188254626736111 0.0308510415039063 0.13805833333333334 0.02017109375000001 0.13559131797935525 0.06992719645867136 0.816358447319633 0.08060714421257766
0 0.8141847222222222 0.08150494775390627 0.14770740711805558 0.07403072900390625 0.14613036309574812 0.11852544486513311 0.8126076781999149 0.12599966361513312
0 0.8021189817708334 0.1305921875 0.1449902777777778 0.12223697900390626 0.1432256131408953 0.16615071458305952 0.800354317133951 0.17450592307915327
0 0.8058314817708332 0.17700625 0.1484495373263889 0.1704765625 0.14715254412719087 0.21179159768115743 0.8045344885716352 0.21832128518115743
0 0.8002625 0.2197645834960938 0.1521611111111112 0.21389817724609375 0.15097738208926284 0.2552760506469243 0.7990787709781516 0.2611424568969244
0 0.7872685182291668 0.2646742187500001 0.15324270532802264 0.25981026056566753 0.1523557130901307 0.29639348486382666 0.7863815259912748 0.3012574430481592
0 0.7844842595486111 0.3048216147460937 0.1570564817708334 0.2964664062499999 0.15549275334575047 0.3336210271668928 0.7829205311235282 0.3419762356629866
0 0.774274537326389 0.3455536459960938 0.15661435156250006 0.3379 0.15515897205722165 0.3750622966012942 0.7728191578211105 0.382715942597388
0 0.7677773151041667 0.3868080727539063 0.16343863426622585 0.38173403830108604 0.1625916874201375 0.413651488481138 0.7669303682580783 0.4187255229339582
0 0.7640648151041669 0.4227778647460938 0.16849027777777786 0.41472265625000004 0.16705335998493875 0.44833790367372356 0.7626278973113277 0.4563931121698173
0 0.7547833333333336 0.45933203125000016 0.16774814843750013 0.4514640625000001 0.16637481910434576 0.48388467800983154 0.7534100040001791 0.4917526467598316
0 0.7566398151041668 0.4953643227539064 0.16997500000000013 0.48695286474609384 0.16852884548193464 0.5188666643445482 0.7551936605861013 0.5272781223523607
0 0.7455018515625 0.5324096352539063 0.17442824045138894 0.5253640624999999 0.1733283233262493 0.5535726152921174 0.7444019344373605 0.5606181880460238
0 0.6916694444444446 0.9525669272460936 0.19669583333333351 0.9487242187499999 0.19615413268689885 0.9708016739686623 0.69112774379801 0.974644382464756
0 0.6944537039930558 0.9228010415039064 0.19818055555555578 0.9194981772460938 0.197642143448669 0.9450952276125532 0.6939152918861691 0.9483980918703657
0 0.7018791666666667 0.8946020834960935 0.19372685156250022 0.888184635253906 0.192577308786324 0.9169852477594796 0.7007296238904906 0.9234026960016672
0 0.7055916666666668 0.8690140625 0.1929847222222224 0.8614635415039062 0.19171113215947058 0.888821411484243 0.7043180766039151 0.8963719324803368
0 0.7018791666666668 0.8434257812500001 0.19298472222222243 0.8343252602539064 0.19141158392804872 0.8621591184515524 0.7003060283724931 0.8712596394476461
0 0.7074476848958335 0.8147669272460938 0.19298472222222238 0.80509921875 0.19115069249594988 0.8359795529308667 0.705613655169561 0.8456472614269605
0 0.7055916666666668 0.7855234375 0.18582870399305573 0.7756015625 0.18404137442392485 0.8052267611937698 0.703804337097536 0.8151486361937698
0 0.7124238850039494 0.7558060475168855 0.18630462934027794 0.7487346352539063 0.185040929232162 0.7784832752370208 0.7111601848958334 0.7855546875
0 0.7158009262152779 0.7260856772460939 0.18556203732638904 0.7165859375000001 0.18387455549560383 0.7463878426484233 0.7141134443844926 0.755887582394517
0 0.7204416666666668 0.69318671875 0.1818509262152779 0.68568984375 0.1804475953575133 0.7175893338856391 0.7190383358089022 0.7250862088856391
0 0.7243179025776958 0.6613338615452127 0.1781398151041668 0.6552111977539062 0.17704830141535993 0.6860195237086936 0.723226388888889 0.6921421875
0 0.7334361111111113 0.6299997397460938 0.17739722222222234 0.6205575522460938 0.17563266575571534 0.6534361404384152 0.7316715546446043 0.6628783279384153
0 0.7399328706597221 0.5950119790039061 0.174428240451389 0.5854861977539062 0.17253281603359594 0.6210892380402282 0.7380374462419292 0.6306150192902281
0 0.7408611111111112 0.5652776040039063 0.17813981510416677 0.5550078125 0.17637489316404312 0.585606463487513 0.7390961891709876 0.5958762549914193