0 0.7444444444444447 0.5520833333333334 0.28055555555555567 0.5520833333333334 0.28055555555555567 0.5770833333333333 0.7444444444444447 0.5770833333333333
0 0.739814814814815 0.7234375 0.2787037037037038 0.7234375 0.27870370370370384 0.7489583333333333 0.739814814814815 0.7489583333333333
0 0.7657407407407407 0.14375000000000002 0.26851851851851855 0.14375 0.26851851851851855 0.17708333333333337 0.7657407407407407 0.1770833333333334
0 0.7416666666666669 0.6104166666666667 0.27962962962962973 0.6104166666666667 0.27962962962962973 0.6354166666666666 0.7416666666666669 0.6354166666666666
0 0.7537037037037037 0.37135416666666665 0.2750000000000001 0.37135416666666665 0.2750000000000001 0.4 0.7537037037037037 0.4
0 0.7407407407407409 0.6380208333333334 0.27962962962962973 0.6380208333333334 0.27962962962962973 0.665625 0.7407407407407409 0.665625
0 0.7388888888888892 0.6963541666666667 0.27962962962962973 0.6963541666666667 0.27962962962962973 0.7213541666666666 0.7388888888888892 0.7213541666666666
0 0.7657407407407407 0.11197916666666671 0.2657407407407407 0.1119791666666667 0.2657407407407407 0.14427083333333338 0.7657407407407407 0.1442708333333334
0 0.7481481481481482 0.46197916666666666 0.2787037037037038 0.46197916666666666 0.2787037037037038 0.490625 0.7481481481481483 0.490625
0 0.7351851851851854 0.78125 0.2824074074074076 0.78125 0.2824074074074076 0.8046875 0.7351851851851854 0.8046875
0 0.7416666666666669 0.578125 0.2787037037037038 0.578125 0.2787037037037038 0.6078125 0.7416666666666669 0.6078125
0 0.7444444444444447 0.5208333333333334 0.2787037037037038 0.5208333333333334 0.2787037037037038 0.55 0.7444444444444447 0.55
0 0.7574074074074074 0.30885416666666665 0.2712962962962964 0.30885416666666665 0.2712962962962964 0.33958333333333335 0.7574074074074074 0.33958333333333335
0 0.7537037037037037 0.3411458333333333 0.2740740740740742 0.3411458333333333 0.2740740740740742 0.36875 0.7537037037037037 0.36875
0 0.7379629629629632 0.7489583333333333 0.2787037037037039 0.7489583333333333 0.2787037037037039 0.7791666666666667 0.7379629629629632 0.7791666666666667
0 0.7453703703703706 0.49270833333333336 0.27962962962962973 0.49270833333333336 0.27962962962962973 0.5197916666666667 0.7453703703703706 0.5197916666666667
0 0.7638888888888888 0.20989583333333336 0.26666666666666666 0.20989583333333334 0.2666666666666667 0.24270833333333336 0.7638888888888888 0.2427083333333334
0 0.7351851851851854 0.80625 0.28148148148148167 0.80625 0.28148148148148167 0.8291666666666667 0.7351851851851854 0.8291666666666667
0 0.7361111111111113 0.6671875 0.2777777777777779 0.6671875 0.2777777777777779 0.69375 0.7361111111111113 0.69375
0 0.7509259259259259 0.4322916666666667 0.2787037037037038 0.4322916666666667 0.2787037037037038 0.46041666666666664 0.7509259259259259 0.46041666666666664
0 0.7648148148148148 0.17864583333333336 0.26851851851851855 0.17864583333333334 0.26851851851851855 0.20677083333333338 0.7648148148148148 0.2067708333333334
0 0.75 0.40208333333333335 0.275925925925926 0.40208333333333335 0.275925925925926 0.4322916666666667 0.75 0.4322916666666667
0 0.7314814814814817 0.8291666666666667 0.2824074074074076 0.8291666666666667 0.2824074074074076 0.8578125 0.7314814814814817 0.8578125
0 0.7601851851851852 0.2755208333333333 0.2703703703703705 0.2755208333333333 0.2703703703703705 0.3072916666666667 0.7601851851851852 0.3072916666666667
0 0.7611111111111111 0.2432291666666667 0.26944444444444454 0.24322916666666666 0.26944444444444454 0.275 0.7611111111111111 0.275
0 0.7681148148148148 0.10831302083333334 0.7669398148148148 0.07394322916666665 0.26469509863754254 0.0793760001390305 0.2658700986375426 0.11374579180569719
0 0.7329027447577203 0.8594369280978302 0.2834984066567055 0.8564464497061276 0.2828799211582447 0.8858548341082974 0.7322842592592596 0.8888453125000001