0 0.34375 0.41748046875 0.23828125000000008 0.41748046875 0.23828125000000008 0.4296875 0.34375 0.4296875
0 0.48828125000000017 0.498046875 0.38476562500000017 0.498046875 0.38476562500000017 0.509765625 0.48828125000000017 0.509765625
0 0.783203125 0.4453125000000001 0.669921875 0.4453125000000001 0.669921875 0.4565429687500001 0.783203125 0.4565429687500001
0 0.4830729166666668 0.59765625 0.3802083333333335 0.59765625 0.3802083333333335 0.6083984375 0.4830729166666668 0.6083984375
0 0.7825520833333334 0.4682617187500001 0.6686197916666666 0.4682617187500001 0.6686197916666666 0.4799804687500001 0.7825520833333334 0.4799804687500001
0 0.4876302083333335 0.53173828125 0.3834635416666668 0.53173828125 0.3834635416666668 0.54296875 0.4876302083333335 0.54296875
0 0.77734375 0.59326171875 0.6666666666666666 0.59326171875 0.6666666666666666 0.60498046875 0.77734375 0.60498046875
0 0.4934895833333333 0.33837890625 0.3828125 0.33837890625 0.3828125 0.35009765625 0.4934895833333333 0.35009765625
0 0.4908854166666667 0.37353515625 0.3834635416666667 0.37353515625 0.3834635416666667 0.38525390625 0.4908854166666667 0.38525390625
0 0.3444010416666667 0.39501953125 0.23828125000000008 0.39501953125 0.23828125000000008 0.40625 0.3444010416666667 0.40625
0 0.6334635416666669 0.54638671875 0.5234375000000001 0.54638671875 0.5234375000000001 0.55810546875 0.6334635416666669 0.55810546875
0 0.34570312500000017 0.57470703125 0.2415364583333334 0.57470703125 0.2415364583333334 0.58544921875 0.34570312500000017 0.58544921875
0 0.4850260416666668 0.60888671875 0.38281250000000017 0.60888671875 0.38281250000000017 0.62060546875 0.4850260416666668 0.62060546875
0 0.7819010416666666 0.4912109375000001 0.6686197916666666 0.4912109375000001 0.6686197916666666 0.50244140625 0.7819010416666666 0.50244140625
0 0.48437500000000017 0.5205078125 0.3815104166666668 0.5205078125 0.3815104166666668 0.53173828125 0.48437500000000017 0.53173828125
0 0.34375 0.4404296875 0.23893229166666674 0.4404296875 0.23893229166666674 0.4521484375 0.34375 0.4521484375
0 0.6315104166666669 0.59228515625 0.5227864583333335 0.59228515625 0.5227864583333335 0.60400390625 0.6315104166666669 0.60400390625
0 0.6308593750000001 0.61474609375 0.5227864583333335 0.61474609375 0.5227864583333335 0.6259765625 0.6308593750000001 0.6259765625
0 0.4895833333333334 0.44287109375 0.3828125 0.44287109375 0.38281250000000006 0.45458984375 0.4895833333333335 0.45458984375
0 0.7779947916666666 0.5478515625 0.6673177083333334 0.5478515625 0.6673177083333334 0.5595703125 0.7779947916666666 0.5595703125
0 0.48437500000000017 0.58642578125 0.38281250000000017 0.58642578125 0.38281250000000017 0.59765625 0.48437500000000017 0.59765625
0 0.77734375 0.5703125 0.6673177083333334 0.5703125 0.6673177083333334 0.58154296875 0.77734375 0.58154296875
0 0.34570312500000017 0.49658203125 0.24088541666666674 0.49658203125 0.24088541666666674 0.5078125 0.34570312500000017 0.5078125
0 0.4934895833333333 0.3505859375 0.3834635416666667 0.3505859375 0.3834635416666667 0.3623046875 0.4934895833333333 0.3623046875
0 0.3450520833333335 0.52978515625 0.2395833333333334 0.52978515625 0.2395833333333334 0.54150390625 0.3450520833333335 0.54150390625
0 0.3450520833333333 0.3720703125 0.2376302083333334 0.3720703125 0.2376302083333334 0.3837890625 0.3450520833333333 0.3837890625
0 0.6328125000000001 0.5693359375 0.5227864583333335 0.5693359375 0.5227864583333335 0.58056640625 0.6328125000000001 0.58056640625
0 0.4869791666666668 0.45361328125 0.3834635416666668 0.45361328125 0.3834635416666668 0.46533203125 0.4869791666666668 0.46533203125
0 0.4889322916666667 0.3857421875 0.3815104166666667 0.3857421875 0.3815104166666667 0.3974609375 0.4889322916666667 0.3974609375
0 0.3444010416666668 0.51904296875 0.2376302083333334 0.51904296875 0.2376302083333334 0.5302734375 0.3444010416666668 0.5302734375
0 0.48632812500000017 0.576171875 0.3821614583333335 0.576171875 0.3821614583333335 0.5869140625 0.48632812500000017 0.5869140625
0 0.775390625 0.6162109375 0.6660156250000001 0.6162109375 0.6660156250000001 0.62744140625 0.775390625 0.62744140625
0 0.4850260416666668 0.54248046875 0.3815104166666668 0.54248046875 0.3815104166666668 0.5537109375 0.4850260416666668 0.5537109375
0 0.4908854166666667 0.39697265625 0.3834635416666667 0.39697265625 0.3834635416666667 0.40869140625 0.4908854166666667 0.40869140625
0 0.6289062500000001 0.62646484375 0.5201822916666669 0.62646484375 0.5201822916666669 0.63916015625 0.6289062500000001 0.63916015625
0 0.775390625 0.6044921875 0.6647135416666669 0.6044921875 0.6647135416666669 0.6162109375 0.775390625 0.6162109375
0 0.4869791666666668 0.4765625 0.3834635416666668 0.4765625 0.3834635416666668 0.48828125 0.4869791666666668 0.48828125
0 0.3424479166666667 0.36181640625 0.23502604166666674 0.36181640625 0.23502604166666674 0.37353515625 0.3424479166666667 0.37353515625
0 0.3444010416666667 0.38427734375 0.2376302083333334 0.38427734375 0.2376302083333334 0.3955078125 0.3444010416666667 0.3955078125
0 0.490234375 0.42041015625 0.3821614583333333 0.42041015625 0.3821614583333333 0.431640625 0.490234375 0.431640625
0 0.34375000000000017 0.5849609375 0.24023437500000008 0.5849609375 0.24023437500000008 0.59619140625 0.34375000000000017 0.59619140625
0 0.4876302083333335 0.46533203125 0.3834635416666668 0.46533203125 0.3834635416666668 0.47705078125 0.4876302083333335 0.47705078125
0 0.7819010416666666 0.4555664062500001 0.66796875 0.4555664062500001 0.66796875 0.4677734375000001 0.7819010416666666 0.4677734375000001
0 0.6354166666666669 0.52294921875 0.5247395833333335 0.52294921875 0.5247395833333335 0.5341796875 0.6354166666666669 0.5341796875
0 0.3444010416666668 0.474609375 0.24023437500000008 0.474609375 0.24023437500000008 0.486328125 0.3444010416666668 0.486328125
0 0.34570312500000017 0.607421875 0.24283854166666674 0.607421875 0.24283854166666674 0.61865234375 0.34570312500000017 0.61865234375
0 0.6308593750000001 0.58056640625 0.5214843750000001 0.58056640625 0.5214843750000001 0.59228515625 0.6308593750000001 0.59228515625
0 0.7779947916666666 0.58056640625 0.6666666666666666 0.58056640625 0.6666666666666666 0.59326171875 0.7779947916666666 0.59326171875
0 0.48437500000000017 0.5654296875 0.3815104166666668 0.5654296875 0.3815104166666668 0.576171875 0.48437500000000017 0.576171875
0 0.3444010416666668 0.59619140625 0.2434895833333334 0.59619140625 0.2434895833333334 0.60693359375 0.3444010416666668 0.60693359375
0 0.3450520833333335 0.5078125 0.24023437500000008 0.5078125 0.24023437500000008 0.51953125 0.3450520833333335 0.51953125
0 0.6308593750000001 0.603515625 0.5227864583333335 0.603515625 0.5227864583333335 0.61474609375 0.6308593750000001 0.61474609375
0 0.34375000000000006 0.4521484375 0.23893229166666674 0.4521484375 0.23893229166666674 0.4638671875 0.34375000000000017 0.4638671875
0 0.6334635416666669 0.49951171875000006 0.5240885416666669 0.49951171875 0.5240885416666669 0.5107421875 0.6334635416666669 0.5107421875
0 0.7805989583333334 0.4340820312500001 0.6705729166666666 0.4340820312500001 0.6705729166666666 0.4458007812500001 0.7805989583333334 0.4458007812500001
0 0.4915364583333333 0.3623046875 0.3834635416666667 0.3623046875 0.3834635416666667 0.3740234375 0.4915364583333333 0.3740234375
0 0.4895833333333333 0.43115234375 0.3821614583333333 0.43115234375 0.3821614583333333 0.44287109375 0.4895833333333333 0.44287109375
0 0.4850260416666668 0.62060546875 0.3815104166666668 0.62060546875 0.3815104166666668 0.63232421875 0.4850260416666668 0.63232421875
0 0.3430989583333335 0.486328125 0.23893229166666674 0.486328125 0.23893229166666674 0.4970703125 0.3430989583333335 0.4970703125
0 0.34375 0.40625 0.23697916666666674 0.40625 0.23697916666666674 0.41796875 0.34375 0.41796875
0 0.7799479166666666 0.51416015625 0.6686197916666666 0.51416015625 0.6686197916666666 0.52587890625 0.7799479166666666 0.52587890625
0 0.78125 0.4794921875000001 0.6692708333333334 0.4794921875000001 0.6692708333333334 0.4916992187500001 0.78125 0.4916992187500001
0 0.775390625 0.626953125 0.6634114583333335 0.626953125 0.6634114583333335 0.6396484375 0.775390625 0.6396484375
0 0.4895833333333333 0.40869140625 0.3821614583333333 0.40869140625 0.3821614583333333 0.42041015625 0.4895833333333333 0.42041015625
0 0.6341145833333335 0.5341796875 0.5240885416666669 0.5341796875 0.5240885416666669 0.54638671875 0.6341145833333335 0.54638671875
0 0.7805989583333334 0.50244140625 0.6686197916666666 0.50244140625 0.6686197916666666 0.51416015625 0.7805989583333334 0.51416015625
0 0.779296875 0.525390625 0.6673177083333334 0.525390625 0.6673177083333334 0.53759765625 0.779296875 0.53759765625
0 0.34375 0.4296875 0.23828125000000008 0.4296875 0.23828125000000008 0.44140625 0.34375 0.44140625
0 0.6347656250000001 0.48681640625000006 0.5234375000000001 0.48681640625 0.5234375000000001 0.5009765625 0.6347656250000001 0.5009765625
0 0.3444010416666668 0.54150390625 0.2395833333333334 0.54150390625 0.2395833333333334 0.552734375 0.3444010416666668 0.552734375
0 0.3450520833333335 0.46337890625 0.24023437500000008 0.46337890625 0.24023437500000008 0.474609375 0.3450520833333335 0.474609375
0 0.3470052083333335 0.552734375 0.24218750000000008 0.552734375 0.24218750000000008 0.56396484375 0.3470052083333335 0.56396484375
0 0.4869791666666668 0.55419921875 0.3834635416666668 0.55419921875 0.3834635416666668 0.5654296875 0.4869791666666668 0.5654296875
0 0.6315104166666669 0.55810546875 0.5214843750000001 0.55810546875 0.5214843750000001 0.56982421875 0.6315104166666669 0.56982421875
0 0.4856770833333335 0.48779296875 0.3841145833333335 0.48779296875 0.3841145833333335 0.4990234375 0.4856770833333335 0.4990234375
0 0.77734375 0.5595703125 0.66796875 0.5595703125 0.66796875 0.57080078125 0.77734375 0.57080078125
0 0.787109375 0.4233398437500001 0.669921875 0.4233398437500001 0.669921875 0.4355468750000001 0.787109375 0.4355468750000001
0 0.4850260416666668 0.509765625 0.3815104166666668 0.509765625 0.3815104166666668 0.52099609375 0.4850260416666668 0.52099609375
0 0.34570312500000017 0.56396484375 0.24218750000000008 0.56396484375 0.24218750000000008 0.57470703125 0.34570312500000017 0.57470703125
0 0.3444010416666668 0.619140625 0.24218750000000008 0.619140625 0.24218750000000008 0.63037109375 0.3444010416666668 0.63037109375
0 0.6347656250000001 0.51171875 0.5247395833333335 0.51171875 0.5247395833333335 0.52294921875 0.6347656250000001 0.52294921875
0 0.7786458333333334 0.53662109375 0.6673177083333334 0.53662109375 0.6673177083333334 0.54833984375 0.7786458333333334 0.54833984375
0 0.3430989583333333 0.349609375 0.23437500000000008 0.349609375 0.23437500000000008 0.361328125 0.3430989583333333 0.361328125