0 0.720703125 0.82080078125 0.34570312500000017 0.82080078125 0.34570312500000017 0.849609375 0.720703125 0.849609375
0 0.71484375 0.7890625 0.3430989583333335 0.7890625 0.3430989583333335 0.81884765625 0.71484375 0.81884765625
0 0.7350260416666666 0.59228515625 0.3528645833333335 0.59228515625 0.3528645833333335 0.6240234375 0.7350260416666666 0.6240234375
0 0.7200520833333334 0.85009765625 0.3489583333333335 0.85009765625 0.3489583333333335 0.88037109375 0.7200520833333334 0.88037109375
0 0.7233072916666666 0.7568359375 0.3502604166666668 0.7568359375 0.3502604166666668 0.787109375 0.7233072916666666 0.787109375
0 0.7408854166666666 0.39306640625000006 0.3600260416666667 0.39306640625 0.3600260416666667 0.42675781250000006 0.7408854166666666 0.4267578125000001
0 0.74609375 0.35791015625000006 0.3561197916666667 0.35791015625 0.3561197916666667 0.39306640625000006 0.74609375 0.3930664062500001
0 0.736328125 0.62255859375 0.34960937500000017 0.62255859375 0.34960937500000017 0.65576171875 0.736328125 0.65576171875
0 0.7350260416666666 0.55859375 0.35742187500000017 0.55859375 0.35742187500000017 0.5908203125 0.7350260416666666 0.5908203125
0 0.7389322916666666 0.42968750000000006 0.3587239583333333 0.4296875 0.3587239583333334 0.46142578125000006 0.7389322916666666 0.4614257812500001
0 0.7389322916666666 0.49316406250000006 0.3548177083333335 0.4931640625 0.3548177083333335 0.5244140625 0.7389322916666666 0.5244140625
0 0.75 0.32373046875000006 0.3561197916666667 0.32373046875 0.3561197916666667 0.35888671875000006 0.75 0.3588867187500001
0 0.75390625 0.25537109375000006 0.3567708333333333 0.25537109375 0.3567708333333333 0.28955078125000006 0.75390625 0.2895507812500001
0 0.7545572916666666 0.28857421875000006 0.357421875 0.28857421875 0.357421875 0.32421875000000006 0.7545572916666666 0.3242187500000001
0 0.7415364583333334 0.45996093750000006 0.35546875000000017 0.4599609375 0.35546875000000017 0.49218750000000006 0.7415364583333334 0.4921875000000001
0 0.7311197916666666 0.65576171875 0.3483072916666668 0.65576171875 0.3483072916666668 0.6904296875 0.7311197916666666 0.6904296875
0 0.724609375 0.724609375 0.3404947916666668 0.724609375 0.3404947916666668 0.7548828125 0.724609375 0.7548828125
0 0.7604166666666666 0.11523437500000006 0.3678385416666667 0.11523437500000003 0.3678385416666667 0.15283203125000006 0.7604166666666666 0.15283203125000006
0 0.7272135416666666 0.68798828125 0.3470052083333335 0.68798828125 0.3470052083333335 0.72265625 0.7272135416666666 0.72265625
0 0.7584635416666666 0.22070312500000006 0.3671875 0.22070312500000006 0.3671875 0.25781250000000006 0.7584635416666666 0.2578125000000001
0 0.7167968750000001 0.88427734375 0.34179687500000017 0.88427734375 0.34179687500000017 0.91259765625 0.7167968750000003 0.91259765625
0 0.777085668991507 0.08260792882639542 0.3579160156250001 0.06568530273437503 0.3551770263209931 0.10384763757985468 0.7743466796875 0.12077026367187507
0 0.7552083333333334 0.15234375000000006 0.36328125 0.15234375000000006 0.36328125 0.18750000000000006 0.7552083333333334 0.18750000000000006
0 0.7659643972219657 0.19247376274074987 0.36187825520833333 0.17068286132812502 0.35806723965317455 0.2104351382449281 0.7621533816668068 0.23222603965755295
0 0.7389322916666666 0.525390625 0.3561197916666668 0.525390625 0.3561197916666668 0.55712890625 0.7389322916666666 0.55712890625