0 0.8567258713292402 0.6587205904527476 0.11361869704861124 0.6195723896484374 0.10480686651798216 0.6724961673597524 0.8479140407986111 0.7116443681640625
0 0.886402335343965 0.24987607541141843 0.20065949764306834 0.21562762193655297 0.19491719875743663 0.2520066559001346 0.8806600364583334 0.28625510937500004
0 0.8733931816471929 0.33128859377923275 0.1852206011049542 0.2971736053812483 0.17863983178415024 0.3391759813285781 0.866812412326389 0.37329096972656256
0 0.8722488447925529 0.3711615287033188 0.17683218665499037 0.3410580543417998 0.1712249409722223 0.38204288134765624 0.8666415991097849 0.41214635570917524
0 0.8632234852856204 0.4674671791904907 0.1427645120188898 0.4333038703303812 0.13652612482354717 0.47493006467504684 0.8569850980902778 0.5090933735351564
0 0.8677595155134552 0.5115653261934221 0.13836763362751647 0.47330273941475853 0.1306373932291668 0.5199283627929688 0.8600292751151055 0.5581909495716323
0 0.8650776466756055 0.5586153287593564 0.13233161455859369 0.5182459577438546 0.12358294965277793 0.5684904345703126 0.8563289817697898 0.6088598055858143
0 0.8454450315047075 0.7687518694225696 0.07487547743055571 0.7224337187499998 0.0660558573841815 0.7688591090930553 0.8366254114583334 0.815177259765625
0 0.8851569394352733 0.20695120723866478 0.2202197743055556 0.17588348583984376 0.21528385830778243 0.20930945584727279 0.8802210234375001 0.2403771772460938
0 0.8420138888888891 0.6728515625 0.08159722222222238 0.6728515625 0.08159722222222238 0.76220703125 0.8420138888888891 0.76220703125
0 0.8854166666666666 0.25146484375000006 0.17795138888888895 0.25146484375 0.17795138888888895 0.32617187500000006 0.8854166666666666 0.3261718750000001
0 0.8655541993328717 0.6140556566330828 0.11597203732638903 0.5702547529296875 0.10752809927823963 0.6159768628981673 0.8571102612847223 0.6597777666015626
0 0.8811903193134664 0.4249370853512982 0.15228366405122662 0.38820846970826517 0.1455801875000001 0.43030172412109374 0.8744868427622399 0.4670303397641268