0 0.529296875 0.6712239583333334 0.3759765625000001 0.6712239583333334 0.3759765625000001 0.697265625 0.529296875 0.697265625
0 0.3623046875000001 0.6360677083333334 0.21240234375000006 0.6360677083333334 0.21240234375000006 0.6608072916666666 0.3623046875000001 0.6608072916666666
0 0.36279296875 0.41015625 0.21679687500000006 0.41015625 0.21679687500000006 0.4342447916666667 0.36279296875 0.4342447916666667
0 0.3618164062500001 0.7526041666666666 0.21142578125000006 0.7526041666666666 0.21142578125000006 0.7779947916666666 0.3618164062500001 0.7779947916666666
0 0.3627929687500001 0.6126302083333334 0.21191406250000006 0.6126302083333334 0.21191406250000006 0.63671875 0.3627929687500001 0.63671875
0 0.3618164062500001 0.7057291666666666 0.21289062500000006 0.7057291666666666 0.21289062500000006 0.7311197916666666 0.3618164062500001 0.7311197916666666
0 0.36328125000000006 0.58984375 0.21337890625000006 0.58984375 0.21337890625000006 0.6139322916666666 0.3632812500000001 0.6139322916666666
0 0.3613281250000001 0.6595052083333334 0.21386718750000006 0.6595052083333334 0.21386718750000006 0.6848958333333334 0.3613281250000001 0.6848958333333334
0 0.3627929687500001 0.7298177083333334 0.21240234375000006 0.7298177083333334 0.21240234375000006 0.7545572916666666 0.3627929687500001 0.7545572916666666
0 0.53125 0.7180989583333334 0.3784179687500001 0.7180989583333334 0.3784179687500001 0.744140625 0.53125 0.744140625
0 0.3603515625000001 0.7760416666666666 0.20996093750000006 0.7760416666666666 0.20996093750000006 0.8020833333333334 0.3603515625000001 0.8020833333333334
0 0.3613281250000001 0.6829427083333334 0.21240234375000006 0.6829427083333334 0.21240234375000006 0.7076822916666666 0.3613281250000001 0.7076822916666666
0 0.529296875 0.6940104166666666 0.3779296875000001 0.6940104166666666 0.3779296875000001 0.7200520833333334 0.529296875 0.7200520833333334
0 0.36181640625 0.5677083333333334 0.21533203125000006 0.5677083333333334 0.21533203125000006 0.5911458333333334 0.36181640625 0.5911458333333334
0 0.84765625 0.4225260416666668 0.69921875 0.4225260416666668 0.69921875 0.4479166666666668 0.84765625 0.4479166666666668
0 0.3623046875 0.3229166666666667 0.21533203125000006 0.3229166666666667 0.21533203125000006 0.345703125 0.3623046875 0.345703125
0 0.36376953125 0.388671875 0.21728515625000006 0.388671875 0.21728515625000006 0.4114583333333333 0.36376953125 0.4114583333333333
0 0.8515625 0.4915364583333335 0.70458984375 0.4915364583333335 0.70458984375 0.5162760416666669 0.8515625 0.5162760416666669
0 0.84912109375 0.4694010416666668 0.69970703125 0.4694010416666668 0.69970703125 0.49414062500000017 0.84912109375 0.49414062500000017
0 0.36376953125 0.544921875 0.21435546875000006 0.544921875 0.21435546875000006 0.5696614583333334 0.36376953125 0.5696614583333334
0 0.36181640625 0.30208333333333337 0.21533203125 0.3020833333333333 0.21533203125000003 0.3248697916666667 0.36181640625 0.32486979166666674
0 0.36328125 0.4993489583333333 0.21630859375000006 0.4993489583333333 0.21630859375000006 0.5240885416666666 0.36328125 0.5240885416666666
0 0.84716796875 0.44726562500000017 0.69873046875 0.44726562500000017 0.69873046875 0.4720052083333335 0.84716796875 0.4720052083333335
0 0.36181640625 0.5227864583333334 0.21484375000000006 0.5227864583333334 0.21484375000000006 0.5462239583333334 0.36181640625 0.5462239583333334
0 0.85205078125 0.5143229166666669 0.701171875 0.5143229166666669 0.701171875 0.5390625000000001 0.85205078125 0.5390625000000001
0 0.53271484375 0.7428385416666666 0.3774414062500001 0.7428385416666666 0.3774414062500001 0.7701822916666666 0.53271484375 0.7701822916666666
0 0.53125 0.7662760416666666 0.3784179687500001 0.7662760416666666 0.3784179687500001 0.79296875 0.53125 0.79296875
0 0.84521484375 0.3802083333333335 0.6962890625 0.3802083333333335 0.6962890625 0.4036458333333335 0.84521484375 0.4036458333333335
0 0.361328125 0.455078125 0.21582031250000006 0.455078125 0.21582031250000006 0.4778645833333333 0.361328125 0.4778645833333333
0 0.36328125 0.3665364583333333 0.21728515625000006 0.3665364583333333 0.21728515625000006 0.3899739583333333 0.36328125 0.3899739583333333
0 0.84423828125 0.3580729166666668 0.697265625 0.3580729166666668 0.697265625 0.3821614583333335 0.84423828125 0.3821614583333335
0 0.36181640625 0.4772135416666667 0.21533203125000006 0.4772135416666667 0.21533203125000006 0.5 0.36181640625 0.5
0 0.361328125 0.4329427083333333 0.21533203125000006 0.4329427083333333 0.21533203125000006 0.4563802083333333 0.361328125 0.4563802083333333
0 0.5341796875 0.791015625 0.3774414062500001 0.791015625 0.3774414062500001 0.818359375 0.5341796875 0.818359375
0 0.859375 0.5826822916666669 0.70361328125 0.5826822916666669 0.70361328125 0.6080729166666669 0.859375 0.6080729166666669
0 0.3623046875 0.3444010416666667 0.21728515625000006 0.3444010416666667 0.21728515625000006 0.3671875 0.3623046875 0.3671875
0 0.85498046875 0.5371093750000001 0.70654296875 0.5371093750000001 0.70654296875 0.5625000000000001 0.85498046875 0.5625000000000001
0 0.8623046875 0.6308593750000001 0.7041015625 0.6308593750000001 0.7041015625 0.6562500000000001 0.8623046875 0.6562500000000001
0 0.53662109375 0.8170572916666666 0.3779296875000001 0.8170572916666666 0.3779296875000001 0.84375 0.53662109375 0.84375
0 0.84521484375 0.4016927083333335 0.69677734375 0.4016927083333335 0.69677734375 0.4264322916666668 0.84521484375 0.4264322916666668
0 0.8583984375 0.5605468750000001 0.703125 0.5605468750000001 0.703125 0.5859375000000001 0.8583984375 0.5859375000000001
0 0.36181640625 0.25585937500000006 0.21484375 0.255859375 0.21484375 0.2819010416666667 0.36181640625 0.28190104166666674
0 0.3647460937500001 0.8020833333333334 0.21240234375000006 0.8020833333333334 0.21240234375000006 0.8268229166666666 0.3647460937500001 0.8268229166666666
0 0.861328125 0.6054687500000001 0.70361328125 0.6054687500000001 0.70361328125 0.6315104166666669 0.861328125 0.6315104166666669
0 0.361328125 0.28059895833333337 0.2158203125 0.2805989583333333 0.21582031250000003 0.3033854166666667 0.361328125 0.30338541666666674
0 0.8430944130859374 0.35309151692708335 0.8423244761968993 0.3318373067626849 0.6918436188207365 0.3415283133217979 0.6926135557097746 0.36278252348619633
0 0.8415254233398438 0.3291312141927083 0.8405316007775695 0.30791566770389484 0.6911869394531249 0.32035284440104167 0.6921807620153992 0.3415683908898551
0 0.8396312143554687 0.30936954817708334 0.8387966066386809 0.2884017614895821 0.6904655710238046 0.298898135766168 0.6913001787405924 0.3198659224536693
0 0.8379410834960938 0.28949178710937495 0.8373592663486126 0.26674769727934183 0.6881437868171437 0.27353362620982674 0.6887256039646249 0.2962777160398599
0 0.8358410903320311 0.26723518033854166 0.8352149694306777 0.24642089244613907 0.6856543015142674 0.25441907870801345 0.6862804224156208 0.27523336660041603
0 0.8350805742187499 0.24495358528645836 0.8342137415765623 0.21968131787803735 0.6841311725990628 0.2288329547004605 0.6849980052412504 0.2541052221088815
0 0.6917405180664062 0.5211801197916667 0.6911080151866146 0.4985414092050256 0.5346354117877715 0.5063132984214184 0.5352679146675632 0.5289520090080594
0 0.690656890625 0.4985765677083334 0.6899121479531493 0.47505102916473246 0.5336125208324807 0.48384737062491584 0.5343572635043314 0.5073729091685169
0 0.6888055279084916 0.4747519291159206 0.6881212099609375 0.4525517395833334 0.533568888255196 0.46102117098559053 0.5342532062027501 0.4832213605181778
0 0.6883186471393988 0.45296110979453424 0.6875758818359374 0.42936135351562504 0.5326031238566948 0.4380325080440075 0.5333458891601562 0.4616322643229167
0 0.6875590087890626 0.4280724869791666 0.6867646664768762 0.4061682071974648 0.5303110961643761 0.41625473454121487 0.5311054384765626 0.43815901432291665
0 0.68654747265625 0.4061822096354167 0.6856997395090249 0.3829909987461349 0.5309603449014666 0.39304674037968557 0.5318080780486918 0.41623795126896734
0 0.6862480209960938 0.38330808984375 0.6853671165509729 0.3611659725764676 0.5291678626447228 0.3722135253108427 0.5300487670898437 0.394355642578125
0 0.6850099501953124 0.3613293203125001 0.6842295293857634 0.33726890165777085 0.5299189331943571 0.34616703447027075 0.5306993540039061 0.370227453125
0 0.6831610444335937 0.33818294661458337 0.6823211898829794 0.3156155904554338 0.5281847602539063 0.32581338281250005 0.5290246148045206 0.34838073897164956
0 0.6811531387023922 0.3157064432901108 0.680167998603325 0.2915926840539054 0.5279370137095264 0.3026490806075446 0.5289221538085936 0.32676283984374993
0 0.680032375 0.29110404882812496 0.6787960184995614 0.2679619659009697 0.5271660180112802 0.282363338296803 0.5284023745117188 0.3055054212239583
0 0.6784170200195313 0.2710441816406251 0.6776035640920741 0.25009604297125826 0.5273293325195312 0.260470146484375 0.5281427884469884 0.28141828515374184
0 0.6775576323242187 0.24967811263020834 0.6764257857715746 0.22394386716484707 0.525968722295012 0.2357081692481804 0.5271005688476561 0.2614424147135416
0 0.5286238193359376 0.667462623046875 0.5278486295419463 0.6436322573981516 0.3752973291015625 0.65245433203125 0.3760725188955537 0.6762846976799733
0 0.5280923678190529 0.6434859738525954 0.5273127900997365 0.619986946220382 0.37572557511271476 0.6289271943729947 0.37650515283203123 0.6524262220052082
0 0.5272611181640626 0.6224038111979165 0.5266777375180732 0.5983337228013781 0.3758555505063544 0.6048322813951281 0.3764389311523437 0.6289023697916666
0 0.5266572112190511 0.598692429126222 0.5260253862304689 0.5762256634114583 0.3749820773551678 0.5837771978269031 0.37561390234375003 0.6062439635416668
0 0.5265858030407469 0.5764905907194481 0.52594848828125 0.5532851569010416 0.3735676071155031 0.5607251449576353 0.374204921875 0.5839305787760417
0 0.5265663679074342 0.5532583689947407 0.5258793872070313 0.5309402623697917 0.3738953054324097 0.5392571869948427 0.3745822861328126 0.5615752936197917
0 0.5265528153691548 0.5297056264645249 0.5257699711623209 0.5074492056374352 0.373283631867385 0.5169843753968688 0.3740664760742187 0.5392407962239585
0 0.5255947290039064 0.5091961790364584 0.5251063646992006 0.48804084092344974 0.3741595771015444 0.49423561240782465 0.3746479414062501 0.5153909505208333
0 0.5242935927734376 0.4867832643229167 0.5237066347242573 0.4639403105872391 0.37310626509535094 0.4708198333736975 0.3736932231445313 0.49366278710937506
0 0.5222237797851562 0.46515332942708326 0.5216844297865098 0.4435258672754346 0.374876658790416 0.45003452808272626 0.3754160087890625 0.4716619902343749
0 0.5222049568216559 0.44319079720397886 0.5215070882699419 0.42088810664025633 0.37333620615531715 0.42913056399356914 0.37403407470703126 0.45143325455729166
0 0.5214745610351563 0.42157623567708336 0.5209242500943039 0.3997389484098708 0.3729562574185225 0.4063680506234124 0.373506568359375 0.428205337890625
0 0.520960675959369 0.39919078294737104 0.5203028159179687 0.3780102786458333 0.3723523958179746 0.3861796923130456 0.3730102558593749 0.4073601966145833
0 0.5211014145507813 0.37941964388020843 0.5206293505666818 0.3559491835625695 0.37238610602238137 0.3612498642717274 0.37285817000648097 0.3847203245893663
0 0.5198361967773437 0.3558335143229167 0.519214401615468 0.33385368379169994 0.37208645386156175 0.3412530692083666 0.3727082490234375 0.36323289973958334
0 0.5197778861684733 0.333632291746037 0.5190550975767754 0.3115823208934157 0.3724989389473646 0.3201228507619622 0.37322172753906246 0.3421728216145834
0 0.5185445590820312 0.31142809635416663 0.5179224767595393 0.29110713450588405 0.3715122868181331 0.29907519049546744 0.372134369140625 0.31939615234374996
0 0.5175420170898437 0.2930599557291666 0.5170561291548954 0.2707682054919221 0.37137760669395803 0.2764132185127554 0.3718634946289063 0.29870496874999997
0 0.5169509726562499 0.2700705338541667 0.5161716978865271 0.24566232099210514 0.36950319739824594 0.2539870280233551 0.3702824721679687 0.2783952408854167