0 0.4889322916666667 0.20410156250000003 0.010416666666666699 0.2041015625 0.010416666666666704 0.24755859375000003 0.4889322916666667 0.24755859375000006
0 0.4694010416666668 0.62353515625 0.02604166666666677 0.62353515625 0.026041666666666772 0.65966796875 0.4694010416666668 0.65966796875
0 0.478515625 0.36279296875 0.016276041666666727 0.36279296875 0.01627604166666673 0.4033203125 0.478515625 0.4033203125
0 0.47916666666666674 0.43896484375 0.021484375000000073 0.43896484375 0.021484375000000073 0.47705078125 0.4791666666666668 0.47705078125
0 0.4915364583333333 0.16308593750000003 0.005859375000000028 0.1630859375 0.00585937500000003 0.20361328125000003 0.4915364583333333 0.20361328125000006
0 0.9837239583333334 0.40380859375000006 0.5240885416666666 0.40380859375 0.5240885416666666 0.44287109375000006 0.9837239583333334 0.4428710937500001
0 0.9615885416666666 0.58935546875 0.5195312500000001 0.58935546875 0.5195312500000001 0.62646484375 0.9615885416666666 0.62646484375
0 0.4850260416666667 0.24365234375000003 0.00976562500000004 0.24365234375 0.009765625000000043 0.28564453125 0.4850260416666667 0.28564453125
0 0.4837239583333333 0.28466796875 0.009114583333333379 0.28466796875 0.009114583333333382 0.32373046875 0.4837239583333333 0.32373046875
0 0.46875000000000017 0.69482421875 0.02148437500000011 0.69482421875 0.021484375000000114 0.72900390625 0.46875000000000017 0.72900390625
0 0.47851562500000017 0.47705078125 0.016276041666666744 0.47705078125 0.016276041666666748 0.5146484375 0.47851562500000017 0.5146484375
0 0.4739583333333335 0.6611328125 0.02148437500000011 0.6611328125 0.02148437500000011 0.6962890625 0.4739583333333335 0.6962890625
0 0.990234375 0.36474609375000006 0.5299479166666666 0.36474609375 0.5299479166666666 0.40576171875000006 0.990234375 0.4057617187500001
0 0.478515625 0.40087890625 0.013020833333333398 0.40087890625 0.013020833333333403 0.43994140625 0.478515625 0.43994140625
0 0.47070312500000017 0.552734375 0.024088541666666758 0.552734375 0.024088541666666758 0.5908203125 0.47070312500000017 0.5908203125
0 0.9694010416666666 0.5185546875 0.5253906250000001 0.5185546875 0.5253906250000001 0.556640625 0.9694010416666666 0.556640625
0 0.94140625 0.697265625 0.5156250000000001 0.697265625 0.5156250000000001 0.73046875 0.94140625 0.73046875
0 0.978515625 0.44287109375000006 0.51953125 0.44287109375 0.5195312500000001 0.48046875000000006 0.978515625 0.4804687500000001
0 1 0.11669921875000007 0.5279947916666666 0.11669921875000006 0.5279947916666666 0.15917968750000008 1 0.1591796875000001
0 0.4654947916666668 0.5859375 0.01888020833333343 0.5859375 0.018880208333333433 0.623046875 0.4654947916666668 0.623046875
0 0.9720052083333334 0.47851562500000006 0.5227864583333335 0.478515625 0.5227864583333335 0.517578125 0.9720052083333334 0.517578125
0 0.9524739583333334 0.66259765625 0.5175781250000001 0.66259765625 0.5175781250000001 0.6982421875 0.9524739583333334 0.6982421875
0 0.9576822916666666 0.62646484375 0.5143229166666669 0.62646484375 0.5143229166666669 0.66259765625 0.9576822916666666 0.66259765625
0 0.484375 0.32275390625 0.01171875000000005 0.32275390625 0.011718750000000056 0.36083984375 0.484375 0.36083984375
0 0.5013020833333334 0.11523437500000003 0.0006510416666666855 0.115234375 0.0006510416666666892 0.16064453125000003 0.5013020833333334 0.16064453125000006
0 0.47070312500000017 0.72265625 0.024088541666666786 0.72265625 0.024088541666666793 0.76806640625 0.47070312500000017 0.76806640625
0 0.47460937500000017 0.51513671875 0.019531250000000083 0.51513671875 0.019531250000000087 0.5537109375 0.47460937500000017 0.5537109375
0 0.9703430989583333 0.5553686523437501 0.515630859375 0.553712890625 0.5154089595116828 0.5879911190389342 0.9701211990950159 0.5896468807576843
0 0.9989579903620386 0.203709841758918 0.5315643938836797 0.19366660012241868 0.5298186848958334 0.23936523437500007 0.9972122813741923 0.24940847601149937
0 1.0014004400253038 0.16367954467938794 0.52798828125 0.15193286132812503 0.5259812749668293 0.1974311859350196 0.9993934337421332 0.20917786928628251
0 0.999951042154844 0.24630283550670223 0.5300518890400964 0.2375028289513578 0.5286585286458333 0.27935400390625004 0.9985576817605809 0.28815401046159445
0 0.9999785279989539 0.2863674134876453 0.5307718098958334 0.27720239257812507 0.5292768167805488 0.32025430826120205 0.9984835348836695 0.32941932917072225
0 0.99858984375 0.32635791015625004 0.5291733305145713 0.3161405001594874 0.527498046875 0.3594345703125 0.9969145601104289 0.3696519803092626
0 0.9556578776041668 0.7282963867187501 0.5057180989583335 0.728173095703125 0.5056985915365967 0.7682178248159797 0.95563837018243 0.7683411158316047