0 0.7459047174479165 0.05169502832031256 0.31144715104166665 0.045299468261718774 0.3103567029595052 0.08696685881812528 0.744814269365755 0.09336241887671907
0 0.7415118059895834 0.09136098437500004 0.3087310963541667 0.08321329052734379 0.3073895791447078 0.123295529032345 0.7401702887801246 0.13144322288000126
0 0.7388384876302084 0.13169279833984382 0.31564746419270834 0.12131620019531254 0.3135174125897145 0.1701807723533281 0.7367084360272146 0.1805573704978594
0 0.7325291197916668 0.1791524672851563 0.30935722265625004 0.16808293066406255 0.3074180601326084 0.20978178406150688 0.7305899572680251 0.22085132068260063
0 0.7244134264322915 0.22013313623046873 0.30804171093749994 0.2053318740234375 0.30555527454519815 0.2446762215901111 0.7219269900399895 0.25947748379714236
0 0.7218366315104167 0.2585947578125001 0.3084219479166667 0.24315395263671877 0.30588644461176745 0.28133982021905474 0.7193011282055175 0.2967806253948361
0 0.7176668300781249 0.2932571489257812 0.3050217558593751 0.28094328613281244 0.30302789874430547 0.31852693260691795 0.7156729729630554 0.3308407953998867
0 0.7101048528645832 0.32915162548828125 0.30668412500000003 0.31783141113281255 0.3045403881147132 0.360804598339693 0.7079611159792965 0.37212481269516173
0 0.6989340611979166 0.37285154833984374 0.29921132747395834 0.35076746533203124 0.2948585931194397 0.39508383414141884 0.694581326843398 0.41716791714923135
0 0.704604193359375 0.3994448291015625 0.30051869921875 0.39586274267578125 0.2999796013870611 0.43007071343520326 0.704065095527686 0.4336527998609845
0 0.7014502265624999 0.4336295126953125 0.30219616145833333 0.4289651728515625 0.30148582357826276 0.4631667916958809 0.7007398886824293 0.4678311315396309
0 0.6983099830729166 0.4672244755859375 0.3013327858072917 0.46216969580078127 0.30056277415570204 0.4961856881228937 0.697539971421327 0.50124046790805
0 0.69671438671875 0.502012599609375 0.3005717910156251 0.49487103515625 0.2995480980419916 0.5268121766067645 0.6956906937451165 0.5339537410598896
0 0.6943740859375 0.5350244550781249 0.302167443359375 0.5275926933593749 0.3011003077688636 0.55927124370454 0.6933069503469885 0.56670300542329
0 0.6920679368489583 0.565852525390625 0.3025669817708334 0.55859765234375 0.30148360692263115 0.5913151428687696 0.6909845620007561 0.5985700159156446
0 0.6927727552083334 0.5980350771484375 0.30075488802083344 0.5896393168945311 0.29950842639084285 0.6223769497479227 0.6915262935783427 0.6307727100018291
0 0.6891299257812502 0.6296343505859375 0.30112178906250014 0.6207002495117188 0.2998261101330853 0.6523528863236396 0.6878342468518354 0.6612869873978584
0 0.6876674309895834 0.6612526538085938 0.2993096946614584 0.6517419140625 0.2979789585781969 0.6823074575998778 0.6863366949063218 0.6918181973459715
0 0.6840626653645837 0.6912162597656251 0.3040722942708335 0.6812067124023439 0.30243465214704796 0.71617703836814 0.682425023240798 0.7261865857314211
0 0.6810197507356527 0.723399355798251 0.3061893171736663 0.7140938870318655 0.30488999153645846 0.7435338408203125 0.6797204250984447 0.7528393095866979
0 0.6760265345052084 0.7524709614257814 0.30587136458333347 0.7435629091796876 0.3045572420086703 0.7742785419532782 0.6747124119305453 0.783186594199372
0 0.67420434148051 0.7837831032924963 0.3048720553385418 0.7742861181640626 0.30361511301194694 0.801782110252382 0.6729473991539151 0.8112790953808158
0 0.6721754462920626 0.8107242102703197 0.3058121106770834 0.7998839707031251 0.30426056074582175 0.8293798540851333 0.670623896360801 0.8402200936523279
0 0.6719816990740729 0.8401334545069974 0.3025672604166668 0.8317715107421876 0.3013832957175942 0.8611932202976903 0.6707977343750002 0.8695551640625001
0 0.670783162109375 0.8701813828125 0.3036517779947918 0.8625926689453125 0.30268406159909483 0.8889271011857751 0.6698154457136782 0.8965158150529627
0 0.6675651210937502 0.9008452202148438 0.3038246660156251 0.8852881342773438 0.30175421973435007 0.9125182726863068 0.6654946748124752 0.9280753586238069
0 0.6678167330729168 0.9259019819335939 0.30321314518229187 0.9115663002929688 0.30121552973713084 0.9401446406498675 0.6658191176277558 0.9544803222904925
0 0.6655792988281252 0.9503106743164064 0.3068522734375002 0.9402896821289064 0.305403573144517 0.9694608923840009 0.664130598535142 0.9794818845715009