0 0.5330504180080133 0.07784343484052851 0.26262614562415143 0.0763080722527762 0.26204210069444456 0.10885620117187503 0.5324663730783065 0.11039156375962735
0 0.5314267810698136 0.11212231317244001 0.26082769097222225 0.11024877929687502 0.26014179531907544 0.14159375128068508 0.5307408854166668 0.14346728515625007
0 0.5307408854166666 0.14542651367187504 0.26779498224775433 0.14387008729509354 0.2672146871088654 0.1748893744044685 0.5301605902777777 0.17644580078125
0 0.5322652028889281 0.17872892996178188 0.27771137152777775 0.17414062500000002 0.27618705405551636 0.2008982673038432 0.5307408854166666 0.20548657226562506
0 0.5314477282457192 0.20613390863459105 0.27703487427679047 0.20159413559647488 0.27574773630884913 0.22441725821188385 0.5301605902777778 0.22895703125000003
0 0.5314186691562132 0.23030364883673418 0.2794522569444444 0.22208056640624999 0.27703356269090085 0.2455300905785736 0.5289999749026697 0.2537531730090578
0 0.5290000000000001 0.254712890625 0.28061328125000007 0.24687646484375003 0.2783322809367906 0.26975249941015655 0.5267189996867905 0.27758892519140654
0 0.5278394097222223 0.280181640625 0.2807842881944445 0.2718447265625 0.27820409395365764 0.2960375185688497 0.5252592154814355 0.30437443263134967
0 0.5247602850732652 0.3056658057983037 0.282948904513889 0.2962716450195312 0.28022464374617934 0.31845935484622745 0.5220360243055556 0.327853515625
0 0.5243572048611111 0.3287939453125001 0.2851636733608637 0.31817388453109746 0.2816814684997526 0.34298931421859746 0.5208750000000001 0.3536093750000001
0 0.5202947048611111 0.35393603515625 0.28873784722222223 0.343160888671875 0.28542721934718757 0.36567163455317014 0.5169840769860765 0.37644678103754514
0 0.5173886143043533 0.37712351521564635 0.28542534722222235 0.367392578125 0.28252805236231343 0.38924513712810366 0.5144913194444445 0.39897607421875003
0 0.518714008806945 0.40073450005987354 0.29047916666666673 0.38918066406250007 0.28741706758194396 0.4083196991588765 0.5156519097222222 0.41987353515625
0 0.5115060410690357 0.5923364850140704 0.30978619943950086 0.579687984877315 0.30522720698157646 0.6026930525976196 0.5069470486111114 0.6153415527343751
0 0.5090152142271859 0.5745475361431532 0.30440711805555565 0.5614658203125 0.30117836216170324 0.5774444072162219 0.5057864583333335 0.5905261230468751
0 0.5115107511348482 0.5542804991838254 0.3020980873189941 0.5444052949895705 0.29927527021192374 0.5633454989307451 0.5086879340277779 0.5732207031250001
0 0.5107137554670558 0.5371681701721899 0.3015510381944446 0.5246066684570313 0.2981522051692509 0.5425134525098092 0.507314922441862 0.5550749542249678
0 0.5128953912218889 0.5191216654510333 0.2965638020833334 0.5052319335937498 0.2928210888616973 0.5236760427494898 0.5091526780002528 0.5375657746067732
0 0.5156323167725776 0.49984717882882657 0.29192274305555566 0.48591357421875003 0.28788027003297817 0.5064494520305485 0.51158984375 0.520383056640625
0 0.5162794345685919 0.4812734308780439 0.2928003472222223 0.46781323242187506 0.28927134668140836 0.48635205740320625 0.512750434027778 0.4998122558593751
0 0.5194337579886954 0.4608030139161052 0.29396093750000013 0.447588623046875 0.29017908923352714 0.46800582397451995 0.5156519097222224 0.4812202148437501
0 0.5147546646077631 0.4396508975809815 0.2939609375 0.42636474609375 0.29013470245150663 0.4464836459940429 0.5109284295592696 0.4597697974812744
0 0.5168815902461542 0.419937098140967 0.2904791666666667 0.40710009765624994 0.2869283055871791 0.4269151967809079 0.5133307291666667 0.439752197265625
0 0.8528771701388888 0.12335937500000002 0.5449861826882627 0.11828698072974587 0.5432674361408039 0.1512966266233572 0.8511584235914299 0.15636902089361132
0 0.8428602430555556 0.15717431640625004 0.5518140121152936 0.14890840478860978 0.5491781614208491 0.1782738833042348 0.8402243923611111 0.18653979492187506
0 0.8365338541666667 0.18831958007812502 0.5472486979166667 0.180786376953125 0.5450451782103 0.20756008135917073 0.8343303344602999 0.21509328448417075
0 0.8302074652777779 0.21646313476562506 0.546045138888889 0.20964086914062502 0.5439657961478697 0.23704455681453357 0.8281281225367585 0.24386682243953361
0 0.8217721354166668 0.24582861328125005 0.5455177951388891 0.23811645507812507 0.5432074222518289 0.26430192143897147 0.8194617625296067 0.27201407964209645
0 0.8162441087274214 0.2732082192652127 0.5472486979166667 0.2647392578125001 0.544868738494801 0.2886575033910374 0.8138641493055556 0.29712646484375005
0 0.8107009548611113 0.2988706054687501 0.5470993923611113 0.28878540039062506 0.543981190156184 0.3145730983145423 0.807582752656184 0.3246583033926673
0 0.8101736111111113 0.32408349609375003 0.543588747904137 0.3170877801453577 0.5416522768126313 0.3404363019586598 0.8082371400196056 0.34743201790705214
0 0.8001566840277777 0.34926074218750003 0.5438758680555555 0.33968041992187503 0.5409288302202033 0.36462445708820684 0.7972096461924255 0.37420477935383184
0 0.794357638888889 0.37566015625000004 0.5423546006944445 0.36794799804687506 0.540287256984914 0.38932208576566646 0.7922902951793583 0.39703424396879144
0 0.7918619900093167 0.39854661281256015 0.5381371527777777 0.391677734375 0.5364153537406834 0.4118012875780649 0.7901401909722223 0.41867016601562507
0 0.7896128472222224 0.42098999023437506 0.5379735243055557 0.41130126953125007 0.5353548584139753 0.432821019266044 0.786994181330642 0.442509739969169
0 0.7835030052765668 0.4444793157979325 0.5390949659382795 0.43367041802425993 0.536242134272824 0.4540809948044525 0.7806501736111111 0.4648898925781251
0 0.7787581094261588 0.4669423169205446 0.5337573784722224 0.45375195312500005 0.530377741268286 0.4736140795638305 0.7753784722222223 0.48680444335937506
0 0.7743237847222223 0.48799096679687504 0.5326401120969516 0.4714608487427641 0.527895320430285 0.49341079991463904 0.7695789930555557 0.50994091796875
0 0.7679973958333335 0.5108308105468751 0.5322154520590517 0.49717895848820504 0.528706131012456 0.5163562435970109 0.7644880747867377 0.530008095655681
0 0.7463823784722223 0.6252734375000002 0.5295412326388891 0.6074284667968752 0.5250852873767501 0.6245605728840662 0.7419264332100832 0.6424055435871912
0 0.7508008166254813 0.6047144877594961 0.5260112847222224 0.588492431640625 0.5215928465689632 0.6078648579436291 0.7463823784722222 0.6240869140625002
0 0.7512699623914103 0.5838554322562209 0.5278546006944445 0.569720947265625 0.5240212702474789 0.5888923704781541 0.7474366319444447 0.60302685546875
0 0.7558719618055556 0.5647626953125 0.5328650173611112 0.549931640625 0.5289874513954039 0.56837969624347 0.7519943958398483 0.58321075093097
0 0.7606167534722224 0.548187255859375 0.5297018229166668 0.5348393554687499 0.5268693173206658 0.5503437527318682 0.7577842478762213 0.5636916531224931
0 0.7632526041666668 0.530389892578125 0.5302291666666668 0.51526220703125 0.5266117001082766 0.5328931968517985 0.7596351376082767 0.5480208823986734