0 0.29140625 0.421875 0.07968750000000005 0.421875 0.07968750000000005 0.4552083333333333 0.29140625 0.4552083333333333
0 0.82109375 0.4218750000000001 0.615625 0.4218750000000001 0.615625 0.45520833333333344 0.82109375 0.45520833333333344
0 0.2929687500000001 0.5322916666666667 0.08203125000000004 0.5322916666666667 0.08203125000000004 0.5677083333333334 0.2929687500000001 0.5677083333333334
0 0.55859375 0.34166666666666673 0.3515625 0.3416666666666667 0.3515625 0.3770833333333334 0.55859375 0.37708333333333344
0 0.55703125 0.26458333333333345 0.35 0.2645833333333334 0.35 0.30000000000000004 0.55703125 0.3000000000000001
0 0.8140625 0.7479166666666668 0.61328125 0.7479166666666667 0.61328125 0.7812500000000001 0.8140625 0.7812500000000002
0 0.2921875000000001 0.6427083333333333 0.08437500000000006 0.6427083333333333 0.08437500000000006 0.6770833333333334 0.2921875000000001 0.6770833333333334
0 0.55859375 0.4520833333333334 0.35234375 0.45208333333333334 0.35234375000000007 0.48750000000000004 0.55859375 0.4875000000000001
0 0.81875 0.5312500000000001 0.615625 0.5312500000000001 0.615625 0.5635416666666668 0.81875 0.5635416666666669
0 0.55859375 0.5645833333333333 0.3531250000000001 0.5645833333333333 0.3531250000000001 0.596875 0.55859375 0.596875
0 0.55859375 0.746875 0.3531250000000001 0.746875 0.3531250000000001 0.7802083333333333 0.55859375 0.7802083333333333
0 0.2914062500000001 0.7177083333333333 0.08437500000000006 0.7177083333333333 0.08437500000000006 0.7510416666666667 0.2914062500000001 0.7510416666666667
0 0.81484375 0.7104166666666668 0.61328125 0.7104166666666667 0.61328125 0.7437500000000001 0.81484375 0.7437500000000002
0 0.825 0.23333333333333345 0.61640625 0.23333333333333345 0.61640625 0.2687500000000001 0.825 0.2687500000000001
0 0.81640625 0.6406250000000001 0.61328125 0.640625 0.61328125 0.6729166666666668 0.81640625 0.6729166666666669
0 0.82890625 0.11875000000000012 0.61640625 0.11875000000000009 0.61640625 0.15520833333333345 0.82890625 0.15520833333333345
0 0.55859375 0.675 0.3531250000000001 0.675 0.3531250000000001 0.7072916666666667 0.55859375 0.7072916666666667
0 0.55859375 0.6020833333333333 0.3531250000000001 0.6020833333333333 0.3531250000000001 0.634375 0.55859375 0.634375
0 0.55859375 0.6375 0.3531250000000001 0.6375 0.3531250000000001 0.6729166666666667 0.55859375 0.6729166666666667
0 0.55546875 0.15000000000000008 0.34453125 0.15000000000000005 0.34453125 0.18541666666666676 0.55546875 0.18541666666666679
0 0.81640625 0.6020833333333334 0.61328125 0.6020833333333333 0.61328125 0.6354166666666667 0.81640625 0.6354166666666669
0 0.2929687500000001 0.6072916666666667 0.08281250000000007 0.6072916666666667 0.08281250000000007 0.640625 0.2929687500000001 0.640625
0 0.55859375 0.5270833333333333 0.3531250000000001 0.5270833333333333 0.3531250000000001 0.5604166666666667 0.55859375 0.5604166666666667
0 0.559375 0.7125 0.3546875000000001 0.7125 0.3546875000000001 0.7458333333333333 0.559375 0.7458333333333333
0 0.81953125 0.49583333333333346 0.615625 0.49583333333333346 0.615625 0.5281250000000001 0.81953125 0.5281250000000001
0 0.2921875000000001 0.6791666666666667 0.08437500000000006 0.6791666666666667 0.08437500000000006 0.7125 0.2921875000000001 0.7125
0 0.2914062500000001 0.7895833333333333 0.08437500000000006 0.7895833333333333 0.08437500000000006 0.821875 0.2914062500000001 0.821875
0 0.559375 0.49062500000000003 0.3539062500000001 0.490625 0.3539062500000001 0.5239583333333334 0.559375 0.5239583333333334
0 0.28671875 0.27291666666666664 0.07812500000000003 0.27291666666666664 0.07812500000000003 0.30833333333333335 0.28671875 0.30833333333333335
0 0.2929687500000001 0.5697916666666667 0.08281250000000004 0.5697916666666667 0.08281250000000004 0.603125 0.2929687500000001 0.603125
0 0.28828125 0.3104166666666667 0.07812500000000003 0.3104166666666667 0.07812500000000003 0.346875 0.28828125 0.346875
0 0.82578125 0.15729166666666677 0.615625 0.15729166666666677 0.615625 0.19270833333333345 0.82578125 0.19270833333333345
0 0.815625 0.6770833333333335 0.61328125 0.6770833333333334 0.61328125 0.7093750000000001 0.815625 0.7093750000000002
0 0.559375 0.784375 0.3539062500000001 0.784375 0.3539062500000001 0.8177083333333334 0.559375 0.8177083333333334
0 0.8234375 0.3072916666666668 0.61640625 0.3072916666666668 0.61640625 0.3437500000000001 0.8234375 0.3437500000000001
0 0.55859375 0.37812500000000004 0.3515625 0.378125 0.3515625 0.41250000000000003 0.55859375 0.41250000000000014
0 0.2929687500000001 0.4947916666666667 0.08125000000000004 0.4947916666666667 0.08125000000000004 0.53125 0.2929687500000001 0.53125
0 0.82109375 0.38333333333333347 0.615625 0.38333333333333347 0.615625 0.4187500000000001 0.82109375 0.4187500000000001
0 0.55625 0.18750000000000008 0.346875 0.18750000000000006 0.346875 0.22395833333333343 0.55625 0.22395833333333345
0 0.55859375 0.30416666666666675 0.35078125 0.30416666666666664 0.35078125 0.3395833333333334 0.55859375 0.33958333333333346
0 0.81875 0.5656250000000002 0.61484375 0.565625 0.61484375 0.6000000000000001 0.81875 0.6000000000000002
0 0.81875 0.45729166666666676 0.61640625 0.45729166666666676 0.61640625 0.49270833333333347 0.81875 0.49270833333333347
0 0.8234375 0.2708333333333334 0.61640625 0.2708333333333334 0.61640625 0.30625000000000013 0.8234375 0.30625000000000013
0 0.825 0.19583333333333344 0.615625 0.19583333333333344 0.615625 0.23125000000000012 0.825 0.23125000000000012
0 0.55859375 0.4145833333333334 0.35234375 0.41458333333333336 0.35234375 0.45104166666666673 0.55859375 0.4510416666666668
0 0.29296875000000006 0.4583333333333333 0.08046875000000005 0.4583333333333333 0.08046875000000005 0.49375 0.2929687500000001 0.49375
0 0.290625 0.384375 0.07890625000000004 0.384375 0.07890625000000004 0.41875 0.290625 0.41875
0 0.821875 0.34583333333333344 0.615625 0.34583333333333344 0.615625 0.38125000000000014 0.821875 0.38125000000000014
0 0.5578125 0.22708333333333341 0.34921875 0.2270833333333334 0.34921875 0.26250000000000007 0.5578125 0.2625000000000001
0 0.2914062500000001 0.753125 0.08437500000000006 0.753125 0.08437500000000006 0.7864583333333334 0.2914062500000001 0.7864583333333334
0 0.8140625 0.7843750000000002 0.6140625 0.784375 0.6140625 0.8166666666666668 0.8140625 0.8166666666666669
0 0.28984375 0.346875 0.07890625000000002 0.346875 0.07890625000000004 0.38125 0.28984375 0.38125
0 0.28984375000000007 0.828125 0.08437500000000006 0.828125 0.08437500000000007 0.8583333333333333 0.28984375000000007 0.8583333333333333
0 0.55703125 0.821875 0.3554687500000001 0.821875 0.3554687500000001 0.853125 0.55703125 0.853125
0 0.28828125 0.23333333333333336 0.07500000000000002 0.23333333333333334 0.07500000000000002 0.26562500000000006 0.28828125 0.26562500000000006
0 0.815625 0.8229166666666667 0.61328125 0.8229166666666666 0.61328125 0.8531250000000001 0.815625 0.8531250000000002