0 0.8115057164483134 0.07011005607632782 0.8028793402777779 0.039528564453125026 0.28381558847536564 0.08585570372763651 0.2924419646459013 0.11643719535083932
0 0.8118083045527231 0.10435735960907921 0.8036736111111111 0.07349023437500002 0.2863509583630584 0.11662739509895177 0.29448565180467035 0.14749452033303098
0 0.8135668204620914 0.14090950482915376 0.8052621527777778 0.108319091796875 0.28565184563677426 0.15021341751851883 0.29395651332108774 0.18280383055079757
0 0.8202138629630038 0.17480940428078565 0.8124101562499999 0.1427275390625 0.2923326343641108 0.1827546703997266 0.3001363410771147 0.21483653561801225
0 0.897730600062218 0.8398992483281651 0.3969756944444446 0.8382861328125 0.396636768151261 0.871575846458862 0.8973916737690344 0.8731889619745271
0 0.9000204208096468 0.8059338716919493 0.39064471978391757 0.80463945661427 0.39040077466871526 0.8350134462504457 0.8997764756944444 0.836307861328125
0 0.8910399305555556 0.80234619140625 0.8908779561352996 0.7737385796409761 0.3880749520168838 0.7746393368533976 0.3882369264371397 0.8032469486186714
0 0.8838919270833334 0.7710925292968751 0.8835618297990853 0.7420387633103129 0.3855048965167376 0.7438292189313241 0.3858349938009858 0.7728829849178863
0 0.88309765625 0.7393649902343751 0.8824325993933744 0.7098654828399068 0.3797828428140237 0.713451022590484 0.38044789967064935 0.7429505299849523
0 0.87594921875 0.7032224121093751 0.874490100202811 0.6768412646811506 0.3637943536750333 0.6857785205405257 0.36525347222222226 0.7121596679687501
0 0.8751553819444443 0.67194189453125 0.8734806116939391 0.6437312481353765 0.36832983397602925 0.6532199823064572 0.3700046042265346 0.6814306287023306
0 0.8710925182086461 0.6389102193544881 0.8688012152777778 0.6089873046875 0.36379572615952754 0.6212227496772164 0.3660870290903958 0.6511456643442045
0 0.8686054458293088 0.6070359195603565 0.8664184027777778 0.577706787109375 0.3605335832839535 0.5896426773427583 0.3627206263354846 0.6189718097937399
0 0.8662858872011289 0.574007839000694 0.8632417534722223 0.54419189453125 0.35620488560135516 0.5605713609070075 0.35924901933026165 0.5903873053764515
0 0.8658446169886784 0.5416955109640317 0.8624474826388888 0.5111774902343751 0.35036729443599957 0.529213455338388 0.35376442878578906 0.5597314760680446
0 0.8631420270050439 0.5073404296594418 0.8592703993055556 0.47810937499999995 0.34796694035143905 0.4995369432768516 0.35183856805092745 0.5287679979362935
0 0.8602787840835376 0.47463715230451703 0.8560933159722223 0.44551489257812493 0.34146794905321526 0.46891701300276445 0.34565341716453063 0.49803927272915655
0 0.8527430092189704 0.4425014965696874 0.8481510416666667 0.4120002441406251 0.33804928582694654 0.4362989425157456 0.3426412533792503 0.46680019494480796
0 0.8514953542833591 0.40890270772542303 0.8465625 0.3784853515625 0.3330997452488549 0.4048323304596738 0.338032599532214 0.43524968662259683
0 0.8480800249689147 0.37686922151798447 0.8425911458333333 0.34502392578124996 0.3341944879342254 0.37274985574572944 0.3396833670698068 0.40459515148246394
0 0.8431372944120711 0.341716601274479 0.8370316840277776 0.31061523437500005 0.3274397849067398 0.3422684021551216 0.3335453952910333 0.37336976905460056
0 0.8370346528227047 0.31071872142706464 0.8306779513888888 0.278494384765625 0.3218908734404206 0.31025061586216474 0.32824757487423656 0.3424749525236044
0 0.8275484717614711 0.27657314588251847 0.8211467013888888 0.24589990234375006 0.31119718796075113 0.2795752916174817 0.31759895833333335 0.31024853515625006
0 0.8306204761052051 0.2437943447611303 0.8235295138888888 0.21059765624999996 0.3097137252836838 0.2453243075826196 0.31680468749999996 0.2785209960937499
0 0.825908449753338 0.2077411044281651 0.8187643229166668 0.177082763671875 0.3063726777817887 0.21486151528716702 0.31351680461845993 0.2455198560434571