0 0.32177734375 0.3248697916666667 0.16943359375000006 0.3248697916666667 0.16943359375000006 0.353515625 0.32177734375 0.353515625
0 0.533203125 0.3606770833333334 0.36669921875 0.3606770833333333 0.36669921875 0.39257812500000006 0.533203125 0.39257812500000017
0 0.79052734375 0.3450520833333335 0.5888671875 0.3450520833333335 0.5888671875 0.3756510416666668 0.79052734375 0.3756510416666668
0 0.53759765625 0.3274739583333334 0.3603515625 0.3274739583333334 0.3603515625 0.35807291666666674 0.53759765625 0.3580729166666668
0 0.7869980468750002 0.3806897786458335 0.5925921250509789 0.37328383876682386 0.591823570363479 0.40914972418349055 0.7862294921875003 0.41655566406250016
0 0.7866137695312501 0.4186051432291668 0.5925250850935206 0.4071881617916539 0.5913722530622707 0.44202930762498727 0.7854609375000001 0.4534462890625002
0 0.7864007885556052 0.45450651448190005 0.59332275390625 0.4421741536458334 0.5919986255068949 0.47902896728893357 0.7850766601562501 0.4913613281250002
0 0.7859783323396671 0.4934549575536149 0.59332275390625 0.4770152994791667 0.5916525270353329 0.5118122950505519 0.78430810546875 0.5282519531250002
0 0.7816745846250551 0.5293956358961154 0.5924215748920957 0.5107805372886963 0.5904437676107908 0.5465274795175811 0.7796967773437502 0.5651425781250001
0 0.7781596679687501 0.5651425781250001 0.5925541992187501 0.5441354166666669 0.5904298302641287 0.5775034656343717 0.7760352990141287 0.598510627092705
0 0.7779804057242025 0.598469205838147 0.5917856445312502 0.5779518229166669 0.589659242713298 0.6122576821826868 0.7758540039062503 0.6327750651041669
0 0.7785964621084133 0.633439862182496 0.5910170898437501 0.6097187500000001 0.5886589089853369 0.6428703591716708 0.77623828125 0.6665914713541669
0 0.7770570028296386 0.6672728579672204 0.5898642578125 0.6409729817708334 0.5871241495141112 0.6756451107827798 0.7743168945312499 0.7019449869791669
0 0.7747048394379531 0.7026326582308947 0.5910170898437501 0.6747893880208334 0.588323480874547 0.7063810136441057 0.77201123046875 0.7342242838541669
0 0.772250402531843 0.7370230703201844 0.5901198229249479 0.7060220367883677 0.5868066762524798 0.7406259195931835 0.7689372558593749 0.7716269531250002
0 0.7711280042046648 0.7714453791960688 0.5900137597656697 0.7382802507817096 0.5866701793891299 0.7707411215856407 0.767784423828125 0.8039062500000002
0 0.7716550454349369 0.8065043100373415 0.58871142578125 0.7695774739583333 0.5852250815181881 0.8002834503793252 0.768168701171875 0.8372102864583334
0 0.772014632524656 0.8403210481207101 0.5883271484375 0.8028815104166669 0.5848654944284691 0.8330747852126233 0.7685529785156251 0.8705143229166666
0 0.771901271790431 0.8725169108210734 0.5860214843749999 0.8331113281250002 0.5822889137564439 0.8644124511580934 0.768168701171875 0.9038180338541668
0 0.7715251284970336 0.9049548004465285 0.58563720703125 0.8659029947916669 0.5818965023623414 0.8975578948659719 0.767784423828125 0.9366097005208336
0 0.5311664207275727 0.8570168861067285 0.36523950195312505 0.8222158203125001 0.36180379411617736 0.8513376060807717 0.527730712890625 0.886138671875
0 0.53221415420845 0.8252792362352767 0.36853320312500004 0.7914739583333334 0.36514766219780004 0.8206159460563903 0.5288286132812501 0.8544212239583335
0 0.531702200296739 0.7927079417890517 0.3703630371093751 0.7631722005208336 0.36712348329701117 0.7946319019609486 0.5284626464843751 0.8241676432291668
0 0.5301076878359551 0.7607298681534377 0.3674353027343751 0.7319427083333333 0.364326394195295 0.7631747542423958 0.526998779296875 0.7919619140625
0 0.532870263422663 0.7297490174976874 0.36999707031250006 0.7026650390625 0.3670533205617122 0.7341363991689794 0.529926513671875 0.7612203776041668
0 0.5323994210996057 0.6983833338838696 0.3685332031250001 0.6709475911458335 0.3656604495209963 0.701451012921392 0.5295266674956018 0.7288867556594282
0 0.5332342395357659 0.6642259767461597 0.36999707031250006 0.6402060546875 0.36742127804235936 0.6713257810663404 0.5306584472656252 0.6953457031250001
0 0.5337889485729881 0.6322807706005764 0.3707290039062501 0.6104401041666667 0.3683304361926371 0.6422755445035905 0.5313903808593751 0.6641162109375002
0 0.5336123570019509 0.5994037951292742 0.36853320312500004 0.5787226562500001 0.36626227225300434 0.610948119615477 0.5313414261299552 0.631629258494751
0 0.5336902132609584 0.5657524948494218 0.37036303710937496 0.5484690755208333 0.3683645724672003 0.5820430478866451 0.5316917486187838 0.5993264672152335
0 0.5327848555604483 0.5323478005870498 0.37219287109375004 0.5162636718750001 0.37036545583662583 0.5487006990521435 0.530957440303324 0.5647848277641931
0 0.5358611933264323 0.4983037841528311 0.3710949707031251 0.4850341796875002 0.3695518926110679 0.5190966064721692 0.5343181152343751 0.5323662109375001
0 0.5366986087573754 0.46655372751520136 0.37036303710937507 0.45526822916666676 0.3690804439769997 0.4888753089431322 0.5354160156250001 0.5001608072916667
0 0.5341180107985448 0.43188835757626004 0.36633740234375006 0.42403873697916666 0.36543960638895534 0.4581539601320734 0.53322021484375 0.46600358072916676
0 0.5359354409930307 0.397225146671776 0.36752642772462335 0.389346454635219 0.36664103555971767 0.4229917506717764 0.535050048828125 0.4308704427083334
0 0.32772489478521705 0.8151830856234493 0.17612109375000007 0.7824228515625001 0.17280318138665807 0.809719258126551 0.32440698242187505 0.8424794921875001
0 0.32538343043827556 0.7842022546326405 0.17485571289062507 0.7554313151041668 0.17185485081172464 0.7833429927631931 0.3223825683593751 0.8121139322916667
0 0.3225756476272885 0.7558373272083565 0.1781455078125 0.72708984375 0.1751689812789615 0.7536753681041435 0.31959912109375 0.7824228515625
0 0.3186162751541502 0.7244553899096909 0.17991674804687507 0.7007727864583334 0.17710369554897493 0.7300615371736426 0.31580322265625005 0.7537441406250002
0 0.3195933260868542 0.6960352893926937 0.18067602539062505 0.6737812500000002 0.17815130281939592 0.7017993460239732 0.31706860351562505 0.7240533854166668
0 0.3185506415830195 0.6647724896385062 0.17839843750000006 0.6424033203125 0.17565101857323062 0.6730055051531606 0.31580322265625005 0.6953746744791668
0 0.32185291981985764 0.6353487051232952 0.17763940429687503 0.6160862630208334 0.1753856055707674 0.6460839120642047 0.31959912109375 0.6653463541666667
0 0.3195638198855048 0.6047946669312202 0.17890454101562506 0.5877451171875001 0.17691542816137032 0.6169188747354467 0.31757470703125007 0.6339684244791667
0 0.32015937229248487 0.5760319530930176 0.17890454101562503 0.5594036458333332 0.1770789089575152 0.5869742318028156 0.31833374023437505 0.6036025390624999
0 0.3189493768013989 0.5450493630074317 0.17890454101562503 0.5293753255208332 0.17702376772985115 0.5592497906384014 0.31706860351562505 0.5749238281249999
0 0.31752633467676566 0.5146575083200712 0.17789233398437504 0.5000218098958333 0.1761692219638594 0.5292477651174288 0.31580322265625 0.5438834635416666
0 0.31775653544519983 0.4835934139708627 0.17688012695312505 0.4713430989583334 0.1754329176798003 0.5009300235291374 0.31630932617187507 0.5131803385416668
0 0.3163498675534797 0.45392675509837294 0.17536181640625 0.4423271484375 0.17405613830589534 0.4705403672974604 0.31504418945312507 0.48213997395833336
0 0.3172492232572116 0.4231462459935898 0.17536181640625004 0.4126360677083334 0.1741689896334135 0.44126391025641026 0.31605639648437506 0.45177408854166673
0 0.3137694987779157 0.3911009922904923 0.17359057617187504 0.38294531249999997 0.17258767895645943 0.41359008843867445 0.3127666015625001 0.42174576822916676
0 0.3120902747536851 0.35901832051798954 0.171313232421875 0.3542666015625 0.17072442251193992 0.3852788800028439 0.31150146484375 0.3900305989583334