0 0.89375 0.28020833333333345 0.6703125 0.28020833333333345 0.6703125 0.31458333333333344 0.89375 0.31458333333333344
0 0.42109375 0.27916666666666673 0.19843750000000004 0.2791666666666667 0.19843750000000004 0.3052083333333334 0.42109375 0.30520833333333347
0 0.64609375 0.28333333333333344 0.43515625 0.28333333333333344 0.43515625 0.3093750000000001 0.64609375 0.3093750000000001
0 0.9171875 0.6447916666666668 0.68359375 0.6447916666666667 0.68359375 0.6760416666666668 0.9171875 0.6760416666666669
0 0.41640625 0.5364583333333334 0.18515625000000005 0.5364583333333334 0.18515625000000005 0.565625 0.41640625 0.565625
0 0.4117187500000001 0.9322916666666666 0.1648437500000001 0.9322916666666666 0.1648437500000001 0.9708333333333333 0.4117187500000002 0.9708333333333333
0 0.66015625 0.54375 0.43046875 0.54375 0.43046875 0.5708333333333333 0.66015625 0.5708333333333333
0 0.9078125 0.5083333333333334 0.6765625 0.5083333333333334 0.6765625 0.5375000000000001 0.9078125 0.5375000000000002
0 0.91015625 0.5416666666666667 0.67734375 0.5416666666666666 0.67734375 0.5739583333333335 0.91015625 0.5739583333333336
0 0.9203125 0.6781250000000001 0.68359375 0.678125 0.68359375 0.7135416666666667 0.9203125 0.7135416666666669
0 0.91171875 0.5739583333333335 0.68046875 0.5739583333333333 0.68046875 0.6093750000000001 0.91171875 0.6093750000000002
0 0.6578125 0.47500000000000014 0.43203125 0.47500000000000014 0.43203125 0.5052083333333335 0.6578125 0.5052083333333335
0 0.65859375 0.5072916666666668 0.43046875 0.5072916666666668 0.43046875 0.5375 0.65859375 0.5375
0 0.6625 0.646875 0.42890625 0.646875 0.42890625 0.678125 0.6625 0.678125
0 0.665625 0.753125 0.42734375 0.753125 0.42734375 0.7875 0.665625 0.7875
0 0.66875 0.828125 0.43125 0.828125 0.43125 0.8645833333333334 0.66875 0.8645833333333334
0 0.41015625 0.8947916666666667 0.16562500000000008 0.8947916666666667 0.16562500000000008 0.9302083333333333 0.41015625 0.9302083333333333
0 0.4140625 0.5708333333333333 0.18359375000000006 0.5708333333333333 0.18359375000000006 0.5989583333333334 0.4140625 0.5989583333333334
0 0.4109375 0.7083333333333334 0.17578125000000006 0.7083333333333334 0.17578125000000006 0.7416666666666667 0.4109375 0.7416666666666667
0 0.4171875 0.46875000000000006 0.18984375000000003 0.46875 0.18984375000000003 0.5020833333333334 0.4171875 0.5020833333333334
0 0.41640625 0.5041666666666668 0.18671875000000004 0.5041666666666667 0.18671875000000004 0.5322916666666667 0.41640625 0.5322916666666668
0 0.65625 0.44166666666666676 0.43203125 0.44166666666666676 0.43203125 0.4697916666666668 0.65625 0.4697916666666668
0 0.67109375 0.9041666666666667 0.43046875 0.9041666666666667 0.43046875 0.9427083333333334 0.67109375 0.9427083333333334
0 0.6703125 0.865625 0.43203125 0.865625 0.43203125 0.9010416666666666 0.6703125 0.9010416666666666
0 0.41328125 0.6375 0.18125000000000005 0.6375 0.18125000000000005 0.6697916666666667 0.41328125 0.6697916666666667
0 0.40859375 0.85625 0.1687500000000001 0.85625 0.1687500000000001 0.8916666666666667 0.40859375 0.8916666666666667
0 0.92265625 0.7145833333333335 0.68359375 0.7145833333333333 0.68359375 0.7479166666666668 0.92265625 0.7479166666666669
0 0.415625 0.603125 0.18203125000000003 0.603125 0.18203125000000003 0.634375 0.415625 0.634375
0 0.4109375 0.6729166666666667 0.17812500000000003 0.6729166666666667 0.17812500000000003 0.7041666666666667 0.4109375 0.7041666666666667
0 0.6640625 0.7177083333333333 0.428125 0.7177083333333333 0.428125 0.7489583333333333 0.6640625 0.7489583333333333
0 0.66015625 0.6104166666666667 0.4296875 0.6104166666666667 0.4296875 0.6427083333333333 0.66015625 0.6427083333333333
0 0.6671875 0.790625 0.43125 0.790625 0.43125 0.8270833333333333 0.6671875 0.8270833333333333
0 0.659375 0.5760416666666667 0.42890625 0.5760416666666667 0.42890625 0.6083333333333333 0.659375 0.6083333333333333
0 0.409375 0.78125 0.17187500000000008 0.78125 0.17187500000000008 0.815625 0.409375 0.815625
0 0.8953125 0.3125000000000001 0.671875 0.3125000000000001 0.671875 0.3437500000000001 0.8953125 0.3437500000000001
0 0.4140625 0.34062500000000007 0.19609375000000004 0.340625 0.19609375000000004 0.36666666666666675 0.4140625 0.3666666666666668
0 0.41484375 0.37291666666666673 0.19531250000000006 0.3729166666666667 0.19531250000000006 0.4000000000000001 0.41484375 0.40000000000000013
0 0.65546875 0.40833333333333344 0.43203125 0.40833333333333344 0.43203125 0.4375000000000001 0.65546875 0.4375000000000001
0 0.41875 0.3114583333333334 0.19843750000000004 0.31145833333333334 0.19843750000000004 0.3395833333333334 0.41875 0.33958333333333346
0 0.896875 0.3437500000000001 0.671875 0.3437500000000001 0.671875 0.3760416666666668 0.896875 0.3760416666666668
0 0.409375 0.8197916666666667 0.17187500000000008 0.8197916666666667 0.17187500000000008 0.85 0.409375 0.85
0 0.6625 0.68125 0.42890625 0.68125 0.42890625 0.7135416666666666 0.6625 0.7135416666666666
0 0.90546875 0.4739583333333334 0.67578125 0.4739583333333334 0.67578125 0.5062500000000001 0.90546875 0.5062500000000001
0 0.9015625 0.40833333333333344 0.67421875 0.40833333333333344 0.67421875 0.44166666666666676 0.9015625 0.44166666666666676
0 0.4171875 0.43437500000000007 0.19140625000000006 0.434375 0.19140625000000006 0.4677083333333334 0.4171875 0.46770833333333345
0 0.91640625 0.6093750000000001 0.68203125 0.609375 0.68203125 0.6437500000000002 0.91640625 0.6437500000000003
0 0.9296875 0.7854166666666668 0.684375 0.7854166666666667 0.684375 0.8239583333333335 0.9296875 0.8239583333333336
0 0.41953125 0.40625000000000006 0.19296875000000005 0.40625 0.19296875000000005 0.43229166666666674 0.41953125 0.4322916666666668
0 0.9 0.37708333333333344 0.671875 0.37708333333333344 0.671875 0.41041666666666676 0.9 0.41041666666666676
0 0.9265625 0.7500000000000001 0.68515625 0.75 0.68515625 0.7843750000000002 0.9265625 0.7843750000000003
0 0.41015625 0.7458333333333333 0.1742187500000001 0.7458333333333333 0.1742187500000001 0.778125 0.41015625 0.778125
0 0.9046875 0.4406250000000001 0.67421875 0.4406250000000001 0.67421875 0.4739583333333334 0.9046875 0.4739583333333334
0 0.64921875 0.3135416666666668 0.43359375 0.3135416666666668 0.43359375 0.33958333333333346 0.64921875 0.33958333333333346
0 0.65390625 0.37708333333333344 0.43203125 0.37708333333333344 0.43203125 0.4041666666666668 0.65390625 0.4041666666666668
0 0.653125 0.3447916666666668 0.43046875 0.3447916666666668 0.43046875 0.37083333333333346 0.653125 0.37083333333333346
0 0.93359375 0.8239583333333335 0.68359375 0.8239583333333333 0.68359375 0.8604166666666668 0.93359375 0.8604166666666669