0 0.6943131889815738 0.8547808256551185 0.14235479875576648 0.8540667005549009 0.14219145659722243 0.894012892578125 0.6941498468230297 0.8947270176783426
0 0.697526464108171 0.823843580915254 0.15601973337221076 0.8192366721115886 0.15504108610431777 0.8556336634619597 0.696547816840278 0.8602405722656251
0 0.700684560763889 0.78689575390625 0.1598128448253664 0.7829630056999984 0.15899351038789497 0.818616688163263 0.6998652263264176 0.8225494363695146
0 0.6997856581685269 0.7544458215390575 0.1642670616824546 0.7466004077153489 0.16260986805555575 0.7823916694335937 0.6981284645416281 0.7902370832573024
0 0.6974439687500001 0.7180364633789064 0.1649372182916991 0.7109448409312517 0.16343147916666684 0.7467194008789062 0.6959382296249679 0.7538110233265609
0 0.7005803106876236 0.6863462193711974 0.17347661314307125 0.6759902532194549 0.17129120572916678 0.7111854101562501 0.6983949032737191 0.7215413763079926
0 0.704479793402778 0.6533481171875 0.1804888863482637 0.6437228381787878 0.1785713697916668 0.6767517753906249 0.7025622768461811 0.6863770543993372
0 0.7086275780381697 0.6203933906374862 0.18403671806090482 0.6083608919038463 0.1815388984375001 0.642817380859375 0.706129758414765 0.6548498795930149
0 0.7046820346079077 0.5869377964027139 0.19001632299208365 0.5768261979459701 0.18798235956473167 0.6095824054495063 0.7026480711805557 0.6196940039062501
0 0.7064473776908248 0.5564508721509882 0.1919418730529444 0.5434645148192172 0.18931858333333343 0.57634922265625 0.7038240879712139 0.589335579988021
0 0.70968573670656 0.5225211275512738 0.19708002613474468 0.5107745358550061 0.1945328385416668 0.5459449555664062 0.7071385491134821 0.5576915472626739
0 0.7095181812135104 0.49375366417088634 0.20728807018060216 0.47818640020271636 0.20435535763888896 0.5081231748046875 0.7065854686717973 0.5236904387728575
0 0.7105019193493678 0.46209148346548073 0.2081048123984878 0.44823068903238206 0.20532949739583345 0.48005920166015625 0.7077266043467134 0.49391999609325493
0 0.7140044612931792 0.43378143792542795 0.21090714298497687 0.4170304683910708 0.20765834809027786 0.44790350878906254 0.7107556663984801 0.4646544783234197
0 0.7144972161958807 0.4026838221741229 0.21654013481045642 0.38493763668547964 0.2128726032986112 0.4174992416992187 0.7108296846840355 0.43524542718786197
0 0.7137880274640926 0.3715710658907937 0.21571617220909536 0.3537883743145513 0.21234415776583615 0.38367170393157013 0.7104160130208333 0.40145439550781253
0 0.7180874570556748 0.34057262729158494 0.21798988059300378 0.3227176117556653 0.21449244263455125 0.3537124654211117 0.7145900190972223 0.3715674809570313
0 0.7204355495425688 0.31071458961359444 0.22453789982719036 0.2917770988725392 0.2207876241319445 0.32284971826171877 0.7166852738473231 0.341787209002774
0 0.7205855508445924 0.28255703058139064 0.22704739662107581 0.2630765926856775 0.22333169994315016 0.29286225936991195 0.7168698541666668 0.3123426972656251
0 0.719780371801157 0.2536077102322372 0.22957679859075444 0.23318064762214627 0.22546972569444446 0.264365810546875 0.715673298904847 0.284792873156966
0 0.7191301219878168 0.2242239816402677 0.23651357378472226 0.2028204658203125 0.23216674966731757 0.23383278268531998 0.7147832978704121 0.2552362985052752
0 0.7283644898579398 0.1927332987051512 0.2324904689265089 0.1721146833771119 0.228377875 0.20340952392578127 0.7242518959314309 0.2240281392538206
0 0.7274255538146694 0.1650932114258245 0.23637782777296668 0.14292016449636358 0.232088578125 0.17297571630859376 0.7231363041667027 0.1951487632380547
0 0.7277489107423325 0.1368686260027523 0.24339109554094332 0.11307448664824735 0.23880681944444446 0.14260099755859376 0.7231646346458337 0.1663951369130987
0 0.7256053263888887 0.10848972460937498 0.2479169329462245 0.08658508443512049 0.2438372100694444 0.1147354658203125 0.7215256035121088 0.136640105994567
0 0.734552522514113 0.08300482669681943 0.25013074922675715 0.05945700875631528 0.24579836284722228 0.08765675634765628 0.730220136134578 0.11120457428816043
0 0.7379497015571886 0.05170659047797698 0.25221247273339703 0.025124085318358073 0.24637807812499998 0.05885641503906251 0.7321153069487916 0.08543892019868142