0 0.8818982361111112 0.8696134619140625 0.8812551059454354 0.812488357936622 0.11382896098015761 0.815222074733497 0.11447209114583336 0.8723471787109375
0 0.8696418802793056 0.7709719952464065 0.14196263741675638 0.7590444993924511 0.1390472430555557 0.8153217763671875 0.8667264859181049 0.8272492722211429
0 0.8641499892074707 0.7237239063743361 0.14994845123800524 0.7108788278846676 0.14720610069444462 0.7591237978515626 0.8614076386639101 0.7719688763412311
0 0.8445790356081071 0.6786277778129488 0.15494565392753734 0.6603092690515464 0.15069971527777795 0.7108855541992187 0.8403330969583477 0.7292040629606211
0 0.8441670470384137 0.6361101498737095 0.16722115799537055 0.6145380092641486 0.16235969444444454 0.6628075092773437 0.8393055834874876 0.6843796498869046
0 0.8412057657963563 0.5934964695765882 0.17527665888164487 0.5687471709053382 0.17001988454861122 0.6135009267578124 0.8359489914633227 0.6382502254290624
0 0.8340196521825497 0.5558629498488649 0.18370986810738307 0.5253813451323389 0.17741221527777787 0.5678928256835939 0.8277219993529444 0.5983744304001198
0 0.8286565148913416 0.5216329273873348 0.18991343126139087 0.48518806539544646 0.18244822222222234 0.5265858334960939 0.8211913058521731 0.5630306954879822
0 0.8246808771749496 0.4882273854281336 0.1939981013325261 0.4523814274426681 0.1873783437500001 0.4892331606445312 0.8180611195924237 0.5250791186299967
0 0.8233374241310132 0.45073155452362756 0.20055971614583337 0.4127317485351562 0.19302929022134865 0.4517813201493419 0.8158069982065285 0.48978112613781327
0 0.817852979259198 0.4171887735976437 0.21508142708333344 0.37801411621093756 0.20804799292654297 0.4122561869738341 0.8108195451024075 0.45143084436054026
0 0.8122881786603874 0.3865605407283248 0.21468802727318934 0.3420475515431872 0.2064056848958334 0.3772296850585938 0.8040058362830315 0.4217426742437314
0 0.8051265334684496 0.3513414901159831 0.2188005435034606 0.3064619947537845 0.20998290190972227 0.3429112514648438 0.7963088918747113 0.3877907468270424
0 0.8041518554178491 0.3227200326958594 0.2256598272569445 0.2771687944335938 0.21805023485992883 0.3077464116400782 0.7965422630208333 0.3532976499023438
0 0.7998546021576719 0.29309507170153587 0.23246274913194448 0.24352771435546874 0.2235457988207449 0.2758237139097337 0.7909376518464725 0.32539107125580086
0 0.8020028705236909 0.2641925542399888 0.24031097743055552 0.21052164111328125 0.23063261490542 0.24257002327130173 0.7923245079985555 0.29624093639800925
0 0.7918702401082238 0.23418685888084437 0.24462265798611116 0.18113020605468752 0.23611962194903016 0.20888021173804006 0.7833672040711428 0.2619368645641969
0 0.7875904825598989 0.20989169975213745 0.250803802951389 0.1560743344726563 0.2427666372317679 0.1814388910681752 0.779553316840278 0.23525625634765635