0 0.7509259259259261 0.7223958333333333 0.29074074074074086 0.7223958333333333 0.2907407407407409 0.75 0.7509259259259261 0.75
0 0.7564814814814816 0.5484375 0.2898148148148149 0.5484375 0.2898148148148149 0.578125 0.7564814814814816 0.578125
0 0.7638888888888888 0.4296875 0.28703703703703715 0.4296875 0.28703703703703715 0.4557291666666667 0.7638888888888888 0.4557291666666667
0 0.7564814814814816 0.6364583333333333 0.288888888888889 0.6364583333333333 0.288888888888889 0.6651041666666667 0.7564814814814816 0.6651041666666667
0 0.7481481481481483 0.7765625 0.29351851851851873 0.7765625 0.29351851851851873 0.803125 0.7481481481481483 0.803125
0 0.7703703703703704 0.3026041666666667 0.2777777777777779 0.3026041666666667 0.2777777777777779 0.3333333333333333 0.7703703703703704 0.3333333333333333
0 0.752777777777778 0.6942708333333333 0.29074074074074086 0.6942708333333333 0.29074074074074086 0.721875 0.752777777777778 0.721875
0 0.7564814814814816 0.6072916666666667 0.2898148148148149 0.6072916666666667 0.2898148148148149 0.6348958333333333 0.7564814814814816 0.6348958333333333
0 0.7694444444444445 0.33541666666666664 0.2824074074074075 0.33541666666666664 0.2824074074074075 0.36614583333333334 0.7694444444444445 0.36614583333333334
0 0.7509259259259261 0.7505208333333333 0.29166666666666685 0.7505208333333333 0.29166666666666685 0.7760416666666666 0.7509259259259261 0.7760416666666666
0 0.7777777777777778 0.10000000000000005 0.26944444444444443 0.10000000000000003 0.26944444444444443 0.13802083333333337 0.7777777777777778 0.1380208333333334
0 0.7620370370370373 0.48854166666666665 0.288888888888889 0.48854166666666665 0.288888888888889 0.5192708333333333 0.7620370370370373 0.5192708333333333
0 0.7620370370370372 0.4578125 0.2861111111111112 0.4578125 0.2861111111111112 0.4864583333333333 0.7620370370370373 0.4864583333333333
0 0.7805555555555556 0.20364583333333336 0.2712962962962963 0.20364583333333333 0.2712962962962963 0.23489583333333336 0.7805555555555556 0.2348958333333334
0 0.7537037037037039 0.6635416666666667 0.288888888888889 0.6635416666666667 0.288888888888889 0.69375 0.7537037037037039 0.69375
0 0.7500000000000002 0.803125 0.2962962962962965 0.803125 0.2962962962962965 0.8302083333333333 0.7500000000000002 0.8302083333333333
0 0.7777777777777778 0.2713541666666667 0.2777777777777779 0.2713541666666667 0.2777777777777779 0.2994791666666667 0.7777777777777778 0.2994791666666667
0 0.7787037037037037 0.23750000000000002 0.2740740740740741 0.2375 0.27407407407407414 0.2682291666666667 0.7787037037037037 0.2682291666666667
0 0.7574074074074076 0.5765625 0.288888888888889 0.5765625 0.288888888888889 0.6067708333333334 0.7574074074074076 0.6067708333333334
0 0.7648148148148148 0.39791666666666664 0.2842592592592594 0.39791666666666664 0.2842592592592594 0.4270833333333333 0.7648148148148148 0.4270833333333333
0 0.7685185185185185 0.365625 0.2824074074074075 0.365625 0.2824074074074075 0.3963541666666667 0.7685185185185185 0.3963541666666667
0 0.774074074074074 0.13489583333333335 0.2722222222222222 0.13489583333333333 0.2722222222222222 0.17083333333333336 0.774074074074074 0.1708333333333334
0 0.7592592592592595 0.5192708333333333 0.29074074074074086 0.5192708333333333 0.29074074074074086 0.5489583333333333 0.7592592592592595 0.5489583333333333
0 0.7805555555555556 0.16927083333333337 0.2712962962962963 0.16927083333333334 0.2712962962962963 0.20000000000000004 0.7805555555555556 0.20000000000000007
0 0.7472222222222225 0.83125 0.29537037037037056 0.83125 0.29537037037037056 0.85625 0.7472222222222225 0.85625
0 0.7875132284236965 0.09847728536182002 0.7866333333333333 0.06317187500000002 0.2669219567614885 0.06727011047151331 0.2678018518518518 0.10257552083333331
0 0.7509009259259259 0.8596395833333335 0.29622222222222244 0.8564088541666668 0.29562619057124756 0.8829499247449727 0.7503048942749511 0.8861806539116394