0 0.3505859375000001 0.6705729166666666 0.15722656250000006 0.6705729166666666 0.15722656250000006 0.7018229166666666 0.3505859375000001 0.7018229166666666
0 0.345703125 0.4205729166666667 0.14306640625000006 0.4205729166666667 0.14306640625000006 0.4544270833333333 0.345703125 0.4544270833333333
0 0.3515625000000001 0.7037760416666666 0.15820312500000006 0.7037760416666666 0.15820312500000006 0.7337239583333334 0.3515625000000001 0.7337239583333334
0 0.34716796875 0.5299479166666666 0.14990234375000006 0.5299479166666666 0.14990234375000006 0.5625 0.34716796875 0.5625
0 0.3540039062500001 0.837890625 0.16601562500000006 0.837890625 0.16601562500000006 0.8678385416666666 0.3540039062500001 0.8678385416666666
0 0.3554687500000001 0.9348958333333334 0.1708984375000001 0.9348958333333334 0.1708984375000001 0.9635416666666666 0.3554687500000001 0.9635416666666666
0 0.611328125 0.5305989583333334 0.4072265625 0.5305989583333334 0.4072265625 0.5651041666666667 0.611328125 0.5651041666666669
0 0.3544921875000001 0.8697916666666666 0.16796875000000006 0.8697916666666666 0.16796875000000006 0.900390625 0.3544921875000001 0.900390625
0 0.3525390625000001 0.9029947916666666 0.17138671875000006 0.9029947916666666 0.17138671875000008 0.9329427083333334 0.3525390625000001 0.9329427083333334
0 0.60888671875 0.6393229166666667 0.4072265625000001 0.6393229166666666 0.4072265625000001 0.673828125 0.60888671875 0.673828125
0 0.3491210937500001 0.6354166666666666 0.15576171875000006 0.6354166666666666 0.15576171875000006 0.6673177083333334 0.3491210937500001 0.6673177083333334
0 0.88671875 0.6953125 0.669921875 0.6953125 0.669921875 0.7298177083333334 0.88671875 0.7298177083333334
0 0.34765625 0.56640625 0.15283203125000006 0.56640625 0.15283203125000006 0.5983072916666666 0.34765625 0.5983072916666666
0 0.34326171875 0.3841145833333333 0.14160156250000006 0.3841145833333333 0.14160156250000006 0.4186197916666667 0.34326171875 0.4186197916666667
0 0.615234375 0.41861979166666674 0.40673828125 0.4186197916666667 0.40673828125 0.45507812500000006 0.615234375 0.45507812500000017
0 0.34863281250000006 0.6009114583333334 0.15478515625000006 0.6009114583333334 0.15478515625000006 0.6334635416666666 0.3486328125000001 0.6334635416666666
0 0.3525390625000001 0.7369791666666666 0.15966796875000006 0.7369791666666666 0.15966796875000006 0.7688802083333334 0.3525390625000001 0.7688802083333334
0 0.3530273437500001 0.8046875 0.16406250000000006 0.8046875 0.16406250000000006 0.8359375 0.3530273437500001 0.8359375
0 0.87548828125 0.904296875 0.67138671875 0.904296875 0.67138671875 0.9401041666666666 0.87548828125 0.9401041666666666
0 0.34423828125 0.494140625 0.14697265625000006 0.494140625 0.14697265625000006 0.5266927083333334 0.34423828125 0.5266927083333334
0 0.3447265625 0.458984375 0.14355468750000006 0.458984375 0.14355468750000006 0.4921875 0.3447265625 0.4921875
0 0.611328125 0.45768229166666674 0.4052734375 0.4576822916666667 0.4052734375 0.4934895833333334 0.611328125 0.4934895833333335
0 0.8740234375 0.9381510416666666 0.66943359375 0.9381510416666666 0.66943359375 0.9720052083333334 0.8740234375 0.9720052083333334
0 0.890625 0.5859375000000001 0.67138671875 0.5859375000000001 0.67138671875 0.6197916666666669 0.890625 0.6197916666666669
0 0.619140625 0.34179687500000006 0.40673828125 0.341796875 0.40673828125 0.37760416666666674 0.619140625 0.3776041666666668
0 0.607421875 0.7122395833333334 0.4077148437500001 0.7122395833333334 0.4077148437500001 0.744140625 0.607421875 0.744140625
0 0.6083984375 0.78125 0.4072265625000001 0.78125 0.4072265625000001 0.8157552083333334 0.6083984375 0.8157552083333334
0 0.8896484375 0.6562500000000001 0.671875 0.6562500000000001 0.671875 0.6920572916666666 0.8896484375 0.6920572916666666
0 0.6162109375 0.38151041666666674 0.4052734375 0.3815104166666667 0.4052734375 0.41666666666666674 0.6162109375 0.4166666666666668
0 0.8828125 0.7643229166666666 0.6708984375 0.7643229166666666 0.6708984375 0.8001302083333334 0.8828125 0.8001302083333334
0 0.3520507812500001 0.7721354166666666 0.15966796875000006 0.7721354166666666 0.15966796875000006 0.802734375 0.3520507812500001 0.802734375
0 0.89453125 0.5468750000000001 0.67431640625 0.5468750000000001 0.67431640625 0.5820312500000001 0.89453125 0.5820312500000001
0 0.60302734375 0.953125 0.4091796875000001 0.953125 0.4091796875000001 0.986328125 0.60302734375 0.986328125
0 0.6103515625 0.4954427083333334 0.4052734375 0.4954427083333333 0.4052734375 0.5286458333333334 0.6103515625 0.5286458333333335
0 0.60888671875 0.7467447916666666 0.4077148437500001 0.7467447916666666 0.4077148437500001 0.7799479166666666 0.60888671875 0.7799479166666666
0 0.3427734375 0.3470052083333333 0.14062500000000006 0.3470052083333333 0.14062500000000006 0.3815104166666667 0.3427734375 0.3815104166666667
0 0.609375 0.5677083333333334 0.40576171875 0.5677083333333334 0.40576171875 0.6028645833333334 0.609375 0.6028645833333335
0 0.60400390625 0.9173177083333334 0.4082031250000001 0.9173177083333334 0.4082031250000001 0.953125 0.60400390625 0.953125
0 0.609375 0.673828125 0.4077148437500001 0.673828125 0.4077148437500001 0.7083333333333334 0.609375 0.7083333333333334
0 0.6044921875 0.8509114583333334 0.4077148437500001 0.8509114583333334 0.4077148437500001 0.884765625 0.6044921875 0.884765625
0 0.896484375 0.5104166666666669 0.673828125 0.5104166666666669 0.673828125 0.5462239583333335 0.896484375 0.5462239583333335
0 0.60791015625 0.6041666666666667 0.4052734375 0.6041666666666666 0.40527343750000006 0.6393229166666667 0.60791015625 0.6393229166666669
0 0.8994140625 0.47265625000000017 0.6748046875 0.47265625000000017 0.6748046875 0.5084635416666669 0.8994140625 0.5084635416666669
0 0.89111328125 0.6204427083333335 0.671875 0.6204427083333335 0.671875 0.6569010416666669 0.89111328125 0.6569010416666669
0 0.60595703125 0.8177083333333334 0.4072265625000001 0.8177083333333334 0.4072265625000001 0.849609375 0.60595703125 0.849609375
0 0.87939453125 0.7981770833333334 0.67041015625 0.7981770833333334 0.67041015625 0.83203125 0.87939453125 0.83203125
0 0.60546875 0.8834635416666666 0.4091796875000001 0.8834635416666666 0.4091796875000001 0.916015625 0.60546875 0.916015625
0 0.87841796875 0.8326822916666666 0.669921875 0.8326822916666666 0.669921875 0.8678385416666666 0.87841796875 0.8678385416666666
0 0.3588867187500001 0.9680989583333334 0.1699218750000001 0.9680989583333334 0.1699218750000001 0.994140625 0.3588867187500001 0.994140625
0 0.87060546875 0.9733072916666666 0.67041015625 0.9733072916666666 0.67041015625 1 0.87060546875 1
0 0.33918373563391413 0.3091825129798104 0.13806176757812502 0.30646679687500006 0.13779405448724236 0.3417138021727914 0.33891602254303144 0.34442951827760176
0 0.89958203125 0.4339267578125002 0.6782062988281251 0.43088378906250013 0.6779144819391536 0.46862539841343204 0.8992902143610285 0.4716683671634321
0 0.8837890625 0.728515625 0.66748046875 0.728515625 0.66748046875 0.7649739583333334 0.8837890625 0.7649739583333334
0 0.875742666675198 0.8740710828186412 0.6763173828125001 0.8601399739583334 0.6748280750150737 0.898041480194978 0.8742533588777716 0.9119725890552858