0 0.9669527638888888 0.1080464272460938 0.21731275000000005 0.10314236328125001 0.21619510352441831 0.15719864140414744 0.9658351174133072 0.1621027053689912
0 0.9494351371527782 0.16306764160156254 0.22927709851101108 0.15853048634569253 0.22837258940972222 0.2039562426757813 0.9485306280514892 0.2084933979316513
0 0.9427381111111112 0.21013308496093755 0.22716739236111122 0.20762879443359378 0.22665735114255872 0.25374124241709206 0.9422280698925586 0.2562455329444358
0 0.9324743897569446 0.25961853906250004 0.23324297656250004 0.2580412143554688 0.23293169550077789 0.30170260633433454 0.9321631086952225 0.3032799310413658
0 0.9288773307587065 0.34452087715403173 0.9280911604340949 0.3001491867641978 0.23945602604166666 0.30400969873046874 0.2402421963662783 0.3483813891203027
0 0.9185275601547337 0.38175276426460286 0.9163516687126572 0.33972346133997516 0.24455501215277778 0.35072790087890626 0.24673090359485414 0.39275720380353396
0 0.9154523338581733 0.42537308593922385 0.9136572096925898 0.3865564105498541 0.2518738932291667 0.39624001464843744 0.25366901739475 0.43505669003780717
0 0.9094175118187222 0.4644781876675971 0.9079134705442792 0.42868129303161134 0.25277983940972226 0.4373907153320313 0.25428388068416546 0.473187609968017
0 0.9034213554126096 0.5043677566784993 0.9022749043541647 0.4705386375250522 0.2624519670138889 0.477399357421875 0.26359841807233386 0.5112284765753221
0 0.8938683624771746 0.5417099519028907 0.8918298849940525 0.5060710844783552 0.2677604817708333 0.5173654013671874 0.2697989592539554 0.5530042687917229
0 0.8877311295586394 0.5754446782759522 0.8852950254073444 0.5415125818394881 0.2709434774305556 0.5554681386718748 0.27337958158185055 0.5894002351083389
0 0.8872590844121108 0.611406732291066 0.8856063229246398 0.5824183413366412 0.26976243229166663 0.5935280268554688 0.27141519377913753 0.6225164178098936
0 0.8564365985440368 0.8837919873634175 0.8524150144147102 0.8549215290763685 0.30181934729428456 0.8791888214981073 0.30584093142361113 0.9080592797851562
0 0.8596951148373593 0.852766027162876 0.8563778776041667 0.8273937607421874 0.3057155344681963 0.8501734450050928 0.30903277170138893 0.8755457114257814
0 0.8573533793402777 0.8262781674804688 0.8529439208250503 0.7949140529496422 0.29883899981810585 0.8195624845902671 0.3032484583333333 0.8509265991210937
0 0.8665929684013114 0.7931585476664945 0.86202877116866 0.7630906567903922 0.29854538436457084 0.7901543840262416 0.30310958159722223 0.8202222749023439
0 0.8624192822481899 0.7652092286341845 0.8587605028261626 0.736879978189394 0.29406607465277773 0.7599559340820314 0.29772485407480515 0.788285184526822
0 0.8692348842108355 0.7357281067091962 0.8650074427254738 0.7025176446605996 0.29295058593749995 0.7255578813476563 0.2971780274228617 0.7587683433962529
0 0.8785422243708481 0.7053129188716916 0.8749783676521488 0.6708094108959652 0.2885977821180556 0.6899732104492187 0.2921616388367549 0.724476718424945
0 0.8780787290338309 0.6748083019994829 0.8747269804624795 0.6404346311129496 0.28405944934531546 0.6586582099728416 0.28741119791666664 0.693031880859375
0 0.8800189522689251 0.6439515551109763 0.8763056132124762 0.6057765516023106 0.27863438194444445 0.6241712607421875 0.28234772100089317 0.6623462642508533