0 0.8744237548758663 0.3170292951079425 0.12834722222222228 0.3085984375 0.12644844499428065 0.36176403432213006 0.8725249776479247 0.37019489193007254
0 0.844977315104167 0.7371729165039064 0.15727175954861128 0.7343111977539064 0.15679103478215772 0.7708637018478773 0.8444965903377134 0.7737254205978773
0 0.8489839560715442 0.6870635643332877 0.8486014886565152 0.6448566819443377 0.15847083333333334 0.6468354165039063 0.15885330074836235 0.6890422988928564
0 0.8510021431143163 0.6428784736576385 0.8498162039930555 0.6017419272460939 0.1530045044124602 0.6080980906735732 0.15419044353372094 0.6492346370851179
0 0.8715790294896331 0.5491559683869889 0.8709169701443996 0.5073437484124109 0.14861296267361113 0.5109625 0.14927502201884446 0.5527747199745779
0 0.8702856484375002 0.46218437500000004 0.13848009288194454 0.462184375 0.13848009288194454 0.5090619790039063 0.8702856484375002 0.5090619790039063
0 0.8702856484375001 0.41341197900390636 0.1348212960069445 0.41198671875000004 0.1345117791368433 0.46252224958749333 0.869976131567399 0.46394750984139965
0 0.8976505934693821 0.21075078926748458 0.12461203732638894 0.20481328125000003 0.12347738713147989 0.2515549261738699 0.8965159432744731 0.2574924341913544
0 0.831421727608509 0.8097868489826903 0.8308166816074158 0.7762158202814526 0.1637398611169624 0.7800198565526687 0.16434490711805558 0.8135908852539063
0 0.8897569444444444 0.25781250000000006 0.1354166666666667 0.2578125 0.1354166666666667 0.30810546875000006 0.8897569444444444 0.3081054687500001
0 0.855902777777778 0.6943359375 0.15277777777777793 0.6943359375 0.15277777777777793 0.732421875 0.855902777777778 0.732421875
0 0.8785990061579553 0.3659797687764521 0.12669259288194454 0.36077656249999995 0.12568614735403802 0.40679459787834593 0.8775925606300488 0.4119978041547981
0 0.8686458096593372 0.5946043137557393 0.8683708333333333 0.5522997397460936 0.13724047360923602 0.5538033935261806 0.13751544993523987 0.5961079675358263