0 0.34423828125 0.3860677083333333 0.21972656250000006 0.3860677083333333 0.21972656250000006 0.40625 0.34423828125 0.40625
0 0.8447265625 0.3717447916666668 0.76611328125 0.3717447916666668 0.76611328125 0.3873697916666668 0.8447265625 0.3873697916666668
0 0.48876953125 0.3626302083333334 0.3828125 0.3626302083333333 0.3828125 0.38085937500000006 0.48876953125 0.38085937500000017
0 0.48779296875 0.4251302083333334 0.384765625 0.4251302083333333 0.384765625 0.4427083333333334 0.48779296875 0.4427083333333335
0 0.48779296875 0.38346354166666674 0.38232421875 0.3834635416666667 0.38232421875 0.40299479166666674 0.48779296875 0.4029947916666668
0 0.61328125 0.42578125000000017 0.52392578125 0.42578125000000017 0.52392578125 0.4427083333333335 0.61328125 0.4427083333333335
0 0.7392578125 0.3704427083333335 0.65185546875 0.3704427083333335 0.65185546875 0.3873697916666668 0.7392578125 0.3873697916666668
0 0.73583984375 0.4251302083333335 0.6494140625 0.4251302083333335 0.6494140625 0.4420572916666668 0.73583984375 0.4420572916666668
0 0.34326171875 0.4505208333333333 0.22265625000000006 0.4505208333333333 0.22265625000000006 0.4694010416666667 0.34326171875 0.4694010416666667
0 0.345703125 0.5319010416666666 0.22412109375000006 0.5319010416666666 0.22412109375000006 0.5520833333333334 0.345703125 0.5520833333333334
0 0.83984375 0.44140625000000017 0.76171875 0.44140625000000017 0.76171875 0.45898437500000017 0.83984375 0.45898437500000017
0 0.486328125 0.5052083333333334 0.38720703125 0.5052083333333334 0.38720703125 0.5227864583333334 0.486328125 0.5227864583333335
0 0.72900390625 0.4967447916666668 0.64453125 0.4967447916666668 0.64453125 0.5117187500000001 0.72900390625 0.5117187500000001
0 0.6142578125 0.44531250000000017 0.5234375 0.44531250000000017 0.5234375 0.4615885416666668 0.6142578125 0.4615885416666668
0 0.34619140625 0.5123697916666666 0.22460937500000006 0.5123697916666666 0.22460937500000006 0.53125 0.34619140625 0.53125
0 0.83203125 0.49218750000000017 0.7607421875 0.49218750000000017 0.7607421875 0.5078125000000001 0.83203125 0.5078125000000001
0 0.34521484375 0.3645833333333333 0.21826171875000006 0.3645833333333333 0.21826171875000006 0.3841145833333333 0.34521484375 0.3841145833333333
0 0.4873046875 0.4055989583333334 0.3828125 0.4055989583333333 0.3828125 0.4231770833333334 0.4873046875 0.4231770833333335
0 0.61376953125 0.3854166666666668 0.5244140625 0.3854166666666668 0.5244140625 0.4036458333333335 0.61376953125 0.4036458333333335
0 0.486328125 0.46549479166666674 0.3857421875 0.4654947916666667 0.3857421875 0.48307291666666674 0.486328125 0.4830729166666668
0 0.841796875 0.3899739583333335 0.76708984375 0.3899739583333335 0.76708984375 0.4055989583333335 0.841796875 0.4055989583333335
0 0.73388671875 0.4440104166666668 0.64892578125 0.4440104166666668 0.64892578125 0.4596354166666668 0.73388671875 0.4596354166666668
0 0.84033203125 0.4069010416666668 0.765625 0.4069010416666668 0.765625 0.42187500000000017 0.84033203125 0.42187500000000017
0 0.34375 0.4069010416666667 0.22119140625000006 0.4069010416666667 0.22119140625000006 0.4264322916666667 0.34375 0.4264322916666667
0 0.83837890625 0.4583333333333335 0.76171875 0.4583333333333335 0.76171875 0.47460937500000017 0.83837890625 0.47460937500000017
0 0.486328125 0.48437500000000006 0.38623046875 0.484375 0.38623046875 0.5032552083333334 0.486328125 0.5032552083333335
0 0.61181640625 0.4635416666666668 0.521484375 0.4635416666666668 0.521484375 0.4811197916666668 0.61181640625 0.4811197916666668
0 0.73583984375 0.4069010416666668 0.65087890625 0.4069010416666668 0.65087890625 0.4231770833333335 0.73583984375 0.4231770833333335
0 0.8408203125 0.4244791666666668 0.763671875 0.4244791666666668 0.763671875 0.4388020833333335 0.8408203125 0.4388020833333335
0 0.34375 0.4694010416666667 0.22363281250000006 0.4694010416666667 0.22363281250000006 0.4889322916666667 0.34375 0.4889322916666667
0 0.73095703125 0.47851562500000017 0.646484375 0.47851562500000017 0.646484375 0.49414062500000017 0.73095703125 0.49414062500000017
0 0.3447265625 0.4915364583333333 0.22460937500000006 0.4915364583333333 0.22460937500000006 0.5110677083333334 0.3447265625 0.5110677083333334
0 0.732421875 0.4615885416666668 0.64794921875 0.4615885416666668 0.64794921875 0.47656250000000017 0.732421875 0.47656250000000017
0 0.7373046875 0.38867187500000017 0.6513671875 0.38867187500000017 0.6513671875 0.4055989583333335 0.7373046875 0.4055989583333335
0 0.72607421875 0.5312500000000001 0.64306640625 0.5312500000000001 0.64306640625 0.5468750000000001 0.72607421875 0.5468750000000001
0 0.61083984375 0.5000000000000001 0.51953125 0.5000000000000001 0.51953125 0.5162760416666669 0.61083984375 0.5162760416666669
0 0.345703125 0.3411458333333333 0.21923828125000006 0.3411458333333333 0.21923828125000006 0.3626302083333333 0.345703125 0.3626302083333333
0 0.72900390625 0.5136718750000001 0.64404296875 0.5136718750000001 0.64404296875 0.5299479166666669 0.72900390625 0.5299479166666669
0 0.7236328125 0.5494791666666669 0.6416015625 0.5494791666666669 0.6416015625 0.5644531250000001 0.7236328125 0.5644531250000001
0 0.61328125 0.40625000000000017 0.52392578125 0.40625000000000017 0.52392578125 0.4244791666666668 0.61328125 0.4244791666666668
0 0.34326171875 0.4290364583333333 0.22363281250000006 0.4290364583333333 0.22363281250000006 0.4479166666666667 0.34326171875 0.4479166666666667
0 0.6220703125 0.3470052083333335 0.5244140625 0.3470052083333335 0.5244140625 0.3639322916666668 0.6220703125 0.3639322916666668
0 0.74072265625 0.35156250000000017 0.65380859375 0.35156250000000017 0.65380859375 0.3684895833333335 0.74072265625 0.3684895833333335
0 0.61181640625 0.48242187500000017 0.5224609375 0.48242187500000017 0.5224609375 0.4986979166666668 0.61181640625 0.4986979166666668
0 0.48681640625 0.4446614583333334 0.384765625 0.4446614583333333 0.384765625 0.46289062500000006 0.48681640625 0.46289062500000017
0 0.83447265625 0.4752604166666668 0.76025390625 0.4752604166666668 0.76025390625 0.49218750000000017 0.83447265625 0.49218750000000017
0 0.4921875 0.3430989583333334 0.38427734375 0.3430989583333333 0.38427734375 0.3606770833333334 0.4921875 0.3606770833333335
0 0.619140625 0.3658854166666668 0.5244140625 0.3658854166666668 0.5244140625 0.38476562500000017 0.619140625 0.38476562500000017
0 0.8452311256271088 0.35513494676528734 0.7643525390625 0.3524303385416668 0.7640261617342979 0.36978142383950324 0.8449047482989067 0.3724860320631238
0 0.8327160718528848 0.5223662357809756 0.8320881283630716 0.505321573386784 0.7592062850258118 0.5100949860433084 0.759834228515625 0.5271396484375
0 0.8322644998616674 0.5390074309197764 0.8313003106976333 0.5210740000960171 0.7593719924765909 0.5279490561554074 0.760336181640625 0.5458824869791666
0 0.8316081811358138 0.554726110342952 0.8308663157859859 0.5393940928276362 0.7585901659001723 0.5456113418596843 0.7593320312500002 0.5609433593750001
0 0.8302803269572835 0.5707153414653833 0.8292839318770904 0.5531276676777409 0.7568295326541818 0.5604250215248576 0.757825927734375 0.5780126953125001
0 0.8275522689995144 0.586861247913241 0.8265224183499363 0.5703239461314173 0.7552899735691719 0.5782100940515098 0.75631982421875 0.5947473958333335
0 0.8271327533845794 0.6015187504631149 0.8259501927168995 0.5849019121520391 0.7551372635510701 0.5938610262722576 0.75631982421875 0.6104778645833333
0 0.825387989206808 0.6176220460482726 0.8242941189347872 0.6016904630680439 0.7512095965248541 0.6106113857697711 0.7523034667968749 0.6265429687499999
0 0.8259393178671086 0.6322761621035392 0.824737135620357 0.6165597276567837 0.7475719876751233 0.6270530968032445 0.748774169921875 0.6427695312499999
0 0.7206897206071091 0.6475998572912446 0.7198127441406249 0.6302194010416667 0.6363871836897657 0.6377028770837554 0.6372641601562499 0.6550833333333332
0 0.7236196045022744 0.6299619385876771 0.7227349187846092 0.6127812190776024 0.63662825373546 0.6206636815315921 0.6375129394531251 0.6378444010416668
0 0.7238533877291259 0.6128616431605475 0.7229954061483073 0.5961000392014882 0.6378981219348063 0.6038438647909409 0.638756103515625 0.6206054687500001
0 0.7245804102287047 0.5973073614857126 0.72403955078125 0.5811542968750001 0.6389610936775455 0.5862186801809542 0.6395019531250001 0.6023717447916667
0 0.7245606485862343 0.5807237214298552 0.7240085865002 0.5632680071671884 0.6396957406483408 0.5680084784456666 0.6402478027343751 0.5854641927083334
0 0.6110232948844994 0.6553284854035241 0.6099685668889303 0.6367267502853124 0.5104179282544311 0.6467615461317884 0.51147265625 0.66536328125
0 0.6054810329886132 0.637928261912057 0.604675286676484 0.6208057508561531 0.517193115234375 0.6281243489583334 0.5179988615465043 0.6452468600142373
0 0.6067247975493192 0.619942726685249 0.6059901200324564 0.6030285838804631 0.5174679592018873 0.6098641775077142 0.51820263671875 0.6267783203125
0 0.6071049805567372 0.603792514472859 0.6063542160889364 0.5857026806897631 0.5178662109375 0.5922314453125 0.5186169754053008 0.610321279095596
0 0.6069031516065535 0.5872152730273492 0.6063533861078931 0.5685234322132352 0.5189988184857147 0.5730910367900527 0.5195485839843751 0.5917828776041666
0 0.6063645019531251 0.5693499348958334 0.6059334756346989 0.5509590095412409 0.5197906533690738 0.5545482022495741 0.5202216796875 0.5729391276041667
0 0.6101018378671966 0.552263960701798 0.609729248046875 0.5334570312500001 0.5195124199453035 0.5366344767982022 0.5198850097656251 0.55544140625
0 0.6114252282715237 0.5334332135434775 0.61106691827881 0.5150741344557859 0.5198633696947863 0.5182385771623085 0.5202216796875 0.53659765625
0 0.49046618073423587 0.6677641913988052 0.48924780273437496 0.6503821614583333 0.38378804176523207 0.6635236878201815 0.385006419765093 0.6809057177606531
0 0.4903875563577754 0.6509572121263449 0.4892100157384563 0.6325832350469249 0.38310956875568086 0.6446715958372468 0.384287109375 0.6630455729166668
0 0.4863174170017866 0.6324754953950582 0.48535131835937495 0.6153141276041666 0.38429513182633834 0.6254278249174416 0.38526123046874994 0.6425891927083334
0 0.4862939555962482 0.6159180629107214 0.4855947265625 0.5968059895833333 0.3849366022087826 0.6033529234926053 0.3856358312425308 0.6224649968199935
0 0.4869501603409452 0.5964503429962396 0.486081787109375 0.5773235677083334 0.38512357012780474 0.5854721830454271 0.3859919433593749 0.6045989583333333
0 0.4885252571157548 0.5772523514254496 0.48777700070650015 0.5589043985097847 0.3837825053094953 0.566444039271835 0.3845307617187499 0.5847919921874999
0 0.4890100216326836 0.5584904773011762 0.48827366894729257 0.5396578784864918 0.385498998877109 0.5468018412894823 0.3862353515625 0.5656344401041666
0 0.4860598058521116 0.5406124037555092 0.4855947265625 0.5211500651041667 0.3857702722728884 0.5253908514528242 0.3862353515625 0.5448531901041667
0 0.34793432617187503 0.6850292968749999 0.34676840613747084 0.6665968414431295 0.22869028113747086 0.679874836234796 0.229856201171875 0.6983072916666665
0 0.344479248046875 0.6671448567708333 0.34336846831116163 0.6472921563329079 0.228230224609375 0.6587447916666667 0.2293410043450884 0.6785974921045921
0 0.3459018554687501 0.6495315755208334 0.3450541628114544 0.6286395403742525 0.22860201437395433 0.6370396054784191 0.22944970703125 0.6579316406250001
0 0.34521056325630634 0.6278425261441575 0.344276123046875 0.6088847656249999 0.22973450510306864 0.618921796772509 0.23066894531249998 0.6378795572916666
0 0.3459018554687501 0.6086139322916667 0.34496170338244275 0.5881631155136859 0.22891604908556773 0.5976471649928525 0.22985620117187502 0.6180979817708333
0 0.34501847017394516 0.5893659353174878 0.34426562200708877 0.569038733345792 0.22883984375 0.576638671875 0.22959269191685638 0.5969658738466957
0 0.34569873046875 0.5693222656250001 0.34506669900492004 0.5492030033395486 0.227417236328125 0.5557734375 0.22804926779195495 0.5758926997854515