0 0.6376289149305554 0.08640164892578128 0.015312263020833347 0.07620812158203125 0.012999993660381614 0.12087343725741596 0.6353166455701037 0.131066964601166
0 0.6416129322916668 0.1330713032226563 0.015134273498495701 0.12494658846942501 0.013288545515819915 0.1699775176901508 0.639767204308991 0.1781022324433821
0 0.6369367986111111 0.17965593652343756 0.013662320790370407 0.1736871479184355 0.012503414930555602 0.2119772353515625 0.6357778927512964 0.21794602395656454
0 0.6358821545138889 0.221527103515625 0.013979701388888936 0.2154215903320312 0.012683630995448602 0.257192481427025 0.6345860841204485 0.26329799461061876
0 0.6275559866598771 0.26655998724025637 0.011878531154196034 0.2606685140678088 0.010667936631944507 0.30069736328125 0.6263453921376256 0.3065888364536976
0 0.6343311675347222 0.3056023276367187 0.011432086614024563 0.3050914545600298 0.011332895833333407 0.3433581567382813 0.6342319767540311 0.3438690298149702
0 0.6245884971140875 0.9580154212782929 0.6189007265625 0.9318305410156249 0.09332312117285634 0.9679526735268119 0.09901089172444394 0.9941375537894799
0 0.6229101549697249 0.930904650851683 0.6175496946355961 0.9078361409965814 0.09049719591587116 0.9465870126058359 0.09585765625 0.9696555224609374
0 0.6270812328565071 0.9040611747669189 0.6212609453125 0.8775675087890625 0.07978466297682618 0.9152055381237061 0.08560495052083333 0.9416992041015625
0 0.6256201413031821 0.8714893209010485 0.6205240932278105 0.8493953590415112 0.07649783907740619 0.8890984966365565 0.08159388715277777 0.9111924584960938
0 0.6273152864608815 0.8429836195434578 0.6224557916666666 0.819813123046875 0.06810050346967415 0.8565996704956048 0.07295999826388888 0.8797701669921876
0 0.6324160177787406 0.8177628065924444 0.6279801545138889 0.7920282983398437 0.06607830513792606 0.8226738745598993 0.07051416840277777 0.8484083828125
0 0.6266381150379617 0.7848721236137739 0.6217000841091394 0.7590946192034589 0.061546423932288694 0.7930466039881225 0.06648445486111113 0.8188241083984376
0 0.6300154509414713 0.7552461296902058 0.6255497612847223 0.7300623286132812 0.06577899263491774 0.7614690446262006 0.0702446822916667 0.7866528457031251
0 0.6290427440019594 0.7259650632535578 0.6249462552083332 0.6994335107421875 0.05909496780359602 0.7270772297151922 0.06319145659722221 0.7536087822265625
0 0.6332218399829945 0.6932573469706045 0.6293632630208335 0.6653740693359376 0.0476759134892278 0.6908434284200206 0.051534490451388894 0.7187267060546875
0 0.6277366360026171 0.6607860414851779 0.6235470072181044 0.6312415848444934 0.04955785819465404 0.6569957972655655 0.05374748697916667 0.68654025390625
0 0.6277620806533015 0.6284136095992369 0.6245593723958333 0.5985129682617187 0.042054940180031745 0.6182545144242007 0.0452576484375 0.6481551557617188
0 0.6295731058520188 0.5937013400923813 0.6263554308925104 0.5630354210984119 0.032685149305555564 0.5827449638671875 0.03590282426506389 0.613410882861157
0 0.6304291336805555 0.5598869897460939 0.6277601355762551 0.5284744354354696 0.033477391493055564 0.5444509921875001 0.03614638959735608 0.5758635464981244
0 0.6290957867455139 0.5258892026303041 0.626718736111111 0.4941375097656249 0.02182553060339122 0.5084658309389873 0.024202581237794132 0.5402175238036665
0 0.6322292359727795 0.3796585659106024 0.630808723237183 0.34125731522068065 0.012773816840277778 0.34849097070312507 0.014194329575874366 0.3868922213930468
0 0.626583200848679 0.4162652385984207 0.625157883923211 0.3822442662834061 0.016550808159722222 0.39031191113281255 0.01797612508519028 0.42433288344782716
0 0.626417587673611 0.4546220493164063 0.6247322382409314 0.4180288964820192 0.017341381076388888 0.42688012255859376 0.01902673050906853 0.4634732753929809
0 0.6323544825283623 0.48845201172015695 0.6295105791539312 0.45253502798592726 0.019589149305555557 0.4678153999023438 0.022433052679986715 0.5037323836365735