0 0.3798828125 0.478515625 0.25634765625 0.478515625 0.25634765625 0.4986979166666667 0.3798828125 0.4986979166666667
0 0.37841796875 0.45703125 0.25439453125 0.45703125 0.25439453125 0.4772135416666667 0.37841796875 0.4772135416666667
0 0.67333984375 0.5904947916666669 0.56591796875 0.5904947916666669 0.56591796875 0.6087239583333335 0.67333984375 0.6087239583333335
0 0.669921875 0.6315104166666669 0.564453125 0.6315104166666669 0.564453125 0.6484375000000001 0.669921875 0.6484375000000001
0 0.67724609375 0.4876302083333335 0.56884765625 0.4876302083333335 0.56884765625 0.5078125000000001 0.67724609375 0.5078125000000001
0 0.37939453125 0.4348958333333333 0.25390625 0.4348958333333333 0.25390625 0.4544270833333333 0.37939453125 0.4544270833333333
0 0.68359375 0.4251302083333335 0.57177734375 0.4251302083333335 0.57177734375 0.4459635416666668 0.68359375 0.4459635416666668
0 0.3774414062500001 0.62890625 0.2602539062500001 0.62890625 0.2602539062500001 0.6477864583333334 0.3774414062500001 0.6477864583333334
0 0.21777343750000006 0.65234375 0.09277343750000006 0.65234375 0.09277343750000006 0.671875 0.21777343750000006 0.671875
0 0.8076171875 0.6692708333333334 0.7109375 0.6692708333333334 0.7109375 0.685546875 0.8076171875 0.685546875
0 0.67578125 0.5494791666666669 0.56640625 0.5494791666666669 0.56640625 0.5677083333333335 0.67578125 0.5677083333333335
0 0.3774414062500001 0.671875 0.2617187500000001 0.671875 0.2617187500000001 0.689453125 0.3774414062500001 0.689453125
0 0.5263671875 0.6276041666666667 0.4179687500000001 0.6276041666666666 0.4179687500000001 0.6451822916666667 0.5263671875 0.6451822916666669
0 0.21923828125000006 0.7161458333333334 0.09521484375000006 0.7161458333333334 0.09521484375000006 0.734375 0.21923828125000006 0.734375
0 0.53173828125 0.5052083333333334 0.4189453125 0.5052083333333334 0.4189453125 0.5234375000000001 0.53173828125 0.5234375000000001
0 0.52294921875 0.7063802083333334 0.4169921875000001 0.7063802083333334 0.4169921875000001 0.7239583333333334 0.52294921875 0.7239583333333334
0 0.380859375 0.5234375 0.25927734375 0.5234375 0.25927734375 0.5423177083333334 0.380859375 0.5423177083333334
0 0.52294921875 0.6868489583333334 0.4169921875000001 0.6868489583333334 0.4169921875000001 0.7037760416666666 0.52294921875 0.7037760416666666
0 0.3774414062500001 0.69140625 0.2617187500000001 0.69140625 0.2617187500000001 0.7102864583333334 0.3774414062500001 0.7102864583333334
0 0.81494140625 0.5520833333333335 0.71533203125 0.5520833333333335 0.71533203125 0.5690104166666669 0.81494140625 0.5690104166666669
0 0.8037109375 0.7063802083333334 0.70947265625 0.7063802083333334 0.70947265625 0.7233072916666666 0.8037109375 0.7233072916666666
0 0.81103515625 0.6308593750000001 0.712890625 0.6308593750000001 0.712890625 0.6477864583333335 0.81103515625 0.6477864583333335
0 0.21630859375000006 0.4791666666666667 0.08740234375000006 0.4791666666666667 0.08740234375000006 0.4993489583333333 0.21630859375000006 0.4993489583333333
0 0.52197265625 0.6673177083333334 0.4165039062500001 0.6673177083333334 0.4165039062500001 0.6848958333333334 0.52197265625 0.6848958333333334
0 0.529296875 0.5677083333333334 0.41845703125 0.5677083333333334 0.41845703125 0.5839843750000001 0.529296875 0.5839843750000001
0 0.6796875 0.4674479166666668 0.57080078125 0.4674479166666668 0.57080078125 0.48632812500000017 0.6796875 0.48632812500000017
0 0.66845703125 0.6901041666666666 0.5625 0.6901041666666666 0.5625 0.7076822916666666 0.66845703125 0.7076822916666666
0 0.37841796875 0.5657552083333334 0.26025390625 0.5657552083333334 0.26025390625 0.5846354166666666 0.37841796875 0.5846354166666666
0 0.8173828125 0.5117187500000001 0.71728515625 0.5117187500000001 0.71728515625 0.5299479166666669 0.8173828125 0.5299479166666669
0 0.66796875 0.7102864583333334 0.56201171875 0.7102864583333334 0.56201171875 0.7278645833333334 0.66796875 0.7278645833333334
0 0.67626953125 0.5299479166666669 0.56787109375 0.5299479166666669 0.56787109375 0.5488281250000001 0.67626953125 0.5488281250000001
0 0.21875000000000006 0.587890625 0.08984375000000006 0.587890625 0.08984375000000006 0.607421875 0.21875000000000006 0.607421875
0 0.52734375 0.6067708333333334 0.4174804687500001 0.6067708333333334 0.4174804687500001 0.6250000000000001 0.52734375 0.6250000000000001
0 0.8232421875 0.47070312500000017 0.7197265625 0.47070312500000017 0.7197265625 0.4889322916666668 0.8232421875 0.4889322916666668
0 0.21875000000000006 0.6321614583333334 0.09277343750000006 0.6321614583333334 0.09277343750000006 0.6497395833333334 0.21875000000000006 0.6497395833333334
0 0.6689453125 0.6705729166666666 0.56298828125 0.6705729166666666 0.56298828125 0.6875 0.6689453125 0.6875
0 0.3798828125 0.5436197916666666 0.26025390625 0.5436197916666666 0.26025390625 0.5631510416666666 0.3798828125 0.5631510416666666
0 0.52490234375 0.6471354166666667 0.4165039062500001 0.6471354166666666 0.4165039062500001 0.6653645833333334 0.52490234375 0.6653645833333335
0 0.21875000000000006 0.673828125 0.09472656250000006 0.673828125 0.09472656250000006 0.693359375 0.21875000000000006 0.693359375
0 0.81005859375 0.6490885416666669 0.71240234375 0.6490885416666669 0.71240234375 0.6660156250000001 0.81005859375 0.6660156250000001
0 0.68017578125 0.4466145833333335 0.57080078125 0.4466145833333335 0.57080078125 0.4661458333333335 0.68017578125 0.4661458333333335
0 0.21582031250000006 0.4348958333333333 0.08300781250000003 0.4348958333333333 0.08300781250000004 0.455078125 0.21582031250000006 0.455078125
0 0.67041015625 0.6503906250000001 0.56396484375 0.6503906250000001 0.56396484375 0.6686197916666666 0.67041015625 0.6686197916666666
0 0.8125 0.5917968750000001 0.71484375 0.5917968750000001 0.71484375 0.6093750000000001 0.8125 0.6093750000000001
0 0.21875000000000006 0.5677083333333334 0.08984375000000006 0.5677083333333334 0.08984375000000006 0.5865885416666666 0.21875000000000006 0.5865885416666666
0 0.80615234375 0.6875 0.7109375 0.6875 0.7109375 0.7037760416666666 0.80615234375 0.7037760416666666
0 0.52978515625 0.5260416666666667 0.41943359375 0.5260416666666666 0.41943359375 0.5442708333333334 0.52978515625 0.5442708333333335
0 0.533203125 0.44010416666666674 0.41796875 0.4401041666666667 0.41796875 0.45963541666666674 0.533203125 0.4596354166666668
0 0.21679687500000006 0.4557291666666667 0.08544921875000006 0.4557291666666667 0.08544921875000006 0.4765625 0.21679687500000006 0.4765625
0 0.671875 0.6106770833333335 0.56494140625 0.6106770833333335 0.56494140625 0.6289062500000001 0.671875 0.6289062500000001
0 0.3828125 0.5 0.26025390625 0.5 0.26025390625 0.51953125 0.3828125 0.51953125
0 0.8154296875 0.5312500000000001 0.7158203125 0.5312500000000001 0.7158203125 0.5501302083333335 0.8154296875 0.5501302083333335
0 0.38134765625 0.412109375 0.25390625 0.412109375 0.25390625 0.4322916666666667 0.38134765625 0.4322916666666667
0 0.21826171875000006 0.5455729166666666 0.08935546875000006 0.5455729166666666 0.08935546875000006 0.5651041666666666 0.21826171875000006 0.5651041666666666
0 0.8232421875 0.4505208333333335 0.7197265625 0.4505208333333335 0.7197265625 0.4694010416666668 0.8232421875 0.4694010416666668
0 0.3789062500000001 0.6087239583333334 0.2592773437500001 0.6087239583333334 0.2592773437500001 0.626953125 0.3789062500000001 0.626953125
0 0.21875000000000006 0.6100260416666666 0.08886718750000006 0.6100260416666666 0.08886718750000006 0.6302083333333334 0.21875000000000006 0.6302083333333334
0 0.81103515625 0.6113281250000001 0.71337890625 0.6113281250000001 0.71337890625 0.6282552083333335 0.81103515625 0.6282552083333335
0 0.67626953125 0.5084635416666669 0.56884765625 0.5084635416666669 0.56884765625 0.5279947916666669 0.67626953125 0.5279947916666669
0 0.53466796875 0.41861979166666674 0.419921875 0.4186197916666667 0.419921875 0.43945312500000006 0.53466796875 0.43945312500000017
0 0.6748046875 0.5696614583333335 0.56640625 0.5696614583333335 0.56640625 0.5878906250000001 0.6748046875 0.5878906250000001
0 0.21777343750000006 0.5 0.08837890625000006 0.5 0.08837890625000006 0.5208333333333334 0.21777343750000006 0.5208333333333334
0 0.38427734375 0.3893229166666667 0.25634765625 0.3893229166666667 0.25634765625 0.4095052083333333 0.38427734375 0.4095052083333333
0 0.53271484375 0.4837239583333334 0.4189453125 0.4837239583333333 0.4189453125 0.5032552083333334 0.53271484375 0.5032552083333335
0 0.3769531250000001 0.6497395833333334 0.2617187500000001 0.6497395833333334 0.2617187500000001 0.6686197916666666 0.3769531250000001 0.6686197916666666
0 0.3779296875000001 0.7122395833333334 0.2622070312500001 0.7122395833333334 0.2622070312500001 0.7298177083333334 0.3779296875000001 0.7298177083333334
0 0.52783203125 0.5859375000000001 0.41796875 0.5859375 0.41796875000000006 0.6048177083333334 0.52783203125 0.6048177083333335
0 0.6845703125 0.4036458333333335 0.5732421875 0.4036458333333335 0.5732421875 0.42382812500000017 0.6845703125 0.42382812500000017
0 0.21777343750000006 0.5221354166666666 0.08691406250000006 0.5221354166666666 0.08691406250000006 0.54296875 0.21777343750000006 0.54296875
0 0.5322265625 0.46158854166666674 0.41748046875 0.4615885416666667 0.41748046875 0.48307291666666674 0.5322265625 0.4830729166666668
0 0.8271484375 0.4283854166666668 0.71923828125 0.4283854166666668 0.71923828125 0.4479166666666668 0.8271484375 0.4479166666666668
0 0.81494140625 0.5709635416666669 0.71484375 0.5709635416666669 0.71484375 0.5885416666666669 0.81494140625 0.5885416666666669
0 0.822265625 0.4908854166666668 0.71826171875 0.4908854166666668 0.71826171875 0.5091145833333335 0.822265625 0.5091145833333335
0 0.21484375000000006 0.4114583333333333 0.08203125000000003 0.4114583333333333 0.08203125000000003 0.4322916666666667 0.21484375000000006 0.4322916666666667
0 0.828125 0.4075520833333335 0.7197265625 0.4075520833333335 0.7197265625 0.42578125000000017 0.828125 0.42578125000000017
0 0.53076171875 0.5462239583333334 0.4189453125 0.5462239583333334 0.4189453125 0.5651041666666667 0.53076171875 0.5651041666666669
0 0.52392578125 0.7265625 0.4165039062500001 0.7265625 0.4165039062500001 0.7434895833333334 0.52392578125 0.7434895833333334
0 0.37792968750000006 0.5865885416666666 0.259765625 0.5865885416666666 0.25976562500000006 0.60546875 0.3779296875000001 0.60546875
0 0.21972656250000006 0.6946614583333334 0.09472656250000006 0.6946614583333334 0.09472656250000006 0.7135416666666666 0.21972656250000006 0.7135416666666666
0 0.22119140625000006 0.7376302083333334 0.09765625000000006 0.7376302083333334 0.09765625000000006 0.7552083333333334 0.22119140625000006 0.7552083333333334
0 0.21630859375000006 0.3880208333333333 0.08300781250000003 0.3880208333333333 0.08300781250000003 0.4088541666666667 0.21630859375000006 0.4088541666666667
0 0.3793945312500001 0.732421875 0.2612304687500001 0.732421875 0.2612304687500001 0.7493489583333334 0.3793945312500001 0.7493489583333334
0 0.8037109375 0.7259114583333334 0.7080078125 0.7259114583333334 0.7080078125 0.7434895833333334 0.8037109375 0.7434895833333334
0 0.66650390625 0.73046875 0.56005859375 0.73046875 0.56005859375 0.7454427083333334 0.66650390625 0.7454427083333334
0 0.53564453125 0.39843750000000006 0.421875 0.3984375 0.421875 0.4173177083333334 0.53564453125 0.4173177083333335