0 0.9513508333333333 0.7094880815429687 0.9373408263545409 0.6559251458822518 0.06622414059065192 0.7280185223470956 0.08023414756944443 0.7815814580078125
0 0.9382368932291667 0.6562456640625 0.9252764223403306 0.6036515005309498 0.06399599091671948 0.6708056514098562 0.07695646180555556 0.7233998149414063
0 0.9137612343749999 0.6043038994140625 0.9003221687655998 0.5533705312434126 0.06858184584893318 0.6228088964777875 0.08202091145833333 0.6737422646484373
0 0.8804484192708333 0.5558883076171875 0.8688857999641237 0.5098717737121774 0.08039983208217932 0.5725593308410836 0.09196245138888888 0.6185758647460937
0 0.8665644001736111 0.5098147543945314 0.8560758975182859 0.4661602818559561 0.07894041053911922 0.5252383848832999 0.08942891319444445 0.5688928574218751
0 0.8414340286458333 0.46566396923828135 0.8307182489290192 0.4228873690549481 0.08065788521374134 0.4823383168088543 0.09137366493055556 0.5251149169921876
0 0.8221662682291667 0.42465751708984373 0.8120130672024707 0.38111618642419753 0.07930093352191506 0.43517664492029134 0.08945413454861113 0.47871797558593754
0 0.6758992621527777 0.1218061630859375 0.6680776201785191 0.08968796137256507 0.05997863493546358 0.1365440512163151 0.06780027690972223 0.16866225292968753
0 0.6902277604166667 0.1476710634765626 0.6839022466338739 0.12176440097473457 0.06196421625192942 0.169812532810672 0.06828973003472222 0.1957191953125
0 0.7061478272569445 0.17640984277343752 0.6986296090281896 0.145243289854524 0.057941958060759045 0.1941442699255679 0.06546017628951385 0.22531082284448142
0 0.7312939201388888 0.20935222460937508 0.7236335175625137 0.17657031227698114 0.0633650175625138 0.2253886447965123 0.07102542013888889 0.25817055712890624
0 0.7373210451388889 0.24160837255859374 0.7286416350682812 0.20658951310400614 0.0677558182280034 0.25841694572119367 0.07643522829861112 0.2934358051757813
0 0.756199640625 0.27488580712890626 0.7477482535020525 0.23952461948391113 0.06424255558538589 0.29121245493312986 0.07269394270833333 0.326573642578125
0 0.7722768385416666 0.31010945117187505 0.7633336324858251 0.27237999043416505 0.06969517588860291 0.3244024469771339 0.07863838194444445 0.3621319077148438
0 0.7873101145833333 0.3453948125 0.7772901499408508 0.3046833310532801 0.06904685653807296 0.3598373046860926 0.07906682118055557 0.4005487861328125
0 0.8037164288194444 0.3823798330078125 0.79412076189748 0.3422385206719181 0.07524531658498007 0.39661139616019947 0.08484098350694444 0.4367527084960938