0 0.7129629629629631 0.6213541666666667 0.3101851851851853 0.6213541666666667 0.3101851851851853 0.6473958333333333 0.7129629629629631 0.6473958333333333
0 0.7138888888888891 0.6739583333333333 0.3157407407407408 0.6739583333333333 0.3157407407407408 0.7 0.7138888888888891 0.7
0 0.7101851851851854 0.5723958333333333 0.30925925925925934 0.5723958333333333 0.30925925925925934 0.5973958333333333 0.7101851851851854 0.5973958333333333
0 0.7120370370370372 0.5973958333333333 0.30925925925925934 0.5973958333333333 0.30925925925925934 0.6203125 0.7120370370370372 0.6203125
0 0.7166666666666669 0.746875 0.31944444444444464 0.746875 0.31944444444444464 0.7729166666666667 0.7166666666666669 0.7729166666666667
0 0.7166666666666669 0.721875 0.31666666666666676 0.721875 0.3166666666666668 0.7479166666666667 0.7166666666666669 0.7479166666666667
0 0.7175925925925928 0.771875 0.3222222222222224 0.771875 0.3222222222222224 0.7947916666666667 0.7175925925925928 0.7947916666666667
0 0.714814814814815 0.6973958333333333 0.3157407407407408 0.6973958333333333 0.3157407407407408 0.7229166666666667 0.714814814814815 0.7229166666666667
0 0.6971527777777777 0.1981703125000001 0.6954075528397825 0.17068464833509897 0.2703343233870816 0.17922457187732166 0.27207954832507686 0.2067102360422228
0 0.7183181405941669 0.815528608554302 0.7174777777777777 0.7934432291666665 0.3205370055802981 0.7982221818174708 0.3213773683966873 0.8203075612051063
0 0.7203246005867578 0.843733503767374 0.719510185185185 0.8170713541666667 0.32303829370025217 0.8209032021679074 0.323852709101825 0.8475653517686147
0 0.7140907407407406 0.6703489583333333 0.7130077897162851 0.645165512411952 0.3112905650542236 0.6506313807740031 0.31237351607867925 0.6758148266953844
0 0.7010832258967955 0.25222234792183307 0.6989943628044041 0.2254501305612647 0.2757444444444444 0.23589895833333335 0.2778333075368358 0.2626711756939017
0 0.7005650372603816 0.30790937341652036 0.6985074074074076 0.28048697916666665 0.2804618145914704 0.2904119807501463 0.2825194444444445 0.317834375
0 0.7107027777777779 0.5663098958333335 0.7094497434889768 0.5430492159339392 0.3070117805260137 0.5499085909339391 0.3082648148148148 0.5731692708333334
0 0.7086703703703703 0.5186723958333332 0.7073157407407406 0.49352031249999995 0.3015716666244131 0.5004345428899842 0.30292629625404277 0.5255866262233176
0 0.6995325041824118 0.16786386948383963 0.6968939941841203 0.13808503792388377 0.2677064814814814 0.1501171875 0.2703449914797729 0.17989601905995586
0 0.6982300847349483 0.22482443006779404 0.6964750000000001 0.19817031250000003 0.27436663524274674 0.20696464318496668 0.27612171997769497 0.23361876075276067
0 0.7093481481481482 0.543825 0.7079925925925925 0.5182916666666667 0.30417571936668863 0.5250749400654416 0.30553127492224424 0.5506082733987749
0 0.7090635848558812 0.49269850950271077 0.7079925925925924 0.4672244791666666 0.30141278908487373 0.47263301270491337 0.30248378134816245 0.4981070430409575
0 0.7052833333333335 0.46608125000000006 0.7036007746804587 0.440526508519436 0.29802946713399486 0.44897561915593975 0.29971202578686973 0.4745303606365038
0 0.7025731481481482 0.4401666666666667 0.7010695126919506 0.4150040647913811 0.2946268783307901 0.42268884273649193 0.29613051378698757 0.44785144461177756
0 0.7063515887136022 0.4134359293597603 0.7044916261510556 0.3871059435579231 0.2913268518518518 0.39634062500000006 0.2931868144143983 0.4226706108018373
0 0.7048021510582411 0.38833388022409193 0.70325 0.36166093750000006 0.28909784894175883 0.3692864322759082 0.29064999999999996 0.39595937500000006
0 0.703258209573016 0.36316346136779915 0.7018953703703704 0.33574635416666676 0.2844803929732497 0.34231137440464615 0.2858432321758952 0.36972848160577854
0 0.7031558853818405 0.3329993078630659 0.7012175925925925 0.3075447916666666 0.282475136681277 0.31763375590291154 0.28441342947052495 0.34308827209931086
0 0.6996735938119729 0.2804767375440745 0.6978305555555556 0.2526671875 0.2793217765583974 0.2614430541225923 0.2811648148148148 0.2892526041666667