0 0.7032117065972223 0.08415731640625003 0.18287997222222224 0.042572056640625015 0.17513794762357926 0.07322276356749925 0.6954696819985793 0.11480802333312426
0 0.701067328125 0.11741048291015628 0.18313953472222225 0.07653635107421877 0.17543905509274796 0.10740968324467402 0.6933668484955259 0.14828381508061153
0 0.7033130199652778 0.14883365283203132 0.1826318524305556 0.11137549853515628 0.17520833995798488 0.14402525843187047 0.6958895074927072 0.18148341272874552
0 0.6968228984375 0.1853453100585938 0.17655251128472227 0.1458488774414063 0.16886893152007346 0.1778731957500905 0.6891393186728513 0.21736962836727802
0 0.6148253001967122 0.8705103824268712 0.6135044496527777 0.8372232226562499 0.11291693938662105 0.8435081751903162 0.11423778993055556 0.8767953349609374
0 0.6200973137312538 0.8329401185591028 0.61873350797126 0.8025849626143668 0.10935506229556181 0.8098260813599515 0.11071886805555554 0.8401812373046874
0 0.6213957694657156 0.8002988995382273 0.6203468520536429 0.7717143047672679 0.11735145324764949 0.7775543783735718 0.11840037065972224 0.8061389731445312
0 0.6221087343750002 0.7460189067382812 0.12462655090222076 0.745753781118907 0.12457759375000019 0.7748198994140626 0.6220597772227796 0.7750850250334368
0 0.6268378750000001 0.7141700229492188 0.12449599930362118 0.713584714724309 0.12438734895833352 0.7430893955078125 0.6267292246547124 0.7436747037327224
0 0.6420691907405467 0.6853136201452127 0.13120081128959932 0.6804904520660975 0.13041332031250014 0.7068821459960937 0.6412816997634475 0.7117053140752089
0 0.6363737378472222 0.6529723623046874 0.13122568532606482 0.6473713353169165 0.13023651128472236 0.6755985991210937 0.6353845638058798 0.6811996261088645
0 0.6398544027777777 0.6218502006835938 0.13463644965277793 0.6125912192382813 0.13290278622472615 0.6425225070158763 0.638120739349726 0.6517814884611888
0 0.6420874678819446 0.5914549970703123 0.13604837413194457 0.5812920737304687 0.1341892166853746 0.6105825641765653 0.6402283104353746 0.620745487516409
0 0.6455685737847223 0.5603330751953126 0.13818469010416679 0.5477511005859376 0.13584706415150916 0.5775779881924181 0.6432309478320647 0.5901599628017932
0 0.6503420503472223 0.5299129287109375 0.13795451822916677 0.5147339272460938 0.13509922196197532 0.5452305383629518 0.6474867540800309 0.5604095398277955
0 0.6519180572916667 0.4988094677734375 0.1401051302083334 0.4816396586914062 0.13700382707021902 0.5108902774150532 0.6488167541535523 0.5280600864970845
0 0.6573485911458335 0.4690975781250001 0.14227043663194458 0.449018951171875 0.13868288422361394 0.47813835154680506 0.6537610387375028 0.49821697849993013
0 0.6595594843750002 0.4379878837890626 0.1491716588541668 0.41543143847656255 0.14491573200968963 0.44590118590982525 0.655303557530523 0.4684576312223253
0 0.6636311336805556 0.4054307470703125 0.1497201085069445 0.38190605566406244 0.14532099658269587 0.41231309003276684 0.6592320217563069 0.4358377814390169
0 0.6608724869791668 0.37794314404296875 0.15265266753472229 0.3484107392578125 0.1468443241939224 0.3800371654425089 0.6550641436383668 0.4095695702276651
0 0.6673847803819446 0.34214597753906256 0.15714370138888892 0.3139527114257813 0.15171097412132017 0.34506220823110983 0.6619520531143759 0.3732554743443911
0 0.6715451076388889 0.3124465595703124 0.1624998680555556 0.2817743793945312 0.15637061037151667 0.31396020601548147 0.66541584995485 0.3446323861912627
0 0.6819069061502249 0.2811694478400323 0.17101837413194448 0.24909129345703127 0.1649310882781905 0.2797663612235268 0.6758196202964709 0.3118445156065279
0 0.6823664627664279 0.246478948038582 0.16754061892361116 0.2138178159179688 0.1608846266811278 0.24701390843170293 0.6757104705239444 0.2796750405523161
0 0.6843953680555557 0.21476866699218755 0.17126523437500005 0.18026124804687502 0.16474171436275015 0.21095444282971554 0.6778718480433058 0.24546186177502807