0 0.9921143810763888 0.7425843315429689 0.9871672071591155 0.6892443780657835 0.12417057868689353 0.7145699171282835 0.12911775260416666 0.7679098706054689
0 0.9915731406249999 0.6907249287109375 0.9878297130396254 0.6389558099926398 0.12825918873406994 0.658622226496546 0.13200261631944443 0.7103913452148437
0 0.9766319027777778 0.6402719824218751 0.974741546116634 0.5948088903135221 0.14735158344302293 0.6056941823057095 0.14924194010416666 0.6511572744140625
0 0.9655969548611112 0.5969153500976563 0.9642625485418765 0.548222231962962 0.14056827597243216 0.555364425322337 0.1419026822916667 0.6040575434570312
0 0.9464104392361113 0.5502902075195315 0.9458875654646118 0.5094923939151843 0.15835039185350056 0.5126859612979967 0.158873265625 0.5534837749023439
0 0.9244250164930554 0.5051856718749999 0.923149700204987 0.4642603552335662 0.16216384690637606 0.4717635720304413 0.1634391631944444 0.512688888671875
0 0.9105200069444445 0.4656705893554688 0.9104699503545144 0.4288150668780045 0.15526890521562556 0.4291396054522233 0.1553189618055556 0.46599512792968756
0 0.8969353686233745 0.3925570311162589 0.15879316446078778 0.3903438980975557 0.15846691927083342 0.42477268261718754 0.8966091234334201 0.4269858156358907
0 0.8793839909251071 0.35697789582652306 0.16151248747176267 0.35076406156017376 0.16051833767361123 0.3871039785156251 0.8783898411269556 0.3933178127819744
0 0.8673226352375245 0.32693175154044035 0.16813337699282557 0.3150633475047895 0.1663267291666667 0.348739384765625 0.8655159874113657 0.36060778880127586
0 0.8603196302541568 0.29289628756844166 0.1618733063683868 0.280157583463385 0.16006029503784125 0.31160995214494336 0.8585066189236114 0.32434865625000003
0 0.8476736081000323 0.261153607681465 0.17947971751008338 0.24776900680765235 0.17759374743088435 0.2775594474660312 0.8457876380208333 0.2909440483398438
0 0.8331489288774828 0.2306328468573274 0.17868248076653248 0.21928388518093408 0.17721127864583336 0.24612797314453122 0.8316777267567838 0.25747693482092454
0 0.82029763300493 0.2019069130194946 0.17549225266717522 0.19061470796723992 0.17404857539141194 0.21669816018212038 0.8188539557291667 0.22799036523437505
0 0.8094111842259477 0.17410066651463654 0.18109617696879954 0.15877483353832844 0.17897910385396298 0.18623696585181693 0.807294111111111 0.20156279882812503