0 0.7568359375 0.4752604166666668 0.5712890625 0.4752604166666668 0.5712890625 0.5071614583333335 0.7568359375 0.5071614583333335
0 0.76513671875 0.33398437500000017 0.57568359375 0.33398437500000017 0.57568359375 0.3658854166666668 0.76513671875 0.3658854166666668
0 0.5634765625 0.25976562500000006 0.37255859375 0.25976562500000006 0.37255859375 0.29492187500000006 0.5634765625 0.29492187500000006
0 0.3583984375 0.25585937500000006 0.16943359375 0.255859375 0.16943359375 0.28906250000000006 0.3583984375 0.28906250000000006
0 0.748046875 0.6393229166666669 0.56494140625 0.6393229166666669 0.56494140625 0.669921875 0.748046875 0.669921875
0 0.35595703125 0.3430989583333333 0.16943359375000006 0.3430989583333333 0.16943359375000006 0.3743489583333333 0.35595703125 0.3743489583333333
0 0.3530273437500001 0.7005208333333334 0.16503906250000006 0.7005208333333334 0.16503906250000006 0.7350260416666666 0.3530273437500001 0.7350260416666666
0 0.35693359375 0.5377604166666666 0.16894531250000006 0.5377604166666666 0.16894531250000006 0.5690104166666666 0.35693359375 0.5690104166666666
0 0.3530273437500001 0.64453125 0.16796875000000006 0.64453125 0.16796875000000006 0.677734375 0.3530273437500001 0.677734375
0 0.7529296875 0.5579427083333335 0.568359375 0.5579427083333335 0.568359375 0.5878906250000001 0.7529296875 0.5878906250000001
0 0.76611328125 0.2760416666666668 0.57763671875 0.27604166666666674 0.57763671875 0.3105468750000001 0.76611328125 0.31054687500000017
0 0.76025390625 0.4212239583333335 0.5732421875 0.4212239583333335 0.5732421875 0.4524739583333335 0.76025390625 0.4524739583333335
0 0.35693359375 0.4544270833333333 0.16894531250000006 0.4544270833333333 0.16894531250000006 0.4856770833333333 0.35693359375 0.4856770833333333
0 0.357421875 0.3990885416666667 0.16943359375000006 0.3990885416666667 0.16943359375000006 0.4296875 0.357421875 0.4296875
0 0.357421875 0.3704427083333333 0.16845703125000006 0.3704427083333333 0.16845703125000006 0.4016927083333333 0.357421875 0.4016927083333333
0 0.56396484375 0.29101562500000006 0.3740234375 0.29101562500000006 0.3740234375 0.32291666666666674 0.56396484375 0.32291666666666674
0 0.75146484375 0.5852864583333335 0.56787109375 0.5852864583333335 0.56787109375 0.6165364583333335 0.75146484375 0.6165364583333335
0 0.74853515625 0.6666666666666666 0.56689453125 0.6666666666666666 0.56689453125 0.6953125 0.74853515625 0.6953125
0 0.75537109375 0.5312500000000001 0.56884765625 0.5312500000000001 0.56884765625 0.5611979166666669 0.75537109375 0.5611979166666669
0 0.5615234375 0.4329427083333334 0.37255859375 0.4329427083333333 0.37255859375 0.4641927083333334 0.5615234375 0.4641927083333335
0 0.35595703125 0.482421875 0.16894531250000006 0.482421875 0.16894531250000006 0.5130208333333334 0.35595703125 0.5130208333333334
0 0.76171875 0.3919270833333335 0.5751953125 0.3919270833333335 0.5751953125 0.4231770833333335 0.76171875 0.4231770833333335
0 0.7451171875 0.6940104166666666 0.56396484375 0.6940104166666666 0.56396484375 0.7220052083333334 0.7451171875 0.7220052083333334
0 0.35693359375 0.4270833333333333 0.16992187500000006 0.4270833333333333 0.16992187500000006 0.4563802083333333 0.35693359375 0.4563802083333333
0 0.55810546875 0.5188802083333334 0.3701171875 0.5188802083333334 0.3701171875 0.5488281250000001 0.55810546875 0.5488281250000001
0 0.759765625 0.44921875000000017 0.57275390625 0.44921875000000017 0.57275390625 0.4798177083333335 0.759765625 0.4798177083333335
0 0.35351562500000006 0.58984375 0.16748046875000006 0.58984375 0.16748046875000006 0.6223958333333334 0.3535156250000001 0.6223958333333334
0 0.5634765625 0.37565104166666674 0.37255859375 0.3756510416666667 0.37255859375 0.40690104166666674 0.5634765625 0.4069010416666668
0 0.3583984375 0.28515625000000006 0.17138671875 0.28515625 0.17138671875000003 0.31770833333333337 0.3583984375 0.3177083333333334
0 0.55517578125 0.68359375 0.3671875000000001 0.68359375 0.3671875000000001 0.712890625 0.55517578125 0.712890625
0 0.75537109375 0.5026041666666669 0.57080078125 0.5026041666666669 0.57080078125 0.5319010416666669 0.75537109375 0.5319010416666669
0 0.751953125 0.6126302083333335 0.56640625 0.6126302083333335 0.56640625 0.6425781250000001 0.751953125 0.6425781250000001
0 0.353515625 0.5625 0.16796875000000006 0.5625 0.16796875000000006 0.59375 0.353515625 0.59375
0 0.56005859375 0.4602864583333334 0.37158203125 0.4602864583333333 0.37158203125 0.4915364583333334 0.56005859375 0.4915364583333335
0 0.55712890625 0.5455729166666667 0.369140625 0.5455729166666666 0.369140625 0.5761718750000001 0.55712890625 0.5761718750000001
0 0.35498046875 0.5078125 0.16845703125000006 0.5078125 0.16845703125000006 0.5390625 0.35498046875 0.5390625
0 0.56201171875 0.40234375000000006 0.3720703125 0.40234375 0.3720703125 0.43815104166666674 0.56201171875 0.4381510416666668
0 0.55322265625 0.6575520833333334 0.3671875000000001 0.6575520833333334 0.3671875000000001 0.6875 0.55322265625 0.6875
0 0.7666015625 0.3053385416666668 0.5771484375 0.30533854166666674 0.5771484375 0.33789062500000017 0.7666015625 0.33789062500000017
0 0.3510742187500001 0.6725260416666666 0.16601562500000006 0.6725260416666666 0.16601562500000006 0.7057291666666666 0.3510742187500001 0.7057291666666666
0 0.5537109375 0.6295572916666667 0.3676757812500001 0.6295572916666666 0.3676757812500001 0.6582031250000001 0.5537109375 0.6582031250000001
0 0.55517578125 0.5729166666666667 0.369140625 0.5729166666666666 0.369140625 0.6022135416666667 0.55517578125 0.6022135416666669
0 0.56201171875 0.32031250000000006 0.3740234375 0.32031250000000006 0.3740234375 0.3528645833333334 0.56201171875 0.3528645833333335
0 0.357421875 0.31380208333333337 0.16943359375000006 0.3138020833333333 0.16943359375000006 0.3450520833333333 0.357421875 0.3450520833333333
0 0.3520507812500001 0.6184895833333334 0.16894531250000006 0.6184895833333334 0.16894531250000006 0.6497395833333334 0.3520507812500001 0.6497395833333334
0 0.763671875 0.3645833333333335 0.5751953125 0.3645833333333335 0.5751953125 0.39648437500000017 0.763671875 0.39648437500000017
0 0.5625 0.34830729166666674 0.37255859375 0.3483072916666667 0.37255859375 0.37890625000000006 0.5625 0.37890625000000017
0 0.55615234375 0.6015625000000001 0.3681640625 0.6015625 0.36816406250000006 0.6321614583333334 0.55615234375 0.6321614583333335
0 0.55908203125 0.4915364583333334 0.3701171875 0.4915364583333333 0.3701171875 0.5221354166666667 0.55908203125 0.5221354166666669
0 0.55322265625 0.7102864583333334 0.3662109375000001 0.7102864583333334 0.3662109375000001 0.7467447916666666 0.55322265625 0.7467447916666666
0 0.7451171875 0.7194010416666666 0.5615234375 0.7194010416666666 0.5615234375 0.7552083333333334 0.7451171875 0.7552083333333334