0 0.8753044173177082 0.09763958007812501 0.2757936848958333 0.05877866650390627 0.2690785378570624 0.1170509463208241 0.8685892702789375 0.15591185989504286
0 0.8628405013020833 0.15227560302734378 0.27411732421875 0.11412504150390626 0.2676504623130048 0.17025908320263572 0.8563736393963381 0.20840964472607323
0 0.8503762819010418 0.2069113569335938 0.27508499869791664 0.17180778417968753 0.26934389681240856 0.22473197840062487 0.8446351800155335 0.25983555115453116
0 0.8425810930989582 0.2585743500976562 0.27520084895833336 0.22400226416015626 0.26956760369124944 0.27600543357854573 0.8369478478318743 0.31057751951604573
0 0.8308215319010418 0.3067357788085938 0.2726726634114584 0.2738603759765625 0.26722384084402007 0.325896406332207 0.8253727093336035 0.35877180916423834
0 0.8188861315104167 0.35651587109375005 0.27458108398437503 0.32290273193359376 0.26948291831588295 0.3693403311551396 0.8137879658419246 0.4029534703152959
0 0.8053206953125001 0.40130813281250005 0.2708481002604167 0.3705125874023438 0.266309469875265 0.41482086670994195 0.8007820649273484 0.4456164121200982
0 0.8005641972656252 0.44501026513671876 0.27011245833333336 0.41721882470703126 0.2657582934812552 0.46396673641800423 0.7962100324135469 0.49175817684769174
0 0.78929921875 0.4935809858398439 0.2655279817708334 0.45934043750000003 0.2600111506514648 0.5068097728298864 0.7837823876306315 0.5410503211697302
0 0.7832470514322917 0.5317275483398438 0.26553538216145844 0.5025107314453126 0.26109091489518677 0.5468100753422814 0.7788025841660201 0.5760268922368127
0 0.7745146516927083 0.5727930444335938 0.2641724316406251 0.5453901904296875 0.2600501793256095 0.5885741836458691 0.7703923993776928 0.6159770376497754
0 0.7654731666666668 0.6140864399414062 0.2631664550781251 0.5849867426757812 0.2587687577112996 0.6276867919764453 0.7610754692998413 0.6567864892420703
0 0.762800587890625 0.6500820512695313 0.26064572298169386 0.6278334055890537 0.2571481861261646 0.6722370811875265 0.7593030510350958 0.694485726868004
0 0.7514212389322918 0.693960408203125 0.25854364549208686 0.6656731972004638 0.25485762500000014 0.7017999741210939 0.7477352184402051 0.7300871851237551
0 0.7426192076822918 0.7293294248046878 0.25258019921875013 0.7024867988281251 0.2489166930570211 0.7401073458012764 0.7389557015205629 0.766949971777839
0 0.7388951998697917 0.7660126713867189 0.25858200655427094 0.7386999193120001 0.25482958658854177 0.7758186416015626 0.7351427799040625 0.8031313936762814
0 0.73099719140625 0.80021696875 0.25332488671875014 0.773010220703125 0.24949691008648908 0.8108148715788123 0.7271692147739891 0.8380216196256873
0 0.7217571223958336 0.8362028125000001 0.25101165755208343 0.8108973110351564 0.24764759922700763 0.8460984925346478 0.7183930640707578 0.8714039939994914
0 0.713323875 0.8711180698242189 0.24853362369791676 0.8419834345703127 0.24462562473486923 0.8770525160918421 0.7094158760369526 0.9061871513457483
0 0.7079278326822916 0.9040628354492187 0.24838554101562513 0.8766077666015625 0.2446586154254966 0.9116971872121965 0.7042009070921632 0.9391522560598528
0 0.7061285546875 0.9372278017578124 0.2482377897135418 0.9112321186523437 0.24503353178188067 0.9429797000342834 0.7029242967558389 0.9689753831397522
0 0.6981270820312501 0.9660403212890626 0.2501083854166668 0.9439424985351563 0.24740243556192146 0.9748020012584456 0.6954211321765046 0.9968998240123519