0 0.9151509262152777 0.11099505224609381 0.28681944444444446 0.10424348974609376 0.2854394832763576 0.1448781325879982 0.9137709650471907 0.15162969508799823
0 0.9128925928819442 0.15610442724609375 0.2930027777777778 0.14816979150390627 0.2914322262227685 0.1869924040223016 0.911322041326935 0.19492703976448908
0 0.9004712960069445 0.19545781250000005 0.2901523151041667 0.18955494775390627 0.2889673212498714 0.2283213230673337 0.8992863021526492 0.23422418781342746
0 0.8948250000000001 0.23925859375 0.29294814843750006 0.23137916650390628 0.2913578732332296 0.26981447149617294 0.8932347247957296 0.2776938987422667
0 0.7864185182291669 0.9206018227539061 0.30959027777777803 0.9181309897460936 0.3092052253914659 0.9416426581043871 0.7860334658428547 0.9441134911121996
0 0.7920648151041667 0.89328203125 0.30874120399305577 0.89106796875 0.30841912609424116 0.9133140804335692 0.7917427372053522 0.9155281429335692
0 0.8067449071180559 0.8666356772460938 0.3050731484375002 0.8635356772460937 0.30457592896247454 0.8889952519025894 0.8062476876430301 0.8920952519025895
0 0.803051388888889 0.83828515625 0.30558009288194465 0.8380114584960937 0.3055327393979782 0.8652443517912589 0.8030040354049226 0.8655180495451652
0 0.8086050928819447 0.8110557290039063 0.30484212934027793 0.8093580727539064 0.3045472308774407 0.8370462292431069 0.8083101944191075 0.8387438854931069
0 0.8125717595486114 0.7834333334960939 0.3039930555555557 0.78013359375 0.30339568849961424 0.8092652250326254 0.81197439249267 0.8125649647787193
0 0.8181254626736112 0.7539718750000002 0.30404861111111126 0.7511273437500002 0.3035643596391871 0.7788180059803689 0.8176412112016871 0.7816625372303688
0 0.8252662039930558 0.7236179687500001 0.3065402777777779 0.7196708334960938 0.3058228230093647 0.7495037372105354 0.8245487492246426 0.7534508724644416
0 0.8276462960069446 0.6946296875 0.3030333333333335 0.689771875 0.30220925694447376 0.7179304578418749 0.8268222196180849 0.7227882703418749
0 0.8301485057046543 0.6638648744024536 0.30360416666666684 0.6586057290039063 0.3026885316217349 0.6876116880975468 0.8292328706597224 0.692870833496094
0 0.8891787039930558 0.2773791665039063 0.29659166666666675 0.2734203125 0.29584007326780304 0.3090170890056337 0.8884271105941921 0.31297594300954
0 0.8869203706597223 0.31549973974609385 0.2965916666666668 0.30988072900390634 0.2954681954589988 0.34722646637440086 0.8857968994520544 0.35284547711658837
0 0.8790157404513887 0.3541796875 0.29688009288194445 0.3488744790039062 0.29583521446933675 0.3851515778416639 0.877970862038781 0.39045678633775766
0 0.8722402777777778 0.39166484375000005 0.29800925954861124 0.3856463540039063 0.2968268251394324 0.42134249234226556 0.871057843368599 0.4273609820883593
0 0.8665939817708334 0.42720625000000007 0.3014050928819445 0.422584375 0.30050191768153345 0.4575299730623533 0.8656908065704223 0.4621518480623534
0 0.8620773151041667 0.46469140625 0.3019972222222223 0.45771354150390625 0.3006479369778028 0.4919805675043115 0.8607280298597473 0.49895843225040526
0 0.8359208333333336 0.6320953125 0.30027731849881767 0.6260746064100525 0.29920217340944916 0.6563395977114274 0.834845688243965 0.6623603038013748
0 0.8401199071180555 0.6009109375 0.302884675456991 0.5947365540653008 0.3018017940495762 0.6245489472555874 0.8390370257106408 0.6307233306902866
0 0.8480967595486111 0.5672361977539062 0.3020314817708334 0.5629861977539062 0.3011708040976674 0.5979759786423586 0.8472360818754452 0.6022259786423586
0 0.851913888888889 0.5339057290039062 0.298869882501608 0.5301787511380202 0.29815230607660065 0.5638699210681547 0.8511963124638817 0.5675968989340408
0 0.8496555555555557 0.5002325522460939 0.2990939984261314 0.49404056262200385 0.2979648317594648 0.5258077501220036 0.8485263888888891 0.5319997397460937
0 0.9275726848958333 0.06334453125000006 0.2853324071180555 0.055548958496093766 0.28354886002890656 0.10204105635093895 0.9257891378066841 0.10983662910484525
0 0.7892413757048801 0.9663330018084744 0.7885919439515605 0.9407671157414121 0.31048194444444444 0.9446098959960938 0.3111313761977639 0.970175782063156