0 0.8132397724601877 0.8947163329113563 0.1335939567974717 0.8575751085443851 0.12447362878172868 0.9103809470197477 0.8041194444444447 0.9475221713867189
0 0.8140864566529831 0.8470280938860831 0.136267093818405 0.8116498088760722 0.12810376303347767 0.8611366397946766 0.8059231258680558 0.8965149248046875
0 0.8206133238249593 0.7994510461577257 0.1497342270195251 0.7673898756934575 0.14227995180567712 0.8167430810005757 0.8131590486111113 0.8488042514648438
0 0.8174051966728345 0.7555414507989667 0.16346325404877582 0.7254253052311909 0.15695846701388907 0.7701160859374999 0.8109004096379476 0.8002322315052758
0 0.8119082977430555 0.709475111328125 0.17172894366303637 0.6860041970569931 0.16668844366303637 0.7295043044788682 0.8068677977430556 0.7529752187500001
0 0.8155564627535785 0.6627588964654869 0.17800867437751094 0.6470058474760308 0.1743605093669881 0.693722062338669 0.8119082977430556 0.709475111328125
0 0.8169414138390915 0.5831055083698485 0.1927730783063052 0.5693769497419571 0.18988138321721382 0.6109751308252338 0.8140497187500002 0.6247036894531253
0 0.8132835687420652 0.5435132223220415 0.205083336936318 0.5308269466796458 0.20243485152758625 0.5710018718185418 0.8106350833333335 0.5836881474609374
0 0.8099744644097223 0.5046524067382813 0.21461722715512296 0.49583331713231027 0.21276936747075165 0.535303389804403 0.808126604725351 0.544122479410374
0 0.8122406419387389 0.4666133610854396 0.21770095473460024 0.46155243856822825 0.2166576140111391 0.5003337395921635 0.8111973012152778 0.5053946621093749
0 0.8128793072916668 0.4292783588867188 0.22491810324203343 0.42655018768176367 0.22438339839211066 0.4630118300238697 0.812344602441744 0.4657400012288248
0 0.8242992144097223 0.3950200610351562 0.23248022775386065 0.39363856122760893 0.23222167071555588 0.428684644072426 0.8240406573714175 0.4300661438799733
0 0.8193271241319446 0.35788248681640633 0.23788201252977478 0.357624402263122 0.2378288803428685 0.3954991245157445 0.8192739919450385 0.39575720906902884
0 0.8119339947172776 0.35690166052399847 0.8116711866319445 0.3225309306640625 0.24583125267855577 0.32389988390959523 0.24609406076388884 0.3582706137695312
0 0.8128176893198118 0.3225182745012936 0.8116150364583333 0.28804691845703123 0.25277950859685483 0.2942158646588626 0.2539821614583333 0.328687220703125
0 0.8194479377512169 0.29025716532346313 0.8178301762152778 0.25512306884765623 0.2580039441932275 0.2632791964929432 0.25962170572916665 0.29841329296875
0 0.8247309137544012 0.25430642963878375 0.8224448183390216 0.2219200847260883 0.2619219002443425 0.23443911944277335 0.2642079956597223 0.26682546435546883
0 0.8186613146243616 0.22163268537825517 0.8160279939032477 0.19055568005646745 0.2648932712927749 0.20533203862352478 0.2675265920138889 0.2364090439453125
0 0.8235389017795225 0.1903413145845904 0.8205781748858345 0.15857397224954703 0.27711654393964547 0.17460020356339415 0.28007727083333334 0.2063675458984375
0 0.8159061081725025 0.1615073130363342 0.813051204861111 0.12715570849609373 0.282908675681664 0.14109632807694703 0.28576357899305554 0.1754479326171875
0 0.8250137549746361 0.12441983657616332 0.8210658091200054 0.09534863527681176 0.29175080414536925 0.11809266784127345 0.29569875 0.14716386914062501
0 0.8312950964448829 0.09856805088907117 0.8274383993055556 0.06956514160156249 0.298503009457895 0.09181983680624138 0.3023597065972223 0.12082274609375006
0 0.8266469269592381 0.06967266466956842 0.8229846484375 0.04289722705078124 0.29845976835326177 0.06559723132652534 0.302122046875 0.09237266894531251
0 0.8238598356764711 0.04213728141566773 0.8197546050347221 0.016971583984375004 0.3066313353304733 0.04345630208042604 0.3107365659722222 0.06862199951171877
0 0.8169334043580014 0.6211221189571334 0.18569078130650632 0.6049552226096356 0.1821198743443384 0.6490709303126586 0.8133624973958337 0.6652378266601564