0 0.8296875 0.8125000000000001 0.625 0.8125 0.625 0.8395833333333335 0.8296875 0.8395833333333336
0 0.82421875 0.8687500000000001 0.62421875 0.86875 0.62421875 0.8958333333333335 0.82421875 0.8958333333333336
0 0.3664062500000001 0.4989583333333334 0.12890625000000006 0.49895833333333334 0.12890625000000006 0.5333333333333333 0.3664062500000001 0.5333333333333333
0 0.603125 0.8770833333333333 0.3898437500000001 0.8770833333333333 0.3898437500000001 0.903125 0.603125 0.903125
0 0.621875 0.45729166666666676 0.39375 0.45729166666666676 0.39375000000000004 0.4916666666666668 0.621875 0.4916666666666668
0 0.8234375 0.9000000000000001 0.6203125 0.9 0.6203125 0.9250000000000002 0.8234375 0.9250000000000003
0 0.3656250000000001 0.915625 0.14453125000000008 0.915625 0.14453125000000008 0.9427083333333334 0.3656250000000001 0.9427083333333334
0 0.36796875 0.42916666666666675 0.12500000000000006 0.42916666666666664 0.12500000000000006 0.46354166666666674 0.36796875 0.4635416666666668
0 0.85234375 0.5645833333333334 0.6421875 0.5645833333333333 0.6421875 0.5968750000000002 0.85234375 0.5968750000000003
0 0.87890625 0.3260416666666668 0.65390625 0.3260416666666668 0.65390625 0.3645833333333334 0.87890625 0.3645833333333334
0 0.84140625 0.6895833333333334 0.63203125 0.6895833333333333 0.63203125 0.7208333333333334 0.84140625 0.7208333333333335
0 0.83984375 0.7218750000000002 0.6296875 0.721875 0.6296875 0.7510416666666668 0.83984375 0.7510416666666669
0 0.83671875 0.7520833333333334 0.62890625 0.7520833333333333 0.62890625 0.7822916666666668 0.83671875 0.7822916666666669
0 0.61953125 0.4916666666666668 0.3960937500000001 0.4916666666666668 0.3960937500000001 0.5239583333333334 0.61953125 0.5239583333333334
0 0.3664062500000001 0.5989583333333334 0.13671875000000006 0.5989583333333334 0.13671875000000006 0.63125 0.3664062500000001 0.63125
0 0.3656250000000001 0.6322916666666667 0.13593750000000004 0.6322916666666667 0.13593750000000004 0.6645833333333333 0.3656250000000001 0.6645833333333333
0 0.36406250000000007 0.85625 0.1429687500000001 0.85625 0.1429687500000001 0.884375 0.36406250000000007 0.884375
0 0.83203125 0.7812500000000001 0.628125 0.78125 0.628125 0.8104166666666668 0.83203125 0.8104166666666669
0 0.6 0.9083333333333333 0.3906250000000001 0.9083333333333333 0.3906250000000001 0.9322916666666666 0.6 0.9322916666666666
0 0.621875 0.4218750000000001 0.3921875 0.4218750000000001 0.3921875 0.45520833333333344 0.621875 0.45520833333333344
0 0.6125 0.721875 0.3937500000000001 0.721875 0.3937500000000001 0.753125 0.6125 0.753125
0 0.615625 0.6239583333333333 0.3960937500000001 0.6239583333333333 0.3960937500000001 0.6572916666666667 0.615625 0.6572916666666667
0 0.85234375 0.5958333333333334 0.63671875 0.5958333333333333 0.63671875 0.6281250000000002 0.85234375 0.6281250000000003
0 0.62578125 0.3510416666666668 0.3921875 0.3510416666666668 0.3921875 0.38645833333333346 0.62578125 0.38645833333333346
0 0.3664062500000001 0.5666666666666667 0.13203125000000004 0.5666666666666667 0.13203125000000004 0.5989583333333334 0.3664062500000001 0.5989583333333334
0 0.859375 0.5333333333333334 0.64453125 0.5333333333333333 0.64453125 0.5645833333333334 0.859375 0.5645833333333335
0 0.6265625 0.31458333333333344 0.39296875 0.31458333333333344 0.39296875 0.3489583333333334 0.6265625 0.3489583333333334
0 0.82734375 0.8395833333333335 0.62421875 0.8395833333333333 0.62421875 0.8687500000000001 0.82734375 0.8687500000000002
0 0.3664062500000001 0.7302083333333333 0.14062500000000008 0.7302083333333333 0.14062500000000008 0.7614583333333333 0.3664062500000001 0.7614583333333333
0 0.61953125 0.5250000000000001 0.3937500000000001 0.5250000000000001 0.3937500000000001 0.5572916666666666 0.61953125 0.5572916666666666
0 0.6140625 0.5916666666666667 0.3945312500000001 0.5916666666666667 0.3945312500000001 0.625 0.6140625 0.625
0 0.3656250000000001 0.6635416666666667 0.13671875000000006 0.6635416666666667 0.13671875000000006 0.6958333333333333 0.3656250000000001 0.6958333333333333
0 0.61328125 0.659375 0.3945312500000001 0.659375 0.3945312500000001 0.6895833333333333 0.61328125 0.6895833333333333
0 0.3656250000000001 0.7927083333333333 0.14218750000000008 0.7927083333333333 0.14218750000000008 0.8229166666666666 0.3656250000000001 0.8229166666666666
0 0.3664062500000001 0.6979166666666666 0.13828125000000005 0.6979166666666666 0.13828125000000008 0.7302083333333333 0.3664062500000001 0.7302083333333333
0 0.875 0.3625000000000001 0.653125 0.3625000000000001 0.653125 0.3937500000000001 0.875 0.3937500000000001
0 0.603125 0.8447916666666667 0.3906250000000001 0.8447916666666667 0.3906250000000001 0.8729166666666667 0.603125 0.8729166666666667
0 0.61328125 0.6895833333333333 0.39531250000000007 0.6895833333333333 0.39531250000000007 0.7197916666666667 0.61328125 0.7197916666666667
0 0.36640625000000004 0.4625000000000001 0.12656250000000005 0.4625 0.12656250000000005 0.49687500000000007 0.3664062500000001 0.4968750000000001
0 0.6203125 0.559375 0.3945312500000001 0.559375 0.3945312500000001 0.5916666666666667 0.6203125 0.5916666666666667
0 0.84375 0.6593750000000002 0.6375 0.659375 0.6375 0.6895833333333334 0.84375 0.6895833333333335
0 0.84453125 0.6291666666666668 0.6375 0.6291666666666667 0.6375 0.6593750000000002 0.84453125 0.6593750000000003
0 0.86953125 0.3958333333333334 0.65078125 0.3958333333333334 0.65078125 0.43020833333333347 0.86953125 0.43020833333333347
0 0.36406250000000007 0.8239583333333333 0.1414062500000001 0.8239583333333333 0.1414062500000001 0.853125 0.36406250000000007 0.853125
0 0.62421875 0.3854166666666668 0.39375 0.3854166666666668 0.39375 0.42083333333333345 0.62421875 0.42083333333333345
0 0.6046875 0.7541666666666667 0.3929687500000001 0.7541666666666667 0.3929687500000001 0.7833333333333333 0.6046875 0.7833333333333333
0 0.36796875000000007 0.7625 0.14062500000000008 0.7625 0.14062500000000008 0.7916666666666666 0.36796875000000007 0.7916666666666666
0 0.3632812500000001 0.884375 0.1437500000000001 0.884375 0.1437500000000001 0.9114583333333334 0.3632812500000001 0.9114583333333334
0 0.86484375 0.4656250000000001 0.64921875 0.4656250000000001 0.64921875 0.49895833333333345 0.86484375 0.49895833333333345
0 0.8671875 0.4322916666666668 0.64765625 0.4322916666666668 0.64765625 0.4656250000000001 0.8671875 0.4656250000000001
0 0.86328125 0.4979166666666668 0.64765625 0.4979166666666668 0.64765625 0.5302083333333335 0.86328125 0.5302083333333335
0 0.60625 0.7833333333333333 0.3929687500000001 0.7833333333333333 0.3929687500000001 0.8125 0.60625 0.8125
0 0.3664062500000001 0.5322916666666667 0.12968750000000004 0.5322916666666667 0.12968750000000004 0.565625 0.3664062500000001 0.565625
0 0.6046875 0.8145833333333333 0.3929687500000001 0.8145833333333333 0.3929687500000001 0.8427083333333333 0.6046875 0.8427083333333333
0 0.36796875 0.3916666666666667 0.12500000000000006 0.39166666666666666 0.12500000000000006 0.42500000000000004 0.36796875 0.4250000000000001
0 0.884375 0.28958333333333347 0.65234375 0.28958333333333347 0.65234375 0.3260416666666668 0.884375 0.3260416666666668