0 0.26416015625000006 0.5950520833333334 0.09960937500000006 0.5950520833333334 0.09960937500000006 0.6263020833333334 0.2641601562500001 0.6263020833333334
0 0.47167968750000006 0.5917968750000001 0.31201171875 0.591796875 0.31201171875000006 0.6223958333333334 0.4716796875000001 0.6223958333333335
0 0.6904296875 0.6269531250000001 0.52099609375 0.6269531250000001 0.52099609375 0.6569010416666669 0.6904296875 0.6569010416666669
0 0.2661132812500001 0.65234375 0.10644531250000006 0.65234375 0.10644531250000006 0.681640625 0.2661132812500001 0.681640625
0 0.2568359375 0.4466145833333333 0.08837890625000003 0.4466145833333333 0.08837890625000004 0.4791666666666667 0.2568359375 0.4791666666666667
0 0.25830078125 0.4778645833333333 0.09179687500000006 0.4778645833333333 0.09179687500000006 0.5104166666666666 0.25830078125 0.5104166666666666
0 0.4726562500000001 0.6477864583333334 0.3139648437500001 0.6477864583333334 0.3139648437500001 0.677734375 0.4726562500000001 0.677734375
0 0.474609375 0.5058593750000001 0.31005859375 0.505859375 0.31005859375 0.5377604166666667 0.474609375 0.5377604166666669
0 0.47509765625 0.4759114583333334 0.3076171875 0.4759114583333333 0.3076171875 0.5065104166666667 0.47509765625 0.5065104166666669
0 0.263671875 0.5657552083333334 0.09765625000000006 0.5657552083333334 0.09765625000000006 0.5970052083333334 0.263671875 0.5970052083333334
0 0.470703125 0.4466145833333334 0.3037109375 0.4466145833333333 0.3037109375 0.47851562500000006 0.470703125 0.47851562500000017
0 0.470703125 0.3548177083333334 0.30029296875 0.3548177083333333 0.30029296875 0.38867187500000006 0.470703125 0.38867187500000017
0 0.47265625 0.5625000000000001 0.3115234375 0.5625 0.3115234375 0.5930989583333334 0.47265625 0.5930989583333335
0 0.6943359375 0.4446614583333335 0.51953125 0.4446614583333335 0.51953125 0.4778645833333335 0.6943359375 0.4778645833333335
0 0.46923828125 0.28971354166666674 0.29833984375 0.28971354166666674 0.29833984375 0.32617187500000006 0.46923828125 0.32617187500000006
0 0.69140625 0.5963541666666669 0.52001953125 0.5963541666666669 0.52001953125 0.6276041666666669 0.69140625 0.6276041666666669
0 0.46875 0.22460937500000008 0.2919921875 0.22460937500000008 0.2919921875 0.2610677083333334 0.46875 0.2610677083333334
0 0.93603515625 0.41601562500000017 0.75 0.41601562500000017 0.75 0.45117187500000017 0.93603515625 0.45117187500000017
0 0.69873046875 0.3489583333333335 0.51904296875 0.3489583333333335 0.51904296875 0.3841145833333335 0.69873046875 0.3841145833333335
0 0.46826171875 0.25781250000000006 0.294921875 0.25781250000000006 0.294921875 0.29296875000000006 0.46826171875 0.29296875000000006
0 0.69775390625 0.3815104166666668 0.51904296875 0.3815104166666668 0.51904296875 0.41601562500000017 0.69775390625 0.41601562500000017
0 0.47021484375 0.32291666666666674 0.29833984375 0.32291666666666674 0.29833984375 0.35807291666666674 0.47021484375 0.3580729166666668
0 0.9423828125 0.3190104166666668 0.75537109375 0.3190104166666668 0.75537109375 0.3561197916666668 0.9423828125 0.3561197916666668
0 0.2607421875 0.5071614583333334 0.09423828125000006 0.5071614583333334 0.09423828125000006 0.5397135416666666 0.2607421875 0.5397135416666666
0 0.47119140625 0.3860677083333334 0.30126953125 0.3860677083333333 0.30126953125 0.41992187500000006 0.47119140625 0.41992187500000017
0 0.9306640625 0.47851562500000017 0.74755859375 0.47851562500000017 0.74755859375 0.5136718750000001 0.9306640625 0.5136718750000001
0 0.93359375 0.44726562500000017 0.7490234375 0.44726562500000017 0.7490234375 0.48242187500000017 0.93359375 0.48242187500000017
0 0.7001953125 0.3157552083333334 0.52001953125 0.3157552083333334 0.52001953125 0.35156250000000017 0.7001953125 0.35156250000000017
0 0.703125 0.21354166666666677 0.5205078125 0.21354166666666674 0.5205078125 0.2519531250000001 0.703125 0.25195312500000017
0 0.68994140625 0.5364583333333335 0.51953125 0.5364583333333335 0.51953125 0.5690104166666669 0.68994140625 0.5690104166666669
0 0.69580078125 0.4127604166666668 0.51904296875 0.4127604166666668 0.51904296875 0.44726562500000017 0.69580078125 0.44726562500000017
0 0.6875 0.5664062500000001 0.51904296875 0.5664062500000001 0.51904296875 0.5989583333333335 0.6875 0.5989583333333335
0 0.93798828125 0.38281250000000017 0.75146484375 0.38281250000000017 0.75146484375 0.4192708333333335 0.93798828125 0.4192708333333335
0 0.47021484375 0.5345052083333334 0.310546875 0.5345052083333334 0.310546875 0.5664062500000001 0.47021484375 0.5664062500000001
0 0.93994140625 0.35156250000000017 0.75341796875 0.35156250000000017 0.75341796875 0.3873697916666668 0.93994140625 0.3873697916666668
0 0.4721679687500001 0.6197916666666667 0.3129882812500001 0.6197916666666666 0.3129882812500001 0.6497395833333334 0.4721679687500001 0.6497395833333335
0 0.92578125 0.5104166666666669 0.7470703125 0.5104166666666669 0.7470703125 0.5442708333333335 0.92578125 0.5442708333333335
0 0.47216796875 0.41666666666666674 0.302734375 0.4166666666666667 0.302734375 0.44986979166666674 0.47216796875 0.4498697916666668
0 0.693359375 0.4752604166666668 0.52001953125 0.4752604166666668 0.52001953125 0.5084635416666669 0.693359375 0.5084635416666669
0 0.69140625 0.5065104166666669 0.52001953125 0.5065104166666669 0.52001953125 0.5390625000000001 0.69140625 0.5390625000000001
0 0.70068359375 0.2838541666666668 0.5205078125 0.28385416666666674 0.5205078125 0.3183593750000001 0.70068359375 0.31835937500000017
0 0.25927734375 0.5377604166666666 0.09472656250000006 0.5377604166666666 0.09472656250000006 0.5690104166666666 0.25927734375 0.5690104166666666
0 0.2431640625 0.19140625000000003 0.06494140625000003 0.19140625 0.06494140625000003 0.2272135416666667 0.2431640625 0.22721354166666674
0 0.92138671875 0.5709635416666669 0.74609375 0.5709635416666669 0.74609375 0.6048177083333335 0.92138671875 0.6048177083333335
0 0.92333984375 0.5410156250000001 0.74609375 0.5410156250000001 0.74609375 0.5748697916666669 0.92333984375 0.5748697916666669
0 0.24560546875000006 0.32356770833333337 0.07568359375000003 0.3235677083333333 0.07568359375000003 0.359375 0.24560546875000006 0.359375
0 0.95166015625 0.21679687500000014 0.7587890625 0.21679687500000014 0.7587890625 0.2545572916666668 0.95166015625 0.2545572916666668
0 0.25732421875 0.416015625 0.08300781250000003 0.416015625 0.08300781250000003 0.4498697916666667 0.25732421875 0.4498697916666667
0 0.919921875 0.6022135416666669 0.74560546875 0.6022135416666669 0.74560546875 0.6354166666666669 0.919921875 0.6354166666666669
0 0.24804687500000006 0.3548177083333333 0.07861328125000003 0.3548177083333333 0.07861328125000003 0.3899739583333333 0.24804687500000006 0.3899739583333333
0 0.2509765625 0.38671875 0.08105468750000003 0.38671875 0.08105468750000003 0.4212239583333333 0.2509765625 0.4212239583333333
0 0.2661132812500001 0.6243489583333334 0.10253906250000006 0.6243489583333334 0.10253906250000006 0.6536458333333334 0.2661132812500001 0.6536458333333334
0 0.91796875 0.6321614583333335 0.7431640625 0.6321614583333335 0.7431640625 0.6640625000000001 0.91796875 0.6640625000000001
0 0.24218750000000003 0.29036458333333337 0.07324218750000003 0.2903645833333333 0.07324218750000003 0.3268229166666667 0.24218750000000006 0.32682291666666674
0 0.92041015625 0.6627604166666669 0.74267578125 0.6627604166666669 0.74267578125 0.6933593750000001 0.92041015625 0.6933593750000003
0 0.94384765625 0.2858072916666668 0.7568359375 0.2858072916666668 0.7568359375 0.3229166666666668 0.94384765625 0.3229166666666668
0 0.7021484375 0.2500000000000001 0.52099609375 0.25000000000000006 0.52099609375 0.2877604166666668 0.7021484375 0.2877604166666668
0 0.947265625 0.2513020833333335 0.75830078125 0.2513020833333335 0.75830078125 0.2897135416666668 0.947265625 0.2897135416666668
0 0.24072265625 0.2584635416666667 0.07031250000000003 0.2584635416666667 0.07031250000000003 0.29622395833333337 0.24072265625 0.2962239583333334
0 0.23828125 0.22656250000000003 0.06787109375000003 0.2265625 0.06787109375000003 0.26367187500000006 0.23828125 0.26367187500000006
0 0.4770507812500001 0.677734375 0.3149414062500001 0.677734375 0.3149414062500001 0.7037760416666666 0.4770507812500001 0.7037760416666666
0 0.68798828125 0.6562500000000001 0.5185546875 0.6562500000000001 0.5185546875 0.6861979166666666 0.68798828125 0.6861979166666666
0 0.91845703125 0.6927083333333335 0.74072265625 0.6927083333333334 0.74072265625 0.7213541666666669 0.91845703125 0.721354166666667
0 0.2675781250000001 0.681640625 0.10791015625000006 0.681640625 0.10791015625000006 0.708984375 0.2675781250000001 0.708984375
0 0.70751953125 0.18033854166666677 0.51904296875 0.18033854166666674 0.51904296875 0.21549479166666677 0.70751953125 0.21549479166666682
0 0.47216796875 0.1927083333333334 0.291015625 0.1927083333333334 0.291015625 0.22526041666666674 0.47216796875 0.22526041666666674
0 0.9580078125 0.18294270833333348 0.759765625 0.18294270833333348 0.759765625 0.21875000000000014 0.9580078125 0.21875000000000014
0 0.6904296875 0.6861979166666666 0.51953125 0.6861979166666666 0.51953125 0.712890625 0.6904296875 0.712890625