0 0.778279629645421 0.8691125124863285 0.10460082500207618 0.860685509348775 0.10283742013888908 0.905289818359375 0.7765162247822338 0.9137168214969286
0 0.7781609347793765 0.821405136481726 0.10735782762921997 0.8138694568911423 0.10577030083595475 0.8585829664055101 0.7765734079861112 0.8661186459960938
0 0.7767852973435777 0.7773673691842101 0.1180864141097151 0.7657394749463668 0.1157743038194446 0.8071813554687499 0.7744731870533071 0.8188092497065932
0 0.7729554638141772 0.735697407109173 0.12731501330155262 0.7195121982574426 0.12375978472222239 0.7643851879882814 0.769400235234847 0.7805703968400117
0 0.7718547526750926 0.6928729975125639 0.1341303776041668 0.6804126831054687 0.13160197388740769 0.7213571753389985 0.7693263489583334 0.7338174897460937
0 0.7430568404994515 0.057294559346785415 0.2532542021000554 0.033873478614934324 0.2497638225381039 0.05696921956111771 0.7395664609375 0.0803903002929688
0 0.7397233184963589 0.08237910543169985 0.24780277795601607 0.058202291447943366 0.24418628993055563 0.08148470361328128 0.7361068304708983 0.10566151759703776
0 0.7428915885332597 0.10687940355125869 0.24225005374020694 0.08245319636110564 0.23837655989583334 0.10757314599609374 0.739018094688886 0.1319993531862468
0 0.7491074480701712 0.1340154388190603 0.2319310657582424 0.10897758306730346 0.2276811866319444 0.13675316601562504 0.7448575689438731 0.1617910217673819
0 0.747271433493601 0.16017720591510604 0.2251324618017024 0.13873168735327795 0.22136453732638897 0.16775832958984377 0.7435035090182875 0.18920384815167185
0 0.7453739907981701 0.18824651194873387 0.21945297560938581 0.16840978623964256 0.2162269166666667 0.1954722846679688 0.7421479318554511 0.2153090103770601
0 0.7510041301537441 0.2170219113486859 0.21922174218750007 0.1971243237304688 0.2158594792243061 0.22555650991299955 0.74764186719055 0.24545409753121666
0 0.7472185642167166 0.2449889485602147 0.21389884822429064 0.22566369057551616 0.2104960104166667 0.2553768369140625 0.7438157264090927 0.2747020948987611
0 0.7529553893216197 0.27452992365737533 0.2071839939361617 0.25602893525950715 0.20411545791315322 0.2846701951958818 0.7498868532986112 0.30317118359375
0 0.7720067086005691 0.654970326082851 0.14275945481529295 0.6381094681572804 0.13932155729166684 0.6787051313476561 0.768568811076943 0.6955659892732267
0 0.7678852867633246 0.6163299544144681 0.14521323617973328 0.6003396799728901 0.14225062239583344 0.6368422587890625 0.7649226729794247 0.6528325332306406
0 0.7635516200239671 0.577081211108238 0.15100859138735026 0.563658848410776 0.14868027865505007 0.5972785611306632 0.7612233072916669 0.6107009238281252
0 0.7588325012463105 0.5408567818746168 0.1578510420188045 0.5242825353728291 0.15477266406250012 0.5596003867187501 0.755754123290006 0.5761746332205379
0 0.7541057363547629 0.5046840953136411 0.16441656250000014 0.4910930166015625 0.16196972805495966 0.5246837020496403 0.7516589019097224 0.538274780761719
0 0.7544716608760219 0.46977521688285045 0.16966176008997078 0.45436173485270553 0.16693688802083345 0.48707358642578125 0.7517467888068846 0.5024870684559262
0 0.7555785500129661 0.43742154367978525 0.17823081587051717 0.4206391520352058 0.17536916516310674 0.4517882367733894 0.7527168993055557 0.46857062841796887
0 0.7511941421994985 0.4015763385530012 0.18287803515188167 0.3856793373224084 0.18005060823016109 0.417661748281126 0.7483667152777779 0.4335587495117188
0 0.7547558468260087 0.30576870995029587 0.20015391796264606 0.2851153226409656 0.19641100260416675 0.31691664257812496 0.7510129314675293 0.3375700298874552
0 0.74926512654045 0.3367601624966705 0.19807590519533233 0.31870766537456485 0.1947311145923825 0.3510206757294569 0.7459203359375002 0.36907317285156255
0 0.7537252914836585 0.3692823850939302 0.19209103319961324 0.3515139676883844 0.18898061371527788 0.3826217363281251 0.7506148719993233 0.4003901537336709
0 0.7882712796453102 0.9176073125362953 0.09223081802400813 0.9067483178782777 0.08974538975694465 0.9571553530273437 0.7857858513782467 0.9680143476853613
0 0.7494707130082705 0.03250916609274565 0.2571029265913858 0.005248490698617098 0.25244101393033747 0.031890207418371494 0.7448088003472222 0.05915088281250004