0 0.7685185185185186 0.471875 0.24907407407407417 0.471875 0.24907407407407417 0.5020833333333333 0.7685185185185187 0.5020833333333333
0 0.7657407407407409 0.6 0.25555555555555565 0.6 0.25555555555555565 0.6296875 0.7657407407407409 0.6296875
0 0.7629629629629632 0.8776041666666666 0.2685185185185187 0.8776041666666666 0.2685185185185187 0.9078125 0.7629629629629632 0.9078125
0 0.7722222222222223 0.4390625 0.24074074074074084 0.4390625 0.24074074074074084 0.46979166666666666 0.7722222222222223 0.46979166666666666
0 0.7648148148148151 0.7572916666666667 0.25740740740740764 0.7572916666666667 0.25740740740740764 0.7859375 0.7648148148148151 0.7859375
0 0.7666666666666668 0.5682291666666667 0.24722222222222232 0.5682291666666667 0.24722222222222232 0.5979166666666667 0.7666666666666668 0.5979166666666667
0 0.7685185185185187 0.7869791666666667 0.2601851851851854 0.7869791666666667 0.2601851851851854 0.815625 0.7685185185185187 0.815625
0 0.7694444444444445 0.303125 0.2342592592592593 0.303125 0.2342592592592593 0.33541666666666664 0.7694444444444445 0.33541666666666664
0 0.7657407407407409 0.7244791666666667 0.2583333333333334 0.7244791666666667 0.25833333333333347 0.7546875 0.7657407407407409 0.7546875
0 0.7722222222222223 0.12500000000000006 0.22407407407407412 0.12500000000000003 0.22407407407407412 0.15937500000000002 0.7722222222222223 0.15937500000000007
0 0.7657407407407409 0.5041666666666667 0.24907407407407417 0.5041666666666667 0.24907407407407417 0.5348958333333333 0.7657407407407409 0.5348958333333333
0 0.7712962962962963 0.15989583333333338 0.22870370370370377 0.15989583333333332 0.22870370370370377 0.19375000000000003 0.7712962962962963 0.19375000000000006
0 0.7731481481481481 0.19427083333333336 0.22870370370370377 0.19427083333333334 0.22870370370370377 0.22968750000000002 0.7731481481481481 0.22968750000000007
0 0.7638888888888891 0.6328125 0.25555555555555565 0.6328125 0.25555555555555565 0.6614583333333334 0.7638888888888891 0.6614583333333334
0 0.7666666666666668 0.5359375 0.24907407407407417 0.5359375 0.24907407407407417 0.5661458333333333 0.7666666666666668 0.5661458333333333
0 0.7666666666666668 0.8171875 0.2638888888888891 0.8171875 0.2638888888888891 0.8473958333333333 0.7666666666666668 0.8473958333333333
0 0.7703703703703704 0.40625 0.24722222222222232 0.40625 0.24722222222222232 0.4375 0.7703703703703704 0.4375
0 0.7648148148148151 0.6921875 0.25740740740740753 0.6921875 0.25740740740740753 0.7223958333333333 0.7648148148148151 0.7223958333333333
0 0.7759259259259259 0.23125000000000004 0.23240740740740745 0.23125 0.23240740740740745 0.26666666666666666 0.7759259259259259 0.26666666666666666
0 0.7620370370370373 0.8473958333333333 0.26574074074074094 0.8473958333333333 0.26574074074074094 0.878125 0.7620370370370373 0.878125
0 0.7703703703703704 0.26927083333333335 0.2342592592592593 0.26927083333333335 0.2342592592592593 0.3020833333333333 0.7703703703703704 0.3020833333333333
0 0.7712962962962963 0.3390625 0.23796296296296307 0.3390625 0.23796296296296307 0.37135416666666665 0.7712962962962963 0.37135416666666665
0 0.7768518518518519 0.3703125 0.23981481481481493 0.3703125 0.23981481481481493 0.403125 0.7768518518518519 0.403125
0 0.7629629629629632 0.6630208333333333 0.25740740740740753 0.6630208333333333 0.25740740740740753 0.6901041666666666 0.7629629629629632 0.6901041666666666
0 0.774074074074074 0.046875000000000035 0.22592592592592592 0.046875000000000014 0.22592592592592592 0.08645833333333337 0.774074074074074 0.08645833333333339
0 0.7703703703703704 0.08854166666666671 0.2222222222222222 0.0885416666666667 0.22222222222222224 0.12395833333333338 0.7703703703703704 0.12395833333333339
0 0.7629629629629632 0.9098958333333333 0.2703703703703706 0.9098958333333333 0.2703703703703706 0.9401041666666666 0.7629629629629632 0.9401041666666666