0 0.7628610869542496 0.8970898502123559 0.06188787916639901 0.8764255977207572 0.057390669816316145 0.9246947728990265 0.7583638776041668 0.9453590253906251
0 0.7578365441825868 0.8475175347178558 0.07107154874907941 0.8271630928191632 0.06672284809027797 0.8735882646484375 0.7534878435237854 0.8939427065471302
0 0.762403053570898 0.8021135268284535 0.07996471788836348 0.7752961039904835 0.07345771614583353 0.8276889936523438 0.7558960518283679 0.8545064164903138
0 0.7613182791245267 0.7574470908107678 0.0950805234616934 0.7327991361425066 0.08967201909722239 0.779055404296875 0.7559097747600556 0.8037033589651362
0 0.7586433081597223 0.06051710644531251 0.25727167071615636 0.03309898619970536 0.253291609375 0.05612702246093752 0.7546632468185659 0.08354514270654467
0 0.7559577595300442 0.08603487174282809 0.2502915659722223 0.05967090478515627 0.24598698587674925 0.08579426312660297 0.751653179434571 0.1121582300842748
0 0.758970787817239 0.11114669024379523 0.2432256852809582 0.0882021944098412 0.2397333262831636 0.11304041774026476 0.7554784288194445 0.13598491357421877
0 0.7642447833562123 0.1390327461748779 0.23701861822703968 0.11463074842277939 0.23338987046110538 0.13943770049008908 0.7606160355902779 0.16383969824218758
0 0.7673096319804807 0.16465774248571788 0.22684669023222626 0.14257579904597098 0.22336281519618995 0.16955544523212815 0.7638257569444443 0.19163738867187505
0 0.758904646185333 0.19311747021883827 0.21956214717448855 0.1700947506854974 0.21608095572916672 0.19589839111328125 0.7554234547400112 0.21892111064662212
0 0.759130709393784 0.21977132717899078 0.21867188184774433 0.1989166215661998 0.21517239033590468 0.2276117748559591 0.7556312178819444 0.24846648046875008
0 0.7592768404007935 0.25078069120046287 0.20896673848536512 0.22848541437725195 0.2053814592013889 0.256485712890625 0.7556915611168172 0.27878098971383597
0 0.755170393993382 0.2821442350285377 0.20345360069444451 0.261523623046875 0.19993329003439572 0.29132529963943105 0.7516500833333333 0.31194591162109375
0 0.7580888185505761 0.31378414425141327 0.19412475715852506 0.29220888767049347 0.19046099392361118 0.32251065185546873 0.7544250553156622 0.34408590843638853
0 0.7549963946193637 0.7120835491171834 0.10317714738471592 0.6927159628246597 0.09935748800840778 0.7333903829457576 0.7511767352430556 0.7527579692382813
0 0.7579619361870982 0.670845194634901 0.10970627323395837 0.65109543620912 0.10599953669963803 0.6895919412812505 0.754255199652778 0.7093416997070314
0 0.7549143048346488 0.6288712897296401 0.11954370243441748 0.6105171155292999 0.11602775263449111 0.6490276890809099 0.7513983550347224 0.6673818632812502
0 0.7619491985989661 0.3459759279150278 0.1876304826199698 0.32352075959650956 0.18385904861111121 0.3540410190429688 0.7581777645901076 0.37649618736148704
0 0.7587778064472048 0.3767896872160682 0.17910510714751324 0.3564071986601145 0.17537186059614182 0.3900008620299838 0.7550445598958334 0.4103833505859375
0 0.75663937273219 0.410997533525577 0.17312129774305562 0.38996555029296875 0.16935755087892124 0.4230055128611418 0.7528756258680556 0.44403749609375
0 0.7535209329207114 0.44566128099561625 0.16858048358167077 0.42402925086101 0.1645034071180556 0.4589118056640625 0.7494438564570962 0.4805438357986687
0 0.7597886194893029 0.5910041283358013 0.12908342911824328 0.570745426048296 0.12534283046227385 0.6075923255445262 0.7560480208333336 0.6278510278320315
0 0.7528394876680955 0.5522032317964133 0.1391849758085698 0.5320084553255917 0.13557675376547446 0.5666999642518349 0.7492312656250002 0.5868947407226565
0 0.754591668577282 0.47992919722990196 0.15538276893334058 0.4609840315344038 0.15202465764772544 0.49459027619903323 0.7512335572916667 0.5135354418945314
0 0.7574381865671076 0.5165109532198955 0.15074453922900227 0.49478360259948867 0.14682351041666677 0.5294259858398437 0.7535171577547721 0.5511533364602506
0 0.7655067222666133 0.9477346750111127 0.047550904315256354 0.9282293719728254 0.04306978906250019 0.9804180366210938 0.7610256070138571 0.9999233396593812
0 0.7619461754639215 0.034648368430153176 0.2638180729166667 0.00786112841796877 0.2597028557860783 0.0320742555932844 0.7578309583333332 0.0588614956054688