0 0.751953125 0.88671875 0.53759765625 0.88671875 0.53759765625 0.9153645833333334 0.751953125 0.9153645833333334
0 0.96142578125 0.1139322916666668 0.763671875 0.11393229166666678 0.763671875 0.1451822916666668 0.96142578125 0.14518229166666682
0 0.97900390625 0.8587239583333335 0.7724609375 0.8587239583333334 0.7724609375 0.8886718750000001 0.97900390625 0.8886718750000003
0 0.53076171875 0.4700520833333334 0.31982421875 0.4700520833333333 0.31982421875 0.5013020833333334 0.53076171875 0.5013020833333335
0 0.7470703125 0.14713541666666677 0.55224609375 0.14713541666666674 0.55224609375 0.1738281250000001 0.7470703125 0.17382812500000014
0 0.97021484375 0.7636718750000001 0.77392578125 0.763671875 0.77392578125 0.7923177083333335 0.97021484375 0.7923177083333336
0 0.74755859375 0.3567708333333335 0.55029296875 0.3567708333333335 0.55029296875 0.38476562500000017 0.74755859375 0.38476562500000017
0 0.75048828125 0.2649739583333334 0.546875 0.2649739583333334 0.546875 0.2936197916666668 0.75048828125 0.2936197916666668
0 0.30908203125 0.4049479166666667 0.10791015625000003 0.4049479166666667 0.10791015625000003 0.4348958333333333 0.30908203125 0.4348958333333333
0 0.30322265625 0.3736979166666667 0.10595703125000003 0.3736979166666667 0.10595703125000003 0.4036458333333333 0.30322265625 0.4036458333333333
0 0.748046875 0.2968750000000001 0.55029296875 0.29687500000000006 0.55029296875 0.3261718750000001 0.748046875 0.32617187500000017
0 0.74560546875 0.69140625 0.54248046875 0.69140625 0.54248046875 0.720703125 0.74560546875 0.720703125
0 0.751953125 0.5403645833333335 0.5458984375 0.5403645833333335 0.5458984375 0.5696614583333335 0.751953125 0.5696614583333335
0 0.7509765625 0.5084635416666669 0.54638671875 0.5084635416666669 0.54638671875 0.5377604166666669 0.7509765625 0.5377604166666669
0 0.96337890625 0.3020833333333335 0.76708984375 0.3020833333333335 0.76708984375 0.3287760416666668 0.96337890625 0.3287760416666668
0 0.52880859375 0.4427083333333334 0.3232421875 0.4427083333333333 0.3232421875 0.47330729166666674 0.52880859375 0.4733072916666668
0 0.966796875 0.3626302083333335 0.76806640625 0.3626302083333335 0.76806640625 0.39062500000000017 0.966796875 0.39062500000000017
0 0.751953125 0.6647135416666669 0.54248046875 0.6647135416666669 0.54248046875 0.6940104166666666 0.751953125 0.6940104166666666
0 0.5361328125 0.3802083333333334 0.326171875 0.3802083333333333 0.326171875 0.4095052083333334 0.5361328125 0.4095052083333335
0 0.96630859375 0.3313802083333335 0.76904296875 0.3313802083333335 0.76904296875 0.3600260416666668 0.96630859375 0.3600260416666668
0 0.7490234375 0.6328125000000001 0.54833984375 0.6328125000000001 0.54833984375 0.6621093750000001 0.7490234375 0.6621093750000001
0 0.74755859375 0.17708333333333345 0.5478515625 0.1770833333333334 0.5478515625 0.20377604166666677 0.74755859375 0.20377604166666682
0 0.7509765625 0.4778645833333335 0.54931640625 0.4778645833333335 0.54931640625 0.5065104166666669 0.7509765625 0.5065104166666669
0 0.30810546875 0.435546875 0.10839843750000003 0.435546875 0.10839843750000004 0.4654947916666667 0.30810546875 0.4654947916666667
0 0.74755859375 0.5709635416666669 0.5458984375 0.5709635416666669 0.5458984375 0.6002604166666669 0.74755859375 0.6002604166666669
0 0.75048828125 0.20638020833333345 0.55078125 0.2063802083333334 0.55078125 0.23372395833333345 0.75048828125 0.23372395833333348
0 0.75 0.8528645833333334 0.54931640625 0.8528645833333334 0.54931640625 0.8828125 0.75 0.8828125
0 0.96533203125 0.27148437500000017 0.7666015625 0.27148437500000017 0.7666015625 0.2981770833333335 0.96533203125 0.2981770833333335
0 0.74951171875 0.2363281250000001 0.548828125 0.23632812500000008 0.548828125 0.2636718750000001 0.74951171875 0.26367187500000017
0 0.7509765625 0.4466145833333335 0.55322265625 0.4466145833333335 0.55322265625 0.4752604166666668 0.7509765625 0.4752604166666668
0 0.53271484375 0.31705729166666674 0.32373046875 0.31705729166666674 0.32373046875 0.34570312500000006 0.53271484375 0.34570312500000017
0 0.30859375 0.2233072916666667 0.11425781250000003 0.22330729166666666 0.11425781250000003 0.2506510416666667 0.30859375 0.25065104166666674
0 0.7490234375 0.3261718750000001 0.55029296875 0.32617187500000006 0.55029296875 0.35546875000000017 0.7490234375 0.35546875000000017
0 0.30810546875 0.31380208333333337 0.11181640625000003 0.3138020833333333 0.11181640625000003 0.3424479166666667 0.30810546875 0.3424479166666667
0 0.74658203125 0.6022135416666669 0.548828125 0.6022135416666669 0.548828125 0.6315104166666669 0.74658203125 0.6315104166666669
0 0.3110351562500001 0.654296875 0.09570312500000006 0.654296875 0.09570312500000006 0.6842447916666666 0.3110351562500001 0.6842447916666666
0 0.3046875 0.4967447916666667 0.10449218750000006 0.4967447916666667 0.10449218750000006 0.52734375 0.3046875 0.52734375
0 0.74658203125 0.7265625 0.5478515625 0.7265625 0.5478515625 0.755859375 0.74658203125 0.755859375
0 0.75390625 0.11588541666666675 0.55126953125 0.11588541666666674 0.55126953125 0.14843750000000008 0.75390625 0.1484375000000001
0 0.96533203125 0.21028645833333348 0.767578125 0.21028645833333348 0.767578125 0.23828125000000014 0.96533203125 0.23828125000000014
0 0.74853515625 0.8229166666666666 0.54736328125 0.8229166666666666 0.54736328125 0.8528645833333334 0.74853515625 0.8528645833333334
0 0.53564453125 0.1927083333333334 0.33056640625 0.1927083333333334 0.33056640625 0.2200520833333334 0.53564453125 0.2200520833333334
0 0.310546875 0.2545572916666667 0.11279296875000003 0.2545572916666667 0.11279296875000003 0.2819010416666667 0.310546875 0.28190104166666674
0 0.30712890625 0.28450520833333337 0.11230468750000003 0.2845052083333333 0.11230468750000003 0.31184895833333337 0.30712890625 0.3118489583333334
0 0.9638671875 0.24023437500000014 0.77001953125 0.24023437500000014 0.77001953125 0.2682291666666668 0.9638671875 0.2682291666666668
0 0.74755859375 0.7571614583333334 0.54443359375 0.7571614583333334 0.54443359375 0.787109375 0.74755859375 0.787109375
0 0.9697265625 0.6692708333333335 0.7724609375 0.6692708333333334 0.7724609375 0.6998697916666669 0.9697265625 0.699869791666667
0 0.966796875 0.4837239583333335 0.76904296875 0.4837239583333335 0.76904296875 0.5130208333333335 0.966796875 0.5130208333333335
0 0.30615234375 0.4661458333333333 0.10546875000000006 0.4661458333333333 0.10546875000000006 0.4954427083333333 0.30615234375 0.4954427083333333
0 0.96533203125 0.39453125000000017 0.76708984375 0.39453125000000017 0.76708984375 0.4225260416666668 0.96533203125 0.4225260416666668
0 0.3076171875000001 0.62109375 0.09912109375000006 0.62109375 0.09912109375000006 0.6516927083333334 0.3076171875000001 0.6516927083333334
0 0.30908203125 0.3450520833333333 0.11035156250000003 0.3450520833333333 0.11035156250000003 0.3723958333333333 0.30908203125 0.3723958333333333
0 0.7509765625 0.7897135416666666 0.5458984375 0.7897135416666666 0.5458984375 0.8203125 0.7509765625 0.8203125
0 0.533203125 0.4114583333333334 0.326171875 0.4114583333333333 0.326171875 0.4407552083333334 0.533203125 0.4407552083333335
0 0.96630859375 0.5136718750000001 0.7724609375 0.5136718750000001 0.7724609375 0.5436197916666669 0.96630859375 0.5436197916666669
0 0.75146484375 0.41601562500000017 0.552734375 0.41601562500000017 0.552734375 0.44531250000000017 0.75146484375 0.44531250000000017
0 0.53076171875 0.34960937500000006 0.3232421875 0.349609375 0.3232421875 0.37890625000000006 0.53076171875 0.37890625000000017
0 0.96435546875 0.42187500000000017 0.76806640625 0.42187500000000017 0.76806640625 0.4518229166666668 0.96435546875 0.4518229166666668
0 0.7470703125 0.3860677083333335 0.55029296875 0.3860677083333335 0.55029296875 0.4134114583333335 0.7470703125 0.4134114583333335
0 0.96630859375 0.17968750000000014 0.76513671875 0.17968750000000014 0.76513671875 0.20833333333333348 0.96630859375 0.20833333333333348
0 0.3076171875 0.19270833333333337 0.11035156250000003 0.19270833333333334 0.11035156250000003 0.22005208333333337 0.3076171875 0.2200520833333334
0 0.96923828125 0.5449218750000001 0.771484375 0.5449218750000001 0.771484375 0.5735677083333335 0.96923828125 0.5735677083333335
0 0.97412109375 0.7311197916666669 0.7724609375 0.7311197916666666 0.7724609375 0.7623697916666669 0.97412109375 0.762369791666667
0 0.97119140625 0.7005208333333335 0.7705078125 0.7005208333333334 0.7705078125 0.7311197916666669 0.97119140625 0.731119791666667
0 0.97265625 0.8235677083333335 0.7724609375 0.8235677083333334 0.7724609375 0.8541666666666669 0.97265625 0.854166666666667
0 0.96533203125 0.1510416666666668 0.76708984375 0.15104166666666677 0.76708984375 0.17838541666666682 0.96533203125 0.17838541666666682
0 0.533203125 0.1634114583333334 0.328125 0.16341145833333337 0.328125 0.19205729166666674 0.533203125 0.19205729166666674
0 0.96875 0.6067708333333335 0.77001953125 0.6067708333333335 0.77001953125 0.6360677083333335 0.96875 0.6360677083333335
0 0.31005859375 0.16210937500000003 0.11572265625000003 0.16210937500000003 0.11572265625000003 0.19075520833333337 0.31005859375 0.1907552083333334
0 0.533203125 0.28580729166666674 0.32666015625 0.28580729166666674 0.32666015625 0.31445312500000006 0.533203125 0.31445312500000006
0 0.5380859375 0.1315104166666667 0.3291015625 0.1315104166666667 0.3291015625 0.16015625000000006 0.5380859375 0.16015625000000008
0 0.96826171875 0.6380208333333335 0.771484375 0.6380208333333335 0.771484375 0.6679687500000001 0.96826171875 0.6679687500000003
0 0.533203125 0.2239583333333334 0.32958984375 0.2239583333333334 0.32958984375 0.25260416666666674 0.533203125 0.25260416666666674
0 0.966796875 0.5755208333333335 0.77294921875 0.5755208333333335 0.77294921875 0.6048177083333335 0.966796875 0.6048177083333335
0 0.3056640625 0.5592447916666666 0.10351562500000006 0.5592447916666666 0.10351562500000006 0.5891927083333334 0.3056640625 0.5891927083333334
0 0.97265625 0.7936197916666669 0.77490234375 0.7936197916666666 0.77490234375 0.8229166666666669 0.97265625 0.822916666666667
0 0.96533203125 0.4544270833333335 0.76708984375 0.4544270833333335 0.76708984375 0.48242187500000017 0.96533203125 0.48242187500000017
0 0.302734375 0.5279947916666666 0.10498046875000006 0.5279947916666666 0.10498046875000006 0.55859375 0.302734375 0.55859375
0 0.30419921875000006 0.5904947916666666 0.10058593750000006 0.5904947916666666 0.10058593750000006 0.62109375 0.3041992187500001 0.62109375
0 0.30908203125 0.09700520833333337 0.1171875 0.09700520833333337 0.1171875 0.1295572916666667 0.30908203125 0.1295572916666667
0 0.31005859375 0.1334635416666667 0.1142578125 0.1334635416666667 0.11425781250000001 0.16145833333333337 0.31005859375 0.16145833333333337
0 0.53271484375 0.25651041666666674 0.32861328125 0.25651041666666674 0.32861328125 0.2845052083333334 0.53271484375 0.2845052083333334
0 0.53759765625 0.09505208333333338 0.328125 0.09505208333333337 0.328125 0.1295572916666667 0.53759765625 0.12955729166666674