0 0.7248803333333335 0.15934300000000007 0.29124 0.15919775000000003 0.29121583149654245 0.19978464374341304 0.7248561648298758 0.19992989374341308
0 0.7163036666666666 0.20240175 0.29598833333333335 0.20074675 0.29573180219808687 0.23739386958435457 0.7160471355314201 0.23904886958435456
0 0.7116853333333334 0.24051150000000004 0.294933 0.23794325000000002 0.29453138234534987 0.2746018660846333 0.7112837156786832 0.2771701160846333
0 0.7083866666666667 0.28109550000000005 0.3012643333333334 0.27355675000000007 0.3001042312854694 0.3087974320898715 0.7072265646188028 0.31633618208987146
0 0.7057476666666669 0.31716625 0.30020933333333333 0.30837899999999996 0.29883008585045895 0.344183998215679 0.7043684191837926 0.35297124821567905
0 0.6965113333333335 0.35329600000000005 0.300678555253604 0.3415853087977604 0.29890094177231114 0.3753831598089908 0.6947337198520408 0.38709385101123045
0 0.691893 0.38738700000000004 0.3044300000000001 0.375649 0.3026107266337842 0.409428764688656 0.6900737266337842 0.42116676468865605
0 0.6866150000000002 0.4225267500000001 0.3049043933376967 0.40964609781903305 0.303119870969861 0.43939294193516354 0.6848304776321644 0.4522735941161306
0 0.6839760000000003 0.4561227500000001 0.30812333333333336 0.44014925 0.30583903133840723 0.4703831098553264 0.681691698005074 0.48635660985532647
0 0.6798491503502527 0.4868311426758683 0.3107613333333334 0.46982725000000003 0.3082905163164141 0.4999951073241317 0.6773783333333334 0.516999
0 0.6760590000000001 0.51944425 0.31287200000000004 0.49792225000000007 0.31004935459665367 0.5247155691761521 0.6732363545966539 0.5462375691761522
0 0.6727603333333335 0.5496347500000001 0.3149823333333334 0.5287875000000001 0.31226158050163727 0.5550524436963131 0.6700395805016374 0.5758996936963131
0 0.6668223333333333 0.5788355 0.31498233333333336 0.5556955 0.31185612502358934 0.5824330923328195 0.6636961250235892 0.6055730923328194
0 0.6410923333333335 0.8128185000000001 0.32606200000000013 0.7784780000000001 0.32224822162806693 0.7981579384945005 0.6372785549614003 0.8324984384945004
0 0.6457103333333335 0.7875772500000001 0.3223686666666669 0.7527572500000002 0.3180310523465841 0.7754144566924814 0.6413727190132507 0.8102344566924814
0 0.6476896666666668 0.7628307500000001 0.32215727598332605 0.7293344532377464 0.31822642956900604 0.7508229489618123 0.6437588202523468 0.7843192457240661
0 0.6503286666666667 0.7390742500000002 0.3213136666666668 0.7076467500000001 0.3172701736269994 0.7314581587224874 0.6462851736269993 0.7628856587224875
0 0.6556066666666666 0.71383275 0.3186756666666667 0.68192575 0.3146146559886765 0.7060476580035597 0.6515456559886764 0.7379546580035599
0 0.6615443333333335 0.6856220000000001 0.31979400000000013 0.656421 0.31575900915461963 0.6829839498939502 0.657509342487953 0.7121849498939502
0 0.6602250000000001 0.6594497500000001 0.31867566666666675 0.6324625000000001 0.3152557641636647 0.6568086930626691 0.656805097496998 0.683795943062669
0 0.6635236666666667 0.6332187500000003 0.31973066666666683 0.6059502500000001 0.31613056210311313 0.6314815790379932 0.6599235621031131 0.6587500790379933
0 0.6670078601558266 0.6066552314190958 0.31551 0.5802292499999999 0.31202580651084005 0.6062977685809041 0.6635236666666667 0.63272375