0 0.9521976484375 0.16817728320312506 0.10928470312500002 0.16296024267578124 0.10818380477498843 0.21923981488709998 0.9510967500874885 0.2244568554144438
0 0.9438398645833335 0.22684139648437507 0.12131880272484571 0.22180429459463155 0.12036436892361116 0.2711168100585937 0.9428854307820989 0.27615391194833727
0 0.865595488715278 0.8505960351562502 0.14633207204861132 0.8355495854492188 0.14364181910740456 0.8762399988620286 0.8629052357740713 0.89128644856906
0 0.8706292343750003 0.81122503515625 0.1461877378472224 0.7969310390625 0.14382719555088797 0.8347845790501047 0.8682686920786659 0.8490785751438548
0 0.8722830135562742 0.7708131276846193 0.14495073437500017 0.755430171875 0.14220552116594815 0.7964991789560057 0.8695378003472222 0.8118821347656251
0 0.8755668389404794 0.7256860214813005 0.13618356076388907 0.7123940874023438 0.13378051349007672 0.7546890664093246 0.8731637916666669 0.7679810004882813
0 0.8828530625000001 0.6820566274414063 0.13879966579861125 0.6702541484374999 0.13672533576108312 0.7116306508777945 0.8807787324624718 0.7234331298817009
0 0.8908349305555555 0.6365290747070312 0.1378708541666668 0.6237964160156249 0.1354710981518076 0.6686985830904458 0.8884351745406963 0.6814312417818522
0 0.8958476588541671 0.5892661362304689 0.133089381076389 0.5779780253906251 0.1310468847565914 0.6216469000706778 0.8938051625343694 0.6329350109105215
0 0.906060129340278 0.5409092949218751 0.12975703211805567 0.5292852895507814 0.12759633957007765 0.5749429384981025 0.9038994367923 0.5865669438691963
0 0.9117087126736111 0.49125399560546873 0.12887522135416676 0.4820704667968749 0.12707463461598836 0.530634964968372 0.9099081259354327 0.5398184937769659
0 0.9193832109375 0.44283505371093745 0.12444581336805564 0.43058105371093747 0.1220225477818601 0.4803205200125979 0.9169599453513045 0.4925745200125979
0 0.9241673602430556 0.39294128564453124 0.12378304600694452 0.37983791259765626 0.12115766185639343 0.43057825296164015 0.9215419760925045 0.44368162600851513
0 0.9297025407986109 0.33803134082031255 0.12058371875000004 0.3290024721679688 0.11885333555347505 0.37806685174377525 0.9279721576020861 0.387095720396119
0 0.9379492960069444 0.2807825766601563 0.11637866927083339 0.2738991162109375 0.11492369782503836 0.32884530906636517 0.9364943245611494 0.335728769515584
0 0.9707817161458334 0.10551122363281255 0.10018173784722223 0.10485760595703125 0.10003824718544653 0.16533089026494494 0.9706382254840578 0.16598450794072625
0 0.8598959427083336 0.8935058598632812 0.15522961805555577 0.8764856479492187 0.1519070247048947 0.9200108503720539 0.8565733493576725 0.9370310622861164