0 0.697265625 0.1210937500000001 0.5029296875 0.12109375000000007 0.5029296875 0.14778645833333343 0.697265625 0.14778645833333345
0 0.701171875 0.6940104166666666 0.50537109375 0.6940104166666666 0.50537109375 0.7213541666666666 0.701171875 0.7213541666666666
0 0.705078125 0.6627604166666669 0.5068359375 0.6627604166666669 0.5068359375 0.6907552083333334 0.705078125 0.6907552083333334
0 0.2646484375000001 0.7688802083333334 0.05175781250000007 0.7688802083333334 0.05175781250000007 0.7981770833333334 0.2646484375000001 0.7981770833333334
0 0.91015625 0.1569010416666668 0.7197265625 0.15690104166666677 0.7197265625 0.18424479166666682 0.91015625 0.18424479166666682
0 0.2631835937500001 0.7981770833333334 0.05566406250000007 0.7981770833333334 0.05566406250000007 0.8268229166666666 0.2631835937500001 0.8268229166666666
0 0.7060546875 0.8203125 0.50732421875 0.8203125 0.50732421875 0.84765625 0.7060546875 0.84765625
0 0.48681640625000006 0.6028645833333334 0.27783203125 0.6028645833333334 0.27783203125000006 0.6328125000000001 0.4868164062500001 0.6328125000000001
0 0.6962890625 0.4212239583333335 0.5029296875 0.4212239583333335 0.5029296875 0.4485677083333335 0.6962890625 0.4485677083333335
0 0.2646484375000001 0.7018229166666666 0.05664062500000007 0.7018229166666666 0.05664062500000007 0.7291666666666666 0.2646484375000001 0.7291666666666666
0 0.7001953125 0.4518229166666668 0.50341796875 0.4518229166666668 0.50341796875 0.47851562500000017 0.7001953125 0.47851562500000017
0 0.2626953125000001 0.7337239583333334 0.05664062500000007 0.7337239583333334 0.05664062500000007 0.76171875 0.2626953125000001 0.76171875
0 0.6865234375 0.3320312500000001 0.52001953125 0.33203125000000006 0.52001953125 0.3606770833333335 0.6865234375 0.3606770833333335
0 0.68603515625 0.3619791666666668 0.5205078125 0.3619791666666668 0.5205078125 0.39062500000000017 0.68603515625 0.39062500000000017
0 0.2602539062500001 0.830078125 0.05664062500000007 0.830078125 0.056640625000000076 0.8587239583333334 0.2602539062500001 0.8587239583333334
0 0.2656250000000001 0.6067708333333334 0.060546875000000056 0.6067708333333334 0.060546875000000056 0.6354166666666666 0.2656250000000001 0.6354166666666666
0 0.4907226562500001 0.7337239583333334 0.2797851562500001 0.7337239583333334 0.2797851562500001 0.7630208333333334 0.4907226562500001 0.7630208333333334
0 0.2607421875000001 0.669921875 0.057617187500000056 0.669921875 0.05761718750000006 0.69921875 0.2607421875000001 0.69921875
0 0.267578125 0.3580729166666667 0.06591796875000003 0.3580729166666667 0.06591796875000003 0.3873697916666667 0.267578125 0.3873697916666667
0 0.26123046875 0.5436197916666666 0.058105468750000056 0.5436197916666666 0.058105468750000056 0.572265625 0.26123046875 0.572265625
0 0.90673828125 0.4205729166666668 0.72119140625 0.4205729166666668 0.72119140625 0.44921875000000017 0.90673828125 0.44921875000000017
0 0.69921875 0.3912760416666668 0.50732421875 0.3912760416666668 0.50732421875 0.4186197916666668 0.69921875 0.4186197916666668
0 0.263671875 0.5130208333333334 0.06005859375000004 0.5130208333333334 0.06005859375000005 0.5416666666666666 0.263671875 0.5416666666666666
0 0.4897460937500001 0.6347656250000001 0.2783203125000001 0.634765625 0.2783203125000001 0.6647135416666667 0.4897460937500001 0.6647135416666669
0 0.4882812500000001 0.765625 0.2792968750000001 0.765625 0.2792968750000001 0.796875 0.4882812500000001 0.796875
0 0.2612304687500001 0.6380208333333334 0.058593750000000056 0.6380208333333334 0.058593750000000056 0.6666666666666666 0.2612304687500001 0.6666666666666666
0 0.9091796875 0.3912760416666668 0.72412109375 0.3912760416666668 0.72412109375 0.41992187500000017 0.9091796875 0.41992187500000017
0 0.4897460937500001 0.6673177083333334 0.2758789062500001 0.6673177083333334 0.2758789062500001 0.697265625 0.4897460937500001 0.697265625
0 0.70068359375 0.5429687500000001 0.50537109375 0.5429687500000001 0.50537109375 0.5709635416666669 0.70068359375 0.5709635416666669
0 0.92138671875 0.8841145833333335 0.7255859375 0.8841145833333334 0.7255859375 0.9134114583333335 0.92138671875 0.9134114583333336
0 0.48583984375 0.5384114583333334 0.2802734375 0.5384114583333334 0.2802734375 0.5683593750000001 0.48583984375 0.5683593750000001
0 0.70068359375 0.5091145833333335 0.50732421875 0.5091145833333335 0.50732421875 0.5377604166666669 0.70068359375 0.5377604166666669
0 0.70556640625 0.4811197916666668 0.5068359375 0.4811197916666668 0.5068359375 0.5091145833333335 0.70556640625 0.5091145833333335
0 0.4902343750000001 0.7005208333333334 0.2807617187500001 0.7005208333333334 0.2807617187500001 0.7298177083333334 0.4902343750000001 0.7298177083333334
0 0.69970703125 0.15169270833333343 0.50341796875 0.1516927083333334 0.50341796875 0.18098958333333345 0.69970703125 0.18098958333333348
0 0.2646484375 0.5748697916666666 0.062011718750000056 0.5748697916666666 0.062011718750000056 0.6041666666666666 0.2646484375 0.6041666666666666
0 0.490234375 0.5709635416666667 0.2802734375 0.5709635416666666 0.2802734375 0.6002604166666667 0.490234375 0.6002604166666669
0 0.91845703125 0.7864583333333335 0.724609375 0.7864583333333334 0.724609375 0.8138020833333335 0.91845703125 0.8138020833333336
0 0.9111328125 0.45117187500000017 0.72412109375 0.45117187500000017 0.72412109375 0.47851562500000017 0.9111328125 0.47851562500000017
0 0.70361328125 0.6035156250000001 0.505859375 0.6035156250000001 0.505859375 0.6315104166666669 0.70361328125 0.6315104166666669
0 0.2646484375 0.4192708333333333 0.06591796875000003 0.4192708333333333 0.06591796875000003 0.4485677083333333 0.2646484375 0.4485677083333333
0 0.267578125 0.3899739583333333 0.06298828125000003 0.3899739583333333 0.06298828125000003 0.4186197916666667 0.267578125 0.4186197916666667
0 0.7041015625 0.5722656250000001 0.50634765625 0.5722656250000001 0.50634765625 0.6009114583333335 0.7041015625 0.6009114583333335
0 0.6982421875 0.21158854166666677 0.50439453125 0.21158854166666674 0.50439453125 0.24088541666666677 0.6982421875 0.24088541666666682
0 0.70361328125 0.7890625 0.5068359375 0.7890625 0.5068359375 0.81640625 0.70361328125 0.81640625
0 0.70166015625 0.6334635416666669 0.50390625 0.6334635416666669 0.50390625 0.6601562500000001 0.70166015625 0.6601562500000001
0 0.2592773437500001 0.8600260416666666 0.05419921875000008 0.8600260416666666 0.05419921875000008 0.8893229166666666 0.2592773437500001 0.8893229166666666
0 0.4912109375000001 0.8678385416666666 0.2797851562500001 0.8678385416666666 0.2797851562500001 0.8977864583333334 0.4912109375000001 0.8977864583333334
0 0.705078125 0.8522135416666666 0.50732421875 0.8522135416666666 0.50732421875 0.880859375 0.705078125 0.880859375
0 0.916015625 0.6953125000000001 0.72216796875 0.6953125 0.72216796875 0.7246093750000001 0.916015625 0.7246093750000003
0 0.2646484375 0.4811197916666667 0.06152343750000004 0.4811197916666667 0.06152343750000004 0.509765625 0.2646484375 0.509765625
0 0.9091796875 0.5104166666666669 0.71923828125 0.5104166666666669 0.71923828125 0.5397135416666669 0.9091796875 0.5397135416666669
0 0.9091796875 0.5410156250000001 0.7197265625 0.5410156250000001 0.7197265625 0.5696614583333335 0.9091796875 0.5696614583333335
0 0.91015625 0.6015625000000001 0.71875 0.6015625000000001 0.71875 0.6302083333333335 0.91015625 0.6302083333333335
0 0.70263671875 0.7571614583333334 0.50732421875 0.7571614583333334 0.50732421875 0.78515625 0.70263671875 0.78515625
0 0.26513671875 0.451171875 0.06054687500000004 0.451171875 0.06054687500000004 0.4791666666666667 0.26513671875 0.4791666666666667
0 0.916015625 0.7272135416666669 0.7216796875 0.7272135416666666 0.7216796875 0.7558593750000001 0.916015625 0.7558593750000003
0 0.9130859375 0.5703125000000001 0.71875 0.5703125000000001 0.71875 0.5989583333333335 0.9130859375 0.5989583333333335
0 0.9189453125 0.7571614583333335 0.7216796875 0.7571614583333334 0.7216796875 0.7858072916666669 0.9189453125 0.785807291666667
0 0.9140625 0.6321614583333335 0.720703125 0.6321614583333335 0.720703125 0.6614583333333335 0.9140625 0.6614583333333335
0 0.69921875 0.3014322916666668 0.5068359375 0.30143229166666674 0.5068359375 0.3294270833333334 0.69921875 0.3294270833333335
0 0.90771484375 0.18424479166666682 0.72021484375 0.18424479166666682 0.72021484375 0.21419270833333348 0.90771484375 0.21419270833333348
0 0.9189453125 0.6660156250000001 0.7197265625 0.6660156250000001 0.7197265625 0.6953125000000001 0.9189453125 0.6953125000000003
0 0.705078125 0.7265625 0.5068359375 0.7265625 0.5068359375 0.75390625 0.705078125 0.75390625
0 0.69873046875 0.2714843750000001 0.5048828125 0.27148437500000006 0.5048828125 0.3001302083333334 0.69873046875 0.3001302083333335
0 0.9091796875 0.48046875000000017 0.71875 0.48046875000000017 0.71875 0.5097656250000001 0.9091796875 0.5097656250000001
0 0.91015625 0.21549479166666682 0.72265625 0.21549479166666682 0.72265625 0.24348958333333348 0.91015625 0.24348958333333348
0 0.9189453125 0.8196614583333335 0.72509765625 0.8196614583333334 0.72509765625 0.8470052083333335 0.9189453125 0.8470052083333336
0 0.4912109375000001 0.80078125 0.2768554687500001 0.80078125 0.2768554687500001 0.8294270833333334 0.4912109375000001 0.8294270833333334
0 0.908203125 0.3307291666666668 0.724609375 0.3307291666666668 0.724609375 0.3600260416666668 0.908203125 0.3600260416666668
0 0.6982421875 0.18294270833333345 0.50390625 0.1829427083333334 0.50390625 0.21028645833333345 0.6982421875 0.21028645833333348
0 0.4887695312500001 0.8333333333333334 0.2768554687500001 0.8333333333333334 0.2768554687500001 0.86328125 0.4887695312500001 0.86328125
0 0.6982421875 0.2421875000000001 0.50244140625 0.24218750000000008 0.50244140625 0.2708333333333334 0.6982421875 0.2708333333333335
0 0.9208984375 0.8509114583333335 0.72412109375 0.8509114583333334 0.72412109375 0.8782552083333335 0.9208984375 0.8782552083333336
0 0.708984375 0.8854166666666666 0.50634765625 0.8854166666666666 0.50634765625 0.9186197916666666 0.708984375 0.9186197916666666
0 0.275390625 0.3268229166666667 0.06298828125000003 0.3268229166666667 0.06298828125000003 0.3541666666666667 0.275390625 0.3541666666666667
0 0.90869140625 0.24283854166666682 0.72119140625 0.24283854166666682 0.72119140625 0.2708333333333335 0.90869140625 0.2708333333333335
0 0.9111328125 0.2721354166666668 0.7158203125 0.2721354166666668 0.7158203125 0.3020833333333335 0.9111328125 0.3020833333333335
0 0.91015625 0.3014322916666668 0.72265625 0.3014322916666668 0.72265625 0.33007812500000017 0.91015625 0.33007812500000017
0 0.49267578125 0.5078125000000001 0.27978515625 0.5078125 0.27978515625 0.5345052083333334 0.49267578125 0.5345052083333335
0 0.4921875000000001 0.9010416666666666 0.2724609375000001 0.9010416666666666 0.2724609375000001 0.9342447916666666 0.4921875000000001 0.9342447916666666
0 0.2583007812500001 0.896484375 0.05224609375000008 0.896484375 0.05224609375000008 0.9290364583333334 0.2583007812500001 0.9290364583333334
0 0.8974609375 0.3606770833333335 0.7236328125 0.3606770833333335 0.7236328125 0.3899739583333335 0.8974609375 0.3899739583333335