0 0.7932221072763963 0.12919115459183667 0.7818577413194445 0.08870621044921877 0.16566298647360383 0.14343485810347584 0.17702735243055556 0.18391980224609375
0 0.796342414206741 0.17118759132348824 0.7868766354166667 0.13289387548828124 0.17340851721687012 0.18087449949682435 0.18287429600694444 0.21916821533203135
0 0.8010566232638888 0.20972901562500001 0.7896314231474912 0.16857850700470345 0.1830269951961024 0.22186771159454713 0.19445219531249996 0.2630182202148437
0 0.822499200577215 0.2479541591426389 0.8124871593160424 0.2088482538951827 0.1923646875 0.259082837890625 0.20237672876117271 0.2981887431380812
0 0.8200443517002904 0.2877698085911473 0.8104137317708333 0.2488427631835937 0.19264482711915398 0.29720138330338386 0.20227544704861108 0.33612842871093745
0 0.8310632737619755 0.32928868249071397 0.8213158958333333 0.2876840332031251 0.198803705193032 0.3338305423853981 0.20855108312167414 0.37543519167298706
0 0.8384946072176196 0.3701211757812084 0.8292612335069443 0.3278711337890626 0.21496268045713884 0.37034852286983455 0.2241960541678141 0.4125985648619804
0 0.8491550475221776 0.41080054707731195 0.8407953348411662 0.37169790644790446 0.2218549930481552 0.41356560692918626 0.23021470572916666 0.4526682475585938
0 0.8499884315958947 0.45059771921656583 0.8414297552083334 0.40894082275390625 0.2265087750013275 0.44891541652562156 0.23506745138888885 0.49057231298828113
0 0.8562349219831158 0.4914704658984924 0.8483999019097221 0.450960490234375 0.23750986052999778 0.48834453001492745 0.24534488060339152 0.5288545056790449
0 0.8624154762508405 0.529921591462413 0.8549717378472224 0.49057892919921886 0.24451659840193743 0.5271237776782122 0.25196033680555563 0.5664664399414063
0 0.8669751215277778 0.5725284282226564 0.8594104513888889 0.5303023984375002 0.2530744206174745 0.5646714996808866 0.2606390907563634 0.6068975294660428
0 0.8833475334519639 0.6121026302494852 0.8772002810181054 0.57362884300807 0.2554930173611111 0.6050590400390625 0.26164026979496957 0.6435328272804777
0 0.8877772378472223 0.6546910419921877 0.8825242611534851 0.6145452301999124 0.2641542863270962 0.640146333227256 0.26940726302083345 0.6802921450195314
0 0.8929203246527775 0.6943428046875 0.8879322632763691 0.6535827274508224 0.2718653501828611 0.6774371950918809 0.27685341155926957 0.7181972723285586
0 0.8995645364583336 0.7343975654296875 0.8950339855028334 0.6931890676325683 0.27669997135107055 0.7146986722366114 0.2812305223065706 0.7559071700337306
0 0.916878538780026 0.7730210178550236 0.9120665173611111 0.7310512299804687 0.2832220293215517 0.7538640560713662 0.28803405074046656 0.7958338439459212
0 0.9251250504171813 0.8162500511054098 0.9213689218750001 0.7741663603515626 0.29542409796557134 0.7918433265609692 0.2991802265077525 0.8339270173148164
0 0.9288764588520733 0.8669321520738995 0.9238732569444443 0.8151956157226561 0.3023146198349642 0.834214184809277 0.30731782174259314 0.8859507211605204