0 0.8329765625000001 0.06984765625000006 0.19087413194444444 0.03491040039062501 0.18309159211921103 0.08016700093729708 0.8251940226747666 0.11510425679667212
0 0.8281449652777778 0.11279833984375004 0.18391927083333334 0.083594970703125 0.17811393223716704 0.12411574101191114 0.8223396266816114 0.15331911015253621
0 0.8252460937499999 0.15354174804687504 0.1768493923611111 0.1269013671875 0.17152974205059135 0.1678678336433224 0.8199264434394801 0.1945082145026974
0 0.8175156250000001 0.19703613281250004 0.17464626736111113 0.16966235351562503 0.16946154930761098 0.20818872980337827 0.8123309069464999 0.23556250910025328
0 0.8146167534722222 0.23448486328125 0.17000954861111117 0.21182666015624999 0.16540798717932695 0.25324760177432926 0.810015192040438 0.27590580489932925
0 0.8088185763888889 0.27634814453125006 0.1684639756944445 0.25616430664062506 0.16469250070553368 0.29402364939190734 0.805047101399978 0.31420748728253234
0 0.8039869791666666 0.3149169921875 0.1723276909722223 0.29789404296875 0.1692019394534897 0.33459248161855576 0.8008612276479341 0.3516154308373058
0 0.7991558159722224 0.352974609375 0.17298437500000008 0.3366640625 0.16988694467656787 0.37428861408033853 0.7960583856487902 0.39059916095533853
0 0.7885260416666666 0.39157568359375 0.17155512152777785 0.3765717773437501 0.1687618325757732 0.4129148188562471 0.785732752714662 0.427918725106247
0 0.7778967013888889 0.427361083984375 0.1691189236111112 0.4170312500000001 0.1671796673562594 0.45319268893852604 0.775957445134037 0.46352252292290097
0 0.7740312500000002 0.4637875976562501 0.1669184027777779 0.45264135742187506 0.1649309142680676 0.4868937335275667 0.77204376149029 0.49803997376194176
0 0.7730651041666667 0.500214111328125 0.1676914062500001 0.49306689453125 0.16641668631865547 0.5272291410407446 0.7717903842353221 0.5343763578376196
0 0.7653346354166667 0.5344658203125 0.1676914062500001 0.53088427734375 0.16707165899287083 0.5636056493011611 0.7647148881595375 0.5671871922699111
0 0.7624357638888891 0.57028369140625 0.16382725694444458 0.563051025390625 0.16248168092633786 0.5982879311637268 0.7610901878707823 0.6055205971793518
0 0.7566375868055556 0.6034482421874999 0.1661458333333335 0.6008684082031249 0.16571323718785347 0.6321976421967673 0.7562049906600756 0.6347774761811423
0 0.7489071180555557 0.637699951171875 0.16614583333333346 0.63564306640625 0.16578365692437785 0.6681103490929301 0.7485449416466 0.670167233858555
0 0.7123159790943632 0.9493886613020087 0.711220920138889 0.9218818359375001 0.16676743912296269 0.9287399209363927 0.16786249807843687 0.9562467463009013
0 0.7184030206956541 0.9215668143866136 0.7170190972222223 0.8914357910156251 0.16376644264049509 0.8994759891898808 0.16515036611392692 0.9296070125608693
0 0.7228399325399772 0.8877394876363982 0.7207245177305359 0.8593950061324683 0.16382725694444444 0.872545654296875 0.1659426717538858 0.9008901358008049
0 0.724511799600966 0.8601101559904528 0.7226370353820567 0.829812471222338 0.16073611111111114 0.8408137207031251 0.16261087533002044 0.8711114054712399
0 0.7308396469554873 0.8307861633635153 0.7294959025341479 0.7962769405772134 0.15462413194444447 0.803359619140625 0.15596787636578377 0.8378688419269269
0 0.7315134548611112 0.7718261718749999 0.1522356770833335 0.7712644042968749 0.15214737775423137 0.8000737009189777 0.731425155532009 0.8006354684971027
0 0.7373116319444447 0.737063232421875 0.15455425347222237 0.737063232421875 0.15455425347222237 0.769140380859375 0.7373116319444447 0.769140380859375
0 0.7373116319444446 0.704442626953125 0.1591905381944446 0.702149658203125 0.15878094751173435 0.7348246736916072 0.7369020412617344 0.7371176424416072
0 0.7450421006944445 0.670255615234375 0.15920201779099877 0.6692241413055876 0.15902334308873772 0.7013333015741114 0.7448634259921835 0.7023647755028989