0 0.8772688454861111 0.00048431396484381037 0.08834727690972222 0.0004843139648437832 0.08834727690972222 0.028800000000000034 0.8772688454861111 0.02880000000000006
0 0.8919986927083333 0.03087181396484376 0.08540217881944444 0.029437500000000002 0.08511480147112332 0.08057149216250069 0.8917113153600122 0.08200580612734444
0 0.8846339869791666 0.08543112744140632 0.07853071875 0.07968504882812502 0.0773006655383424 0.13428447412236347 0.883403933767509 0.14003055273564477
0 0.8735864921875 0.13925857861328125 0.08736557725694447 0.13600637255859374 0.08671042789983155 0.1861195466801319 0.8729313428303871 0.1893717527348194
0 0.8760413940972224 0.19105563720703125 0.09521873611111116 0.18735833349609374 0.09451389676048517 0.2344563347073106 0.8753365547465964 0.2381536384182481
0 0.8625389973958334 0.24078063720703133 0.09521873611111116 0.236501470703125 0.0943911253095614 0.28345721018579967 0.8617113865942836 0.287736376689706
0 0.7667947708333336 0.9689776962890625 0.17865751649305578 0.9609487744140625 0.17751674384651872 0.9873890276513942 0.7656539981867965 0.9954179495263943
0 0.779069717013889 0.9385901962890625 0.1751446623263891 0.9316840688476562 0.17417567398290312 0.9584950103624333 0.778100728670403 0.9654011378038396
0 0.7815246189236112 0.9075120097656248 0.16687799565972242 0.9046272060546874 0.1664572330762056 0.9329927684504539 0.7811038563400944 0.9358775721613913
0 0.7864344227430557 0.8722901962890625 0.16393333333333357 0.8665274511718751 0.16292003540355704 0.9011606744941499 0.7854211248132792 0.9069234196113373
0 0.7839795208333334 0.8432838237304686 0.16589629600694467 0.8367102939453124 0.16491293579219438 0.8659656917999781 0.7829961606185831 0.8725392215851343
0 0.7950270156250002 0.8088352939453125 0.15795947743055574 0.8033102939453125 0.1570915463776639 0.8349755842693045 0.7941590845721084 0.8405005842693045
0 0.7999368194444445 0.7749946079101564 0.1515810729166668 0.7699010068359375 0.1507728904362629 0.802450401877453 0.7991286369640406 0.8075440029516718
0 0.8048470590277781 0.7383914213867188 0.15304967361111124 0.7342475488281249 0.15232942366968782 0.7700930377702015 0.8041268090863546 0.7742369103287954
0 0.8060745095486114 0.7017882353515625 0.14813986892361128 0.698335048828125 0.1475316820508783 0.7349994681386386 0.8054663226758785 0.7384526546620761
0 0.8109843133680557 0.6659583334960938 0.13939215711805567 0.6616723037109375 0.13868229261899404 0.6968664910354959 0.810274448868994 0.7011525208206522
0 0.8158945529513891 0.6287058823242189 0.13546579513888907 0.6257813725585939 0.1349773458527996 0.6617392557508879 0.8154061036652996 0.6646637655165128
0 0.8183494557291666 0.5914120097656249 0.1397224852430557 0.5852203203124999 0.13859086878332166 0.6244636870578971 0.8172178392694326 0.6306553765110221
0 0.8269416119791669 0.5513556372070314 0.12972723350694457 0.5472120097656251 0.12900155986190998 0.5858462199838167 0.8262159383341323 0.589989847425223
0 0.8318518515625002 0.511299509765625 0.13048040538194455 0.5071673061523437 0.129762091499673 0.5457440601330402 0.8311335376802286 0.5498762637463215
0 0.8441267977430557 0.4677899511718751 0.12466753819444458 0.4634433823242188 0.12387370021599654 0.5050187950589525 0.8433329597646078 0.5093653639066088
0 0.8404440086805558 0.4271257353515626 0.12727487413194452 0.4195420009765626 0.12579342975716967 0.46362182262087537 0.8389625643057809 0.4712055569958754
0 0.847809150173611 0.3808536762695313 0.1113150329861112 0.37671004882812503 0.1105182434775985 0.42152028596929386 0.8470123606650984 0.42566391341070015
0 0.8527189539930556 0.3359632353515625 0.1079799565972223 0.3320267158203125 0.10722361627132684 0.3773012504671266 0.8519626136671602 0.38123776999837655
0 0.8551742916666667 0.29659754882812506 0.1002675381944445 0.2869286762695312 0.09854277348552112 0.329536797573044 0.8534495269577433 0.3392056701316378