0 0.8912766883680556 0.019177451171875033 0.11296078472222221 0.012565441406250008 0.11148514809354479 0.06752546351579218 0.8898010517393781 0.0741374732814172
0 0.8813446623263889 0.07691960791015628 0.11549150347222222 0.07133161767578126 0.11437212088089543 0.11987314886572019 0.880225279735062 0.1254611391000952
0 0.8681023967013889 0.1303156860351563 0.12248449461903471 0.12275781492468141 0.1208110026465172 0.17499569360871775 0.8664289047288714 0.18255356471919268
0 0.8636880173611112 0.18246985302734378 0.12542352951388894 0.17315661767578128 0.12353536465671391 0.22051494601312216 0.8617998525039361 0.22982818136468466
0 0.847135076388889 0.23334534326171874 0.1270810460069445 0.222050490234375 0.12476569352886102 0.2687536936635523 0.8448197239108055 0.28004854669089607
0 0.8327891067708333 0.28301617626953124 0.12972853993055564 0.27020245117187497 0.12710776469581553 0.3157004365938888 0.8301683315360933 0.32851416169154507
0 0.8228575164930557 0.32958235302734373 0.14087276649305563 0.31654387255859373 0.1382007315254397 0.3607655154808948 0.8201854815254398 0.3738039959496448
0 0.8052008715277778 0.37727916650390636 0.13756209114583343 0.36051519628906253 0.13435700591570238 0.400902913895336 0.8019957862976468 0.4176668841101798
0 0.8029939001736113 0.41818333349609377 0.14639041406250008 0.40017769628906247 0.1429285172634802 0.4401219084329672 0.7995320033745914 0.4581275456399985
0 0.7974762526041669 0.46226617626953137 0.14473115451388896 0.44146397070312504 0.1410909454037002 0.4776054247483759 0.7938360434939781 0.49840763031478225
0 0.7875442265625002 0.5020026962890626 0.15355642708333347 0.4831625000000001 0.15004585818492322 0.5205406697152927 0.78403365766409 0.5393808660043552
0 0.7787159045138891 0.5404975488281248 0.15620392187500012 0.5184075981445312 0.15229372405604188 0.5532731667201368 0.7748057066949307 0.5753631174037305
0 0.7710771970114099 0.5796200328637879 0.1541154687500001 0.5578080883789064 0.14961517798859045 0.5980843792455872 0.7665769062500002 0.6198963237304688
0 0.7577485842013889 0.6167919116210938 0.15895225092592324 0.5918491765288794 0.15453830734953433 0.6253771179351293 0.753334640625 0.6503198530273437
0 0.7621629626736115 0.6503198530273437 0.16559114885710316 0.6246256614789052 0.16066634984323397 0.6608050596062334 0.7572381636597423 0.6864992511546719
0 0.7603650263220953 0.6900131812923717 0.1676762526041668 0.6569061274414062 0.16174957090012718 0.6904770149966908 0.7544383446180557 0.7235840688476562
0 0.7511276692708334 0.7260676469726564 0.16404705902777791 0.6912980390625001 0.15858426642252751 0.7204829055009958 0.745664876665583 0.7552525134111521
0 0.7242731139791183 0.9002374691433271 0.1894283220486113 0.8663132353515625 0.18428026275699322 0.8919939034152665 0.7191250546875002 0.9259181372070312
0 0.7256485947985173 0.8732858076117296 0.1828069713541668 0.8365107841796875 0.17738713436814962 0.8618242412163957 0.7202287578125002 0.8985992646484378
0 0.731751026142084 0.8411953420437054 0.17650152517361134 0.8028507353515625 0.16939320042041653 0.8354191188937947 0.7246427013888891 0.8737637255859376
0 0.7358134187191949 0.8145731122261389 0.1706684097222224 0.7731806372070312 0.1644190872144892 0.8001776985012178 0.7295640962114617 0.8415701735203255
0 0.7438491888631089 0.7799042271739366 0.17314476277234186 0.7383365132668426 0.16497356956895515 0.7738330214444685 0.7356779956597221 0.8154007353515625
0 0.746279514172315 0.7547905693839903 0.16735773437500018 0.7204053920898437 0.16227386256379644 0.7474878617683534 0.7411956423611112 0.7818730390624999