0 0.943312026425892 0.1266520866063895 0.9424131944444445 0.09665942382812501 0.4919217596792261 0.10093106814793465 0.4928205916606735 0.13092373092619913
0 0.9414010590217037 0.15632996705930605 0.9405299479166668 0.127384765625 0.49187765456277943 0.1316569690081437 0.4927487656678166 0.16060217044244973
0 0.9428678100765602 0.1841821395056084 0.9417855902777776 0.157403564453125 0.4934144296756499 0.16313694456768374 0.4944966494744324 0.18991551962016714
0 0.9417687128007928 0.21239184034133077 0.9405299479166668 0.18526147460937503 0.4961358010880963 0.19168164598679427 0.49737456597222224 0.21881201171875
0 0.9406248125557811 0.2413260794505466 0.9392747395833331 0.213514404296875 0.4944208614085943 0.2203471070784242 0.49577093438104214 0.2481587822320958
0 0.9421806488182322 0.2713725735740652 0.941157986111111 0.24245288085937503 0.4918491423899606 0.24748011097990913 0.4928718050970817 0.27639980369459927
0 0.943777497287514 0.3003297406603875 0.9430407986111111 0.27103784179687496 0.49290070406538916 0.2746199204284991 0.4936374027417921 0.3039118192920116
0 0.9430832456219065 0.32709324394367384 0.9417486339299737 0.2992040466326738 0.49352910358584484 0.3059906855015 0.4948637152777777 0.33387988281250003
0 0.9433562371771271 0.3560589501205989 0.9424131944444445 0.3275019531249999 0.49433683394234484 0.33218378616848737 0.4952798766750276 0.36074078316408636
0 0.9431915186094056 0.38394132970237116 0.9424131944444447 0.356087158203125 0.49534714227072807 0.36003979596878666 0.49612546643568906 0.38789396746803284
0 0.9432271314223173 0.4111185054406575 0.9424131944444447 0.384340087890625 0.49391204151069323 0.38865343578325506 0.49472597848856587 0.4154318533332875
0 0.9376112390791937 0.4397392672312501 0.9367638888888887 0.41221899414062496 0.49538019388284227 0.41651902459781304 0.49622754407314734 0.4440392976884382
0 0.9361155664246239 0.46764770668896244 0.9355086805555555 0.44117846679687495 0.4944440909008027 0.444378192878073 0.4950509767698711 0.4708474327701605
0 0.937781657284373 0.4948060986883416 0.9373914930555556 0.4693894042968749 0.495916925375639 0.4715336726018696 0.49630708960445635 0.4969503669933363
0 0.935023008799326 0.5237510317750729 0.9348806423611113 0.4962084960937501 0.4979461435406022 0.4969230995116583 0.4980885099788169 0.5244656351929812
0 0.9359082899145442 0.5502314750064143 0.9355086805555555 0.524461669921875 0.49846174964143025 0.5266060296662461 0.4988613590004189 0.5523758347507854
0 0.9349506904448189 0.5788467732758222 0.9348806423611113 0.5516552734375 0.49799398938045286 0.5520113774984369 0.49806403746416056 0.5792028773367591
0 0.9348806423611113 0.6060214843750001 0.9347486273588625 0.5805929359172107 0.5011369849744021 0.5813052109238455 0.5012689999766509 0.6067337593816349
0 0.9338564547658067 0.7955845452096152 0.503984809027778 0.7915490722656251 0.5031261841230825 0.8204886969778851 0.9329978298611112 0.8245241699218752
0 0.9367541406204689 0.768739404646233 0.5049132081676049 0.7652728235550491 0.5042790798611112 0.7902673339843751 0.9361200123139751 0.793733915075559
0 0.9353413181175385 0.7404736609029401 0.5053410301965121 0.7381686030115167 0.5048803544400848 0.7653597370304517 0.9348806423611113 0.7676647949218751
0 0.9360629782857922 0.7143796116227092 0.504486979166667 0.7113583984375002 0.5039209782810735 0.7369406094889627 0.9354969774001989 0.7399618226741718
0 0.9342530381944445 0.68544091796875 0.5028737842340901 0.6831214943615782 0.5023875982564102 0.7117320745243052 0.9337668522167646 0.714051498131477
0 0.9359625928681847 0.6586130977393784 0.5034830729166668 0.6562978515625001 0.503029160604038 0.6831256717918718 0.9355086805555559 0.6854409179687501
0 0.9336254340277779 0.631406982421875 0.5023774920803804 0.6283375701572095 0.5017498879137138 0.6562374725009595 0.9329978298611112 0.659306884765625
0 0.9349446039000365 0.6059798141996842 0.5012000229455916 0.6056247276027734 0.5011360614066663 0.6303455969968393 0.9348806423611111 0.6307006835937501