0 0.7887726996366342 0.8026001359627872 0.7806637996545842 0.7612347032010318 0.2235127614762833 0.7957922073749634 0.23162166145833332 0.8371576401367188
0 0.766812921875 0.7293904741210937 0.7611753305501415 0.6944579443977054 0.2253243409668082 0.7218202471320804 0.23096193229166667 0.7567527768554687
0 0.7591098855791547 0.6995445252617846 0.753594103196315 0.6619210536585417 0.22162542374409921 0.6865973157192129 0.22714120612693886 0.7242207873224558
0 0.7150266200680071 0.6606966247677126 0.7085115339397142 0.6239983088184501 0.2618174477258738 0.64908996237105 0.26833253385416667 0.6857882783203125
0 0.7570929756944446 0.6598981166992187 0.7517140137337259 0.6243414996761554 0.21878958578233698 0.6498502228206866 0.2241685477430556 0.68540683984375
0 0.7441064539930555 0.6246575156250002 0.7399385161414225 0.5949685749415332 0.22107851180114463 0.6180159665430955 0.22524644965277782 0.6477049072265625
0 0.7335811145833335 0.5910389570312501 0.7288862507128511 0.5581492589707158 0.2211221283170176 0.5810827506699344 0.22581699218749998 0.6139724487304687
0 0.7319988168402777 0.5574313447265625 0.7276043685389255 0.5265522359415965 0.21527287461531444 0.5496216045939403 0.21966732291666666 0.5805007133789063
0 0.7262615546875 0.5276674809570312 0.7234758685619794 0.49799323226607134 0.22394861856197956 0.5128305940824777 0.2267343046875 0.5425048427734376
0 0.7249249019097221 0.49408277587890637 0.7217728728222513 0.46496678911155725 0.21832129296114028 0.4822117202639009 0.2214733220486111 0.5113277070312501
0 0.7198286944444445 0.45973284375000006 0.7159289755434777 0.42759978159502404 0.21668341651569975 0.4467705911653365 0.2205831354166667 0.47890365332031254
0 0.710637498263889 0.42956645556640627 0.7086052834135057 0.40469780322625254 0.21649978559523053 0.41742171473979994 0.21853200044561383 0.4422903670799536
0 0.6467651579312648 0.06023527549578078 0.20734153626048774 0.05926486014972073 0.2072236309773228 0.07615775436804016 0.6466472526480999 0.07712816971410022
0 0.9106021299641573 0.020534359527880644 0.9103312163465953 -0.0017292238374431407 0.46120294791666666 2.168404344971009e-19 0.46147386153422865 0.022263583365323785
0 0.6557273142361111 0.1240388828125 0.6554671783076834 0.09895091308167885 0.2089188571271279 0.10041594921449132 0.20917899305555554 0.12550391894531246
0 0.6652433420138889 0.14831556250000008 0.6640822428631252 0.12425757796222052 0.20771860416666668 0.1312265087890625 0.20887970331743028 0.15528449332684208
0 0.6696965833333333 0.17354508007812505 0.6685896397605843 0.14948724012830414 0.21121512510039162 0.15614588521101538 0.21232206867314066 0.1802037251608363
0 0.6780006692708334 0.20083503662109375 0.6769500208656515 0.17668786980647014 0.20817879777537368 0.1831413981267826 0.20922944618055558 0.2072885649414062
0 0.6776493316315142 0.22821124185346925 0.6756657471139608 0.198411539085481 0.21304182867689098 0.20815497008357425 0.21502541319444443 0.2379546728515625
0 0.6820832039930557 0.2554725366210938 0.6809712456861899 0.2307242177860722 0.20852512068618986 0.23744067335247843 0.20963707899305556 0.2621889921875
0 0.6940967465277779 0.28520079296875 0.6916976934381185 0.2537588678358281 0.20948857538256296 0.26540042838270306 0.21188762847222223 0.296842353515625
0 0.6923409036458333 0.31084925146484377 0.689835390373083 0.2817295484529259 0.2095945138888889 0.29480371289062507 0.21210002716163928 0.3239234159025429
0 0.6937250529513888 0.34196549658203124 0.6919265238774277 0.31385541578017717 0.21490345486111112 0.3235123618164063 0.2167019839350721 0.35162244261826037
0 0.7087327621527778 0.368120091796875 0.7061355696524286 0.33885241487620493 0.21969105663159538 0.3525106394855799 0.22228824913194442 0.38177831640625
0 0.7171796145833333 0.4009159677734376 0.7143053760603993 0.3699086941938291 0.21642834133817715 0.3845111658735165 0.2193025798611111 0.415518439453125
0 0.7874624644097222 0.8429071083984374 0.7802997019965274 0.8063801808707352 0.22957229921874978 0.8405505085074539 0.23673506163194447 0.8770774360351562
0 0.6461480952360052 0.05001748970530283 0.645992131499641 0.033416085292427 0.204220952270168 0.03472925614574626 0.20437691600653224 0.05133066055862209
0 0.7760416666666669 0.72802734375 0.2326388888888891 0.72802734375 0.2326388888888891 0.7958984375 0.7760416666666669 0.7958984375
0 0.658497873263889 0.09998278710937505 0.6578454621535014 0.07632483223476344 0.20485177517361114 0.08027741845703125 0.20550418628399877 0.10393537333164286