0 0.78466796875 0.5319010416666669 0.6513671875 0.5319010416666669 0.6513671875 0.5546875000000001 0.78466796875 0.5546875000000001
0 0.61083984375 0.42968750000000017 0.4736328125 0.42968750000000017 0.4736328125 0.45312500000000017 0.61083984375 0.45312500000000017
0 0.79638671875 0.40625000000000017 0.65869140625 0.40625000000000017 0.65869140625 0.4303385416666668 0.79638671875 0.4303385416666668
0 0.43017578125 0.5553385416666666 0.28466796875 0.5553385416666666 0.28466796875 0.5774739583333334 0.43017578125 0.5774739583333334
0 0.78076171875 0.5807291666666669 0.6484375 0.5807291666666669 0.6484375 0.6022135416666669 0.78076171875 0.6022135416666669
0 0.43017578125 0.453125 0.27685546875 0.453125 0.27685546875 0.4765625 0.43017578125 0.4765625
0 0.7822265625 0.5559895833333335 0.65087890625 0.5559895833333335 0.65087890625 0.5781250000000001 0.7822265625 0.5781250000000001
0 0.4287109375 0.34375 0.27392578125 0.34375 0.27392578125 0.3684895833333333 0.4287109375 0.3684895833333333
0 0.7763671875 0.6497395833333335 0.64599609375 0.6497395833333335 0.64599609375 0.6705729166666666 0.7763671875 0.6705729166666666
0 0.77685546875 0.6269531250000001 0.6474609375 0.6269531250000001 0.6474609375 0.6477864583333335 0.77685546875 0.6477864583333335
0 0.23486328125000006 0.5071614583333334 0.07958984375000006 0.5071614583333334 0.07958984375000006 0.5319010416666666 0.23486328125000006 0.5319010416666666
0 0.9716796875 0.3821614583333335 0.8427734375 0.3821614583333335 0.8427734375 0.4055989583333335 0.9716796875 0.4055989583333335
0 0.6083984375 0.5527343750000001 0.47216796875 0.5527343750000001 0.47216796875 0.5748697916666669 0.6083984375 0.5748697916666669
0 0.4306640625 0.3984375 0.2783203125 0.3984375 0.2783203125 0.4225260416666667 0.4306640625 0.4225260416666667
0 0.23144531250000006 0.3990885416666667 0.06835937500000003 0.3990885416666667 0.06835937500000003 0.4244791666666667 0.23144531250000006 0.4244791666666667
0 0.42919921875 0.478515625 0.27978515625 0.478515625 0.27978515625 0.501953125 0.42919921875 0.501953125
0 0.95654296875 0.5065104166666669 0.83349609375 0.5065104166666669 0.83349609375 0.5286458333333335 0.95654296875 0.5286458333333335
0 0.79345703125 0.43164062500000017 0.65673828125 0.43164062500000017 0.65673828125 0.4544270833333335 0.79345703125 0.4544270833333335
0 0.61328125 0.40429687500000017 0.47412109375 0.40429687500000017 0.47412109375 0.4270833333333335 0.61328125 0.4270833333333335
0 0.6171875 0.32031250000000006 0.4736328125 0.32031250000000006 0.4736328125 0.3463541666666668 0.6171875 0.3463541666666668
0 0.60498046875 0.6009114583333335 0.4716796875 0.6009114583333335 0.47167968750000006 0.6217447916666669 0.60498046875 0.6217447916666669
0 0.80322265625 0.3268229166666668 0.66357421875 0.32682291666666674 0.66357421875 0.3528645833333335 0.80322265625 0.3528645833333335
0 0.77880859375 0.6048177083333335 0.64794921875 0.6048177083333335 0.64794921875 0.6250000000000001 0.77880859375 0.6250000000000001
0 0.970703125 0.40820312500000017 0.84033203125 0.40820312500000017 0.84033203125 0.4309895833333335 0.970703125 0.4309895833333335
0 0.43212890625 0.5305989583333334 0.2841796875 0.5305989583333334 0.2841796875 0.5533854166666666 0.43212890625 0.5533854166666666
0 0.43017578125 0.5807291666666666 0.28466796875 0.5807291666666666 0.28466796875 0.603515625 0.43017578125 0.603515625
0 0.60595703125 0.5774739583333335 0.4716796875 0.5774739583333335 0.4716796875 0.5989583333333335 0.60595703125 0.5989583333333335
0 0.4311523437500001 0.6067708333333334 0.2861328125000001 0.6067708333333334 0.2861328125000001 0.6282552083333334 0.4311523437500001 0.6282552083333334
0 0.80078125 0.35351562500000017 0.66259765625 0.35351562500000017 0.66259765625 0.37695312500000017 0.80078125 0.37695312500000017
0 0.62109375 0.2669270833333334 0.47216796875 0.2669270833333334 0.47216796875 0.29101562500000006 0.62109375 0.29101562500000006
0 0.6044921875 0.6236979166666669 0.4721679687500001 0.6236979166666669 0.4721679687500001 0.6445312500000001 0.6044921875 0.6445312500000001
0 0.61962890625 0.2923177083333334 0.4736328125 0.2923177083333334 0.4736328125 0.3196614583333334 0.61962890625 0.3196614583333334
0 0.4296875000000001 0.6302083333333334 0.2875976562500001 0.6302083333333334 0.2875976562500001 0.6510416666666666 0.4296875000000001 0.6510416666666666
0 0.6025390625 0.6477864583333335 0.4721679687500001 0.6477864583333335 0.4721679687500001 0.66796875 0.6025390625 0.66796875
0 0.79150390625 0.4817708333333335 0.6533203125 0.4817708333333335 0.6533203125 0.5045572916666669 0.79150390625 0.5045572916666669
0 0.94873046875 0.5533854166666669 0.82958984375 0.5533854166666669 0.82958984375 0.5748697916666669 0.94873046875 0.5748697916666669
0 0.23144531250000006 0.3717447916666667 0.06494140625000003 0.3717447916666667 0.06494140625000003 0.3977864583333333 0.23144531250000006 0.3977864583333333
0 0.23437500000000006 0.4537760416666667 0.07275390625000006 0.4537760416666667 0.07275390625000006 0.4791666666666667 0.23437500000000006 0.4791666666666667
0 0.953125 0.5305989583333335 0.8310546875 0.5305989583333335 0.8310546875 0.5514322916666669 0.953125 0.5514322916666669
0 0.97802734375 0.3307291666666668 0.84814453125 0.3307291666666668 0.84814453125 0.3548177083333335 0.97802734375 0.3548177083333335
0 0.609375 0.5286458333333335 0.47216796875 0.5286458333333335 0.47216796875 0.5494791666666669 0.609375 0.5494791666666669
0 0.78759765625 0.5058593750000001 0.6513671875 0.5058593750000001 0.6513671875 0.5286458333333335 0.78759765625 0.5286458333333335
0 0.9375 0.6464843750000001 0.82080078125 0.6464843750000001 0.82080078125 0.6647135416666669 0.9375 0.6647135416666669
0 0.22753906250000006 0.3444010416666667 0.06591796875000003 0.3444010416666667 0.06591796875000003 0.3697916666666667 0.22753906250000006 0.3697916666666667
0 0.97412109375 0.35742187500000017 0.8466796875 0.35742187500000017 0.8466796875 0.3802083333333335 0.97412109375 0.3802083333333335
0 0.982421875 0.30468750000000017 0.84912109375 0.30468750000000017 0.84912109375 0.3287760416666668 0.982421875 0.3287760416666668
0 0.60986328125 0.4798177083333335 0.4716796875 0.4798177083333335 0.4716796875 0.5026041666666669 0.60986328125 0.5026041666666669
0 0.23730468750000006 0.6100260416666666 0.08740234375000006 0.6100260416666666 0.08740234375000006 0.6341145833333334 0.23730468750000006 0.6341145833333334
0 0.23876953125000006 0.6360677083333334 0.08447265625000006 0.6360677083333334 0.08447265625000006 0.658203125 0.23876953125000006 0.658203125
0 0.609375 0.4557291666666668 0.47314453125 0.4557291666666668 0.47314453125 0.4778645833333335 0.609375 0.4778645833333335
0 0.23632812500000006 0.5852864583333334 0.08398437500000006 0.5852864583333334 0.08398437500000006 0.6080729166666666 0.23632812500000006 0.6080729166666666
0 0.9462890625 0.5768229166666669 0.82763671875 0.5768229166666669 0.82763671875 0.5976562500000001 0.9462890625 0.5976562500000001
0 0.60888671875 0.5039062500000001 0.47265625 0.5039062500000001 0.47265625 0.5253906250000001 0.60888671875 0.5253906250000001
0 0.4301757812500001 0.654296875 0.2880859375000001 0.654296875 0.2880859375000001 0.6751302083333334 0.4301757812500001 0.6751302083333334
0 0.7998046875 0.3795572916666668 0.66064453125 0.3795572916666668 0.66064453125 0.4036458333333335 0.7998046875 0.4036458333333335
0 0.61474609375 0.34960937500000017 0.47265625 0.34960937500000017 0.47265625 0.3756510416666668 0.61474609375 0.3756510416666668
0 0.2236328125 0.2571614583333333 0.05419921875000003 0.2571614583333333 0.05419921875000003 0.2845052083333333 0.2236328125 0.2845052083333333
0 0.806640625 0.3014322916666668 0.6640625 0.30143229166666674 0.6640625 0.3268229166666668 0.806640625 0.3268229166666668
0 0.4287109375 0.25846354166666674 0.26513671875 0.25846354166666674 0.26513671875 0.28320312500000006 0.4287109375 0.28320312500000006
0 0.23974609375000006 0.6608072916666666 0.08789062500000006 0.6608072916666666 0.08789062500000006 0.681640625 0.23974609375000006 0.681640625
0 0.23242187500000006 0.427734375 0.07275390625000003 0.427734375 0.07275390625000003 0.453125 0.23242187500000006 0.453125
0 0.42822265625 0.31640625000000006 0.2734375 0.31640625000000006 0.2734375 0.341796875 0.42822265625 0.341796875
0 0.427734375 0.28776041666666674 0.27392578125 0.28776041666666674 0.27392578125 0.3138020833333334 0.427734375 0.3138020833333334
0 0.23632812500000006 0.5592447916666666 0.08300781250000006 0.5592447916666666 0.08300781250000006 0.5833333333333334 0.23632812500000006 0.5833333333333334
0 0.94384765625 0.6002604166666669 0.8251953125 0.6002604166666669 0.8251953125 0.6204427083333335 0.94384765625 0.6204427083333335
0 0.61376953125 0.3782552083333335 0.4736328125 0.3782552083333335 0.4736328125 0.40234375000000017 0.61376953125 0.40234375000000017
0 0.23388671875000006 0.4811197916666667 0.07714843750000006 0.4811197916666667 0.07714843750000006 0.505859375 0.23388671875000006 0.505859375
0 0.43115234375 0.4251302083333333 0.279296875 0.4251302083333333 0.279296875 0.4505208333333333 0.43115234375 0.4505208333333333
0 0.96484375 0.43359375000000017 0.8388671875 0.43359375000000017 0.8388671875 0.45507812500000017 0.96484375 0.45507812500000017
0 0.94140625 0.6230468750000001 0.82275390625 0.6230468750000001 0.82275390625 0.6425781250000001 0.94140625 0.6425781250000001
0 0.96337890625 0.4583333333333335 0.83740234375 0.4583333333333335 0.83740234375 0.4798177083333335 0.96337890625 0.4798177083333335
0 0.23632812500000006 0.5345052083333334 0.08251953125000006 0.5345052083333334 0.08251953125000006 0.5572916666666666 0.23632812500000006 0.5572916666666666
0 0.9609375 0.4817708333333335 0.83544921875 0.4817708333333335 0.83544921875 0.5045572916666669 0.9609375 0.5045572916666669
0 0.6025390625 0.6705729166666666 0.4697265625000001 0.6705729166666666 0.4697265625000001 0.6901041666666666 0.6025390625 0.6901041666666666
0 0.22412109375000003 0.2877604166666667 0.05664062500000003 0.2877604166666667 0.05664062500000003 0.314453125 0.22412109375000006 0.314453125
0 0.4296875 0.5045572916666666 0.28173828125 0.5045572916666666 0.28173828125 0.5279947916666666 0.4296875 0.5279947916666666
0 0.43017578125 0.3717447916666667 0.27880859375 0.3717447916666667 0.27880859375 0.3971354166666667 0.43017578125 0.3971354166666667
0 0.7939453125 0.4576822916666668 0.65380859375 0.4576822916666668 0.65380859375 0.48046875000000017 0.7939453125 0.48046875000000017
0 0.22558593750000006 0.31640625 0.06445312500000003 0.31640625 0.06445312500000003 0.3430989583333333 0.22558593750000006 0.3430989583333333
0 0.81005859375 0.2721354166666668 0.66650390625 0.27213541666666674 0.66650390625 0.2975260416666668 0.81005859375 0.2975260416666668
0 0.9833984375 0.27734375000000017 0.84765625 0.27734375000000017 0.84765625 0.30078125000000017 0.9833984375 0.30078125000000017
0 0.24121093750000006 0.6861979166666666 0.08984375000000006 0.6861979166666666 0.08984375000000006 0.70703125 0.24121093750000006 0.70703125
0 0.93603515625 0.6673177083333335 0.818359375 0.6673177083333334 0.818359375 0.6875000000000001 0.93603515625 0.6875000000000003
0 0.4296875000000001 0.6790364583333334 0.2895507812500001 0.6790364583333334 0.2895507812500001 0.69921875 0.4296875000000001 0.69921875
0 0.77490234375 0.673828125 0.6435546875 0.673828125 0.6435546875 0.693359375 0.77490234375 0.693359375