0 0.8685472276037669 0.3369641949395378 0.19673693310751916 0.3024123930647648 0.19181245833333338 0.33270808837890625 0.8636227528295812 0.3672598902536792
0 0.8718832896456823 0.36837442810504123 0.19203747135416677 0.33589289208984374 0.18719782469410629 0.3679432276596242 0.8670436429856218 0.40042476367482166
0 0.8814064833923024 0.3973848813152121 0.17935737759080567 0.36962357397548046 0.175053243156837 0.40406320242589344 0.8771023489583337 0.4318245097656251
0 0.8919606687527245 0.43218527932023254 0.17025067157309684 0.40295607985518805 0.16570698784722232 0.43845367626953125 0.8874169850268501 0.46768287573457573
0 0.9056066564019031 0.46694960644654987 0.1612654668833475 0.4375383633991197 0.15688450607638904 0.47261945458984367 0.9012256955949446 0.5020306976372738
0 0.9167663416392728 0.4996316112855862 0.14230004720008263 0.4711765278759563 0.13750961892361124 0.5124301469726561 0.9119759133628015 0.540885230382286
0 0.9297570586133423 0.5395645197953324 0.13199404424021158 0.5102007770719416 0.12656071614583347 0.5569068627929687 0.9243237305189642 0.5862706055163596
0 0.9443975617491243 0.5802596130268509 0.11907331396872044 0.5515390686099423 0.11404055381944454 0.5972987744140624 0.9393648015998483 0.6260193188309711
0 0.9586248527478121 0.6216616178821414 0.1033268312034407 0.5977163989761578 0.0990347447916668 0.6462242646484375 0.9543327663360383 0.6701694835544211
0 0.9785677271626617 0.6713672281717168 0.0852191103474112 0.6445682278100351 0.07989014236111129 0.7007752451171875 0.9732387591763617 0.7275742454788692
0 0.9955575000511447 0.7193573387412742 0.06476231894381247 0.7003993497000697 0.061177782986111255 0.75608455859375 0.9919729640934436 0.7750425476349545