0 0.8467914029364514 0.05729349453462859 0.24591123350694444 0.03892703173828126 0.24170216592491003 0.08249760765956837 0.8425823353544171 0.10086407045591571
0 0.841221896701389 0.09712287011718754 0.25203424826388887 0.08091776660156252 0.24817499181260919 0.12531444885166498 0.8373626402501093 0.14151955236729
0 0.8405241688929271 0.14005860043415602 0.25338017447916666 0.12429544677734378 0.25004295639422414 0.16362609969334863 0.8371869508079848 0.1793892533501609
0 0.8324518289930558 0.17716462841796884 0.25451580815972225 0.16089563964843753 0.2506587021305059 0.20424930641615352 0.8285947229638393 0.22051829518568483
0 0.828808404513889 0.21518620849609374 0.25577761545138894 0.201562275390625 0.2527318033979296 0.24209666237031657 0.8257625924604297 0.2557205954757853
0 0.8235295130208334 0.2523135712890626 0.25405227343750014 0.2406615541992188 0.25148926373874186 0.2802957966275563 0.8209665033220752 0.29194781371740014
0 0.8151204687500001 0.2921757045898439 0.2558073229166668 0.2802002788085939 0.25335189786826234 0.3164860033058192 0.8126650437015956 0.3284614290870692
0 0.8082650149912811 0.32569829099091085 0.2617204713541667 0.3154132783203125 0.25950307474144163 0.3526961336115102 0.8060476183785562 0.3629811462821086
0 0.8076095277777777 0.36098265771484367 0.26083095572916676 0.3555148081054687 0.259715055360485 0.39082218065576624 0.806493627409096 0.3962900302651412
0 0.8022464418402779 0.39539653515625006 0.25859889062500013 0.38719390917968755 0.2567811775071776 0.4253123319125961 0.8004287287224554 0.4335149578891586
0 0.7952547170138888 0.4291222368164063 0.26030777864583343 0.4252449165039063 0.25947690112470306 0.4615160467677289 0.7944238394927585 0.46539336708022894
0 0.7947418854166667 0.46440928808593757 0.25932733159722227 0.46248576513671874 0.25893675174044123 0.4968849138741545 0.7943513055598856 0.49880843682337334
0 0.7941167881944445 0.49607811474609387 0.25518186805555565 0.4930702900390626 0.25457334613629723 0.5275691768697158 0.7935082662751861 0.5305770015767471
0 0.783875816840278 0.5287143208007813 0.2564416770833335 0.5249294453125 0.2556404219650389 0.5602585401589597 0.7830745617219833 0.564043415647241
0 0.7800078663194447 0.5594996967773439 0.25265792100694456 0.5584283061523438 0.25245439234534117 0.5901255640744817 0.7798043376578413 0.5911969546994817
0 0.7745886510416669 0.592104583984375 0.2615929852430557 0.5873202719726562 0.26055453130651984 0.6225513953857789 0.773550197105131 0.6273357073974977
0 0.7675886529637331 0.6235725766180545 0.25627216320059104 0.6198816194208544 0.25554867274305576 0.6515939858398437 0.7668651625061977 0.6552849430370439
0 0.7604521067708334 0.6546219116210936 0.25546447829861124 0.6488805009765624 0.2542282698499416 0.68328370487673 0.7592158983221639 0.6890251155212612
0 0.7632902597889595 0.6861077682286347 0.250040599826389 0.6813210869140623 0.2491094862868611 0.7129105214235049 0.7623591462494316 0.7176972027380772
0 0.7574490876736113 0.7132830693359375 0.2508332401045974 0.7113725706946183 0.25042586284722235 0.7455527133789063 0.7570417104162364 0.7474632120202255
0 0.757825550186169 0.7459319480067975 0.24372807899305574 0.7453301591796875 0.2436246208207758 0.7732949260166402 0.7577220920138891 0.7738967148437502
0 0.7560866336805555 0.7730027416992187 0.24930473958333346 0.7696984941406249 0.24861161450127675 0.803334558984849 0.7553935085984989 0.8066388065434428
0 0.7490043211805556 0.8038089145507812 0.24790440190972238 0.8022477734374999 0.24759890725560563 0.8332741343451542 0.7486988265264389 0.8348352754584355
0 0.7439645919765537 0.8632241279371814 0.7433957350220004 0.8297521853316072 0.25037494165655766 0.8324033239959883 0.25094379861111116 0.8658752666015624
0 0.7445437952357981 0.8914625064639472 0.7442255199652777 0.8570536230468749 0.24978272543482133 0.8585007059818435 0.25010100070534164 0.8929095893989157
0 0.7480742199184304 0.913007310250296 0.7464410019535106 0.8810168615141347 0.25300605034722223 0.8889876040039063 0.25463926831214184 0.9209780527400676