0 0.6208333333333336 0.84375 0.37708333333333344 0.84375 0.37708333333333344 0.86796875 0.6208333333333336 0.86796875
0 0.640625 0.43671875 0.39270833333333344 0.43671875 0.39270833333333344 0.46171875 0.640625 0.46171875
0 0.6197916666666669 0.86953125 0.3718750000000001 0.86953125 0.3718750000000001 0.890625 0.6197916666666669 0.890625
0 0.6333333333333333 0.51328125 0.3906250000000001 0.51328125 0.3906250000000001 0.53828125 0.6333333333333333 0.53828125
0 0.6302083333333334 0.63984375 0.38437500000000013 0.63984375 0.38437500000000013 0.66484375 0.6302083333333334 0.66484375
0 0.6322916666666667 0.61484375 0.3885416666666668 0.61484375 0.3885416666666668 0.6390625 0.6322916666666667 0.6390625
0 0.30833333333333346 0.63828125 0.05208333333333344 0.63828125 0.05208333333333344 0.66328125 0.30833333333333346 0.66328125
0 0.2947916666666668 0.84140625 0.04583333333333347 0.84140625 0.045833333333333476 0.86484375 0.2947916666666668 0.86484375
0 0.6333333333333333 0.58828125 0.3885416666666668 0.58828125 0.3885416666666668 0.6140625 0.6333333333333333 0.6140625
0 0.9406250000000002 0.725 0.696875 0.725 0.6968750000000001 0.75 0.9406250000000003 0.75
0 0.30104166666666676 0.7640625 0.04895833333333345 0.7640625 0.04895833333333346 0.7890625 0.30104166666666676 0.7890625
0 0.29895833333333344 0.790625 0.0479166666666668 0.790625 0.0479166666666668 0.815625 0.29895833333333344 0.815625
0 0.6250000000000002 0.74296875 0.3875000000000001 0.74296875 0.3875000000000001 0.7671875 0.6250000000000002 0.7671875
0 0.9614583333333333 0.425 0.7125 0.425 0.7125 0.45 0.9614583333333333 0.45
0 0.9458333333333333 0.625 0.70625 0.625 0.70625 0.64921875 0.9458333333333333 0.64921875
0 0.634375 0.5390625 0.38645833333333346 0.5390625 0.38645833333333346 0.5640625 0.634375 0.5640625
0 0.9489583333333333 0.57421875 0.7083333333333334 0.57421875 0.7083333333333334 0.6 0.9489583333333333 0.6
0 0.6354166666666666 0.46171875 0.3906250000000001 0.46171875 0.3906250000000001 0.4875 0.6354166666666666 0.4875
0 0.6208333333333336 0.81875 0.37083333333333346 0.81875 0.37083333333333346 0.8421875 0.6208333333333336 0.8421875
0 0.628125 0.6671875 0.3958333333333334 0.6671875 0.3958333333333334 0.69140625 0.628125 0.69140625
0 0.946875 0.60078125 0.70625 0.60078125 0.70625 0.62578125 0.946875 0.62578125
0 0.3093750000000001 0.5375 0.05416666666666676 0.5375 0.05416666666666676 0.5625 0.3093750000000001 0.5625
0 0.9572916666666667 0.47421875 0.7125 0.47421875 0.7125 0.50078125 0.9572916666666667 0.50078125
0 0.6208333333333336 0.79296875 0.3781250000000001 0.79296875 0.3781250000000001 0.8171875 0.6208333333333336 0.8171875
0 0.9385416666666669 0.75 0.6958333333333335 0.75 0.6958333333333335 0.77421875 0.9385416666666669 0.77421875
0 0.30520833333333347 0.66328125 0.055208333333333436 0.66328125 0.05520833333333344 0.68828125 0.30520833333333347 0.68828125
0 0.9364583333333336 0.775 0.6979166666666669 0.775 0.6979166666666669 0.8 0.9364583333333336 0.8
0 0.3104166666666668 0.5625 0.05312500000000009 0.5625 0.05312500000000009 0.58671875 0.3104166666666668 0.58671875
0 0.9322916666666669 0.8234375 0.6937500000000002 0.8234375 0.6937500000000002 0.84765625 0.9322916666666669 0.84765625
0 0.6270833333333334 0.7171875 0.3916666666666668 0.7171875 0.3916666666666668 0.7421875 0.6270833333333335 0.7421875
0 0.3072916666666668 0.5875 0.05625000000000009 0.5875 0.0562500000000001 0.6125 0.3072916666666668 0.6125
0 0.28958333333333347 0.86796875 0.04895833333333348 0.86796875 0.04895833333333348 0.890625 0.28958333333333347 0.890625
0 0.953125 0.525 0.709375 0.525 0.709375 0.55 0.953125 0.55
0 0.30104166666666676 0.7140625 0.04687500000000012 0.7140625 0.04687500000000012 0.7390625 0.30104166666666676 0.7390625
0 0.9604166666666667 0.44921875 0.7125 0.44921875 0.7125 0.475 0.9604166666666667 0.475
0 0.31458333333333344 0.48671875 0.05416666666666674 0.48671875 0.054166666666666745 0.5109375 0.31458333333333344 0.5109375
0 0.2979166666666668 0.7390625 0.04270833333333345 0.7390625 0.04270833333333345 0.76328125 0.2979166666666668 0.76328125
0 0.6218750000000003 0.76796875 0.3781250000000001 0.76796875 0.3781250000000001 0.79140625 0.6218750000000003 0.79140625
0 0.9333333333333336 0.79921875 0.6937500000000002 0.79921875 0.6937500000000002 0.82265625 0.9333333333333336 0.82265625
0 0.628125 0.6921875 0.37916666666666676 0.6921875 0.37916666666666676 0.71640625 0.628125 0.71640625
0 0.9458333333333333 0.65 0.703125 0.65 0.703125 0.675 0.9458333333333333 0.675
0 0.9416666666666667 0.69921875 0.6979166666666666 0.69921875 0.6979166666666666 0.725 0.9416666666666667 0.725
0 0.29583333333333345 0.8171875 0.042708333333333466 0.8171875 0.042708333333333466 0.840625 0.29583333333333345 0.840625
0 0.3041666666666668 0.6890625 0.05520833333333345 0.6890625 0.05520833333333345 0.71328125 0.3041666666666668 0.71328125
0 0.31458333333333344 0.51171875 0.05416666666666676 0.51171875 0.05416666666666676 0.53671875 0.31458333333333344 0.53671875
0 0.9312500000000002 0.8484375 0.6916666666666669 0.8484375 0.6916666666666669 0.871875 0.9312500000000002 0.871875
0 0.6333333333333333 0.5625 0.38958333333333345 0.5625 0.38958333333333345 0.5875 0.6333333333333333 0.5875
0 0.9552083333333333 0.50078125 0.709375 0.50078125 0.709375 0.525 0.9552083333333333 0.525
0 0.9510416666666667 0.55078125 0.7083333333333334 0.55078125 0.7083333333333334 0.57421875 0.9510416666666667 0.57421875
0 0.6354166666666666 0.4875 0.38645833333333346 0.4875 0.38645833333333346 0.5125 0.6354166666666666 0.5125
0 0.30833333333333346 0.6125 0.05104166666666677 0.6125 0.05104166666666677 0.63671875 0.30833333333333346 0.63671875
0 0.9427083333333334 0.675 0.6989583333333333 0.675 0.6989583333333333 0.69921875 0.9427083333333334 0.69921875
0 0.3156250000000001 0.46015625 0.05625000000000007 0.46015625 0.05625000000000007 0.48515625 0.3156250000000001 0.48515625
0 0.9312500000000002 0.87265625 0.6843750000000003 0.87265625 0.6843750000000003 0.89609375 0.9312500000000002 0.89609375
0 0.6354166666666666 0.41171875 0.39895833333333347 0.41171875 0.39895833333333347 0.434375 0.6354166666666666 0.434375
0 0.9614583333333333 0.4 0.71875 0.4 0.71875 0.42421875 0.9614583333333333 0.42421875