0 0.8598311631944444 0.08156005859375005 0.13501866319444447 0.06795190429687499 0.1321632953258337 0.11607278545646857 0.8569757953258337 0.12968093975334363
0 0.8527964409722223 0.133013916015625 0.13823307291666667 0.11677563476562501 0.13497688356859383 0.16211290775923376 0.8495402516241494 0.17835118900923377
0 0.8407369791666667 0.17991040039062506 0.14228515625000002 0.16803662109375003 0.1398790950333304 0.21281818014197149 0.838330917949997 0.2246919594388465
0 0.8357118055555557 0.2279716796875 0.1430551215277778 0.215779052734375 0.14075022965711878 0.25720918815786564 0.8334069136848966 0.2694018151109907
0 0.825662326388889 0.27260668945312505 0.15109201388888893 0.2623422851562501 0.14910185230693182 0.3037257516230848 0.8236721648069318 0.31399015591995977
0 0.8216423611111112 0.3166423339843751 0.14787717013888896 0.30438500976562505 0.14543145440201066 0.3469217228508331 0.819196645374233 0.35917904706958315
0 0.8095828993055556 0.36018017578125006 0.151092013888889 0.351400390625 0.1494460691884757 0.39045984504149867 0.8079369546051424 0.3992396301977487
0 0.8025481770833333 0.40251953125000006 0.14787717013888896 0.38801806640625 0.14518341275527494 0.42649626797865686 0.7998544196997193 0.44099773282240695
0 0.8035529513888888 0.443230224609375 0.15028862847222232 0.431868896484375 0.14825089077046716 0.4689415072945957 0.8015152136871337 0.48030283541959573
0 0.7945082465277777 0.483341796875 0.15430685763888896 0.47255517578125 0.15238832581030215 0.508583598593941 0.7925897146991909 0.519370219687691
0 0.7814440104166667 0.522322265625 0.1559140625000001 0.511885498046875 0.15412754094037187 0.5457648746086083 0.7796574888570383 0.5562016421867333
0 0.7804388020833335 0.557944091796875 0.15993272569444456 0.5498593749999999 0.1586060259817422 0.5820774001343701 0.7791121023706311 0.5901621169312452
0 0.7211458333333334 0.951244384765625 0.1719878472222224 0.944065185546875 0.1708151914009799 0.9724467882373719 0.7199731775120909 0.9796259874561218
0 0.7281805555555557 0.92353857421875 0.17439887152777797 0.9210095214843749 0.1740557307210565 0.9447832951663021 0.7278374147488342 0.9473123479006772
0 0.7301905381944446 0.893005615234375 0.17118402777777797 0.890720703125 0.17085503066265473 0.9161880972829006 0.7298615410793213 0.9184730093922757
0 0.7372252604166668 0.8614091796874999 0.1671657986111113 0.8577194824218749 0.16659871320503797 0.8854413796093024 0.7366581750105935 0.8891310768749273
0 0.7442599826388893 0.8314416503906251 0.16441974712238133 0.8278807550423332 0.16390293427049293 0.8545080774177335 0.7437431697870008 0.8580689727660255
0 0.7482799479166669 0.7998115234375001 0.16796961805555577 0.7948818359375001 0.16720869883071943 0.8232234462349303 0.7475190286918305 0.8281531337349303
0 0.7482799479166669 0.7676159667968752 0.16314713541666684 0.7618806152343751 0.16220063423533818 0.7924340909772649 0.7473334467353382 0.798169442539765
0 0.7583294270833335 0.7336904296875 0.15936979166666684 0.727470703125 0.15845773605450625 0.7552609648628507 0.757417371471173 0.7614806914253507
0 0.7633546006944446 0.7020942382812498 0.16073611111111125 0.6918095703124999 0.15908646248263367 0.7223931756685266 0.761704952065967 0.7326778436372765
0 0.7623493923611115 0.6653415527343751 0.15912890625000017 0.657904296875 0.1579628200668656 0.6878296347672718 0.7611833061779769 0.6952668906266469
0 0.7713940972222223 0.62975341796875 0.15836458333333348 0.62296826171875 0.15728337184549857 0.653876712367386 0.7703128857343873 0.660661868617386
0 0.7723993055555556 0.593000732421875 0.15511067708333345 0.58647705078125 0.1540672266345315 0.617717149765566 0.7713558551067536 0.624240831406191