0 0.7200750150658762 0.8162332035824817 0.25756402453997784 0.797569202485819 0.2545084821303518 0.8401612137470873 0.7170194726562502 0.8588252148437501
0 0.7205535097548186 0.777122280429938 0.26449064583503595 0.7562490279971336 0.2613185143229168 0.7952349936523436 0.7173813782426993 0.8161082460851481
0 0.7231411302569337 0.7355273181133949 0.2711654827676962 0.7169186209446997 0.26838383138020844 0.7549221821289063 0.720359478869446 0.7735308792976014
0 0.7205653117161992 0.6977409749583282 0.2762901753090578 0.6810488125615927 0.27385132877604174 0.7175617192382813 0.7181264651831832 0.7342538816350168
0 0.7184286188969855 0.661483409064314 0.28499518375175886 0.642268050364627 0.28223274153645844 0.6773181811523438 0.7156661766816851 0.6965335398520308
0 0.7241571005369396 0.6226504083629573 0.28836951761785706 0.6042983828025663 0.2856336490885418 0.6408417529296876 0.7214212320076244 0.6591937784900785
0 0.7201375734139838 0.588191729304737 0.29116012640440037 0.569217245323652 0.2885201250000002 0.60279032421875 0.7174975720095835 0.6217648081998349
0 0.7210998081372352 0.5495115883457465 0.29729660891581056 0.5338163297890646 0.2949870006510418 0.5688960893554688 0.7187901998724664 0.5845913479121507
0 0.7238377363670843 0.5149768970302332 0.300699586683916 0.4988529518243239 0.2985260026041668 0.5309385278320313 0.7216641522873349 0.5470624730379406
0 0.723844231240348 0.4817348579523782 0.30476740080570724 0.4643227680934121 0.3023606627604168 0.49690599560546883 0.7214374931950576 0.5143180854644349
0 0.722659673552123 0.4474078908788893 0.31426811067708343 0.43303261962890627 0.31228155626558557 0.46477823167970445 0.720673119140625 0.4791535029296875
0 0.7226203385945363 0.4147894594567103 0.31395334060664143 0.39934025300879855 0.3118602018229167 0.4304849379882813 0.7205271998108116 0.44593414443619306
0 0.7238588795572918 0.3811446791992188 0.31773435550338425 0.365830586616528 0.315605559421071 0.39758649469441826 0.7217300834749785 0.41290058727710904
0 0.7228485395820977 0.35083276734523455 0.32417371037012005 0.33445032644913586 0.32197176106770836 0.36459218652343756 0.720646590279686 0.38097462741953625
0 0.7216176712239584 0.3200616293945313 0.32574976450329657 0.30379428309079004 0.3236937916666667 0.3319374833984374 0.7195616983873285 0.3482048297021787
0 0.7263762561611254 0.28851980278422046 0.33260040039062505 0.27187589697265635 0.33048311319638796 0.3000529865195643 0.7242589689668884 0.3166968923311284
0 0.7260970310623124 0.2582448071031392 0.33735178201490273 0.2428607138158431 0.3354366461348821 0.2700824179431728 0.7241818951822917 0.28546651123046884
0 0.7290537220337292 0.2286697460048513 0.3436994570329417 0.21196284126719867 0.34160504882812504 0.23913649462890627 0.7269593138289125 0.2558433993665589
0 0.735039064012753 0.09004217199067333 0.3580009404912032 0.0769269699387834 0.3565245040826166 0.10080219931529763 0.7335626276041666 0.11391740136718756
0 0.7319703190104166 0.11681064355468754 0.3577768945312501 0.10115519726562505 0.3557540311108765 0.12835212121833223 0.729947455590043 0.1440075675073947
0 0.7289287530022603 0.1458995446453939 0.3525204563802084 0.12915941113281257 0.3504889213950733 0.15485432122855958 0.7268972180171253 0.17159445474114093
0 0.7294384944616032 0.17220882077803107 0.348764271484375 0.15525772167968752 0.34645602345944665 0.1844159146974182 0.7271302464366749 0.20136701379576172
0 0.7295654047575278 0.20348200910886208 0.3442773036291144 0.1827746292834433 0.341682888671875 0.20992791650390627 0.7269709898002885 0.23063529632932506