0 0.68994140625 0.802734375 0.52587890625 0.802734375 0.52587890625 0.8307291666666666 0.68994140625 0.8307291666666666
0 0.68994140625 0.8333333333333334 0.52490234375 0.8333333333333334 0.52490234375 0.861328125 0.68994140625 0.861328125
0 0.48583984375 0.48632812500000006 0.30712890625 0.486328125 0.30712890625 0.5149739583333334 0.48583984375 0.5149739583333335
0 0.2504882812500001 0.8196614583333334 0.08056640625000008 0.8196614583333334 0.08056640625000008 0.84765625 0.2504882812500001 0.84765625
0 0.4750976562500001 0.8033854166666666 0.3017578125000001 0.8033854166666666 0.3017578125000001 0.83203125 0.4750976562500001 0.83203125
0 0.70361328125 0.43554687500000017 0.53515625 0.43554687500000017 0.53515625 0.4654947916666668 0.70361328125 0.4654947916666668
0 0.71826171875 0.08854166666666675 0.54150390625 0.08854166666666674 0.54150390625 0.12239583333333343 0.71826171875 0.12239583333333344
0 0.7021484375 0.4674479166666668 0.53369140625 0.4674479166666668 0.53369140625 0.4967447916666668 0.7021484375 0.4967447916666668
0 0.2646484375 0.48046875 0.09130859375000006 0.48046875 0.09130859375000006 0.509765625 0.2646484375 0.509765625
0 0.4833984375 0.5501302083333334 0.3076171875 0.5501302083333334 0.3076171875 0.5800781250000001 0.4833984375 0.5800781250000001
0 0.484375 0.5188802083333334 0.30908203125 0.5188802083333334 0.30908203125 0.5494791666666667 0.484375 0.5494791666666669
0 0.26904296875 0.32356770833333337 0.09228515625000003 0.3235677083333333 0.09228515625000003 0.353515625 0.26904296875 0.353515625
0 0.92333984375 0.44335937500000017 0.75341796875 0.44335937500000017 0.75341796875 0.4733072916666668 0.92333984375 0.4733072916666668
0 0.69482421875 0.6809895833333334 0.52880859375 0.6809895833333334 0.52880859375 0.7102864583333334 0.69482421875 0.7102864583333334
0 0.7060546875 0.3743489583333335 0.5380859375 0.3743489583333335 0.5380859375 0.4049479166666668 0.7060546875 0.4049479166666668
0 0.2534179687500001 0.7578125 0.08349609375000008 0.7578125 0.08349609375000008 0.787109375 0.2534179687500001 0.787109375
0 0.70166015625 0.49804687500000017 0.533203125 0.49804687500000017 0.533203125 0.5266927083333335 0.70166015625 0.5266927083333335
0 0.69189453125 0.7428385416666666 0.52685546875 0.7428385416666666 0.52685546875 0.771484375 0.69189453125 0.771484375
0 0.90576171875 0.8424479166666666 0.7412109375 0.8424479166666666 0.7412109375 0.87109375 0.90576171875 0.87109375
0 0.2553710937500001 0.7265625 0.08447265625000006 0.7265625 0.08447265625000007 0.755859375 0.2553710937500001 0.755859375
0 0.4736328125000001 0.8352864583333334 0.3022460937500001 0.8352864583333334 0.3022460937500001 0.8639322916666666 0.4736328125000001 0.8639322916666666
0 0.48291015625000006 0.5826822916666667 0.306640625 0.5826822916666666 0.30664062500000006 0.6119791666666667 0.4829101562500001 0.6119791666666669
0 0.69287109375 0.7115885416666666 0.52783203125 0.7115885416666666 0.52783203125 0.7415364583333334 0.69287109375 0.7415364583333334
0 0.908203125 0.8125000000000001 0.74267578125 0.8125 0.74267578125 0.8417968750000001 0.908203125 0.8417968750000003
0 0.26171875000000006 0.603515625 0.08642578125000006 0.603515625 0.08642578125000006 0.6328125 0.2617187500000001 0.6328125
0 0.2583007812500001 0.6959635416666666 0.08496093750000006 0.6959635416666666 0.08496093750000006 0.7252604166666666 0.2583007812500001 0.7252604166666666
0 0.69091796875 0.7721354166666666 0.5263671875 0.7721354166666666 0.5263671875 0.8020833333333334 0.69091796875 0.8020833333333334
0 0.4814453125000001 0.6126302083333334 0.3056640625000001 0.6126302083333334 0.3056640625000001 0.6425781250000001 0.4814453125000001 0.6425781250000001
0 0.697265625 0.6503906250000001 0.5302734375 0.6503906250000001 0.5302734375 0.6790364583333334 0.697265625 0.6790364583333334
0 0.26611328125 0.4485677083333333 0.09277343750000003 0.4485677083333333 0.09277343750000004 0.478515625 0.26611328125 0.478515625
0 0.4731445312500001 0.869140625 0.2993164062500001 0.869140625 0.2993164062500001 0.8958333333333334 0.4731445312500001 0.8958333333333334
0 0.2607421875000001 0.6334635416666666 0.08593750000000006 0.6334635416666666 0.08593750000000006 0.6634114583333334 0.2607421875000001 0.6634114583333334
0 0.26416015625 0.51171875 0.08789062500000006 0.51171875 0.08789062500000006 0.5403645833333334 0.26416015625 0.5403645833333334
0 0.701171875 0.5286458333333335 0.53271484375 0.5286458333333335 0.53271484375 0.5579427083333335 0.701171875 0.5579427083333335
0 0.69873046875 0.5898437500000001 0.5341796875 0.5898437500000001 0.5341796875 0.6184895833333335 0.69873046875 0.6184895833333335
0 0.2626953125 0.5716145833333334 0.08691406250000006 0.5716145833333334 0.08691406250000006 0.6022135416666666 0.2626953125 0.6022135416666666
0 0.2602539062500001 0.6653645833333334 0.08593750000000006 0.6653645833333334 0.08593750000000006 0.6940104166666666 0.2602539062500001 0.6940104166666666
0 0.2529296875000001 0.7890625 0.08349609375000008 0.7890625 0.08349609375000008 0.8177083333333334 0.2529296875000001 0.8177083333333334
0 0.26416015625 0.541015625 0.08789062500000006 0.541015625 0.08789062500000006 0.5709635416666666 0.26416015625 0.5709635416666666
0 0.27294921875 0.2916666666666667 0.09082031250000003 0.2916666666666667 0.09082031250000003 0.31966145833333337 0.27294921875 0.3196614583333334
0 0.91015625 0.7513020833333335 0.74462890625 0.7513020833333334 0.74462890625 0.7825520833333335 0.91015625 0.7825520833333336
0 0.69775390625 0.6204427083333335 0.53173828125 0.6204427083333335 0.53173828125 0.6484375000000001 0.69775390625 0.6484375000000001
0 0.90576171875 0.8743489583333334 0.73779296875 0.8743489583333334 0.73779296875 0.904296875 0.90576171875 0.904296875
0 0.267578125 0.3860677083333333 0.09423828125000003 0.3860677083333333 0.09423828125000003 0.416015625 0.267578125 0.416015625
0 0.26904296875 0.3548177083333333 0.09472656250000003 0.3548177083333333 0.09472656250000003 0.384765625 0.26904296875 0.384765625
0 0.2666015625 0.4173177083333333 0.09375000000000003 0.4173177083333333 0.09375000000000003 0.4479166666666667 0.2666015625 0.4479166666666667
0 0.2519531250000001 0.8515625 0.08056640625000008 0.8515625 0.08056640625000008 0.8795572916666666 0.2519531250000001 0.8795572916666666
0 0.4750976562500001 0.7727864583333334 0.3037109375000001 0.7727864583333334 0.3037109375000001 0.8014322916666666 0.4750976562500001 0.8014322916666666
0 0.70654296875 0.34179687500000017 0.5390625 0.34179687500000017 0.5390625 0.3743489583333335 0.70654296875 0.3743489583333335
0 0.4790039062500001 0.6783854166666666 0.3041992187500001 0.6783854166666666 0.3041992187500001 0.7076822916666666 0.4790039062500001 0.7076822916666666
0 0.689453125 0.865234375 0.51953125 0.865234375 0.51953125 0.892578125 0.689453125 0.892578125
0 0.4760742187500001 0.740234375 0.3022460937500001 0.740234375 0.3022460937500001 0.7688802083333334 0.4760742187500001 0.7688802083333334
0 0.705078125 0.4055989583333335 0.53662109375 0.4055989583333335 0.53662109375 0.43554687500000017 0.705078125 0.43554687500000017
0 0.69970703125 0.5579427083333335 0.53515625 0.5579427083333335 0.53515625 0.5878906250000001 0.69970703125 0.5878906250000001
0 0.4804687500000001 0.6451822916666667 0.3051757812500001 0.6451822916666666 0.3051757812500001 0.6751302083333334 0.4804687500000001 0.6751302083333334
0 0.90966796875 0.7825520833333335 0.744140625 0.7825520833333334 0.744140625 0.8111979166666669 0.90966796875 0.811197916666667
0 0.912109375 0.7200520833333335 0.74462890625 0.7200520833333334 0.74462890625 0.7519531250000001 0.912109375 0.7519531250000003
0 0.4785156250000001 0.708984375 0.3046875000000001 0.708984375 0.3046875000000001 0.7376302083333334 0.4785156250000001 0.7376302083333334
0 0.70947265625 0.3125000000000001 0.54052734375 0.31250000000000006 0.54052734375 0.3430989583333335 0.70947265625 0.3430989583333335
0 0.9150390625 0.6569010416666669 0.74609375 0.6569010416666669 0.74609375 0.6881510416666669 0.9150390625 0.688151041666667
0 0.9130859375 0.6888020833333335 0.7451171875 0.6888020833333334 0.7451171875 0.7187500000000001 0.9130859375 0.7187500000000003
0 0.71142578125 0.2812500000000001 0.541015625 0.28125000000000006 0.541015625 0.3125000000000001 0.71142578125 0.31250000000000017
0 0.71630859375 0.12174479166666675 0.54541015625 0.12174479166666674 0.54541015625 0.15494791666666677 0.71630859375 0.15494791666666677
0 0.92529296875 0.4127604166666668 0.7578125 0.4127604166666668 0.7578125 0.4446614583333335 0.92529296875 0.4446614583333335
0 0.91650390625 0.6263020833333335 0.74755859375 0.6263020833333335 0.74755859375 0.6575520833333335 0.91650390625 0.6575520833333335
0 0.94189453125 0.13085937500000014 0.765625 0.1308593750000001 0.765625 0.1647135416666668 0.94189453125 0.16471354166666682
0 0.92724609375 0.3815104166666668 0.7587890625 0.3815104166666668 0.7587890625 0.4134114583333335 0.92724609375 0.4134114583333335
0 0.92236328125 0.5338541666666669 0.751953125 0.5338541666666669 0.751953125 0.5651041666666669 0.92236328125 0.5651041666666669
0 0.71337890625 0.21744791666666677 0.54248046875 0.21744791666666674 0.54248046875 0.2500000000000001 0.71337890625 0.25000000000000017
0 0.92041015625 0.5651041666666669 0.75 0.5651041666666669 0.75 0.5970052083333335 0.92041015625 0.5970052083333335
0 0.91845703125 0.5963541666666669 0.74853515625 0.5963541666666669 0.74853515625 0.6263020833333335 0.91845703125 0.6263020833333335
0 0.71240234375 0.2500000000000001 0.54150390625 0.25000000000000006 0.54150390625 0.2819010416666668 0.71240234375 0.2819010416666668
0 0.71435546875 0.18489583333333345 0.54345703125 0.1848958333333334 0.54345703125 0.21744791666666677 0.71435546875 0.21744791666666682
0 0.71533203125 0.15299479166666677 0.544921875 0.15299479166666674 0.544921875 0.1855468750000001 0.71533203125 0.18554687500000014
0 0.92333984375 0.5045572916666669 0.7529296875 0.5045572916666669 0.7529296875 0.5351562500000001 0.92333984375 0.5351562500000001
0 0.92333984375 0.4739583333333335 0.75341796875 0.4739583333333335 0.75341796875 0.5058593750000001 0.92333984375 0.5058593750000001
0 0.9296875 0.3502604166666668 0.76025390625 0.3502604166666668 0.76025390625 0.3821614583333335 0.9296875 0.3821614583333335
0 0.9345703125 0.2565104166666668 0.76513671875 0.2565104166666668 0.76513671875 0.2903645833333335 0.9345703125 0.2903645833333335
0 0.9345703125 0.22591145833333348 0.765625 0.22591145833333348 0.765625 0.2591145833333335 0.9345703125 0.2591145833333335
0 0.93798828125 0.16341145833333345 0.76904296875 0.16341145833333345 0.76904296875 0.19856770833333348 0.93798828125 0.19856770833333348
0 0.931640625 0.3190104166666668 0.76220703125 0.3190104166666668 0.76220703125 0.3522135416666668 0.931640625 0.3522135416666668
0 0.9344621582031251 0.2953792317708335 0.764897216796875 0.2906438802083335 0.7644565758346179 0.3186947399635213 0.934021517240868 0.3234300915260213
0 0.9361105957031249 0.20746614583333342 0.7715932617187499 0.20136295572916674 0.7710648482169372 0.22668543035515756 0.9355821822013123 0.23278862045932425