0 0.8956147221403739 0.16777838804550027 0.8936568116319444 0.120460990234375 0.15894401196795982 0.1300800947577968 0.16090192247638918 0.17739749256892207
0 0.8819623595458121 0.21199243630479248 0.8787612871529398 0.1645753934332423 0.16754913194444446 0.17976705419921876 0.17075020433731689 0.22718409707076898
0 0.8794466584236138 0.25760077810247745 0.8773581328125001 0.21346381689453126 0.1726405980099327 0.22401491126789014 0.17472912362104653 0.26815187247583633
0 0.8674148125874858 0.2962918311284816 0.86500284375 0.25780715869140625 0.18005327886794598 0.271389903638857 0.1824652477054317 0.3098745760759324
0 0.865371041625619 0.33723789444265756 0.8626281176862594 0.29957352149446115 0.18843084895833334 0.31510865771484375 0.19117377289769286 0.35277303066304017
0 0.8546796204562018 0.3768282880889524 0.8519691812118858 0.33795761143531067 0.19543344531250004 0.35244269482421875 0.1981438845568161 0.3913133714778605
0 0.8498902656812615 0.41368729627421524 0.8477103333333333 0.38130235351562497 0.20479519837398275 0.3949953527976749 0.20697513072191087 0.42738029555626517
0 0.851229345032652 0.4471263572557471 0.8481780121527778 0.41370334667968744 0.20737915154134995 0.4322135337068823 0.21043048442122428 0.465636544282942
0 0.8409862309231924 0.4823907299385059 0.8377587209631554 0.4483540080239442 0.21763667013888885 0.4669595400390624 0.22086418009892594 0.5009962619536241
0 0.8383183704643647 0.5152290827521019 0.8342392721213189 0.48158104924214845 0.22684669097222215 0.5048790698242187 0.2309257893152681 0.5385271033341721
0 0.8078826005973441 0.7263792883063944 0.8039506414930555 0.6941920986328126 0.2700651298156952 0.7148277946564183 0.27399708891998376 0.7470149843300001
0 0.8140559919486694 0.6919623573182768 0.8106043091391394 0.6663823875826668 0.26287732725694446 0.68976753125 0.2663290100664744 0.7153475009856101
0 0.8203329984132854 0.6653632233505 0.8161682118055554 0.6340065190429688 0.255940289362792 0.6575500798688603 0.26010507597052196 0.6889067841763915
0 0.8205408942787418 0.6349160765603791 0.8171847497276863 0.606998106767642 0.2505205998263889 0.6285520937500001 0.2538767443774444 0.6564700635427372
0 0.82529823038107 0.6076190418338843 0.8216264804364992 0.5771970010349703 0.24494047656249998 0.5992196328125 0.2486122265070706 0.629641673611414
0 0.8289366958355893 0.5764933989275927 0.8257626631944444 0.5470627924804689 0.23700810597519834 0.5671533279799884 0.2401821386163432 0.5965839344271122
0 0.8332897656418841 0.5443773752662144 0.8292716978255038 0.5109781917112284 0.2334952265625 0.5336564560546875 0.23751329437888025 0.5670556396096735