0 0.72216796875 0.5019531250000001 0.59619140625 0.5019531250000001 0.59619140625 0.5240885416666669 0.72216796875 0.5240885416666669
0 0.55029296875 0.6126302083333334 0.4248046875000001 0.6126302083333334 0.4248046875000001 0.6328125000000001 0.55029296875 0.6328125000000001
0 0.7109375 0.6373697916666669 0.58984375 0.6373697916666669 0.58984375 0.6562500000000001 0.7109375 0.6562500000000001
0 0.72314453125 0.4791666666666668 0.59716796875 0.4791666666666668 0.59716796875 0.5000000000000001 0.72314453125 0.5000000000000001
0 0.548828125 0.6347656250000001 0.4248046875000001 0.634765625 0.4248046875000001 0.6549479166666667 0.548828125 0.6549479166666669
0 0.72119140625 0.5247395833333335 0.595703125 0.5247395833333335 0.595703125 0.5455729166666669 0.72119140625 0.5455729166666669
0 0.556640625 0.47916666666666674 0.42626953125 0.4791666666666667 0.42626953125 0.5006510416666667 0.556640625 0.5006510416666669
0 0.88720703125 0.4329427083333335 0.76708984375 0.4329427083333335 0.76708984375 0.4537760416666668 0.88720703125 0.4537760416666668
0 0.8857421875 0.45703125000000017 0.7666015625 0.45703125000000017 0.7666015625 0.4772135416666668 0.8857421875 0.4772135416666668
0 0.546875 0.6998697916666666 0.4252929687500001 0.6998697916666666 0.4252929687500001 0.71875 0.546875 0.71875
0 0.72802734375 0.4322916666666668 0.5986328125 0.4322916666666668 0.5986328125 0.4544270833333335 0.72802734375 0.4544270833333335
0 0.8818359375 0.4791666666666668 0.76513671875 0.4791666666666668 0.76513671875 0.5000000000000001 0.8818359375 0.5000000000000001
0 0.55517578125 0.5019531250000001 0.42529296875 0.501953125 0.42529296875 0.5221354166666667 0.55517578125 0.5221354166666669
0 0.87939453125 0.5019531250000001 0.76318359375 0.5019531250000001 0.76318359375 0.5221354166666669 0.87939453125 0.5221354166666669
0 0.55419921875 0.5240885416666667 0.42626953125 0.5240885416666666 0.42626953125 0.5455729166666667 0.55419921875 0.5455729166666669
0 0.70458984375 0.72265625 0.58837890625 0.72265625 0.58837890625 0.740234375 0.70458984375 0.740234375
0 0.3876953125000001 0.7532552083333334 0.2563476562500001 0.7532552083333334 0.2563476562500001 0.7734375 0.3876953125000001 0.7734375
0 0.55859375 0.4309895833333334 0.42578125 0.4309895833333333 0.42578125 0.45312500000000006 0.55859375 0.45312500000000017
0 0.38623046875 0.5240885416666666 0.24462890625000006 0.5240885416666666 0.24462890625000006 0.5462239583333334 0.38623046875 0.5462239583333334
0 0.55078125 0.5917968750000001 0.42578125 0.591796875 0.42578125000000006 0.6113281250000001 0.55078125 0.6113281250000001
0 0.38623046875 0.5481770833333334 0.24658203125000006 0.5481770833333334 0.24658203125000006 0.5690104166666666 0.38623046875 0.5690104166666666
0 0.708984375 0.6582031250000001 0.58935546875 0.6582031250000001 0.58935546875 0.6770833333333334 0.708984375 0.6770833333333334
0 0.3891601562500001 0.7311197916666666 0.2548828125000001 0.7311197916666666 0.2548828125000001 0.7506510416666666 0.3891601562500001 0.7506510416666666
0 0.5595703125 0.4544270833333334 0.4267578125 0.4544270833333333 0.4267578125 0.47656250000000006 0.5595703125 0.47656250000000017
0 0.869140625 0.6113281250000001 0.7568359375 0.6113281250000001 0.7568359375 0.6302083333333335 0.869140625 0.6302083333333335
0 0.87841796875 0.5240885416666669 0.7626953125 0.5240885416666669 0.7626953125 0.5436197916666669 0.87841796875 0.5436197916666669
0 0.3896484375 0.5 0.24511718750000006 0.5 0.24511718750000006 0.5221354166666666 0.3896484375 0.5221354166666666
0 0.70361328125 0.7428385416666666 0.5888671875 0.7428385416666666 0.5888671875 0.7604166666666666 0.70361328125 0.7604166666666666
0 0.8720703125 0.5898437500000001 0.75927734375 0.5898437500000001 0.75927734375 0.6093750000000001 0.8720703125 0.6093750000000001
0 0.3867187500000001 0.6184895833333334 0.2500000000000001 0.6184895833333334 0.2500000000000001 0.6393229166666666 0.3867187500000001 0.6393229166666666
0 0.8740234375 0.5683593750000001 0.75927734375 0.5683593750000001 0.75927734375 0.5878906250000001 0.8740234375 0.5878906250000001
0 0.21337890625000006 0.76171875 0.07373046875000008 0.76171875 0.07373046875000008 0.78125 0.21337890625000006 0.78125
0 0.3876953125 0.4772135416666667 0.24462890625000006 0.4772135416666667 0.24462890625000006 0.4986979166666667 0.3876953125 0.4986979166666667
0 0.86376953125 0.6536458333333335 0.75390625 0.6536458333333335 0.75390625 0.671875 0.86376953125 0.671875
0 0.3872070312500001 0.6868489583333334 0.2543945312500001 0.6868489583333334 0.2543945312500001 0.70703125 0.3872070312500001 0.70703125
0 0.3896484375000001 0.642578125 0.2519531250000001 0.642578125 0.2519531250000001 0.6627604166666666 0.3896484375000001 0.6627604166666666
0 0.3876953125 0.451171875 0.24462890625000006 0.451171875 0.24462890625000006 0.4733072916666667 0.3876953125 0.4733072916666667
0 0.71435546875 0.6145833333333335 0.5908203125 0.6145833333333335 0.5908203125 0.6341145833333335 0.71435546875 0.6341145833333335
0 0.71923828125 0.5468750000000001 0.59375 0.5468750000000001 0.59375 0.5677083333333335 0.71923828125 0.5677083333333335
0 0.38671875000000006 0.5963541666666666 0.25048828125 0.5963541666666666 0.25048828125000006 0.6171875 0.3867187500000001 0.6171875
0 0.8544921875 0.7141927083333334 0.7490234375 0.7141927083333334 0.7490234375 0.732421875 0.8544921875 0.732421875
0 0.54833984375 0.6562500000000001 0.4257812500000001 0.65625 0.4257812500000001 0.67578125 0.54833984375 0.67578125
0 0.19824218750000006 0.4303385416666667 0.04541015625000004 0.4303385416666667 0.04541015625000004 0.4537760416666667 0.19824218750000006 0.4537760416666667
0 0.8525390625 0.7350260416666666 0.74755859375 0.7350260416666666 0.74755859375 0.7526041666666666 0.8525390625 0.7526041666666666
0 0.3876953125000001 0.7096354166666666 0.2543945312500001 0.7096354166666666 0.2543945312500001 0.728515625 0.3876953125000001 0.728515625
0 0.20361328125000006 0.6015625 0.062011718750000056 0.6015625 0.062011718750000056 0.6236979166666666 0.20361328125000006 0.6236979166666666
0 0.20214843750000006 0.5065104166666666 0.05371093750000004 0.5065104166666666 0.05371093750000004 0.5286458333333334 0.20214843750000006 0.5286458333333334
0 0.546875 0.6790364583333334 0.4248046875000001 0.6790364583333334 0.4248046875000001 0.697265625 0.546875 0.697265625
0 0.3876953125000001 0.6647135416666666 0.2534179687500001 0.6647135416666666 0.2534179687500001 0.6842447916666666 0.3876953125000001 0.6842447916666666
0 0.20947265625000006 0.7174479166666666 0.07080078125000006 0.7174479166666666 0.07080078125000006 0.7369791666666666 0.20947265625000006 0.7369791666666666
0 0.20068359375000006 0.5540364583333334 0.055664062500000056 0.5540364583333334 0.055664062500000056 0.5755208333333334 0.20068359375000006 0.5755208333333334
0 0.20166015625000006 0.5774739583333334 0.058105468750000056 0.5774739583333334 0.058105468750000056 0.599609375 0.20166015625000006 0.599609375
0 0.38671875 0.572265625 0.24951171875000006 0.572265625 0.24951171875000006 0.59375 0.38671875 0.59375
0 0.54638671875 0.720703125 0.4257812500000001 0.720703125 0.4257812500000001 0.7395833333333334 0.54638671875 0.7395833333333334
0 0.21191406250000006 0.740234375 0.07324218750000006 0.740234375 0.07324218750000007 0.7604166666666666 0.21191406250000006 0.7604166666666666
0 0.38525390625 0.4016927083333333 0.23974609375000006 0.4016927083333333 0.23974609375000006 0.4231770833333333 0.38525390625 0.4231770833333333
0 0.546875 0.7421875 0.4257812500000001 0.7421875 0.4257812500000001 0.7604166666666666 0.546875 0.7604166666666666
0 0.20556640625000006 0.6490885416666666 0.06640625000000006 0.6490885416666666 0.06640625000000006 0.6705729166666666 0.20556640625000006 0.6705729166666666
0 0.20458984375000006 0.6256510416666666 0.06445312500000006 0.6256510416666666 0.06445312500000006 0.6471354166666666 0.20458984375000006 0.6471354166666666
0 0.859375 0.6731770833333334 0.751953125 0.6731770833333334 0.751953125 0.6920572916666666 0.859375 0.6920572916666666
0 0.72412109375 0.4557291666666668 0.5986328125 0.4557291666666668 0.5986328125 0.47656250000000017 0.72412109375 0.47656250000000017
0 0.38427734375 0.4270833333333333 0.24218750000000006 0.4270833333333333 0.24218750000000006 0.4485677083333333 0.38427734375 0.4485677083333333
0 0.19921875000000006 0.4563802083333333 0.04882812500000004 0.4563802083333333 0.04882812500000004 0.4791666666666667 0.19921875000000006 0.4791666666666667
0 0.55322265625 0.5475260416666667 0.4267578125 0.5475260416666666 0.4267578125 0.5677083333333334 0.55322265625 0.5677083333333335
0 0.19970703125000006 0.4811197916666667 0.05175781250000004 0.4811197916666667 0.05175781250000004 0.5045572916666666 0.19970703125000006 0.5045572916666666
0 0.20166015625000006 0.529296875 0.054687500000000056 0.529296875 0.054687500000000056 0.5514322916666666 0.20166015625000006 0.5514322916666666
0 0.87646484375 0.5455729166666669 0.7607421875 0.5455729166666669 0.7607421875 0.5651041666666669 0.87646484375 0.5651041666666669
0 0.7060546875 0.7018229166666666 0.58984375 0.7018229166666666 0.58984375 0.7194010416666666 0.7060546875 0.7194010416666666
0 0.86474609375 0.6328125000000001 0.75634765625 0.6328125000000001 0.75634765625 0.6516927083333335 0.86474609375 0.6516927083333335
0 0.716796875 0.5703125000000001 0.59228515625 0.5703125000000001 0.59228515625 0.5904947916666669 0.716796875 0.5904947916666669
0 0.7158203125 0.5911458333333335 0.58984375 0.5911458333333335 0.58984375 0.6119791666666669 0.7158203125 0.6119791666666669
0 0.20849609375000006 0.6940104166666666 0.06982421875000006 0.6940104166666666 0.06982421875000006 0.7154947916666666 0.20849609375000006 0.7154947916666666
0 0.5517578125 0.5696614583333334 0.4267578125 0.5696614583333334 0.4267578125 0.5898437500000001 0.5517578125 0.5898437500000001
0 0.70703125 0.6790364583333334 0.58984375 0.6790364583333334 0.58984375 0.6985677083333334 0.70703125 0.6985677083333334
0 0.20800781250000006 0.6725260416666666 0.06884765625000006 0.6725260416666666 0.06884765625000006 0.6927083333333334 0.20800781250000006 0.6927083333333334
0 0.8896484375 0.4095052083333335 0.76708984375 0.4095052083333335 0.76708984375 0.42968750000000017 0.8896484375 0.42968750000000017
0 0.73046875 0.4088541666666668 0.5986328125 0.4088541666666668 0.5986328125 0.42968750000000017 0.73046875 0.42968750000000017
0 0.85693359375 0.6940104166666666 0.75048828125 0.6940104166666666 0.75048828125 0.712890625 0.85693359375 0.712890625
0 0.3886718750000001 0.7747395833333334 0.2578125000000001 0.7747395833333334 0.2578125000000001 0.79296875 0.3886718750000001 0.79296875
0 0.5595703125 0.40820312500000006 0.42578125 0.408203125 0.42578125 0.42838541666666674 0.5595703125 0.4283854166666668
0 0.21484375000000006 0.783203125 0.07275390625000008 0.783203125 0.07275390625000008 0.802734375 0.21484375000000006 0.802734375
0 0.19628906250000006 0.4055989583333333 0.04248046875000004 0.4055989583333333 0.04248046875000004 0.427734375 0.19628906250000006 0.427734375
0 0.54833984375 0.7623697916666666 0.4248046875000001 0.7623697916666666 0.4248046875000001 0.779296875 0.54833984375 0.779296875
0 0.70263671875 0.7643229166666666 0.58740234375 0.7643229166666666 0.58740234375 0.7805989583333334 0.70263671875 0.7805989583333334
0 0.85400390625 0.751953125 0.744140625 0.751953125 0.744140625 0.771484375 0.85400390625 0.771484375