0 0.6637803673547368 0.19357433827360856 0.6617509694010416 0.16324692773437502 0.3319339367928997 0.17566137804621787 0.33396333474659473 0.20598878858545142
0 0.6633674336565868 0.22411979456922262 0.6617281236979167 0.19408954296875 0.33894722084263923 0.20400088503813663 0.34058653080130924 0.23403113663860925
0 0.660890497025119 0.25908726574154073 0.6591925677083332 0.2245887797851563 0.3412736314574512 0.23339031629703683 0.342971560774237 0.26788880225342127
0 0.6549954157363445 0.2934911695417717 0.65482132421875 0.266019599609375 0.3329146226475367 0.26716708371076764 0.33308871416513125 0.2946386536431643
0 0.6549881242212693 0.3209060713327796 0.65476860546875 0.2949370078125 0.33455701835640733 0.2964595695348646 0.33477653710892663 0.3224286330551442
0 0.650331420711088 0.34992193653478404 0.6502103151041666 0.32433441552734377 0.3377975562390411 0.32516615502755714 0.3379186618459624 0.3507536760349974
0 0.6471319082031252 0.35216287255859374 0.3377412617187501 0.35169930712890624 0.3376740738890774 0.37692303534283556 0.6470647203734524 0.37738660077252306
0 0.6440370299479166 0.378908240234375 0.3398524872467672 0.3779985323478047 0.3396923370341105 0.4081206311058795 0.6438768797352599 0.4090303389924498
0 0.6333591909705814 0.4151920745474965 0.32754037500000005 0.40524254833984374 0.3259505577855084 0.43272981300944 0.6317693737560897 0.4426793392170928
0 0.6370417306156667 0.45912173296771086 0.6369026718749999 0.43617253124999994 0.33606173877404616 0.4371979238113443 0.33620079751471293 0.46014712552905523
0 0.6362837630208334 0.4609148881835938 0.3383997157227841 0.45704217017905874 0.3377997066082008 0.48300259205405877 0.6356837539062502 0.4868753100585938
0 0.6367155436197918 0.48874239941406256 0.33931656025188267 0.487369073010248 0.3391187139298883 0.5114690272230218 0.6365176972977974 0.5128423536268364
0 0.63598902407715 0.5154881474246792 0.3374293723958335 0.508557603515625 0.33643672852701695 0.5326111870479772 0.6349963802083335 0.5395417309570314
0 0.6326725279886415 0.5403607935130172 0.3400859804687501 0.5351274291992187 0.3392974466207337 0.559925406194014 0.631883994140625 0.5651587705078125
0 0.6316193458866108 0.5662532315919773 0.34248144986979173 0.5602513496093751 0.3416207459102644 0.5835748587400541 0.6307586419270835 0.5895767407226563
0 0.6296373420622587 0.5936581756593484 0.3409220003539171 0.5835230155677995 0.3394610664947835 0.6069325259436072 0.6281764082031251 0.6170676860351563
0 0.6306797656026398 0.6185893799748083 0.34282087056538674 0.6075667108080951 0.3412097573064971 0.6312336164778182 0.6290686523437502 0.6422562856445314
0 0.6332451971183805 0.6422272959955906 0.3428989023437501 0.6284730991210937 0.3410656453295364 0.6502415204106594 0.6314119401041668 0.6639957172851563
0 0.6295718978382299 0.6664268946800513 0.34088522851562514 0.6537599907226563 0.33910541401072875 0.6765767269019801 0.6277920833333335 0.6892436308593751
0 0.6311093733122081 0.6904412715272106 0.34177135611979187 0.6760620239257813 0.33981844439612563 0.6981662074766957 0.6291564615885419 0.712545455078125
0 0.6232036148574606 0.874851809493813 0.3494492272135417 0.8477377416992188 0.3458492673736913 0.8681827171652314 0.6196036550176102 0.8952967849598257
0 0.6253547900874983 0.8514966478699324 0.34909913541666676 0.8251749287109373 0.3453698980635436 0.8471909825011612 0.6216255527343751 0.8735127016601563
0 0.6276406082210723 0.8298438424631324 0.3460476354166668 0.8055558749999999 0.3427020057112197 0.8273746839040552 0.6242949785156252 0.8516626513671877
0 0.625428100823038 0.8078261396893146 0.34644039843750013 0.7830838427734376 0.34296361922904567 0.8051356752520918 0.6219513216145836 0.8298779721679689
0 0.6266113914448002 0.7838131204443975 0.34095641666666693 0.7617172895507812 0.3379288442322835 0.7837338019188838 0.6235838190104167 0.8058296328125001
0 0.6304286062735791 0.7603291919175369 0.3422142506510418 0.7369208164062501 0.33881083296068853 0.7604920391417802 0.6270251885832259 0.783900414653067
0 0.6283500676165242 0.7371631378351159 0.3433917682291668 0.7158648344726563 0.3404150541282677 0.7382673069891029 0.6253733535156252 0.7595656103515626
0 0.6311477281298643 0.7130332220650671 0.34207407226562525 0.6955715522460939 0.33946459478680263 0.7198711353568081 0.6285382506510417 0.7373328051757814