0 0.7224082484775662 0.056815279889185125 0.716677247357696 -0.0002399168087789741 0.15875848828125003 0.0312831728515625 0.16448948940112024 0.08833836954952659
0 0.7201837738687554 0.10717016519421722 0.7150312112428073 0.05738329230560224 0.17194501432291673 0.08899876806640626 0.17709757694886488 0.13878564095502124
0 0.7195281649426982 0.15843914838840825 0.7137988030105973 0.1064484576176728 0.17768274023437494 0.13968088134765624 0.183412102166476 0.1916715721183917
0 0.718630248337377 0.20765774167627754 0.7127944921875001 0.157833654296875 0.18819517906142522 0.19239638346484697 0.19403093521130219 0.24222047084424952
0 0.7176060733130284 0.2495463222861064 0.7127092591145834 0.20490571972656246 0.19738368115042068 0.2367028410141251 0.2022804953488657 0.28134344357366897
0 0.7218738736573881 0.2952823688937046 0.716381054102726 0.24832187530478242 0.20682127669270836 0.2818477675781251 0.21231409624737052 0.3288082611670473
0 0.7211360704967 0.33822780299183464 0.71620464453125 0.2946098959960938 0.21413490876781116 0.326539553901375 0.21906633473326118 0.3701574608971159
0 0.7220546384830423 0.38206542047436315 0.7168974101562499 0.33639811718749996 0.22313609564493422 0.36776349910649403 0.2282933239717266 0.4134308023933572
0 0.719885369916183 0.4189098393121821 0.7146595933791157 0.37875931955416403 0.23264438541666665 0.4140486103515625 0.237870161953734 0.4541991301095806
0 0.7214254959839369 0.4600891299461893 0.7162413359374998 0.4184187177734375 0.23997201669697685 0.4517479828123085 0.24515617674341383 0.4934183949850603
0 0.7225712209776747 0.49822442059232386 0.7178976243489584 0.45880744335937507 0.2475147310525572 0.49017942525614994 0.25218832768127336 0.5295964024890987
0 0.7249306579490464 0.5332035670442479 0.7202719712844129 0.49663679796765825 0.256729287109375 0.5298559980468749 0.2613879737740084 0.5664227671234645
0 0.7292348572395836 0.5719002672424544 0.7246344843749998 0.5339959072265628 0.2654470985517343 0.5653443766004248 0.270047471416318 0.6032487366163164
0 0.726346595503769 0.607243278350422 0.7215394557291667 0.5686033647460937 0.2676219262694546 0.6003684543587939 0.2724290660440571 0.6390083679631222
0 0.7265902086413303 0.6378292472096412 0.7219961152343751 0.6023592304687501 0.2750286417334812 0.6349231651068533 0.2796227351404364 0.6703931818477444
0 0.7262514594806708 0.6705170725422014 0.7215503346843269 0.6349352897700896 0.2788845397135416 0.6678335224609376 0.2835856645098856 0.7034153052330494
0 0.7262270183959002 0.7031610846323163 0.7209636524599382 0.6663041075195512 0.28779043098958335 0.7011 0.2930537969255454 0.7379569771127651
0 0.7256174233512095 0.7346165888255735 0.7211676373697916 0.70292140625 0.29699217004249034 0.7364190253145563 0.30144195602390833 0.7681142078901297
0 0.727657399223423 0.7671238048321707 0.7231097186215941 0.7341490727608536 0.3039019583333333 0.7666698203125002 0.30844963893516225 0.7996445523838173
0 0.7251188337850497 0.7962347184506882 0.7206180040954799 0.763651838642233 0.30887118098958327 0.7956449072265623 0.31337201067915316 0.8282277870350175
0 0.731877403844405 0.8233121557761758 0.7274103091801525 0.7928051260432561 0.3109556178385416 0.8271068159179688 0.31542271250279424 0.8576138456508884
0 0.7270686772923888 0.8527041871885515 0.7232211100260417 0.825388525390625 0.3204135176892612 0.8573035121695153 0.3242610849556082 0.8846191739674417
0 0.7321146849243987 0.8770144357635281 0.7276322182850842 0.8472910768658988 0.32035222395833335 0.881840021484375 0.32483469059764786 0.9115633803820044