0 0.8795911857638892 0.2723208491210939 0.5827729880197622 0.2620024073983992 0.5806374860243325 0.2814390586928607 0.8774556837684595 0.29175750041555537
0 0.8747205980902777 0.29344108984375006 0.5804874305555555 0.28154633789062505 0.5782182727921011 0.29930646141757816 0.8724514403268233 0.31120121337070317
0 0.8702017100694444 0.3119178920898438 0.578330774734162 0.30012564897709604 0.5760543827189667 0.3179529883816454 0.8679253180542491 0.3297452314943931
0 0.8652303967013889 0.3300341762695313 0.5755155634337925 0.3177956460142222 0.573034696609772 0.33637753968521156 0.8627495298773684 0.34861606994052063
0 0.5379633619791666 0.23477616845703128 0.2380777717013889 0.22207154931640624 0.2352257648526051 0.24337203790999182 0.535111355130383 0.25607665705061683
0 0.8854241675347222 0.25215199755859385 0.5828042178819445 0.2420340634765626 0.5806725383511435 0.26220716515655373 0.8832924880039212 0.27232509923858494
0 0.7778601093750004 0.7047133959960938 0.5182055850694446 0.686163533203125 0.5142241723140208 0.7037969896586762 0.7738786966195766 0.722346852451645
0 0.8589263914930556 0.34980495312500004 0.5714409096824171 0.33630166267219946 0.568925123263889 0.35324875244140624 0.8564106050745274 0.3667520428942068
0 0.8548655937500002 0.36758055859375005 0.5695972725694446 0.3545865913085938 0.5672134920207363 0.37114517176181105 0.852481813201292 0.3841391390469673
0 0.8520925622992818 0.3862548448307993 0.5682963727099436 0.37291105670785607 0.5658161866319446 0.389601072265625 0.8496123762212826 0.40294486038856825
0 0.8497742092013891 0.4026997236328126 0.5655137310669102 0.3911577885612147 0.5631523243150303 0.40955930904927135 0.8474128024495092 0.42110124412086924
0 0.844793018229167 0.4214543081054688 0.5583231449652779 0.4074901030273438 0.5556696155745576 0.4247140108869599 0.8421394888384467 0.438678215965085
0 0.8408233083001313 0.4408871809856433 0.5608933984375002 0.4257941337890626 0.5580022073248689 0.4427607106159194 0.8379321171875002 0.45785375781250004
0 0.8365763993055557 0.4594869125976563 0.5588593593750001 0.44407011914062505 0.5556636530436865 0.4622847506723357 0.8333806929742421 0.47770154412936694
0 0.8334742265625003 0.4760790605468751 0.558207942821933 0.4624380166035426 0.5556933083032222 0.47849357217720756 0.8309595920437893 0.49213461612054005
0 0.8306039641711316 0.49351455146633877 0.5561422109375002 0.4783269379882813 0.5532511478080353 0.494857778123505 0.8277129010416667 0.5100453916015625
0 0.8246177767196703 0.5113727085941686 0.5505219036547189 0.49560658023830784 0.5475409175347224 0.5120042617187502 0.821636790599674 0.5277703900746109
0 0.8206394392361112 0.5289514453125 0.5488121553819445 0.5126017827148438 0.5458737806984257 0.5280591838701221 0.8177010645525924 0.5444088464677783
0 0.8169815303819447 0.5465453256835938 0.5473524652777778 0.5278033359375001 0.543702109200888 0.5444195199715466 0.8133311743050549 0.5631615097176403
0 0.8126131371527778 0.5620223247070313 0.541463119791667 0.5445117133789062 0.5383955490172038 0.5595413324433554 0.8095455663783147 0.5770519437714804
0 0.8074275763047469 0.578071153125818 0.5369133514868378 0.5605556727534832 0.5335088246527779 0.5771924755859377 0.804023049470687 0.5947079559582725
0 0.8028614878472224 0.5964362080078125 0.5341562343750001 0.576196201171875 0.5303282086929112 0.592276177272642 0.7990334621651335 0.6125161841085796
0 0.7997776380208336 0.6109572094726565 0.5320592707303252 0.5936862647349992 0.5288319137454137 0.6095152885709098 0.796550281035922 0.6267862333085671
0 0.7956916058633845 0.6272843678689511 0.5277451133338288 0.6083976902870721 0.5244396883680557 0.6232353315429687 0.7923861808976115 0.6421220091248477
0 0.7933239314236111 0.64350457421875 0.5256146475694448 0.6243453100585937 0.522262762066056 0.6391643079322286 0.7899720459202225 0.6583235720923848
0 0.7888023263888891 0.6598010341796876 0.5237000555555558 0.6395184804687502 0.5199381050324133 0.6550763077640899 0.7850403758657467 0.6753588614750273
0 0.7893484166666669 0.6757920517578127 0.5224087838541668 0.6562856757812501 0.5189331884583114 0.6713347829438232 0.7858728212708115 0.6908411589203858
0 0.7850709192708335 0.6896169423828126 0.5216027708333334 0.6704599243164063 0.5183931416501004 0.6844268275508923 0.7818612900876005 0.7035838456172986
0 0.5331628802083332 0.25667743310546876 0.23752664409722227 0.24251601416015625 0.23472015312074823 0.26105387412785186 0.5303563892318592 0.27521529307316434
0 0.5314378272569444 0.2758967700195313 0.23721494010416672 0.261677421875 0.23426566375073252 0.28098631094851245 0.5284885509035102 0.29520565909304375
0 0.5274972207528402 0.2951666208878324 0.2373169661458333 0.2811272807617187 0.23439286778882648 0.3002503761824801 0.5245731223958334 0.3142897163085938
0 0.5254180571975641 0.31585269215409617 0.23747287673611117 0.30028644189453124 0.23440581518352094 0.31823763633040364 0.5223509956449738 0.33380388658996857
0 0.5239101921156103 0.334035028603057 0.2350464288194445 0.3182645703125 0.23194693179093523 0.3362278250491869 0.5208106950871011 0.3519982833397439
0 0.5210775442708333 0.3512974165039062 0.2348318489583334 0.3369065029296875 0.23193286068495478 0.35515142914884457 0.5181785559974548 0.3695423427230633
0 0.5174344012164068 0.3691090246465439 0.23554715190972234 0.3555750317382813 0.232844459026649 0.3733861521112688 0.5147317083333335 0.38692014501953137
0 0.4684016251367695 0.6868622753605186 0.21139482812500018 0.6697052465820312 0.20767741596730016 0.6873245322897678 0.46468421297906953 0.7044815610682551
0 0.47211743836805564 0.6711270356445312 0.21370043489583343 0.6548722651367187 0.21073347590063207 0.6697966638069782 0.46915047937285437 0.6860514343147908
0 0.4747371805555558 0.655114638671875 0.21554464583333352 0.6400107578125 0.21291193987953816 0.6543056652230522 0.4721044746017604 0.6694095460824272
0 0.47980679427083345 0.6379948081054688 0.2153192864583335 0.6237218647460938 0.2125110477987467 0.6401872042269937 0.4769985556112466 0.6544601475863687
0 0.4815999869819958 0.623184969778321 0.2162851024305557 0.60855836328125 0.21379215886689026 0.6228662514832141 0.47910704341833044 0.6374928579802851
0 0.4836118491808179 0.6073411909330109 0.21924432291666676 0.5927308046875 0.21655796071501562 0.6081107939302705 0.48092548697916676 0.6227211801757814
0 0.48518970307353776 0.5920946609892828 0.22174168663194457 0.5768746904296874 0.2188463129408136 0.5927320472257075 0.48229432938240674 0.6079520177853028
0 0.48886821788194457 0.575537857421875 0.22100842534722234 0.5608010322265625 0.21834028385583729 0.5761457005696095 0.48620007639055945 0.590882525764922
0 0.4908849620778796 0.5580059358827013 0.22235978732638906 0.5435754189453124 0.21952936065889916 0.5602402179490862 0.4880545354103898 0.5746707348864751
0 0.49457399305555566 0.5410215776367189 0.221164717013889 0.5274729482421876 0.21863124135440515 0.5436492660713333 0.49204051739607174 0.5571978954658646
0 0.49538623524305575 0.5246863994140625 0.2214982421875001 0.5106936518554688 0.21886253336490244 0.5270171215925528 0.4927505264204581 0.5410098691511465
0 0.5162077821180557 0.3873364140625 0.23243936545138894 0.37219720458984373 0.22949474176953716 0.3896608825027492 0.513263158436204 0.4048000919754055
0 0.5138383578495701 0.40608708949079636 0.233756381076389 0.3901462646484376 0.23043264289562274 0.40862389321310355 0.5105146196688038 0.42456471805546236
0 0.5127466892361112 0.422530328125 0.23252106076388904 0.409250044921875 0.22991219692970294 0.4266679925842982 0.5101378254019252 0.43994827578742324
0 0.5085879782419703 0.4404255581902394 0.23126967795138903 0.425940912109375 0.2285617486907504 0.4423450348540504 0.5058800489813318 0.4568296809349148
0 0.5046016180555557 0.4574073779296875 0.23134647135416678 0.4430244184570313 0.22861639619827143 0.4594355962395046 0.5018715428996603 0.4738185557121608
0 0.5023899973958333 0.47323497265625 0.23049964843750004 0.46005029736328124 0.22769358138238222 0.47835941655698716 0.49958393034071563 0.4915440918499559
0 0.5004009004272385 0.4920038500677552 0.230485123263889 0.47762221972656255 0.2278421750935951 0.49331694973693235 0.4977579522569445 0.507698580078125
0 0.4969755759501165 0.5086023784189804 0.2261375755208335 0.49337886669921877 0.2232283334023641 0.5097553132792961 0.4940663338316471 0.5249788249990577