0 0.8872794374999999 0.14559687304687502 0.1552801666666667 0.10890251611328122 0.14781635523998152 0.15601294731073556 0.8798156260733148 0.19270730424432939
0 0.8731467265625 0.19420589892578133 0.16419207031250005 0.15861634423828125 0.15671784854502813 0.20572567541224085 0.8656725047950281 0.24131523009974093
0 0.8626556822916668 0.24052912304687507 0.16097171180555564 0.20229969384765628 0.15342112004524078 0.2461497127772549 0.8551050905313519 0.2843791419764737
0 0.8500912005208333 0.28609708691406255 0.16826010416666673 0.24699596386718753 0.16132294099252414 0.2852709054568592 0.8431540373466908 0.3243720285037342
0 0.8369211137152779 0.3285170092773438 0.1656941223958334 0.28976231689453125 0.15885801651434586 0.3272250063482842 0.8300850078337905 0.36597969873109676
0 0.8256884626736113 0.3655220937500001 0.17178041145833342 0.32948194140625003 0.1650497447645069 0.36812159325639604 0.8189577959797848 0.4041617456001461
0 0.8112294097222223 0.40918477880859383 0.17147674913194455 0.37085832714843747 0.16538622934920497 0.40302550047488356 0.8051388899394828 0.44135195213503986
0 0.8043395555555556 0.446440734375 0.16732636631944453 0.40317562548828123 0.16021365556958 0.4363109192107788 0.7972268448056911 0.47957602809749755
0 0.790511637152778 0.4790038886718751 0.17300837847222234 0.44183585937500003 0.16658182846348019 0.4756184277134561 0.7840850871440358 0.5127864570103312
0 0.7770095520833336 0.5165138510742189 0.17304381250000006 0.473427912109375 0.16551636697945013 0.5068142985790461 0.7694821065627836 0.54990023754389
0 0.708849568576389 0.7293734721679689 0.17957367708333352 0.6846764350585939 0.17110434200766378 0.7164084569941931 0.7003802335007193 0.7611054941035681
0 0.720033301215278 0.6997246196289063 0.17604670833333344 0.6568795908203127 0.16972405168937169 0.6822795143070607 0.7137106445713162 0.7251245431156543
0 0.730225248263889 0.6694106420898439 0.17422382291666677 0.6241755786132813 0.16623526965772137 0.6552436210252699 0.7222366950049436 0.7004786845018325
0 0.7393241119791668 0.6390800234375 0.17613444618055568 0.5978051743164062 0.16971091956961554 0.6255375940043874 0.7329005853682267 0.6668124431254812
0 0.7482275269097225 0.6100088310546875 0.1748062491319446 0.5691085561523438 0.16799802765439034 0.5993099026494744 0.7414193054321682 0.6402101775518181
0 0.7596014835069447 0.5791369536132813 0.17453380902777785 0.5370661611328126 0.16789251167971064 0.5662890663535319 0.7529601861588775 0.6083598588340007
0 0.7671030347222224 0.5449926811523439 0.1740942760416668 0.5053515000000001 0.1670901238742677 0.5385039132932086 0.7600988825548233 0.5781450944455524