0 0.628125 0.34375000000000006 0.38229166666666664 0.34375 0.38229166666666675 0.36875 0.628125 0.3687500000000001
0 0.3125000000000001 0.3875 0.06666666666666672 0.3875 0.06666666666666672 0.41171875 0.3125000000000001 0.41171875
0 0.6125 0.490625 0.3781250000000001 0.490625 0.3781250000000001 0.51328125 0.6125 0.51328125
0 0.6020833333333333 0.6328125 0.37083333333333346 0.6328125 0.37083333333333346 0.65390625 0.6020833333333333 0.65390625
0 0.3072916666666668 0.43671875 0.06875000000000006 0.43671875 0.06875000000000007 0.46015625 0.3072916666666668 0.46015625
0 0.6104166666666667 0.53828125 0.3750000000000001 0.53828125 0.3750000000000001 0.5625 0.6104166666666667 0.5625
0 0.3072916666666668 0.4125 0.06875000000000006 0.4125 0.06875000000000006 0.4375 0.3072916666666668 0.4375
0 0.6041666666666666 0.60703125 0.3729166666666668 0.60703125 0.3729166666666668 0.63125 0.6041666666666666 0.63125
0 0.6208333333333333 0.36875 0.38125000000000014 0.36875 0.38125000000000014 0.39375000000000004 0.6208333333333333 0.3937500000000001
0 0.2947916666666668 0.69375 0.06354166666666679 0.69375 0.06354166666666679 0.71640625 0.2947916666666668 0.71640625
0 0.3000000000000001 0.6015625 0.0625000000000001 0.6015625 0.0625000000000001 0.625 0.3000000000000001 0.625
0 0.30520833333333347 0.53125 0.06875000000000009 0.53125 0.06875000000000009 0.5546875 0.30520833333333347 0.5546875
0 0.6177083333333333 0.41796875 0.3802083333333334 0.41796875 0.3802083333333334 0.44296875 0.6177083333333333 0.44296875
0 0.9395833333333333 0.3578125000000001 0.6958333333333333 0.3578125000000001 0.6958333333333333 0.3843750000000001 0.9395833333333333 0.3843750000000001
0 0.60625 0.5859375 0.3718750000000001 0.5859375 0.3718750000000001 0.60859375 0.60625 0.60859375
0 0.30625000000000013 0.46171875 0.06979166666666675 0.46171875 0.06979166666666675 0.4859375 0.30625000000000013 0.4859375
0 0.2968750000000001 0.6484375 0.0625000000000001 0.6484375 0.0625000000000001 0.6703125 0.2968750000000001 0.6703125
0 0.615625 0.44296875 0.38333333333333347 0.44296875 0.38333333333333347 0.4671875 0.615625 0.4671875
0 0.596875 0.67890625 0.36875000000000013 0.67890625 0.36875000000000013 0.7 0.596875 0.7
0 0.6145833333333334 0.46640625 0.3802083333333334 0.46640625 0.3802083333333334 0.490625 0.6145833333333334 0.490625
0 0.6 0.6546875 0.3718750000000001 0.6546875 0.3718750000000001 0.67734375 0.6 0.67734375
0 0.940625 0.3335937500000001 0.696875 0.3335937500000001 0.696875 0.3585937500000001 0.940625 0.3585937500000001
0 0.8958333333333334 0.66796875 0.6666666666666666 0.66796875 0.6666666666666666 0.690625 0.8958333333333334 0.690625
0 0.3020833333333334 0.55546875 0.07083333333333343 0.55546875 0.07083333333333343 0.5796875 0.3020833333333334 0.5796875
0 0.30312500000000014 0.57734375 0.06770833333333343 0.57734375 0.06770833333333343 0.60078125 0.30312500000000014 0.60078125
0 0.596875 0.7 0.36770833333333347 0.7 0.36770833333333347 0.7234375 0.596875 0.7234375
0 0.609375 0.5625 0.3781250000000001 0.5625 0.3781250000000001 0.5859375 0.609375 0.5859375
0 0.5968750000000003 0.746875 0.3760416666666668 0.746875 0.3760416666666668 0.76796875 0.5968750000000003 0.76796875
0 0.6125 0.5140625 0.38125000000000014 0.5140625 0.38125000000000014 0.53828125 0.6125 0.53828125
0 0.9010416666666666 0.61953125 0.6697916666666667 0.61953125 0.6697916666666667 0.6453125 0.9010416666666666 0.6453125
0 0.2937500000000001 0.71484375 0.06458333333333345 0.71484375 0.06458333333333345 0.7375 0.2937500000000001 0.7375
0 0.30520833333333347 0.48359375 0.06875000000000009 0.48359375 0.06875000000000009 0.50703125 0.30520833333333347 0.50703125
0 0.30520833333333347 0.50703125 0.06875000000000009 0.50703125 0.06875000000000009 0.53046875 0.30520833333333347 0.53046875
0 0.2968750000000001 0.66953125 0.06458333333333344 0.66953125 0.06458333333333345 0.69296875 0.2968750000000001 0.69296875
0 0.9104166666666667 0.5515625 0.675 0.5515625 0.675 0.57578125 0.9104166666666667 0.57578125
0 0.6177083333333333 0.39375000000000004 0.3802083333333334 0.39375 0.3802083333333334 0.41796875 0.6177083333333333 0.41796875
0 0.9197916666666667 0.48046875 0.6822916666666666 0.48046875 0.6822916666666666 0.50625 0.9197916666666667 0.50625
0 0.93125 0.3828125000000001 0.69375 0.3828125000000001 0.69375 0.409375 0.93125 0.409375
0 0.89375 0.6890625 0.6677083333333333 0.6890625 0.6677083333333333 0.7125 0.89375 0.7125
0 0.9270833333333334 0.4328125 0.6885416666666667 0.4328125 0.6885416666666667 0.45859375 0.9270833333333334 0.45859375
0 0.2968750000000001 0.62421875 0.0656250000000001 0.62421875 0.0656250000000001 0.646875 0.2968750000000001 0.646875
0 0.9114583333333334 0.52734375 0.678125 0.52734375 0.678125 0.5515625 0.9114583333333334 0.5515625
0 0.5937500000000001 0.72265625 0.36770833333333347 0.72265625 0.36770833333333347 0.74375 0.5937500000000002 0.74375
0 0.915625 0.50546875 0.6802083333333333 0.50546875 0.6802083333333333 0.528125 0.915625 0.528125
0 0.9083333333333333 0.57421875 0.6739583333333333 0.57421875 0.6739583333333333 0.59921875 0.9083333333333333 0.59921875
0 0.29062500000000013 0.73984375 0.06562500000000011 0.73984375 0.06562500000000011 0.76015625 0.29062500000000013 0.76015625
0 0.9052083333333333 0.59765625 0.6729166666666667 0.59765625 0.6729166666666667 0.62109375 0.9052083333333333 0.62109375
0 0.628125 0.31796875 0.38229166666666664 0.31796875 0.38229166666666664 0.34218750000000003 0.628125 0.3421875000000001
0 0.8989583333333333 0.64375 0.671875 0.64375 0.671875 0.6671875 0.8989583333333333 0.6671875
0 0.9302083333333333 0.409375 0.69375 0.409375 0.69375 0.434375 0.9302083333333333 0.434375
0 0.940625 0.3078125000000001 0.6958333333333333 0.3078125000000001 0.6958333333333333 0.3359375000000001 0.940625 0.3359375000000001
0 0.9229166666666667 0.45703125 0.684375 0.45703125 0.684375 0.48203125 0.9229166666666667 0.48203125
0 0.8838875 0.7175367187500001 0.673792471928025 0.7100748672629068 0.6723914673430804 0.7322635365480069 0.8824864954150553 0.7397253880351002
0 0.8830062500000001 0.7400117187500002 0.6729582353107827 0.7317355872239916 0.6714745479154244 0.7529170588867753 0.8815225626046419 0.7611931904127839
0 0.8869718750000002 0.7628179687500001 0.6573538781667911 0.7513473506071936 0.6552197916666668 0.77537734375 0.8848377884998758 0.7868479618928065
0 0.3111739583333334 0.3698554687500001 0.07092812500000006 0.36079609375000005 0.06936908213334866 0.38405226466624354 0.30961491546668196 0.3931116396662435