0 0.9385573252919754 0.01958606366312499 0.15257255249976065 -0.013661179459738843 0.148799287971674 0.01456296586151122 0.9347840607638889 0.047810208984375054
0 0.9492210980902777 0.05050219189453124 0.14476728385416668 0.01478952587890626 0.13761822836250787 0.06574285499576932 0.9420720425986189 0.1014555210113943
0 0.9351083489583333 0.10459344042968755 0.13168128819444444 0.06460222705078125 0.12312889625910693 0.11896661750240246 0.9265559570229959 0.15895783088130874
0 0.9174125425347222 0.15779837890624998 0.13351013281250004 0.12113900244140625 0.12613203327295544 0.17105807284739508 0.9100344429951774 0.20771744931223882
0 0.9134380329861114 0.20955258154296882 0.13497592795138896 0.17267881201171878 0.12795306136129742 0.21959032190184283 0.9064151663960198 0.2564640914330929
0 0.8938020546875001 0.25856238671875004 0.12888161284722227 0.22168229492187497 0.12175565300221969 0.26844640758992055 0.8866760948424974 0.30532649938679557
0 0.707986240451389 0.980620693359375 0.12227733767361133 0.9476172407226563 0.11759336511173826 0.973918821156951 0.703302267889516 1.0069222737936698
0 0.7239996848958337 0.9508412646484374 0.12240220052083359 0.9182863940429686 0.11783938865062529 0.9449652777715042 0.7194368730256253 0.977520148376973
0 0.7303026597222223 0.9199557358398437 0.11751103385416685 0.8909550659179687 0.11328511542391076 0.9192084813298643 0.7260767412919662 0.9482091512517393
0 0.7395684140625002 0.8850426938476561 0.11929835243055573 0.8528384267578124 0.11364152389129845 0.8873119339302947 0.7339115855232429 0.9195162010201385
0 0.7407166163194446 0.8560144111328126 0.12495420399305573 0.8231894345703125 0.12004898825880472 0.8523041075570129 0.7358114005851937 0.8851290841195131
0 0.7560092135416668 0.8221333242187501 0.12117870399305573 0.7895470146484375 0.11606488738465696 0.8210689456720712 0.750895396933268 0.8536552552423838
0 0.7651036918402778 0.7885974848632813 0.1189589730902779 0.7559615708007813 0.11378594869681319 0.7883674342770051 0.7599306674468131 0.8210033483395051
0 0.7745411866319445 0.7523070141601563 0.1248454348958335 0.7204718515625 0.11931751923922203 0.7561670184080534 0.7690132709753331 0.7880021810057097
0 0.7803048637152781 0.7158600161132812 0.1244011536458335 0.6844527275390625 0.11887484958171271 0.720969255100898 0.7747785596511573 0.7523765436751167
0 0.7896460277777779 0.6803406147460938 0.12022135329861126 0.647522369140625 0.11479118963521194 0.6825688429477383 0.7842158641143785 0.7153870885532071
0 0.7991640390625 0.643402724609375 0.1207554444444446 0.6115665522460938 0.11544313958218197 0.6473843217915684 0.7938517342002374 0.6792204941548495
0 0.8062378315972221 0.6063191728515624 0.13003180295138897 0.571301685546875 0.12363845846588165 0.6103648316283329 0.7998444871117147 0.6453823189330203
0 0.8197765086805556 0.5667418203125001 0.12477436718750012 0.5329765625 0.11886675625807477 0.5714510648848861 0.8138688977511302 0.6052163226973861
0 0.8296422074652781 0.5270082216796876 0.13049170833333346 0.4930776689453126 0.12459913351987008 0.5314952393909229 0.8237496326518147 0.565425792125298
0 0.8472829392361112 0.48414402441406257 0.1301152708333334 0.4492309370117188 0.1237450591444198 0.4906338945202286 0.8409127275471976 0.5255469819225724
0 0.8486519513888889 0.44343883935546874 0.1381605312500001 0.40556513232421876 0.13076993028807252 0.44943292983491173 0.8412613504269614 0.4873066368661617
0 0.8617374201388891 0.3976113129882813 0.1275512230902779 0.36217656494140626 0.12074390210961623 0.40680361179853675 0.8549300991582274 0.44223835984541177
0 0.8722021953125 0.35305712011718754 0.12976551822916674 0.317478462890625 0.12293613647928438 0.3625701316638292 0.8653728135626176 0.39814878889039174
0 0.879533349826389 0.31390766064453135 0.12766456250000005 0.2721807846679688 0.12022940083635891 0.3145706126860667 0.8720981881627478 0.3562974886626292