0 0.7284319444444445 0.32514036474609376 0.22414166666666674 0.3217609375 0.22347687901749344 0.3531490709302379 0.7277671567952713 0.35652849817633164
0 0.7234157404513889 0.35653828125 0.22900833333333345 0.3565294272460937 0.2290065757252462 0.3875830558919249 0.7234139828433017 0.38759190989583114
0 0.7209074071180556 0.3907158852539063 0.2313134262152779 0.38965833349609375 0.2311285569086397 0.4167380619095087 0.7207225378114175 0.41779561366732126
0 0.6753929654036619 0.7186287544921118 0.6751347222222222 0.69429375 0.24572879414494908 0.6957355682617944 0.2459870373263889 0.7200705727539062
0 0.6788589197414201 0.6928686926649593 0.6782640472393459 0.6682985936409092 0.24493059017153687 0.6716181822259498 0.24552546267361108 0.69618828125
0 0.6835219134180107 0.6678702354767632 0.683286111111111 0.6456518227539063 0.24490202385644086 0.6471239144224077 0.24513782616334046 0.6693423271452645
0 0.6897422466298382 0.6431671255322073 0.6895556576953896 0.6208585045781689 0.24553563328777367 0.6220335665459618 0.24572222222222223 0.6443421875000002
0 0.6933185182291669 0.5937927084960938 0.24441157378472234 0.5937927084960938 0.24441157378472234 0.6191932290039063 0.6933185182291669 0.6191932290039063
0 0.6929173348881851 0.5913627824232257 0.6926912039930556 0.56772890625 0.24165342790615504 0.5690943786204044 0.24187955880128462 0.59272825479363
0 0.7167761999526987 0.4464172107471411 0.716505310210904 0.42047495344460206 0.23554994359153858 0.42206399269746087 0.2358208333333333 0.4480062499999999
0 0.7132886068375168 0.4766943798721399 0.7127560182291667 0.44886197900390623 0.23694009628748314 0.4517428593856726 0.23747268489583334 0.4795752602539063
0 0.6997155015269594 0.5638595764873672 0.6995888888888888 0.5381161459960938 0.23851297340493854 0.5388336562787829 0.23863958604300917 0.5645770867700562
0 0.7039777777777779 0.5130684897460938 0.23902453732638898 0.5122895834960938 0.23889461500215703 0.5368283611207119 0.703847855453546 0.5376072673707118
0 0.7089939817708335 0.48098645849609384 0.23905058528136106 0.47959486912500304 0.23878307545913613 0.5081786210981034 0.7087264719486086 0.5095702104691942
0 0.7284319444444445 0.29021484375 0.22367777777777784 0.2876671875 0.2231543007289292 0.32048289578950906 0.7279084673955959 0.3230305520395091