0 0.6022173595819241 0.16377880392303906 0.5941556078833611 0.1276564914413248 0.10218648784722223 0.1623970478515625 0.1102482395457852 0.19851936033327675
0 0.6048357430452332 0.19968882399890758 0.5970924263736698 0.16352652418975228 0.11868163975694444 0.19593935742187502 0.12642495642850785 0.23210165723103032
0 0.6103936607529534 0.22915022497647686 0.6034418797511657 0.1976216232194803 0.1338831032986111 0.230380302734375 0.14083488430039884 0.26190890449137155
0 0.6166654711304941 0.2611386808983075 0.6090181236477753 0.22758299871613435 0.14266527256944445 0.26121126220703117 0.15031262005216323 0.2947669443892043
0 0.6195132894641932 0.2938725359776822 0.6124594973958334 0.26140441259765623 0.1514351910602831 0.29309529576745347 0.15848898312864299 0.32556341914747944
0 0.6265964026167479 0.32250623320468297 0.6204684001736109 0.29383469677734375 0.16320490524552703 0.3247575492522904 0.1693329076886639 0.35342908567962966
0 0.6316672918393375 0.35118000502286706 0.6238709376059854 0.3182613182880843 0.16548868055555557 0.35261093652343756 0.17328503478890767 0.3855296232582203
0 0.636073304376013 0.3799997777212468 0.6289694908987835 0.35010088725834554 0.1829729548611111 0.3836293017578125 0.19007676833834053 0.41352819222071385
0 0.6422511963532638 0.40810517550158165 0.6353902607429411 0.3792688908555415 0.18988606249999998 0.4128071791992188 0.19674699811032254 0.44164346384525893
0 0.647921903556271 0.4368198916489132 0.6402611282497896 0.40577060551369054 0.19938534027777777 0.4401883500976563 0.20704611558425912 0.47123763623287895
0 0.6520079662343433 0.46274343279117724 0.6448484201051653 0.4353650511581289 0.21062793663194446 0.47129305419921874 0.2177874827611225 0.4986714358322671
0 0.6594392757994361 0.48850704734321454 0.6524027067844721 0.4617063081512108 0.21636985503472222 0.4979288100585938 0.2234064240496861 0.5247295492505976
0 0.6620741233613834 0.5152357938403814 0.6546877884895846 0.4878753090214756 0.22577053211805553 0.5245126357421876 0.23315686698985438 0.5518731205610935
0 0.6692269004476485 0.5421360882270017 0.6624510572916665 0.5152711958007814 0.2349331021517035 0.5493887312501535 0.2417089453076855 0.5762536236763739
0 0.6751888481708382 0.5660773202067484 0.6673020116297157 0.5378174362577224 0.24379957465277777 0.5752141494140625 0.2516864111939003 0.6034740333630885
0 0.6812326510416667 0.5910846542968751 0.6736899117387988 0.5644791115688911 0.2538532563568542 0.6021392907681099 0.26139599565972227 0.6287448334960939
0 0.691323724826389 0.6145611103515626 0.6834993819450922 0.5887818872599966 0.26243518489583334 0.6292181879882812 0.27025952777713014 0.6549974110798472
0 0.6979248237527891 0.6405538669726022 0.6895131894632821 0.613538552812486 0.2682937612847222 0.6550362319335936 0.27670539557422924 0.6820515460937098
0 0.6993249243959947 0.6636101716326805 0.6917560592086407 0.6392151965829621 0.2831078136320904 0.6793318857901253 0.29067667881944437 0.7037268608398437
0 0.7075334453125 0.684917955078125 0.7001858864573436 0.6615650133885621 0.28490666597123254 0.7029065612401246 0.2922542248263889 0.7262595029296876
0 0.7172281579729738 0.707404120865187 0.7099524156872938 0.6843781954325894 0.29210737586805563 0.7261535859375001 0.2993831181537356 0.7491795113700978
0 0.7173640578192084 0.7320711314811528 0.7101780581597222 0.7084647348632812 0.30391483153837695 0.7475947539505515 0.3111008311978631 0.7712011505684231
0 0.7213258885780305 0.7600063807853054 0.7140556657986111 0.7339136538085939 0.3157610262040367 0.7690274483877204 0.32303124898345603 0.7951201753644319