0 0.56005859375 0.41406250000000006 0.423828125 0.4140625 0.423828125 0.43750000000000006 0.56005859375 0.43750000000000017
0 0.9150390625 0.3997395833333335 0.78515625 0.3997395833333335 0.78515625 0.42382812500000017 0.9150390625 0.42382812500000017
0 0.3774414062500001 0.6087239583333334 0.23779296875000006 0.6087239583333334 0.23779296875000006 0.6295572916666666 0.3774414062500001 0.6295572916666666
0 0.5576171875 0.46354166666666674 0.42236328125 0.4635416666666667 0.42236328125 0.4856770833333334 0.5576171875 0.4856770833333335
0 0.89990234375 0.5703125000000001 0.77490234375 0.5703125000000001 0.77490234375 0.5911458333333335 0.89990234375 0.5911458333333335
0 0.37939453125 0.4055989583333333 0.23242187500000006 0.4055989583333333 0.23242187500000006 0.4290364583333333 0.37939453125 0.4290364583333333
0 0.89697265625 0.5937500000000001 0.7734375 0.5937500000000001 0.7734375 0.6139322916666669 0.89697265625 0.6139322916666669
0 0.92529296875 0.29687500000000017 0.7919921875 0.29687500000000017 0.7919921875 0.3216145833333335 0.92529296875 0.3216145833333335
0 0.75244140625 0.2630208333333334 0.60888671875 0.2630208333333334 0.60888671875 0.2897135416666668 0.75244140625 0.2897135416666668
0 0.73681640625 0.4446614583333335 0.6005859375 0.4446614583333335 0.6005859375 0.4680989583333335 0.73681640625 0.4680989583333335
0 0.37646484375 0.3255208333333334 0.23095703125000006 0.3255208333333334 0.23095703125000006 0.3489583333333333 0.37646484375 0.3489583333333333
0 0.7451171875 0.3684895833333335 0.60595703125 0.3684895833333335 0.60595703125 0.3938802083333335 0.7451171875 0.3938802083333335
0 0.56103515625 0.38932291666666674 0.42333984375 0.3893229166666667 0.42333984375 0.41276041666666674 0.56103515625 0.4127604166666668
0 0.18554687500000006 0.3489583333333333 0.03320312500000003 0.3489583333333333 0.03320312500000003 0.3736979166666667 0.18554687500000006 0.3736979166666667
0 0.74609375 0.3430989583333335 0.60546875 0.3430989583333335 0.60546875 0.3684895833333335 0.74609375 0.3684895833333335
0 0.3784179687500001 0.6328125 0.23925781250000006 0.6328125 0.23925781250000006 0.6536458333333334 0.3784179687500001 0.6536458333333334
0 0.18847656250000006 0.556640625 0.042480468750000056 0.556640625 0.042480468750000056 0.580078125 0.18847656250000006 0.580078125
0 0.18847656250000006 0.4283854166666667 0.03662109375000004 0.4283854166666667 0.03662109375000004 0.4518229166666667 0.18847656250000006 0.4518229166666667
0 0.37744140625 0.53515625 0.23681640625000006 0.53515625 0.23681640625000006 0.556640625 0.37744140625 0.556640625
0 0.90234375 0.5468750000000001 0.7763671875 0.5468750000000001 0.7763671875 0.5683593750000001 0.90234375 0.5683593750000001
0 0.552734375 0.5846354166666667 0.42138671875 0.5846354166666666 0.42138671875000006 0.6048177083333334 0.552734375 0.6048177083333335
0 0.18310546875000006 0.322265625 0.03222656250000003 0.322265625 0.03222656250000003 0.34765625 0.18310546875000006 0.34765625
0 0.91845703125 0.3736979166666668 0.7880859375 0.3736979166666668 0.7880859375 0.39843750000000017 0.91845703125 0.39843750000000017
0 0.734375 0.46875000000000017 0.60009765625 0.46875000000000017 0.60009765625 0.49218750000000017 0.734375 0.49218750000000017
0 0.376953125 0.3522135416666667 0.22753906250000006 0.3522135416666667 0.22753906250000006 0.3776041666666667 0.376953125 0.3776041666666667
0 0.9111328125 0.4244791666666668 0.78369140625 0.4244791666666668 0.78369140625 0.4479166666666668 0.9111328125 0.4479166666666668
0 0.37939453125 0.4830729166666667 0.23437500000000006 0.4830729166666667 0.23437500000000006 0.5065104166666666 0.37939453125 0.5065104166666666
0 0.19042968750000006 0.5319010416666666 0.042480468750000056 0.5319010416666666 0.042480468750000056 0.5546875 0.19042968750000006 0.5546875
0 0.7236328125 0.6380208333333335 0.5927734375 0.6380208333333335 0.5927734375 0.6588541666666669 0.7236328125 0.6588541666666669
0 0.37890625 0.4309895833333333 0.23437500000000006 0.4309895833333333 0.23437500000000006 0.455078125 0.37890625 0.455078125
0 0.5556640625 0.5130208333333334 0.42138671875 0.5130208333333334 0.42138671875 0.5338541666666667 0.5556640625 0.5338541666666669
0 0.37792968750000006 0.5846354166666666 0.23730468750000006 0.5846354166666666 0.23730468750000006 0.60546875 0.3779296875000001 0.60546875
0 0.18896484375000006 0.4544270833333333 0.03759765625000004 0.4544270833333333 0.03759765625000004 0.478515625 0.18896484375000006 0.478515625
0 0.37841796875 0.509765625 0.23535156250000006 0.509765625 0.23535156250000006 0.5325520833333334 0.37841796875 0.5325520833333334
0 0.552734375 0.5598958333333334 0.42138671875 0.5598958333333334 0.42138671875 0.5807291666666667 0.552734375 0.5807291666666669
0 0.90380859375 0.5227864583333335 0.7783203125 0.5227864583333335 0.7783203125 0.5442708333333335 0.90380859375 0.5442708333333335
0 0.55810546875 0.43945312500000006 0.42236328125 0.439453125 0.42236328125 0.4622395833333334 0.55810546875 0.4622395833333335
0 0.55712890625 0.48828125000000006 0.4208984375 0.48828125 0.4208984375 0.5097656250000001 0.55712890625 0.5097656250000001
0 0.18603515625000006 0.3756510416666667 0.03466796875000003 0.3756510416666667 0.034667968750000035 0.3997395833333333 0.18603515625000006 0.3997395833333333
0 0.73193359375 0.4934895833333335 0.59814453125 0.4934895833333335 0.59814453125 0.5169270833333335 0.73193359375 0.5169270833333335
0 0.728515625 0.5917968750000001 0.5947265625 0.5917968750000001 0.5947265625 0.6126302083333335 0.728515625 0.6126302083333335
0 0.73974609375 0.4192708333333335 0.603515625 0.4192708333333335 0.603515625 0.44335937500000017 0.73974609375 0.44335937500000017
0 0.7314453125 0.5188802083333335 0.59765625 0.5188802083333335 0.59765625 0.5416666666666669 0.7314453125 0.5416666666666669
0 0.37646484375 0.2975260416666667 0.2265625 0.2975260416666667 0.22656250000000003 0.32356770833333337 0.37646484375 0.3235677083333334
0 0.18164062500000003 0.2942708333333333 0.028320312500000028 0.2942708333333333 0.028320312500000028 0.3203125 0.18164062500000006 0.3203125
0 0.90673828125 0.49804687500000017 0.779296875 0.49804687500000017 0.779296875 0.5201822916666669 0.90673828125 0.5201822916666669
0 0.18945312500000006 0.5071614583333334 0.04101562500000004 0.5071614583333334 0.04101562500000005 0.5299479166666666 0.18945312500000006 0.5299479166666666
0 0.1796875 0.23893229166666666 0.01806640625000002 0.23893229166666666 0.01806640625000002 0.2643229166666667 0.1796875 0.2643229166666667
0 0.8935546875 0.6158854166666669 0.771484375 0.6158854166666669 0.771484375 0.6367187500000001 0.8935546875 0.6367187500000001
0 0.92138671875 0.3489583333333335 0.79052734375 0.3489583333333335 0.79052734375 0.3723958333333335 0.92138671875 0.3723958333333335
0 0.55078125 0.6328125000000001 0.4218750000000001 0.6328125 0.4218750000000001 0.6523437500000001 0.55078125 0.6523437500000001
0 0.72998046875 0.5677083333333335 0.59521484375 0.5677083333333335 0.59521484375 0.5885416666666669 0.72998046875 0.5885416666666669
0 0.18505859375000006 0.4029947916666667 0.03515625000000004 0.4029947916666667 0.03515625000000004 0.4283854166666667 0.18505859375000006 0.4283854166666667
0 0.18847656250000006 0.4817708333333333 0.03906250000000004 0.4817708333333333 0.03906250000000004 0.505859375 0.18847656250000006 0.505859375
0 0.55126953125 0.6080729166666667 0.4189453125000001 0.6080729166666666 0.4189453125000001 0.6295572916666667 0.55126953125 0.6295572916666669
0 0.37744140625 0.5592447916666666 0.23779296875000006 0.5592447916666666 0.23779296875000006 0.5807291666666666 0.37744140625 0.5807291666666666
0 0.18115234375 0.2669270833333333 0.022460937500000028 0.2669270833333333 0.022460937500000028 0.2936197916666667 0.18115234375 0.2936197916666667
0 0.75 0.2910156250000001 0.60791015625 0.29101562500000006 0.60791015625 0.3164062500000001 0.75 0.31640625000000017
0 0.92529296875 0.2708333333333335 0.7919921875 0.2708333333333335 0.7919921875 0.29492187500000017 0.92529296875 0.29492187500000017
0 0.56201171875 0.33268229166666674 0.4228515625 0.33268229166666674 0.4228515625 0.36197916666666674 0.56201171875 0.3619791666666668
0 0.18994140625000006 0.6080729166666666 0.044921875000000056 0.6080729166666666 0.044921875000000056 0.630859375 0.18994140625000006 0.630859375
0 0.73095703125 0.5442708333333335 0.59716796875 0.5442708333333335 0.59716796875 0.5657552083333335 0.73095703125 0.5657552083333335
0 0.19042968750000006 0.6321614583333334 0.046386718750000056 0.6321614583333334 0.046386718750000056 0.6529947916666666 0.19042968750000006 0.6529947916666666
0 0.72607421875 0.6158854166666669 0.59423828125 0.6158854166666669 0.59423828125 0.6354166666666669 0.72607421875 0.6354166666666669
0 0.56103515625 0.36328125000000006 0.421875 0.36328125 0.421875 0.38671875000000006 0.56103515625 0.38671875000000017
0 0.5537109375 0.5371093750000001 0.4208984375 0.537109375 0.4208984375 0.5585937500000001 0.5537109375 0.5585937500000001
0 0.9072265625 0.47460937500000017 0.7802734375 0.47460937500000017 0.7802734375 0.4967447916666668 0.9072265625 0.4967447916666668
0 0.18847656250000006 0.5833333333333334 0.041992187500000056 0.5833333333333334 0.041992187500000056 0.6048177083333334 0.18847656250000006 0.6048177083333334
0 0.37890625 0.3795572916666667 0.23046875000000006 0.3795572916666667 0.23046875000000006 0.4036458333333333 0.37890625 0.4036458333333333
0 0.90966796875 0.44921875000000017 0.78076171875 0.44921875000000017 0.78076171875 0.47265625000000017 0.90966796875 0.47265625000000017
0 0.56689453125 0.2552083333333334 0.421875 0.2552083333333334 0.421875 0.27929687500000006 0.56689453125 0.27929687500000006
0 0.37939453125 0.458984375 0.23193359375000006 0.458984375 0.23193359375000006 0.4817708333333333 0.37939453125 0.4817708333333333
0 0.3779296875 0.2708333333333334 0.22802734375 0.2708333333333334 0.22802734375 0.29687500000000006 0.3779296875 0.29687500000000006
0 0.564453125 0.2805989583333334 0.42236328125 0.2805989583333334 0.42236328125 0.30859375000000006 0.564453125 0.30859375000000006
0 0.74853515625 0.3164062500000001 0.6064453125 0.31640625000000006 0.6064453125 0.3424479166666668 0.74853515625 0.3424479166666668
0 0.74365234375 0.39453125000000017 0.6044921875 0.39453125000000017 0.6044921875 0.41796875000000017 0.74365234375 0.41796875000000017
0 0.55078125 0.6555989583333334 0.4208984375000001 0.6555989583333334 0.4208984375000001 0.6731770833333334 0.55078125 0.6731770833333334
0 0.89111328125 0.6399739583333335 0.77001953125 0.6399739583333335 0.77001953125 0.6588541666666669 0.89111328125 0.6588541666666669
0 0.92333984375 0.3235677083333335 0.7900390625 0.3235677083333335 0.7900390625 0.3489583333333335 0.92333984375 0.3489583333333335
0 0.7216796875 0.6627604166666669 0.591796875 0.6627604166666669 0.591796875 0.6822916666666666 0.7216796875 0.6822916666666666
0 0.5634765625 0.30664062500000006 0.42138671875 0.30664062500000006 0.42138671875 0.33398437500000006 0.5634765625 0.33398437500000017
0 0.3798828125000001 0.6575520833333334 0.23925781250000006 0.6575520833333334 0.23925781250000006 0.677734375 0.3798828125000001 0.677734375
0 0.19287109375000006 0.6569010416666666 0.046386718750000056 0.6569010416666666 0.046386718750000056 0.677734375 0.19287109375000006 0.677734375
0 0.37646484375 0.24218750000000003 0.22412109375 0.2421875 0.22412109375 0.26692708333333337 0.37646484375 0.2669270833333334
0 0.89013671875 0.6627604166666669 0.7685546875 0.6627604166666669 0.7685546875 0.68359375 0.89013671875 0.68359375