0 0.8361333333333334 0.004816927246093805 0.11496749145872115 -0.0000018010674229107385 0.11394074045138892 0.048617968750000004 0.8351065823260012 0.053436697063516725
0 0.8236050928819445 0.055886458496093805 0.11619537065972224 0.04844375 0.1147862424853291 0.09082127283337744 0.8221959647075514 0.09826398132947126
0 0.8215166666666667 0.1022567709960938 0.11665740711805556 0.09615624999999998 0.11540143770807859 0.14207177968181756 0.8202606972566897 0.14817230067791137
0 0.8162967595486113 0.15218671875000006 0.11941296267361115 0.14525572900390624 0.11800848617427974 0.18993690970566574 0.8148922830492799 0.19686789945175956
0 0.7150250000000001 0.9312236977539061 0.18275648177083353 0.9269153647460936 0.18209456088821108 0.9527899056012628 0.7143630791173776 0.9570982386090753
0 0.7202449071180557 0.9006783852539061 0.1805120373263891 0.89443828125 0.17943708709208936 0.9238567762762663 0.7191699568837558 0.9300968802801723
0 0.7265092595486113 0.8731052084960937 0.17739259288194467 0.8707640625 0.17705178088010598 0.8960568131050899 0.7261684475467727 0.8983979591011836
0 0.7379935182291668 0.8408328124999999 0.1730597222222224 0.8372002602539061 0.17244976748247623 0.8672145693627668 0.7373835634894207 0.8708471216088605
0 0.7359055555555556 0.8126721352539062 0.17128518489583355 0.8077481772460937 0.1704708763328365 0.8372926509173222 0.7350912469925587 0.8422166089251347
0 0.7408274716221548 0.7791605589216145 0.17183480815631802 0.774679440160841 0.17108009288194465 0.8050007812500001 0.7400727563477814 0.8094819000107736
0 0.7432138888888891 0.7439453125000001 0.16636481510416684 0.7412966147460939 0.16590424838370288 0.7730337266786743 0.7427533221684253 0.7756824244325805
0 0.7453018515625001 0.7110854165039062 0.16622129600694457 0.7105088540039063 0.16611407738384526 0.7445816575692932 0.7451946329394007 0.7451582200692931
0 0.7567865737847224 0.6747010415039063 0.16323287065972236 0.6725835937500001 0.1628418394923958 0.7072655625757368 0.7563955426173958 0.709383010329643
0 0.7557425928819446 0.6406664062500002 0.15592453732638903 0.6383598959960938 0.15551739525648098 0.671860696047707 0.7553354508120365 0.6741672063016134
0 0.8100186512308817 0.20038683192771145 0.1264430555555556 0.18962161474609374 0.1241862667548283 0.23496351583940628 0.8077618624301545 0.245728733021024
0 0.7985481484375 0.24485703125000002 0.12675648177083343 0.23942421875 0.12568838827079282 0.2812134345368826 0.7974800549374594 0.2866462470368826
0 0.8006361111111112 0.28773802099609375 0.13373842621527784 0.28293411474609376 0.13276115143229006 0.32586070891816515 0.7996588363281234 0.33066461516816514
0 0.793327777777778 0.33179375000000005 0.13657037065972233 0.32673333349609374 0.1355400414744731 0.3690430165099409 0.7922974485925287 0.37410343301384724
0 0.7870634262152778 0.37349999999999994 0.1410467595486112 0.3674106772460937 0.13976436254384692 0.4104576164973931 0.7857810292105135 0.4165469392512994
0 0.7609625000000002 0.6048692709960938 0.15384907378472235 0.6025348959960938 0.15343487430917724 0.6366191514872533 0.7605483005244551 0.6389535264872533
0 0.7620064817708335 0.5684500000000001 0.15549398177083346 0.5650442709960938 0.15483969946025786 0.6019114493805525 0.761352199460258 0.6053171783844589
0 0.7612450607983287 0.5308915789126979 0.15206157378472232 0.52939609375 0.15177901298639374 0.5658146710873021 0.7609625000000002 0.56731015625
0 0.7693148151041668 0.49450651025390624 0.14460972222222232 0.49056953125 0.14387690002677517 0.5273617192753687 0.7685819929087196 0.5312986982792749
0 0.7818435182291666 0.45511484375 0.14445153599603075 0.4504308646097093 0.14356294038616696 0.4886905029737707 0.7809549226193028 0.4933744821140614
0 0.7828875 0.41344375 0.14160797001643222 0.40929629863541295 0.14079077934488268 0.449275538198558 0.7820703093284505 0.45342298956314503
0 0.7150250000000002 0.959384375 0.18327162284879525 0.9545812149367814 0.18246528807551196 0.9828263489721718 0.714218665226717 0.9876295090353904