0 0.71484375 0.43359375000000017 0.60888671875 0.43359375000000017 0.60888671875 0.4563802083333335 0.71484375 0.4563802083333335
0 0.712890625 0.3951822916666668 0.60986328125 0.3951822916666668 0.60986328125 0.4173177083333335 0.712890625 0.4173177083333335
0 0.71240234375 0.37695312500000017 0.60888671875 0.37695312500000017 0.60888671875 0.3990885416666668 0.71240234375 0.3990885416666668
0 0.720703125 0.5104166666666669 0.61376953125 0.5104166666666669 0.61376953125 0.5338541666666669 0.720703125 0.5338541666666669
0 0.5703125 0.3483072916666668 0.47265625 0.3483072916666668 0.47265625 0.3697916666666668 0.5703125 0.3697916666666668
0 0.71630859375 0.47265625000000017 0.61181640625 0.47265625000000017 0.61181640625 0.4954427083333335 0.71630859375 0.4954427083333335
0 0.57275390625 0.43945312500000017 0.4716796875 0.43945312500000017 0.4716796875 0.46093750000000017 0.57275390625 0.46093750000000017
0 0.2978515625 0.525390625 0.19921875000000006 0.525390625 0.19921875000000006 0.548828125 0.2978515625 0.548828125
0 0.5693359375 0.3313802083333334 0.47216796875 0.3313802083333334 0.47216796875 0.35156250000000017 0.5693359375 0.35156250000000017
0 0.70654296875 0.2851562500000001 0.60546875 0.28515625000000006 0.60546875 0.3053385416666668 0.70654296875 0.3053385416666668
0 0.43701171875 0.3704427083333333 0.33837890625 0.3704427083333333 0.33837890625 0.3919270833333333 0.43701171875 0.3919270833333333
0 0.29833984375 0.28906250000000006 0.20703125 0.2890625 0.20703125000000003 0.3092447916666667 0.29833984375 0.30924479166666674
0 0.86279296875 0.4231770833333335 0.75146484375 0.4231770833333335 0.75146484375 0.44726562500000017 0.86279296875 0.44726562500000017
0 0.56884765625 0.3665364583333335 0.47119140625 0.3665364583333335 0.47119140625 0.38867187500000017 0.56884765625 0.38867187500000017
0 0.4365234375 0.31510416666666674 0.33837890625 0.31510416666666674 0.33837890625 0.3359375 0.4365234375 0.3359375
0 0.71826171875 0.4915364583333335 0.61376953125 0.4915364583333335 0.61376953125 0.5143229166666669 0.71826171875 0.5143229166666669
0 0.57666015625 0.5156250000000001 0.4736328125 0.5156250000000001 0.4736328125 0.5384114583333335 0.57666015625 0.5384114583333335
0 0.85693359375 0.3483072916666668 0.74609375 0.3483072916666668 0.74609375 0.3717447916666668 0.85693359375 0.3717447916666668
0 0.7158203125 0.4524739583333335 0.60986328125 0.4524739583333335 0.60986328125 0.47656250000000017 0.7158203125 0.47656250000000017
0 0.70947265625 0.3391927083333335 0.60595703125 0.3391927083333335 0.60595703125 0.3600260416666668 0.70947265625 0.3600260416666668
0 0.2978515625 0.4876302083333333 0.19921875000000006 0.4876302083333333 0.19921875000000006 0.509765625 0.2978515625 0.509765625
0 0.86865234375 0.5006510416666669 0.7568359375 0.5006510416666669 0.7568359375 0.5247395833333335 0.86865234375 0.5247395833333335
0 0.86572265625 0.4811197916666668 0.75537109375 0.4811197916666668 0.75537109375 0.5052083333333335 0.86572265625 0.5052083333333335
0 0.43701171875 0.5006510416666666 0.333984375 0.5006510416666666 0.333984375 0.5240885416666666 0.43701171875 0.5240885416666666
0 0.4365234375 0.4446614583333333 0.33447265625 0.4446614583333333 0.33447265625 0.466796875 0.4365234375 0.466796875
0 0.298828125 0.4322916666666667 0.20312500000000006 0.4322916666666667 0.20312500000000006 0.4544270833333333 0.298828125 0.4544270833333333
0 0.298828125 0.3229166666666667 0.20507812500000006 0.3229166666666667 0.20507812500000006 0.3444010416666667 0.298828125 0.3444010416666667
0 0.5732421875 0.4576822916666668 0.47265625 0.4576822916666668 0.47265625 0.4798177083333335 0.5732421875 0.4798177083333335
0 0.298828125 0.30664062500000006 0.20605468750000006 0.306640625 0.20605468750000006 0.3268229166666667 0.298828125 0.32682291666666674
0 0.56982421875 0.4036458333333335 0.4716796875 0.4036458333333335 0.4716796875 0.42382812500000017 0.56982421875 0.42382812500000017
0 0.5693359375 0.31250000000000006 0.47265625 0.31250000000000006 0.47265625 0.33398437500000017 0.5693359375 0.33398437500000017
0 0.7138671875 0.4147135416666668 0.60888671875 0.4147135416666668 0.60888671875 0.4368489583333335 0.7138671875 0.4368489583333335
0 0.4365234375 0.4635416666666667 0.333984375 0.4635416666666667 0.333984375 0.4856770833333333 0.4365234375 0.4856770833333333
0 0.56884765625 0.3860677083333335 0.47119140625 0.3860677083333335 0.47119140625 0.40625000000000017 0.56884765625 0.40625000000000017
0 0.85107421875 0.2916666666666668 0.748046875 0.2916666666666668 0.748046875 0.3138020833333335 0.85107421875 0.3138020833333335
0 0.298828125 0.3776041666666667 0.20361328125000006 0.3776041666666667 0.20361328125000006 0.3984375 0.298828125 0.3984375
0 0.56982421875 0.2942708333333334 0.47314453125 0.2942708333333334 0.47314453125 0.31510416666666674 0.56982421875 0.31510416666666674
0 0.576171875 0.5351562500000001 0.4736328125 0.5351562500000001 0.4736328125 0.5585937500000001 0.576171875 0.5585937500000001
0 0.298828125 0.359375 0.20361328125000006 0.359375 0.20361328125000006 0.3815104166666667 0.298828125 0.3815104166666667
0 0.849609375 0.2552083333333335 0.74462890625 0.2552083333333335 0.74462890625 0.27734375000000017 0.849609375 0.27734375000000017
0 0.859375 0.3860677083333335 0.74853515625 0.3860677083333335 0.74853515625 0.4095052083333335 0.859375 0.4095052083333335
0 0.4375 0.51953125 0.333984375 0.51953125 0.333984375 0.54296875 0.4375 0.54296875
0 0.7099609375 0.3203125000000001 0.60498046875 0.32031250000000006 0.60498046875 0.3424479166666668 0.7099609375 0.3424479166666668
0 0.7060546875 0.2656250000000001 0.603515625 0.26562500000000006 0.603515625 0.2877604166666668 0.7060546875 0.2877604166666668
0 0.43603515625 0.4069010416666667 0.3359375 0.4069010416666667 0.3359375 0.4283854166666667 0.43603515625 0.4283854166666667
0 0.70703125 0.3033854166666668 0.60595703125 0.30338541666666674 0.60595703125 0.3235677083333334 0.70703125 0.3235677083333335
0 0.29931640625 0.4140625 0.20263671875000006 0.4140625 0.20263671875000006 0.4361979166666667 0.29931640625 0.4361979166666667
0 0.43603515625 0.2981770833333334 0.33837890625 0.2981770833333334 0.33837890625 0.31835937500000006 0.43603515625 0.31835937500000006
0 0.56689453125 0.27734375000000006 0.4716796875 0.27734375000000006 0.4716796875 0.29752604166666674 0.56689453125 0.29752604166666674
0 0.85498046875 0.3287760416666668 0.74658203125 0.3287760416666668 0.74658203125 0.3522135416666668 0.85498046875 0.3522135416666668
0 0.85009765625 0.27343750000000017 0.74560546875 0.27343750000000017 0.74560546875 0.2955729166666668 0.85009765625 0.2955729166666668
0 0.2978515625 0.46875 0.20117187500000006 0.46875 0.20117187500000006 0.4908854166666667 0.2978515625 0.4908854166666667
0 0.4365234375 0.4251302083333333 0.33349609375 0.4251302083333333 0.33349609375 0.4485677083333333 0.4365234375 0.4485677083333333
0 0.57421875 0.4954427083333335 0.47265625 0.4954427083333335 0.47265625 0.5201822916666669 0.57421875 0.5201822916666669
0 0.29736328125 0.5065104166666666 0.19873046875000006 0.5065104166666666 0.19873046875000006 0.5286458333333334 0.29736328125 0.5286458333333334
0 0.86376953125 0.46093750000000017 0.7548828125 0.46093750000000017 0.7548828125 0.4850260416666668 0.86376953125 0.4850260416666668
0 0.298828125 0.341796875 0.20410156250000006 0.341796875 0.20410156250000006 0.3619791666666667 0.298828125 0.3619791666666667
0 0.8564453125 0.3665364583333335 0.74755859375 0.3665364583333335 0.74755859375 0.3899739583333335 0.8564453125 0.3899739583333335
0 0.4365234375 0.3515625 0.33837890625 0.3515625 0.33837890625 0.373046875 0.4365234375 0.373046875
0 0.43701171875 0.3880208333333333 0.33837890625 0.3880208333333333 0.33837890625 0.41015625 0.43701171875 0.41015625
0 0.4375 0.5384114583333334 0.33447265625 0.5384114583333334 0.33447265625 0.5618489583333334 0.4375 0.5618489583333334
0 0.43701171875 0.27994791666666674 0.33837890625 0.27994791666666674 0.33837890625 0.30078125000000006 0.43701171875 0.30078125000000006
0 0.2978515625 0.4505208333333333 0.20214843750000006 0.4505208333333333 0.20214843750000006 0.47265625 0.2978515625 0.47265625
0 0.86328125 0.44335937500000017 0.75341796875 0.44335937500000017 0.75341796875 0.4661458333333335 0.86328125 0.4661458333333335
0 0.4375 0.5592447916666666 0.33349609375 0.5592447916666666 0.33349609375 0.583984375 0.4375 0.583984375
0 0.57421875 0.4759114583333335 0.47314453125 0.4759114583333335 0.47314453125 0.49804687500000017 0.57421875 0.49804687500000017
0 0.57275390625 0.4212239583333335 0.4716796875 0.4212239583333335 0.4716796875 0.4420572916666668 0.57275390625 0.4420572916666668
0 0.2998046875 0.3951822916666667 0.20312500000000006 0.3951822916666667 0.20312500000000006 0.4173177083333333 0.2998046875 0.4173177083333333
0 0.87060546875 0.5201822916666669 0.755859375 0.5201822916666669 0.755859375 0.5455729166666669 0.87060546875 0.5455729166666669
0 0.861328125 0.4036458333333335 0.75 0.4036458333333335 0.75 0.42773437500000017 0.861328125 0.42773437500000017
0 0.85302734375 0.3111979166666668 0.74658203125 0.3111979166666668 0.74658203125 0.3333333333333335 0.85302734375 0.3333333333333335
0 0.72119140625 0.5305989583333335 0.61083984375 0.5305989583333335 0.61083984375 0.5559895833333335 0.72119140625 0.5559895833333335
0 0.71142578125 0.35742187500000017 0.60546875 0.35742187500000017 0.60546875 0.38085937500000017 0.71142578125 0.38085937500000017
0 0.43701171875 0.333984375 0.3388671875 0.333984375 0.3388671875 0.35546875 0.43701171875 0.35546875
0 0.29931640625 0.544921875 0.19677734375000006 0.544921875 0.19677734375000006 0.568359375 0.29931640625 0.568359375
0 0.7216796875 0.5514322916666669 0.6123046875 0.5514322916666669 0.6123046875 0.5755208333333335 0.7216796875 0.5755208333333335
0 0.4375 0.4817708333333333 0.3330078125 0.4817708333333333 0.3330078125 0.5052083333333334 0.4375 0.5052083333333334
0 0.70361328125 0.2480468750000001 0.6015625 0.24804687500000008 0.6015625 0.2682291666666668 0.70361328125 0.2682291666666668
0 0.87451171875 0.5416666666666669 0.7568359375 0.5416666666666669 0.7568359375 0.5651041666666669 0.87451171875 0.5651041666666669
0 0.30029296875 0.27083333333333337 0.20703125 0.2708333333333333 0.20703125 0.29101562500000006 0.30029296875 0.29101562500000006
0 0.4375 0.26236979166666674 0.33740234375 0.26236979166666674 0.33740234375 0.2825520833333334 0.4375 0.2825520833333334
0 0.5673828125 0.2591145833333334 0.46923828125 0.2591145833333334 0.46923828125 0.2786458333333334 0.5673828125 0.2786458333333334
0 0.29931640625 0.5651041666666666 0.19628906250000006 0.5651041666666666 0.19628906250000006 0.587890625 0.29931640625 0.587890625
0 0.8466796875 0.23697916666666682 0.7431640625 0.23697916666666682 0.7431640625 0.2571614583333335 0.8466796875 0.2571614583333335
0 0.5779497880859376 0.57429926171875 0.5778254618295989 0.5571410213688271 0.47347746476944175 0.5584851836363222 0.47360179102578037 0.575643423986245