0 0.9796666666666669 0.1501484375 0.003171296006944476 0.14465833349609375 0.002017048784394292 0.20961646270302947 0.9785124194441166 0.21510656670693573
0 0.983734259548611 0.2176572915039063 0.005317129340277825 0.21503854150390625 0.004801500461506594 0.2759939567088752 0.9832186306698399 0.2786127067088753
0 0.9654310182291668 0.2874544272460938 0.011493055555555617 0.2842841147460938 0.010879823060141066 0.3426673655383585 0.9648177857337521 0.3458376780383586
0 0.872942472691696 0.892216471167945 0.8710763888888889 0.8533354165039062 0.09163823327558651 0.8651718216444791 0.0935043170783935 0.9040528763085179
0 0.8904624390500722 0.8503110116716754 0.8888435699340945 0.809985509706382 0.08991666666666667 0.82013359375 0.09153553578264434 0.8604590957152934
0 0.8987328280520729 0.8073324948319064 0.8972611111111112 0.7650117187499998 0.07906236785002532 0.7740144550114513 0.08053408479098707 0.8163352310933578
0 0.9020235744000286 0.7608376789011074 0.900300516500084 0.7164348577339349 0.07354351822916667 0.7265859375 0.07526657612911114 0.7709887586671725
0 0.9133771883078408 0.7163062391853745 0.9125550928819446 0.6740630209960938 0.07251012062602796 0.6792356678087513 0.07333221605192414 0.721478885998032
0 0.9160109065300556 0.6705733273324275 0.9144833007578617 0.623925716528915 0.06096527777777778 0.6327695312499999 0.062492883549971706 0.6794171420535123
0 0.9593300928819445 0.34695364599609374 0.024288426215277856 0.3467109374999999 0.0242386753530645 0.40735546966790825 0.9592803420197311 0.40759817816400207
0 0.9503029961804338 0.45887254143420747 0.9490327433036511 0.40038419150396315 0.03902731510416666 0.4066375 0.040297567980949384 0.4651258499302443
0 0.9255787107955109 0.6190627837236017 0.9247574071180558 0.5687950522460938 0.05776943677393371 0.5732770600263984 0.05859074045138889 0.6235447915039063
0 0.9308583333333333 0.5699393227539064 0.9304926410875731 0.5161573487175869 0.054263166826720555 0.5180424814055722 0.05462885907248075 0.5718244554418916
0 0.9452565028675863 0.5150048446766803 0.9450939817708335 0.4623828125 0.04207550867271871 0.4632652497184135 0.042238029769471636 0.5158872818950938
0 0.9959361111111112 0.07119739599609376 1.5034270125132327e-17 0.06809583349609374 -0.0006947899078553888 0.13868686003056527 0.9952413212032558 0.14178842253056528
0 0.8766011857257552 0.9355617757799003 0.8742185182291667 0.8951401040039062 0.09800481735138117 0.9096170024152102 0.1003874848479695 0.9500386741912042