0 0.890625 0.7354166666666668 0.6953125 0.7354166666666667 0.6953125 0.7718750000000001 0.890625 0.7718750000000002
0 0.88984375 0.8375000000000001 0.69453125 0.8375 0.69453125 0.8750000000000001 0.88984375 0.8750000000000002
0 0.3906250000000001 0.6614583333333334 0.19687500000000005 0.6614583333333334 0.19687500000000005 0.6979166666666666 0.3906250000000001 0.6979166666666666
0 0.63515625 0.69375 0.44609375 0.69375 0.44609375 0.7322916666666667 0.63515625 0.7322916666666667
0 0.89453125 0.5614583333333335 0.69765625 0.5614583333333333 0.69765625 0.6000000000000001 0.89453125 0.6000000000000002
0 0.3898437500000001 0.6260416666666667 0.19843750000000004 0.6260416666666667 0.19843750000000004 0.6625 0.3898437500000001 0.6625
0 0.3882812500000001 0.7979166666666667 0.19687500000000008 0.7979166666666667 0.19687500000000008 0.8354166666666667 0.3882812500000001 0.8354166666666667
0 0.3898437500000001 0.6947916666666667 0.19687500000000005 0.6947916666666667 0.19687500000000008 0.7322916666666667 0.3898437500000001 0.7322916666666667
0 0.3882812500000001 0.8322916666666667 0.1960937500000001 0.8322916666666667 0.1960937500000001 0.86875 0.3882812500000001 0.86875
0 0.8953125 0.5260416666666667 0.69765625 0.5260416666666667 0.69765625 0.5635416666666668 0.8953125 0.5635416666666669
0 0.6421875 0.41458333333333347 0.4484375 0.41458333333333347 0.4484375 0.4531250000000001 0.6421875 0.4531250000000001
0 0.8921875 0.7010416666666668 0.6953125 0.7010416666666667 0.6953125 0.7375000000000002 0.8921875 0.7375000000000003
0 0.89921875 0.35208333333333347 0.7 0.35208333333333347 0.7 0.3885416666666668 0.89921875 0.3885416666666668
0 0.63671875 0.5520833333333334 0.44609375 0.5520833333333334 0.44609375 0.5916666666666667 0.63671875 0.5916666666666667
0 0.3921875000000001 0.4885416666666667 0.19687500000000005 0.48854166666666665 0.19687500000000005 0.5260416666666667 0.3921875000000001 0.5260416666666667
0 0.38750000000000007 0.7635416666666667 0.1976562500000001 0.7635416666666667 0.1976562500000001 0.8010416666666667 0.38750000000000007 0.8010416666666667
0 0.63671875 0.5885416666666666 0.44453125 0.5885416666666666 0.44453125 0.628125 0.63671875 0.628125
0 0.38906250000000003 0.4541666666666667 0.19765625000000003 0.45416666666666666 0.19765625000000003 0.49166666666666675 0.3890625000000001 0.4916666666666668
0 0.63203125 0.8322916666666667 0.44375 0.8322916666666667 0.44375 0.8697916666666666 0.63203125 0.8697916666666666
0 0.8890625 0.8729166666666668 0.69375 0.8729166666666667 0.69375 0.9104166666666668 0.8890625 0.9104166666666669
0 0.88984375 0.8041666666666668 0.69453125 0.8041666666666667 0.69453125 0.8416666666666668 0.88984375 0.8416666666666669
0 0.63203125 0.865625 0.44296875 0.865625 0.44296875 0.9041666666666667 0.63203125 0.9041666666666667
0 0.39375 0.27916666666666673 0.19375000000000003 0.2791666666666667 0.19375000000000003 0.3166666666666667 0.39375 0.31666666666666676
0 0.89296875 0.6645833333333334 0.69765625 0.6645833333333333 0.69765625 0.7020833333333335 0.89296875 0.7020833333333336
0 0.63515625 0.6583333333333333 0.44609375 0.6583333333333333 0.44609375 0.6958333333333333 0.63515625 0.6958333333333333
0 0.390625 0.41875000000000007 0.19687500000000005 0.41875 0.19687500000000005 0.45625000000000004 0.390625 0.4562500000000001
0 0.3898437500000001 0.525 0.19687500000000005 0.525 0.19687500000000005 0.5614583333333333 0.3898437500000001 0.5614583333333333
0 0.89296875 0.6312500000000001 0.69765625 0.63125 0.69765625 0.6677083333333335 0.89296875 0.6677083333333336
0 0.3882812500000001 0.5927083333333333 0.19843750000000004 0.5927083333333333 0.19843750000000004 0.6291666666666667 0.3882812500000001 0.6291666666666667
0 0.634375 0.7979166666666667 0.4421875 0.7979166666666667 0.4421875 0.8354166666666667 0.634375 0.8354166666666667
0 0.89921875 0.4229166666666668 0.69921875 0.4229166666666668 0.69921875 0.46145833333333347 0.89921875 0.46145833333333347
0 0.640625 0.5187500000000002 0.4453125 0.5187500000000002 0.4453125 0.5572916666666666 0.640625 0.5572916666666666
0 0.640625 0.4500000000000001 0.4484375 0.4500000000000001 0.4484375 0.48854166666666676 0.640625 0.48854166666666676
0 0.896875 0.49270833333333347 0.70078125 0.49270833333333347 0.70078125 0.5302083333333335 0.896875 0.5302083333333335
0 0.8984375 0.45729166666666676 0.6984375 0.45729166666666676 0.6984375 0.4947916666666668 0.8984375 0.4947916666666668
0 0.63515625 0.728125 0.44375 0.728125 0.44375 0.7666666666666667 0.63515625 0.7666666666666667
0 0.3882812500000001 0.8677083333333333 0.19531250000000008 0.8677083333333333 0.19531250000000008 0.9052083333333333 0.3882812500000001 0.9052083333333333
0 0.890625 0.7697916666666668 0.69453125 0.7697916666666667 0.69453125 0.8062500000000001 0.890625 0.8062500000000002
0 0.8984375 0.3885416666666668 0.69921875 0.3885416666666668 0.69921875 0.4250000000000001 0.8984375 0.4250000000000001
0 0.39140625 0.31250000000000006 0.19453125000000004 0.3125 0.19453125000000004 0.3520833333333334 0.39140625 0.35208333333333347
0 0.6421875 0.3781250000000001 0.44921875 0.3781250000000001 0.44921875 0.4166666666666668 0.6421875 0.4166666666666668
0 0.63984375 0.4843750000000001 0.44609375 0.4843750000000001 0.44609375 0.5218750000000001 0.63984375 0.5218750000000001
0 0.3906250000000001 0.73125 0.1960937500000001 0.73125 0.1960937500000001 0.7677083333333333 0.3906250000000001 0.7677083333333333
0 0.39375 0.34895833333333337 0.19375000000000003 0.3489583333333333 0.19375000000000003 0.3864583333333334 0.39375 0.38645833333333346
0 0.6359375 0.6239583333333333 0.4453125 0.6239583333333333 0.4453125 0.6614583333333334 0.6359375 0.6614583333333334
0 0.8953125 0.5968750000000002 0.6953125 0.596875 0.6953125 0.6333333333333334 0.8953125 0.6333333333333335
0 0.3882812500000001 0.559375 0.19765625000000003 0.559375 0.19765625000000003 0.596875 0.3882812500000001 0.596875
0 0.39375 0.2427083333333334 0.19296875000000005 0.2427083333333334 0.19296875000000005 0.2802083333333334 0.39375 0.28020833333333345
0 0.39140625 0.3843750000000001 0.19609375000000004 0.384375 0.19609375000000004 0.4229166666666667 0.39140625 0.4229166666666668
0 0.64453125 0.3416666666666668 0.44921875 0.3416666666666668 0.44921875 0.38125000000000014 0.64453125 0.38125000000000014
0 0.63515625 0.7635416666666667 0.44296875 0.7635416666666667 0.44296875 0.8020833333333334 0.63515625 0.8020833333333334
0 0.6453125 0.27187500000000014 0.4484375 0.27187500000000014 0.4484375 0.3104166666666668 0.6453125 0.3104166666666668
0 0.64453125 0.3072916666666668 0.44921875 0.3072916666666668 0.44921875 0.3468750000000001 0.64453125 0.3468750000000001
0 0.88828125 0.9083333333333334 0.69296875 0.9083333333333333 0.69296875 0.9437500000000001 0.88828125 0.9437500000000002
0 0.3898437500000001 0.9010416666666666 0.1960937500000001 0.9010416666666666 0.1960937500000001 0.9364583333333333 0.3898437500000001 0.9364583333333333
0 0.6328125 0.903125 0.440625 0.903125 0.440625 0.9395833333333333 0.6328125 0.9395833333333333