0 0.8294027148667041 0.14228112079821348 0.8289578993055555 0.09637939453125 0.18751142314692557 0.0983461774615444 0.18795623870807418 0.14424790372850788
0 0.82477249683784 0.18723839550623103 0.8246627604166666 0.142295654296875 0.1905766507820409 0.1427855284522041 0.19068638720321437 0.18772826966156014
0 0.8263806423611111 0.18676196289062502 0.186198238352676 0.1852107509297382 0.1858500911899674 0.23067190975993165 0.8260324951984024 0.23222312172081847
0 0.8195082465277779 0.23068701171875006 0.19412258750494127 0.23020361510682946 0.19401747589429244 0.2732305154233673 0.819403134917129 0.2737139120352879
0 0.8195082465277778 0.2741865234375 0.1966974826388889 0.272736572265625 0.1964092234025751 0.31191355793592945 0.819219987291464 0.31336350910780447
0 0.815213107638889 0.3162363281250001 0.20013368055555564 0.313336181640625 0.19954934882481065 0.35254789241767026 0.814628775908144 0.35544803890204535
0 0.81005859375 0.356778076171875 0.20128819444444448 0.349455322265625 0.19979463924427987 0.3887420104527119 0.8085650385498354 0.39606476435896193
0 0.7988910590277779 0.39586987304687504 0.20678385416666678 0.3892578125000001 0.20543305707633885 0.4275313578818709 0.7975402619374499 0.4341434184287459
0 0.7971731770833334 0.43308618164062507 0.2109058159722223 0.42558251953125 0.20935894713972672 0.46382279303384316 0.7956263082508378 0.47132645514321825
0 0.7920186631944445 0.4712692871093751 0.2109058159722223 0.46345263671875003 0.20932309435557317 0.5006823229808749 0.7904359415777953 0.5084989733715
0 0.788582465277778 0.510361083984375 0.21090581597222235 0.50055029296875 0.20895639621442377 0.5368690690994599 0.7866330455199795 0.5466798601150848
0 0.7851462673611111 0.54612744140625 0.21502777777777793 0.534169921875 0.21271465082471605 0.5690653515030697 0.7828331404080493 0.5810228710343197
0 0.7808511284722223 0.581864990234375 0.219343581509537 0.570737424284503 0.2171311376531917 0.6060616566701947 0.7786386846158769 0.6171892226200667
0 0.773978732638889 0.6190234375 0.21834100885645757 0.6017274616740311 0.2147374131944446 0.6383566894531248 0.7703751369768761 0.6556526652790937
0 0.7722604166666669 0.6518898925781252 0.22189800347222238 0.6358015136718751 0.21871296005117025 0.6702759275479834 0.7690753732456147 0.6863643064542335
0 0.7439118923611114 0.9731591796875001 0.22676432291666693 0.944642822265625 0.22241945358719148 0.9695739665241316 0.7395670230316359 0.9980903239460066
0 0.7475455030403304 0.9428236563303756 0.22676432291666693 0.9117763671875 0.22141283029300346 0.9401785409352496 0.742194010416667 0.9712258300781251
0 0.7533615451388891 0.9117763671875001 0.22848220486111132 0.883743408203125 0.2238120304493555 0.9114108299847803 0.7486913707271332 0.9394437889691554
0 0.7550794270833335 0.8798767089843751 0.22395876736111134 0.8537490234375 0.21902660981650685 0.8854720232464293 0.750147269538729 0.9115997087933043
0 0.7593749999999999 0.848460205078125 0.22670659722222236 0.82090234375 0.22161196189530263 0.8520603443699134 0.7542803646730802 0.8796182056980384
0 0.7679652777777779 0.8146562499999999 0.21731467013888903 0.7914562988281248 0.2127179869932779 0.8259769257232333 0.7633685946321668 0.8491768768951083
0 0.7671063368055558 0.782814208984375 0.2239587673611113 0.759459716796875 0.2196189622088921 0.7913944061957487 0.7627665316533366 0.8147488983832488
0 0.7662473958333335 0.7489812011718749 0.22504600694444457 0.7272314453124998 0.2204259095128095 0.7636062528406077 0.7616272984016983 0.7853560086999828
0 0.7641276768422398 0.7156789206667729 0.22504600694444457 0.6962983398437501 0.22109756922818238 0.7310486049290001 0.7601792391259775 0.7504291857520229
0 0.7712686719645232 0.6857453480880497 0.2233281250000002 0.668806396484375 0.22002473081325494 0.7026169565994504 0.767965277777778 0.7195559082031251