0 0.676479580522513 0.044461227173312204 0.6729441501096971 0.005267779232248138 0.08381243402777777 0.022082369140625002 0.08734786444059363 0.06127581708168907
0 0.6773508774756668 0.0844390359363831 0.6736148487552573 0.045656486278283455 0.09949290624999999 0.06315588183593748 0.10322893497040946 0.10193843149403713
0 0.6826349608563841 0.12012375834577996 0.6786578911481475 0.0835024412454337 0.10344231684027777 0.103267810546875 0.10741938654851435 0.13988912764722128
0 0.6856327829823138 0.15699116473143399 0.6821106510416667 0.12287713671874997 0.11741820533717509 0.14132430249278016 0.12094033727782222 0.17543833050546417
0 0.6824286646205746 0.19150133781499337 0.6788726006944446 0.15886782519531248 0.12258543715452788 0.17804787933083657 0.12614150108065794 0.21068139195051747
0 0.6821449052650365 0.22526086830633307 0.6779655027412005 0.19127667142772609 0.12992617100694445 0.2126019135742188 0.13410557353078045 0.24658611045282577
0 0.7243432941879143 0.7653306909169949 0.7197062578125001 0.7430321577148439 0.2780508776753908 0.7720919687218553 0.28268791405080507 0.7943905019240063
0 0.7271814890668069 0.7410659579301636 0.721663603298611 0.7157932875976563 0.27189764118108434 0.7468641431570464 0.27741552694928023 0.7721368134895538
0 0.7215496033335271 0.7143784122140833 0.716524792534722 0.691795865234375 0.2678029433769164 0.7233872789940193 0.27282775417572136 0.7459698259737276
0 0.7199334933279092 0.6905737485572114 0.7148450496849049 0.666479637864414 0.25775102430555547 0.6970235502929686 0.2628394679485599 0.7211176609857661
0 0.7144543406233033 0.6662736400825734 0.7098911223958334 0.6437172724609375 0.25377964372207595 0.6729129212137765 0.25834286194954575 0.6954692888354125
0 0.7159257324725012 0.640143733026214 0.7108738506944445 0.6154746206054688 0.2449677191688344 0.6456632318128178 0.2500196009468911 0.670332344233563
0 0.7142531480351881 0.6126988757398343 0.7088848871551605 0.5869305052522097 0.23026121093750002 0.6184795263671874 0.23562947181752758 0.644247896854812
0 0.7113144515335658 0.5861518172448441 0.7065513483220163 0.5613907469505315 0.22488973003472226 0.5907069467773437 0.22965283324627186 0.6154680170716563
0 0.7095864642222389 0.5594428586189439 0.7045241410768638 0.533159817301571 0.22459124131944444 0.5624080629882813 0.22965356446481955 0.5886911043056542
0 0.711215599255733 0.5339355238989025 0.7069310364583331 0.50790796875 0.21622861306284977 0.5334665294578764 0.22051317586024957 0.559494084606779
0 0.7030502583590388 0.508128634142321 0.6987415303819444 0.47884938720703124 0.21256957336686222 0.5014866614582704 0.21687830134395664 0.5307659083935601
0 0.7040642472527332 0.47413651145917834 0.6994554410314178 0.4481519099970586 0.19300179427083336 0.47657407421875 0.1976106004921487 0.5025586756808698
0 0.7038759595123814 0.4460582596003233 0.6995790112847222 0.41889049707031245 0.19024825695088113 0.44437940347875604 0.19454520517854024 0.4715471660087669
0 0.6998820056802031 0.4153248682443137 0.6956603030757889 0.3885491756621301 0.18619631423611116 0.41396507421875006 0.19041801684052534 0.44074076680093366
0 0.6980249922928479 0.38349757345054913 0.6935826051303864 0.35620544461069187 0.17042321006944444 0.38314919677734377 0.174865597231906 0.41044132561720104
0 0.6941969505747604 0.35616143578077164 0.6902130824652777 0.32680992675781256 0.16384358933738125 0.3494152271444175 0.1678274574468639 0.37876673616737655
0 0.690310430130312 0.32502091212687134 0.6862878682576324 0.2938017743223213 0.15818820659722221 0.3153317119140625 0.1622107684699018 0.34655084971861255
0 0.6933763711776868 0.2915545091652694 0.6898019781120132 0.2620423406399133 0.15178296354166665 0.2826602138671875 0.1553573566073402 0.31217238239254363
0 0.6932731933301401 0.2592872167749213 0.689476209201389 0.22680460742187497 0.1413629191028053 0.24707691835533996 0.1451599032315566 0.27955952770838627