0 0.7286738307291668 0.23981063427734375 0.31035271679687504 0.23526360742187502 0.30962524289819654 0.2729098996025113 0.7279463568304881 0.27745692645798004
0 0.7239454303385416 0.28095238964843755 0.3155909108072917 0.2733388500976563 0.3143989779270954 0.3092992974217675 0.7227534974583453 0.31691283697254874
0 0.719519254671535 0.31822332654800417 0.3247457161458334 0.30957349902343756 0.3234595807705382 0.3425914255744083 0.7182331192962398 0.3512412530989749
0 0.7145506250000001 0.34826265039062504 0.324817845703125 0.3433757841796875 0.32410723361584254 0.37525382353070846 0.7138400129127175 0.380140689741646
0 0.7097294609375 0.3813545522460938 0.3288081230468751 0.3753127680664063 0.327921653615482 0.40675087481873495 0.7088429915061069 0.4127926589984225
0 0.7067566412760417 0.41171724414062505 0.33115124348958336 0.4075364638671875 0.33056049135593335 0.4373904486613542 0.7061658891423918 0.4415712289347917
0 0.7022619680989585 0.441166875 0.33410999609375014 0.4385895498046875 0.3337834372512752 0.46482822397509693 0.7019354092564836 0.46740554917040944
0 0.7005066308593749 0.46941548046875 0.33837752994791676 0.466059263671875 0.33788609569691497 0.4958857001066199 0.7000151966083731 0.4992419169034949
0 0.6920316158854166 0.5009521791992188 0.34086905403645845 0.495894716796875 0.3402216005310473 0.5211822612455019 0.6913841623800056 0.5262397236478458
0 0.6895510930989582 0.5268902744140626 0.3424834563802084 0.5223614399414063 0.3418854040910932 0.5481418223283657 0.6889530408098431 0.552670656801022
0 0.6681414471620025 0.6688920691390001 0.3583665677083334 0.6688380546875 0.35836186599681397 0.6840055801233563 0.6681367454504831 0.6840595945748564
0 0.6775878589646195 0.6680741800266137 0.6775223763020833 0.6435731284179687 0.35441070522847057 0.6440588828554401 0.35447618789100677 0.6685599344640851
0 0.6810402141927083 0.6219129375 0.35102711263020847 0.620873216796875 0.35089897347495375 0.6437512598719857 0.6809120750374537 0.6447909805751106
0 0.6825937981770837 0.5969111342773438 0.3509415423177083 0.5960293422851562 0.35082784897286806 0.6200826260838572 0.6824801048322433 0.6209644180760447
0 0.6849330677083333 0.5732462255859375 0.3506769519216348 0.571611772420395 0.3504754850260417 0.5947874853515623 0.6847316008127403 0.5964219385171049
0 0.68681897265625 0.5498868603515625 0.3462600494791668 0.548995130859375 0.34615880507914826 0.5707448008371253 0.6867177282562316 0.5716365303293128