0 0.6425925925925926 0.36614583333333334 0.3870370370370371 0.36614583333333334 0.3870370370370371 0.38385416666666666 0.6425925925925926 0.38385416666666666
0 0.6435185185185185 0.38229166666666664 0.38981481481481495 0.38229166666666664 0.38981481481481495 0.4010416666666667 0.6435185185185185 0.4010416666666667
0 0.6435185185185185 0.4166666666666667 0.39074074074074083 0.4166666666666667 0.39074074074074083 0.4359375 0.6435185185185185 0.4359375
0 0.6425925925925926 0.43385416666666665 0.388888888888889 0.43385416666666665 0.388888888888889 0.453125 0.6425925925925926 0.453125
0 0.6435185185185185 0.3484375 0.38425925925925936 0.3484375 0.38425925925925936 0.3692708333333333 0.6435185185185185 0.3692708333333333
0 0.3685185185185187 0.7234375 0.10833333333333349 0.7234375 0.10833333333333349 0.740625 0.36851851851851875 0.740625
0 0.6407407407407407 0.4 0.39074074074074083 0.4 0.39074074074074083 0.41822916666666665 0.6407407407407407 0.41822916666666665
0 0.9361111111111111 0.3447916666666667 0.674074074074074 0.34479166666666666 0.674074074074074 0.36406250000000007 0.9361111111111111 0.3640625000000001
0 0.36666666666666686 0.7385416666666667 0.10740740740740756 0.7385416666666667 0.10740740740740756 0.7552083333333334 0.36666666666666686 0.7552083333333334
0 0.9314814814814817 0.49843750000000003 0.6694444444444446 0.4984375 0.6694444444444446 0.5166666666666667 0.9314814814814817 0.5166666666666668
0 0.9324074074074076 0.5156250000000001 0.6712962962962965 0.515625 0.6712962962962965 0.5338541666666666 0.9324074074074076 0.5338541666666666
0 0.9250000000000002 0.73125 0.6722222222222224 0.73125 0.6722222222222224 0.7484375 0.9250000000000002 0.7484375
0 0.3592592592592594 0.45260416666666664 0.09351851851851863 0.45260416666666664 0.09351851851851863 0.4713541666666667 0.3592592592592594 0.4713541666666667
0 0.9333333333333336 0.5322916666666667 0.6666666666666669 0.5322916666666667 0.6666666666666669 0.5510416666666667 0.9333333333333336 0.5510416666666667
0 0.937962962962963 0.46354166666666674 0.6712962962962963 0.4635416666666667 0.6712962962962963 0.4833333333333334 0.937962962962963 0.48333333333333345
0 0.9324074074074076 0.5666666666666667 0.6703703703703706 0.5666666666666667 0.6703703703703706 0.5838541666666667 0.9324074074074076 0.5838541666666667
0 0.9314814814814817 0.5489583333333333 0.6712962962962965 0.5489583333333333 0.6712962962962965 0.5677083333333334 0.9314814814814817 0.5677083333333334
0 0.9342592592592592 0.4473958333333334 0.6703703703703704 0.4473958333333333 0.6703703703703704 0.46614583333333337 0.9342592592592592 0.4661458333333334
0 0.6416666666666667 0.46822916666666664 0.39074074074074083 0.46822916666666664 0.39074074074074083 0.4869791666666667 0.6416666666666668 0.4869791666666667
0 0.3574074074074075 0.32864583333333336 0.08425925925925934 0.32864583333333336 0.08425925925925934 0.35052083333333334 0.3574074074074075 0.35052083333333334
0 0.937962962962963 0.32552083333333337 0.6712962962962963 0.3255208333333333 0.6712962962962963 0.3458333333333334 0.937962962962963 0.34583333333333344
0 0.3574074074074075 0.38385416666666666 0.08703703703703712 0.38385416666666666 0.08703703703703712 0.4036458333333333 0.3574074074074075 0.4036458333333333
0 0.6472222222222225 0.484375 0.38796296296296306 0.484375 0.38796296296296306 0.5026041666666666 0.6472222222222225 0.5026041666666666
0 0.9351851851851853 0.4807291666666667 0.6731481481481482 0.48072916666666665 0.6731481481481483 0.5000000000000001 0.9351851851851853 0.5000000000000001
0 0.3555555555555557 0.3484375 0.08333333333333341 0.3484375 0.08333333333333341 0.36822916666666666 0.3555555555555557 0.36822916666666666
0 0.3555555555555557 0.365625 0.0861111111111112 0.365625 0.0861111111111112 0.3859375 0.3555555555555557 0.3859375
0 0.9361111111111111 0.4302083333333334 0.6712962962962963 0.43020833333333336 0.6712962962962963 0.4489583333333334 0.9361111111111111 0.44895833333333346
0 0.35648148148148157 0.4010416666666667 0.0861111111111112 0.4010416666666667 0.0861111111111112 0.4203125 0.35648148148148157 0.4203125
0 0.3601851851851853 0.41875 0.09259259259259267 0.41875 0.09259259259259268 0.4375 0.3601851851851853 0.4375
0 0.6462962962962965 0.7338541666666667 0.3925925925925928 0.7338541666666667 0.3925925925925928 0.7526041666666666 0.6462962962962965 0.7526041666666666
0 0.3601851851851853 0.43645833333333334 0.08981481481481492 0.43645833333333334 0.08981481481481492 0.4546875 0.3601851851851853 0.4546875
0 0.937037037037037 0.4130208333333334 0.6722222222222223 0.41302083333333334 0.6722222222222223 0.4312500000000001 0.937037037037037 0.43125000000000013
0 0.36296296296296304 0.471875 0.09537037037037048 0.471875 0.09537037037037048 0.4895833333333333 0.36296296296296304 0.4895833333333333
0 0.3648148148148149 0.5901041666666667 0.09814814814814828 0.5901041666666667 0.09814814814814828 0.6067708333333334 0.3648148148148149 0.6067708333333334
0 0.9314814814814817 0.5833333333333334 0.6712962962962965 0.5833333333333334 0.6712962962962965 0.6 0.9314814814814817 0.6
0 0.36203703703703716 0.5723958333333333 0.10185185185185198 0.5723958333333333 0.10185185185185198 0.590625 0.36203703703703716 0.590625
0 0.9351851851851852 0.37812500000000004 0.6722222222222223 0.378125 0.6722222222222223 0.39687500000000003 0.9351851851851852 0.39687500000000014
0 0.36296296296296304 0.4875 0.09814814814814825 0.4875 0.09814814814814825 0.5057291666666667 0.36296296296296304 0.5057291666666667
0 0.9351851851851852 0.39583333333333337 0.6666666666666666 0.3958333333333333 0.6666666666666666 0.4145833333333334 0.9351851851851852 0.41458333333333347
0 0.9305555555555558 0.5994791666666667 0.6740740740740743 0.5994791666666667 0.6740740740740743 0.6177083333333333 0.9305555555555558 0.6177083333333333
0 0.36574074074074087 0.5203125 0.09629629629629641 0.5203125 0.09629629629629641 0.5375 0.36574074074074087 0.5375
0 0.6425925925925928 0.534375 0.3870370370370371 0.534375 0.3870370370370371 0.553125 0.6425925925925928 0.553125
0 0.6453703703703706 0.5020833333333333 0.388888888888889 0.5020833333333333 0.388888888888889 0.5203125 0.6453703703703706 0.5203125
0 0.36296296296296304 0.5046875 0.09722222222222232 0.5046875 0.09722222222222232 0.521875 0.36296296296296304 0.521875
0 0.6416666666666668 0.51875 0.39074074074074083 0.51875 0.39074074074074083 0.5369791666666667 0.6416666666666668 0.5369791666666667
0 0.36666666666666675 0.5364583333333334 0.09907407407407418 0.5364583333333334 0.09907407407407419 0.5546875 0.36666666666666675 0.5546875
0 0.6425925925925928 0.5520833333333334 0.39074074074074083 0.5520833333333334 0.39074074074074083 0.5692708333333333 0.6425925925925928 0.5692708333333333
0 0.9296296296296298 0.6333333333333333 0.6703703703703706 0.6333333333333333 0.6703703703703706 0.6515625 0.9296296296296298 0.6515625
0 0.363888888888889 0.6057291666666667 0.10370370370370384 0.6057291666666667 0.10370370370370384 0.6239583333333333 0.363888888888889 0.6239583333333333
0 0.36666666666666675 0.6385416666666667 0.10277777777777791 0.6385416666666667 0.10277777777777791 0.6567708333333333 0.36666666666666675 0.6567708333333333
0 0.36296296296296304 0.5541666666666667 0.10000000000000013 0.5541666666666667 0.10000000000000013 0.5729166666666666 0.36296296296296304 0.5729166666666666
0 0.9314814814814817 0.6166666666666667 0.6722222222222224 0.6166666666666667 0.6722222222222224 0.6348958333333333 0.9314814814814817 0.6348958333333333
0 0.9305555555555558 0.6494791666666667 0.6685185185185187 0.6494791666666667 0.6685185185185187 0.6671875 0.9305555555555558 0.6671875
0 0.926851851851852 0.6661458333333333 0.6685185185185187 0.6661458333333333 0.6685185185185187 0.6838541666666667 0.926851851851852 0.6838541666666667
0 0.3694444444444446 0.7067708333333333 0.10740740740740756 0.7067708333333333 0.10740740740740756 0.7239583333333334 0.3694444444444446 0.7239583333333334
0 0.3648148148148149 0.6223958333333334 0.10277777777777791 0.6223958333333334 0.10277777777777791 0.640625 0.3648148148148149 0.640625
0 0.6425925925925928 0.5682291666666667 0.3916666666666668 0.5682291666666667 0.3916666666666668 0.5864583333333333 0.6425925925925928 0.5864583333333333
0 0.926851851851852 0.7135416666666666 0.6731481481481484 0.7135416666666666 0.6731481481481484 0.7333333333333333 0.926851851851852 0.7333333333333333
0 0.36666666666666675 0.6567708333333333 0.10277777777777791 0.6567708333333333 0.10277777777777793 0.6734375 0.36666666666666675 0.6734375
0 0.3675925925925927 0.6729166666666667 0.10092592592592609 0.6729166666666667 0.10092592592592609 0.6901041666666666 0.3675925925925927 0.6901041666666666
0 0.9314814814814817 0.6828125 0.6722222222222224 0.6828125 0.6722222222222224 0.7005208333333334 0.9314814814814817 0.7005208333333334
0 0.9351851851851852 0.3614583333333334 0.6703703703703704 0.3614583333333333 0.6703703703703704 0.38072916666666673 0.9351851851851852 0.3807291666666668
0 0.6416666666666668 0.5838541666666667 0.3935185185185186 0.5838541666666667 0.3935185185185186 0.6026041666666667 0.6416666666666668 0.6026041666666667
0 0.926851851851852 0.6994791666666667 0.6731481481481484 0.6994791666666667 0.6731481481481484 0.7171875 0.926851851851852 0.7171875
0 0.6453703703703706 0.6828125 0.38796296296296306 0.6828125 0.38796296296296306 0.7010416666666667 0.6453703703703706 0.7010416666666667
0 0.6444444444444447 0.6182291666666667 0.3870370370370371 0.6182291666666667 0.3870370370370371 0.6359375 0.6444444444444447 0.6359375
0 0.6444444444444447 0.6010416666666667 0.3925925925925927 0.6010416666666667 0.3925925925925927 0.6192708333333333 0.6444444444444447 0.6192708333333333
0 0.6472222222222225 0.6661458333333333 0.39074074074074083 0.6661458333333333 0.39074074074074083 0.684375 0.6472222222222225 0.684375
0 0.6435185185185185 0.4505208333333333 0.388888888888889 0.4505208333333333 0.388888888888889 0.4708333333333333 0.6435185185185185 0.4708333333333333
0 0.6481481481481484 0.7 0.38981481481481495 0.7 0.38981481481481495 0.71875 0.6481481481481484 0.71875
0 0.6453703703703706 0.634375 0.3870370370370371 0.634375 0.3870370370370371 0.6515625 0.6453703703703706 0.6515625
0 0.6453703703703706 0.6505208333333333 0.388888888888889 0.6505208333333333 0.388888888888889 0.6682291666666667 0.6453703703703706 0.6682291666666667
0 0.6481481481481484 0.7177083333333333 0.39074074074074083 0.7177083333333333 0.3907407407407409 0.7359375 0.6481481481481484 0.7359375
0 0.3648148148148149 0.6885416666666667 0.10370370370370387 0.6885416666666667 0.10370370370370387 0.70625 0.3648148148148149 0.70625
0 0.6416666666666667 0.3302083333333333 0.3814814814814816 0.3302083333333333 0.3814814814814816 0.3494791666666667 0.6416666666666667 0.3494791666666667
0 0.366628688888889 0.7701310333333334 0.3661896625685275 0.7557963066391239 0.11067384867963848 0.7582723826807906 0.111112875 0.7726071093750001
0 0.6464567120370371 0.7666558536458333 0.6454942759746395 0.748208670053809 0.39119052782649133 0.7524066429704755 0.3921529638888889 0.7708538265624999
0 0.9240465888888889 0.7646851979166666 0.9239064528647793 0.7481861539518917 0.6718331273424036 0.7488635816603434 0.6719732633665132 0.7653626256251183
0 0.34932341786772797 0.3256736980076277 0.3485651057617911 0.31026070085010776 0.08463771203703702 0.3143692682291666 0.0853960241429739 0.32978226538668654
0 0.6398973962962964 0.3256271416666666 0.6396653238575047 0.31238107501540097 0.3804750275109723 0.3138178885885352 0.380707099949764 0.32706395523980086
0 0.9370843917792262 0.32093411259722426 0.9362722065919901 0.30730883137996395 0.6712213796275788 0.31230783909523974 0.6720335648148149 0.32593312031250005