0 0.48563121957593514 0.12942281567068412 0.48435845092342156 0.0994339289137374 0.0339237282986111 0.10548268457031253 0.03519649695112467 0.13547157132725923
0 0.48785111446527046 0.1590755046976188 0.4866264626225537 0.13013386288899964 0.038029348090277776 0.13613994140625 0.03925399993299455 0.16508158321486915
0 0.4882263523068985 0.18840507437447124 0.4873694582914795 0.16162346474745576 0.03894748784722221 0.16616311474609374 0.039804381862641194 0.19294472437310922
0 0.4874423029513889 0.21734400537109375 0.4867163643703859 0.19020730577245792 0.04221846788194444 0.19396964208984374 0.042944406462947476 0.22110634168847956
0 0.4911687531426844 0.24663021384763797 0.4905047188285903 0.21881020889574385 0.04551760503472222 0.22217087841796876 0.0461816393488163 0.2499908833698629
0 0.49610961511697155 0.274781903396045 0.49503823817930226 0.24586227923104478 0.045730456597222226 0.25112897998046874 0.046801833534891514 0.280048604145469
0 0.49733596054737345 0.30228910641953516 0.4959519113696245 0.273004127133117 0.04591815451388889 0.2797338432617188 0.047302203691637845 0.30901882254813695
0 0.49827973350694443 0.3322609145507814 0.4975946394957632 0.3043638041200904 0.049247941577443485 0.30784757816006153 0.04993303558862471 0.3357446885907525
0 0.4998081034906609 0.3591095285846654 0.49868342316391406 0.3305541290331141 0.050632125 0.33613772070312503 0.05175680532674693 0.3646931202546763
0 0.5009285498444153 0.38626002431029116 0.49969015538300465 0.3584106514344276 0.05270112326388889 0.3646997080078125 0.053939517725299535 0.39254908088367607
0 0.5043200945660643 0.4137434927028223 0.5031951470053493 0.3869681844374305 0.054746072048611115 0.3929296904296875 0.05587101960932615 0.4197049986950793
0 0.5048903570674272 0.4423620902628498 0.5037451001807145 0.4148447642134345 0.062408665798611124 0.4206565756835938 0.0635539226853238 0.4481739017330091
0 0.5080063431523653 0.46912150582006573 0.5066968910075446 0.4426598665578455 0.06575894357638887 0.44956378125 0.0670683957212095 0.47602542051222024
0 0.5086405821133646 0.49523200593122374 0.5071907676238377 0.46982701996673804 0.06591956944444445 0.47779492431640624 0.06736938393397128 0.503199910280892
0 0.5088521658160678 0.5227657237431744 0.5070008863844485 0.4952422978638454 0.07036954774305554 0.5045347309570313 0.07222082717467487 0.5320581568363604
0 0.5101000870881081 0.5506709536153215 0.5086341519935037 0.5249129274403136 0.07178698611111112 0.5327793403320313 0.07325292120571546 0.5585373665070392
0 0.5129090622051995 0.5767476298188555 0.5108706418960637 0.5495757299914829 0.07438278906250001 0.5599364741210938 0.07642120937163581 0.5871083739484665
0 0.511774841527447 0.6036103536939528 0.5098025739486522 0.5782075420429363 0.07634555099759413 0.5888557161810147 0.07831781857638889 0.6142585278320312
0 0.5252700389924622 0.8184298159868989 0.5222681562376056 0.7895361277801187 0.09301245578681008 0.8036469353283759 0.09601433854166667 0.8325406235351561
0 0.5219053663194444 0.7884933081054688 0.5195801158682554 0.7635332579213078 0.08827815840297774 0.7762463375111515 0.09060340885416668 0.8012063876953125
0 0.5193606857638888 0.7620418999023437 0.516617243730552 0.7348951704784761 0.0872741291472187 0.7486238203808199 0.09001757118055556 0.7757705498046875
0 0.518304067358975 0.7352080900431375 0.515986203125 0.7096532246093751 0.0850287494813028 0.7220210642537377 0.08734661371527778 0.7475759296875001
0 0.5180653376736112 0.7094689799804689 0.5154016405066395 0.6808950176305556 0.08469329600694445 0.6935990830078125 0.08735699317391614 0.7221730453577258
0 0.5154529814770379 0.6808854994097497 0.5129556541812816 0.6540956990340141 0.08094134631535471 0.6668380384914517 0.08343867361111111 0.6936278388671874
0 0.5146540737847222 0.6537001137695313 0.5118411201574176 0.62584256354024 0.08124294828241757 0.6395999800441462 0.08405590190972222 0.6674575302734375
0 0.513338462673611 0.6268672089843749 0.5111681783365765 0.6021795182514096 0.07793381635740985 0.6142299918842221 0.08010410069444444 0.6389176826171874