0 0.6569010416666669 0.49804687500000006 0.30468750000000006 0.498046875 0.30468750000000006 0.53076171875 0.6569010416666669 0.53076171875
0 0.6542968750000001 0.52978515625 0.30533854166666674 0.52978515625 0.30533854166666674 0.56396484375 0.6542968750000001 0.56396484375
0 0.6373697916666669 0.81201171875 0.3216145833333335 0.81201171875 0.3216145833333335 0.83837890625 0.6373697916666669 0.83837890625
0 0.6412760416666669 0.7236328125 0.3138020833333335 0.7236328125 0.3138020833333335 0.7529296875 0.6412760416666669 0.7529296875
0 0.6406250000000001 0.75390625 0.32617187500000017 0.75390625 0.32617187500000017 0.783203125 0.6406250000000001 0.783203125
0 0.6523437500000001 0.56640625 0.3255208333333334 0.56640625 0.3255208333333334 0.59765625 0.6523437500000001 0.59765625
0 0.6393229166666669 0.7841796875 0.32226562500000017 0.7841796875 0.32226562500000017 0.81201171875 0.6393229166666669 0.81201171875
0 0.6569010416666669 0.46533203125000006 0.3059895833333334 0.46533203125 0.3059895833333334 0.49804687500000006 0.6569010416666669 0.4980468750000001
0 0.6445312500000001 0.66162109375 0.30924479166666674 0.66162109375 0.3092447916666668 0.69140625 0.6445312500000001 0.69140625
0 0.6516927083333335 0.5986328125 0.32486979166666674 0.5986328125 0.32486979166666674 0.62890625 0.6516927083333335 0.62890625
0 0.6419270833333335 0.6923828125 0.3092447916666668 0.6923828125 0.3092447916666668 0.72216796875 0.6419270833333335 0.72216796875
0 0.6484375000000001 0.63037109375 0.3216145833333334 0.63037109375 0.3216145833333334 0.6611328125 0.6484375000000001 0.6611328125
0 0.6608072916666666 0.39453125000000006 0.30338541666666674 0.39453125 0.30338541666666674 0.43115234375000006 0.6608072916666666 0.4311523437500001
0 0.6575520833333334 0.43066406250000006 0.3098958333333334 0.4306640625 0.3098958333333334 0.46386718750000006 0.6575520833333335 0.4638671875000001
0 0.6712239583333334 0.28466796875000006 0.30468750000000006 0.28466796875 0.30468750000000006 0.32324218750000006 0.6712239583333334 0.3232421875000001
0 0.666015625 0.32275390625000006 0.3020833333333334 0.32275390625 0.3020833333333334 0.35839843750000006 0.666015625 0.3583984375000001
0 0.6770833333333334 0.24218750000000006 0.30273437500000006 0.24218750000000006 0.30273437500000006 0.28320312500000006 0.6770833333333334 0.2832031250000001
0 0.6647135416666666 0.35449218750000006 0.2942708333333334 0.3544921875 0.2942708333333334 0.39257812500000006 0.6647135416666666 0.3925781250000001
0 0.6373697916666669 0.84130859375 0.3190104166666668 0.84130859375 0.3190104166666668 0.86962890625 0.6373697916666669 0.86962890625