0 0.74609375 0.60205078125 0.31835937500000006 0.60205078125 0.31835937500000006 0.64501953125 0.74609375 0.64501953125
0 0.7174479166666666 0.24804687500000006 0.32291666666666674 0.24804687500000006 0.32291666666666674 0.29101562500000006 0.7174479166666666 0.2910156250000001
0 0.7591145833333334 0.751953125 0.32226562500000017 0.751953125 0.32226562500000017 0.798828125 0.7591145833333334 0.798828125
0 0.7317708333333334 0.52783203125 0.32486979166666674 0.52783203125 0.32486979166666674 0.56787109375 0.7317708333333334 0.56787109375
0 0.7109375 0.18847656250000006 0.3138020833333333 0.18847656250000006 0.3138020833333333 0.22314453125000006 0.7109375 0.22314453125000006
0 0.712890625 0.22070312500000006 0.310546875 0.22070312500000006 0.31054687500000006 0.25585937500000006 0.712890625 0.2558593750000001
0 0.75 0.67431640625 0.31119791666666674 0.67431640625 0.3111979166666668 0.7197265625 0.75 0.7197265625
0 0.7115885416666666 0.28662109375000006 0.31901041666666674 0.28662109375 0.31901041666666674 0.32275390625000006 0.7115885416666666 0.3227539062500001
0 0.7369791666666666 0.56201171875 0.31835937500000006 0.56201171875 0.31835937500000006 0.6044921875 0.7369791666666666 0.6044921875
0 0.7018229166666666 0.12646484375000006 0.3177083333333333 0.12646484375000006 0.3177083333333333 0.16113281250000006 0.7018229166666666 0.16113281250000006
0 0.6998697916666666 0.09570312500000004 0.3177083333333333 0.09570312500000003 0.3177083333333333 0.13037109375000006 0.6998697916666666 0.13037109375000006
0 0.7656250000000001 0.8720703125 0.3196614583333335 0.8720703125 0.3196614583333335 0.92138671875 0.7656250000000003 0.92138671875
0 0.7311197916666666 0.45800781250000006 0.32096354166666674 0.4580078125 0.32096354166666674 0.49511718750000006 0.7311197916666666 0.4951171875000001
0 0.767578125 0.8330078125 0.3111979166666668 0.8330078125 0.3111979166666668 0.87890625 0.767578125 0.87890625
0 0.7350260416666666 0.42138671875000006 0.31705729166666674 0.42138671875 0.31705729166666674 0.45898437500000006 0.7350260416666666 0.4589843750000001
0 0.7506510416666666 0.7138671875 0.3098958333333335 0.7138671875 0.3098958333333335 0.75927734375 0.7506510416666666 0.75927734375
0 0.7623697916666666 0.79296875 0.3157552083333335 0.79296875 0.3157552083333335 0.83935546875 0.7623697916666666 0.83935546875
0 0.7311197916666666 0.49169921875000006 0.3216145833333334 0.49169921875 0.3216145833333334 0.53369140625 0.7311197916666666 0.53369140625
0 0.71484375 0.31933593750000006 0.3138020833333334 0.3193359375 0.3138020833333334 0.35791015625000006 0.71484375 0.3579101562500001
0 0.724609375 0.38720703125000006 0.3255208333333334 0.38720703125 0.3255208333333334 0.42529296875000006 0.724609375 0.4252929687500001
0 0.724609375 0.35302734375000006 0.32486979166666674 0.35302734375 0.32486979166666674 0.39062500000000006 0.724609375 0.3906250000000001
0 0.7447916666666666 0.63623046875 0.3216145833333334 0.63623046875 0.3216145833333334 0.6796875 0.7447916666666666 0.6796875
0 0.7773437500000003 0.9169921875 0.3111979166666668 0.9169921875 0.3111979166666668 0.96875 0.7773437500000003 0.96875
0 0.7069536946614585 0.0943616635742188 0.7058277794869109 0.06221909268071128 0.31606008091920246 0.06989895498539873 0.31718599609375 0.10204152587890625
0 0.705078125 0.15820312500000006 0.3157552083333333 0.15820312500000006 0.3157552083333333 0.19140625000000006 0.705078125 0.19140625000000006