0 0.708984375 0.6210937500000001 0.5087890625 0.6210937500000001 0.5087890625 0.6477864583333335 0.708984375 0.6477864583333335
0 0.91845703125 0.13671875000000014 0.71923828125 0.1367187500000001 0.71923828125 0.16536458333333345 0.91845703125 0.16536458333333348
0 0.70703125 0.1054687500000001 0.50439453125 0.10546875000000007 0.50439453125 0.13216145833333343 0.70703125 0.13216145833333345
0 0.70751953125 0.5611979166666669 0.51025390625 0.5611979166666669 0.51025390625 0.5885416666666669 0.70751953125 0.5885416666666669
0 0.7041015625 0.4088541666666668 0.5126953125 0.4088541666666668 0.5126953125 0.4381510416666668 0.7041015625 0.4381510416666668
0 0.919921875 0.40625000000000017 0.7265625 0.40625000000000017 0.7265625 0.4348958333333335 0.919921875 0.4348958333333335
0 0.92041015625 0.43750000000000017 0.72509765625 0.43750000000000017 0.72509765625 0.4641927083333335 0.92041015625 0.4641927083333335
0 0.49218750000000006 0.5937500000000001 0.28125 0.59375 0.28125000000000006 0.6230468750000001 0.4921875000000001 0.6230468750000001
0 0.494140625 0.5292968750000001 0.28857421875 0.529296875 0.28857421875 0.5592447916666667 0.494140625 0.5592447916666669
0 0.7060546875 0.5006510416666669 0.51025390625 0.5006510416666669 0.51025390625 0.5286458333333335 0.7060546875 0.5286458333333335
0 0.70458984375 0.5319010416666669 0.51318359375 0.5319010416666669 0.51318359375 0.5598958333333335 0.70458984375 0.5598958333333335
0 0.271484375 0.4752604166666667 0.06445312500000006 0.4752604166666667 0.06445312500000006 0.5045572916666666 0.271484375 0.5045572916666666
0 0.4921875 0.5631510416666667 0.28125 0.5631510416666666 0.28125 0.5930989583333334 0.4921875 0.5930989583333335
0 0.70556640625 0.43945312500000017 0.51123046875 0.43945312500000017 0.51123046875 0.46679687500000017 0.70556640625 0.46679687500000017
0 0.4956054687500001 0.6250000000000001 0.2851562500000001 0.625 0.2851562500000001 0.6542968750000001 0.4956054687500001 0.6542968750000001
0 0.7099609375 0.7747395833333334 0.5107421875 0.7747395833333334 0.5107421875 0.8040364583333334 0.7099609375 0.8040364583333334
0 0.71044921875 0.681640625 0.5087890625 0.681640625 0.5087890625 0.7109375 0.71044921875 0.7109375
0 0.92041015625 0.3151041666666668 0.7294921875 0.3151041666666668 0.7294921875 0.3444010416666668 0.92041015625 0.3444010416666668
0 0.92138671875 0.4654947916666668 0.72607421875 0.4654947916666668 0.72607421875 0.4934895833333335 0.92138671875 0.4934895833333335
0 0.70556640625 0.4700520833333335 0.50830078125 0.4700520833333335 0.50830078125 0.49804687500000017 0.70556640625 0.49804687500000017
0 0.703125 0.3795572916666668 0.5078125 0.3795572916666668 0.5078125 0.4075520833333335 0.703125 0.4075520833333335
0 0.916015625 0.34375000000000017 0.7275390625 0.34375000000000017 0.7275390625 0.37304687500000017 0.916015625 0.37304687500000017
0 0.4946289062500001 0.6575520833333334 0.2841796875000001 0.6575520833333334 0.2841796875000001 0.6881510416666666 0.4946289062500001 0.6881510416666666
0 0.70703125 0.5924479166666669 0.50732421875 0.5924479166666669 0.50732421875 0.6191406250000001 0.70703125 0.6191406250000001
0 0.7109375 0.712890625 0.513671875 0.712890625 0.513671875 0.7415364583333334 0.7109375 0.7415364583333334
0 0.27783203125 0.31835937500000006 0.06250000000000003 0.318359375 0.06250000000000003 0.345703125 0.27783203125 0.345703125
0 0.27001953125 0.5065104166666666 0.06591796875000006 0.5065104166666666 0.06591796875000006 0.53515625 0.27001953125 0.53515625
0 0.71337890625 0.7434895833333334 0.509765625 0.7434895833333334 0.509765625 0.7721354166666666 0.71337890625 0.7721354166666666
0 0.7021484375 0.34960937500000017 0.5107421875 0.34960937500000017 0.5107421875 0.3776041666666668 0.7021484375 0.3776041666666668
0 0.2626953125000001 0.6946614583333334 0.06250000000000006 0.6946614583333334 0.06250000000000006 0.72265625 0.2626953125000001 0.72265625
0 0.92626953125 0.6757812500000001 0.7275390625 0.67578125 0.7275390625 0.7070312500000001 0.92626953125 0.7070312500000003
0 0.70849609375 0.6503906250000001 0.509765625 0.6503906250000001 0.509765625 0.6790364583333334 0.70849609375 0.6790364583333334
0 0.4980468750000001 0.8216145833333334 0.2832031250000001 0.8216145833333334 0.2832031250000001 0.8522135416666666 0.4980468750000001 0.8522135416666666
0 0.7138671875 0.8059895833333334 0.51318359375 0.8059895833333334 0.51318359375 0.8346354166666666 0.7138671875 0.8346354166666666
0 0.27197265625 0.4427083333333333 0.06347656250000003 0.4427083333333333 0.06347656250000004 0.4720052083333333 0.27197265625 0.4720052083333333
0 0.92333984375 0.4954427083333335 0.7265625 0.4954427083333335 0.7265625 0.5247395833333335 0.92333984375 0.5247395833333335
0 0.7041015625 0.13541666666666677 0.5029296875 0.13541666666666674 0.5029296875 0.16536458333333343 0.7041015625 0.16536458333333345
0 0.91845703125 0.37500000000000017 0.728515625 0.37500000000000017 0.728515625 0.4036458333333335 0.91845703125 0.4036458333333335
0 0.92041015625 0.5260416666666669 0.7255859375 0.5260416666666669 0.7255859375 0.5553385416666669 0.92041015625 0.5553385416666669
0 0.921875 0.5566406250000001 0.72802734375 0.5566406250000001 0.72802734375 0.5852864583333335 0.921875 0.5852864583333335
0 0.92431640625 0.6490885416666669 0.73193359375 0.6490885416666669 0.73193359375 0.6777343750000001 0.92431640625 0.6777343750000003
0 0.7060546875 0.22721354166666677 0.505859375 0.22721354166666674 0.505859375 0.2558593750000001 0.7060546875 0.25585937500000017
0 0.2685546875000001 0.7578125 0.06396484375000008 0.7578125 0.06396484375000008 0.7858072916666666 0.2685546875000001 0.7858072916666666
0 0.2670898437500001 0.7890625 0.06591796875000008 0.7890625 0.06591796875000008 0.818359375 0.2670898437500001 0.818359375
0 0.919921875 0.6184895833333335 0.7275390625 0.6184895833333335 0.7275390625 0.6471354166666669 0.919921875 0.6471354166666669
0 0.2749023437500001 0.8209635416666666 0.06201171875000007 0.8209635416666666 0.062011718750000076 0.849609375 0.2749023437500001 0.849609375
0 0.4960937500000001 0.85546875 0.2846679687500001 0.85546875 0.2846679687500001 0.884765625 0.4960937500000001 0.884765625
0 0.27001953125 0.537109375 0.06445312500000006 0.537109375 0.06445312500000006 0.5657552083333334 0.27001953125 0.5657552083333334
0 0.2709960937500001 0.6647135416666666 0.06347656250000006 0.6647135416666666 0.06347656250000006 0.693359375 0.2709960937500001 0.693359375
0 0.267578125 0.568359375 0.06494140625000006 0.568359375 0.06494140625000006 0.5970052083333334 0.267578125 0.5970052083333334
0 0.92236328125 0.5872395833333335 0.7255859375 0.5872395833333335 0.7255859375 0.6152343750000001 0.92236328125 0.6152343750000001
0 0.92529296875 0.7122395833333335 0.72802734375 0.7122395833333334 0.72802734375 0.7402343750000001 0.92529296875 0.7402343750000003
0 0.9248046875 0.7428385416666669 0.7265625 0.7428385416666666 0.7265625 0.7714843750000001 0.9248046875 0.7714843750000003
0 0.4965820312500001 0.7897135416666666 0.2832031250000001 0.7897135416666666 0.2832031250000001 0.8190104166666666 0.4965820312500001 0.8190104166666666
0 0.9150390625 0.16927083333333348 0.72705078125 0.16927083333333348 0.72705078125 0.19856770833333348 0.9150390625 0.19856770833333348
0 0.71533203125 0.8385416666666666 0.51123046875 0.8385416666666666 0.51123046875 0.8678385416666666 0.71533203125 0.8678385416666666
0 0.275390625 0.3515625 0.06494140625000003 0.3515625 0.06494140625000003 0.380859375 0.275390625 0.380859375
0 0.91650390625 0.2858072916666668 0.72802734375 0.2858072916666668 0.72802734375 0.31445312500000017 0.91650390625 0.31445312500000017
0 0.4956054687500001 0.7239583333333334 0.2871093750000001 0.7239583333333334 0.2871093750000001 0.7532552083333334 0.4956054687500001 0.7532552083333334
0 0.70751953125 0.1953125000000001 0.50634765625 0.19531250000000008 0.50634765625 0.22395833333333345 0.70751953125 0.22395833333333348
0 0.9150390625 0.19856770833333348 0.72900390625 0.19856770833333348 0.72900390625 0.22591145833333348 0.9150390625 0.22591145833333348
0 0.92919921875 0.7740885416666669 0.7294921875 0.7740885416666666 0.7294921875 0.8020833333333335 0.92919921875 0.8020833333333336
0 0.70263671875 0.3190104166666668 0.5107421875 0.31901041666666674 0.5107421875 0.3470052083333335 0.70263671875 0.3470052083333335
0 0.70654296875 0.16731770833333345 0.505859375 0.1673177083333334 0.505859375 0.1953125000000001 0.70654296875 0.19531250000000014
0 0.9169921875 0.22721354166666682 0.72607421875 0.22721354166666682 0.72607421875 0.2552083333333335 0.9169921875 0.2552083333333335
0 0.7041015625 0.2584635416666668 0.51025390625 0.25846354166666674 0.51025390625 0.2871093750000001 0.7041015625 0.28710937500000017
0 0.2675781250000001 0.8522135416666666 0.06494140625000008 0.8522135416666666 0.06494140625000008 0.880859375 0.2675781250000001 0.880859375
0 0.4951171875000001 0.69140625 0.2861328125000001 0.69140625 0.2861328125000001 0.7213541666666666 0.4951171875000001 0.7213541666666666
0 0.2705078125 0.412109375 0.06542968750000003 0.412109375 0.06542968750000003 0.4407552083333333 0.2705078125 0.4407552083333333
0 0.705078125 0.2890625000000001 0.51123046875 0.28906250000000006 0.51123046875 0.3164062500000001 0.705078125 0.31640625000000017
0 0.2685546875000001 0.7252604166666666 0.06835937500000006 0.7252604166666666 0.06835937500000006 0.75390625 0.2685546875000001 0.75390625
0 0.26904296875000006 0.6002604166666666 0.06445312500000006 0.6002604166666666 0.06445312500000006 0.6295572916666666 0.2690429687500001 0.6295572916666666
0 0.91796875 0.2565104166666668 0.728515625 0.2565104166666668 0.728515625 0.2858072916666668 0.91796875 0.2858072916666668
0 0.2636718750000001 0.6315104166666666 0.061035156250000056 0.6315104166666666 0.061035156250000056 0.66015625 0.2636718750000001 0.66015625
0 0.4990234375000001 0.8893229166666666 0.2812500000000001 0.8893229166666666 0.2812500000000001 0.921875 0.4990234375000001 0.921875
0 0.2705078125 0.3841145833333333 0.06250000000000003 0.3841145833333333 0.06250000000000003 0.4134114583333333 0.2705078125 0.4134114583333333
0 0.92822265625 0.8053385416666669 0.7265625 0.8053385416666666 0.7265625 0.8320312500000001 0.92822265625 0.8320312500000003
0 0.92724609375 0.8359375000000001 0.72705078125 0.8359375 0.72705078125 0.8632812500000001 0.92724609375 0.8632812500000003
0 0.4995117187500001 0.755859375 0.2846679687500001 0.755859375 0.2846679687500001 0.7864583333333334 0.4995117187500001 0.7864583333333334
0 0.93017578125 0.8678385416666669 0.72802734375 0.8678385416666666 0.72802734375 0.9010416666666669 0.93017578125 0.901041666666667
0 0.2695312500000001 0.884765625 0.06445312500000008 0.884765625 0.06445312500000008 0.9166666666666666 0.2695312500000001 0.9166666666666666
0 0.49462890625 0.49869791666666674 0.28076171875 0.4986979166666667 0.28076171875 0.5253906250000001 0.49462890625 0.5253906250000001
0 0.71484375 0.8717447916666666 0.5107421875 0.8717447916666666 0.5107421875 0.9029947916666666 0.71484375 0.9029947916666666