0 0.7500000000000002 0.7921875 0.25555555555555576 0.7921875 0.25555555555555576 0.8171875 0.7500000000000002 0.8171875
0 0.7870370370370371 0.06979166666666671 0.23333333333333334 0.0697916666666667 0.23333333333333334 0.10677083333333338 0.7870370370370371 0.1067708333333334
0 0.7805555555555556 0.11406250000000004 0.2324074074074074 0.11406250000000002 0.23240740740740742 0.14843750000000003 0.7805555555555556 0.14843750000000006
0 0.7601851851851854 0.6338541666666667 0.2500000000000001 0.6338541666666667 0.2500000000000001 0.6651041666666667 0.7601851851851854 0.6651041666666667
0 0.7564814814814816 0.6984375 0.24907407407407417 0.6984375 0.24907407407407417 0.725 0.7564814814814816 0.725
0 0.7638888888888891 0.6010416666666667 0.24814814814814826 0.6010416666666667 0.24814814814814826 0.63125 0.7638888888888891 0.63125
0 0.7685185185185186 0.47239583333333335 0.24351851851851863 0.47239583333333335 0.24351851851851863 0.5036458333333333 0.7685185185185187 0.5036458333333333
0 0.7574074074074076 0.6661458333333333 0.24814814814814826 0.6661458333333333 0.24814814814814826 0.6947916666666667 0.7574074074074076 0.6947916666666667
0 0.7768518518518519 0.4401041666666667 0.24444444444444455 0.4401041666666667 0.24444444444444455 0.4703125 0.7768518518518519 0.4703125
0 0.7731481481481481 0.40520833333333334 0.2425925925925927 0.40520833333333334 0.2425925925925927 0.43697916666666664 0.7731481481481481 0.43697916666666664
0 0.7759259259259259 0.33489583333333334 0.24074074074074084 0.33489583333333334 0.24074074074074084 0.3692708333333333 0.7759259259259259 0.3692708333333333
0 0.775 0.2604166666666667 0.2333333333333334 0.2604166666666667 0.2333333333333334 0.29791666666666666 0.775 0.29791666666666666
0 0.7759259259259259 0.37135416666666665 0.24166666666666678 0.37135416666666665 0.24166666666666678 0.403125 0.7759259259259259 0.403125
0 0.7870370370370371 0.15104166666666669 0.22500000000000006 0.15104166666666666 0.22500000000000006 0.18750000000000003 0.7870370370370371 0.18750000000000006
0 0.7851851851851852 0.22552083333333336 0.2333333333333334 0.22552083333333334 0.2333333333333334 0.2625 0.7851851851851852 0.26250000000000007
0 0.7481481481481483 0.8192708333333333 0.2601851851851854 0.8192708333333333 0.2601851851851854 0.8458333333333333 0.7481481481481483 0.8458333333333333
0 0.7666666666666668 0.5046875 0.2462962962962964 0.5046875 0.2462962962962964 0.5364583333333334 0.7666666666666668 0.5364583333333334
0 0.752777777777778 0.7614583333333333 0.25370370370370393 0.7614583333333333 0.25370370370370393 0.7875 0.752777777777778 0.7875
0 0.7574074074074076 0.7291666666666666 0.25092592592592616 0.7291666666666666 0.25092592592592616 0.7583333333333333 0.7574074074074076 0.7583333333333333
0 0.7462962962962965 0.8765625 0.2629629629629632 0.8765625 0.2629629629629632 0.903125 0.7462962962962965 0.903125
0 0.7462962962962965 0.8494791666666667 0.26203703703703723 0.8494791666666667 0.26203703703703723 0.8744791666666667 0.7462962962962965 0.8744791666666667
0 0.7657407407407409 0.5385416666666667 0.24907407407407417 0.5385416666666667 0.24907407407407417 0.5697916666666667 0.7657407407407409 0.5697916666666667
0 0.7620261246000182 0.56871633790141 0.2512197560067795 0.5666788502077463 0.25080659436972436 0.5994526164730033 0.7616129629629631 0.6014901041666668
0 0.7827128156544566 0.21673963083257936 0.781135051433922 0.18200224619974786 0.22167501355724312 0.19004230286716853 0.22325277777777774 0.2247796875
0 0.7546995202466322 0.9058865574449568 0.25957685185185203 0.8977921875000001 0.25802347000831904 0.9278566219751403 0.7531461384030992 0.935950991920097
0 0.7896546296296296 0.06703177083333339 0.7878913634067615 0.028644014572723715 0.22630098371566712 0.036805888322548136 0.22806424993853536 0.0751936445831578
0 0.7759259259259259 0.3026041666666667 0.23611111111111116 0.3026041666666667 0.23611111111111116 0.33489583333333334 0.7759259259259259 0.33489583333333334