0 0.6842386666666669 0.19253325000000007 0.31177533333333335 0.18211950000000005 0.310085309018741 0.2161205131235574 0.6825486423520745 0.22653426312355743
0 0.6811539999999998 0.22319650000000002 0.315603 0.21704925000000003 0.31461566879077957 0.2500749850619771 0.6801666687907794 0.2562222350619771
0 0.6769092474255539 0.2561967013741655 0.3179153333333334 0.24913000000000005 0.3167620859077796 0.28208454862583465 0.6757560000000001 0.28915125000000014
0 0.674985 0.2879942500000001 0.3156030000000001 0.28121050000000003 0.3145038689900554 0.313964057265003 0.6738858689900553 0.32074780726500307
0 0.6712119047688826 0.31984046522392306 0.315603 0.314158 0.31474909523111716 0.34421653477607694 0.6703579999999998 0.349899
0 0.6693043034871454 0.3498943110045923 0.3175683333333334 0.3432615 0.3164996853388395 0.3751384207497769 0.6682356554926514 0.3817712317543691
0 0.6655246666666668 0.38083625 0.3175683333333334 0.375635 0.31678872947856823 0.40497185278550396 0.6647450628119015 0.41017310278550395
0 0.6675813333333335 0.40963875 0.31859600000000005 0.40492525 0.31790329391195893 0.43377454438492363 0.6668886272452923 0.4384880443849236
0 0.6634680000000001 0.4394697500000001 0.3185960000000001 0.43421550000000003 0.31781378140748134 0.4630955448916611 0.6626857814074812 0.4683497948916612
0 0.6614113333333335 0.46672925000000004 0.3196236666666668 0.4619642500000001 0.3188695326775974 0.4923916276010314 0.6606571993442641 0.49715662760103135
0 0.660726 0.4950172500000001 0.3216790000000001 0.4912545 0.3211181798770874 0.5196795119912064 0.6601651798770873 0.5234422619912065
0 0.657298 0.52381975 0.32167900000000005 0.52054475 0.3212120129838539 0.5474639759226647 0.6568310129838538 0.5507389759226647
0 0.6571654895206663 0.549336698594863 0.3210933333333334 0.5468045 0.32073517714600047 0.573542551405137 0.6568073333333334 0.57607475
0 0.6539173333333335 0.5749905 0.32059833333333343 0.573142 0.3203239401331532 0.6009734918791594 0.6536429401331532 0.6028219918791593
0 0.651509 0.603538 0.3205983333333334 0.60076125 0.32022848810060933 0.6255535339812256 0.6511391547672759 0.6283302839812256
0 0.6505456666666668 0.63027875 0.3230200000000001 0.62883325 0.32282143939007163 0.6541403783839995 0.6503471060567383 0.6555858783839995
0 0.647174 0.655574 0.32204266666666675 0.65329175 0.32171216725877644 0.6797760697058615 0.6468435005921097 0.6820583197058615
0 0.6457293333333335 0.6808037500000003 0.32276466666666676 0.6782030000000002 0.3223861304524018 0.7046445168785981 0.6453507971190684 0.7072452668785981
0 0.6438026666666669 0.7060990000000001 0.3210933333333335 0.7046535000000002 0.32089185950382954 0.7299543200808556 0.6436011928371629 0.7313998200808556
0 0.6406285272114239 0.7311159065159317 0.3213206666666668 0.7296505000000001 0.3211142202633485 0.7549540432402452 0.6404220808081056 0.7564194497561768
0 0.6385528834580877 0.7560490555930381 0.32302000000000014 0.75568775 0.32297144987524584 0.7795374444069618 0.6385043333333335 0.77989875
0 0.6370593333333334 0.780983 0.32348666666666676 0.77947325 0.32330058365645825 0.8012133937155195 0.6368732503231249 0.8027231437155194
0 0.6394676666666669 0.8026645000000002 0.32132066666666687 0.8011352500000001 0.321119530031983 0.8246728972222006 0.6392665300319832 0.8262021472222008