0 0.8261583333333333 0.0006467500000000756 0.16869938185806932 -0.0015479130474464562 0.16837142035238373 0.05371657992131896 0.8258303718276477 0.05591124296876549
0 0.8107790000000001 0.05833325000000007 0.17745833333333336 0.05621075000000002 0.17712435365454007 0.11226628873493012 0.8104450203212069 0.11438878873493018
0 0.810779 0.11766800000000006 0.18132 0.11354750000000001 0.1806876699821078 0.16788302339812647 0.8101466699821077 0.1720035233981265
0 0.8052863333333332 0.17535450000000002 0.18791133333333332 0.17288225 0.1875354650509389 0.22567993246509635 0.8049104650509388 0.2281521824650964
0 0.792104 0.23211825000000003 0.1950286666666667 0.22620175000000006 0.19419977083937953 0.2732546874565318 0.7912751041727129 0.2791711874565318
0 0.7855126666666666 0.28156400000000004 0.20029966666666668 0.27891225 0.19988793220719933 0.3300240446651853 0.7851009322071993 0.3326757946651854
0 0.7833156666666666 0.3325592500000001 0.20293589045895014 0.33217800058493935 0.20288199190757558 0.378331294783679 0.7832617681152921 0.37871254419873973
0 0.7767246666666666 0.3836530000000001 0.2120790000000001 0.383653 0.2120790000000001 0.42815400000000003 0.7767246666666666 0.4281540000000001
0 0.7723303333333332 0.43392250000000004 0.21317743980846812 0.4297938885724941 0.2125936675133823 0.4742664939992204 0.7717465610382476 0.4783951054267263
0 0.7659680650821329 0.5204414580721995 0.7657393333333333 0.4784235 0.2222599281464311 0.48008766784095913 0.22248865989523062 0.5221056259131588
0 0.7628007098576927 0.5664858741017297 0.7624436666666666 0.52365025 0.22634660547618998 0.5261637657432764 0.226703648667216 0.5689993898450061
0 0.7646406666666666 0.56485475 0.22665466666666675 0.56485475 0.22665466666666675 0.6068835 0.7646406666666666 0.6068835
0 0.7625437809017677 0.6447811128782012 0.7624436666666669 0.6093557500000001 0.2362420431780848 0.6101922312998347 0.23634215741318565 0.6456175941780358
0 0.7514583333333333 0.64721475 0.23807533333333342 0.64721475 0.23807533333333344 0.68677125 0.7514583333333333 0.68677125
0 0.7473775039058742 0.7246615316434545 0.747064 0.6892435000000001 0.2439074460015569 0.6917487103381879 0.24422094990743123 0.7271667419816422
0 0.7463177575780445 0.760908030412787 0.7459656666666666 0.73127225 0.24773596555981858 0.7346018386843822 0.24808805647119644 0.7642376190971693
0 0.7225765701064352 0.9904674278588372 0.7215617350042578 0.9595732354504218 0.26003800000000005 0.9681010000000002 0.2610528351021775 0.9989951924084156
0 0.7163053333333336 0.9370985 0.2516260000000002 0.9370985 0.2516260000000002 0.9626455 0.7163053333333336 0.9626455
0 0.7261920000000002 0.9008385 0.25740266666666684 0.9008385 0.25740266666666684 0.93462625 0.7261920000000003 0.93462625
0 0.7261919999999998 0.89836625 0.7260023978140636 0.8678677302676647 0.2512464174966451 0.8695279193358565 0.2514360196825814 0.9000264390681918
0 0.7305859999999998 0.86787475 0.7304858534763071 0.8349055405847703 0.2482301868096405 0.8357295405847703 0.24833033333333332 0.8686987500000001
0 0.7327833333333333 0.834087 0.732348900830619 0.7980905356763935 0.244225 0.80140425 0.24465943250271446 0.8374007143236065
0 0.7428853311022766 0.8002909400016288 0.7426699999999998 0.7640389999999999 0.24392175634998467 0.7657054006145783 0.24413708745226145 0.8019573406162072