0 0.9661094687500003 0.8937787949218751 0.963607365855213 0.8560795255783065 0.34635339450104613 0.8690417990158064 0.3488554973958333 0.906741068359375
0 0.9548518784722224 0.8552782192382814 0.9527400620375265 0.8171098095900634 0.34891611498891517 0.8276806006056885 0.3510279314236111 0.8658490102539065
0 0.9425609218749997 0.8151565170898439 0.94067461392114 0.7792072099973323 0.3489965036780849 0.7890304018918635 0.35088281163194446 0.8249797089843751
0 0.9428738159722223 0.7759984858398438 0.9407875729798039 0.7408987729432066 0.3464597769728594 0.7520759575135191 0.3485460199652778 0.7871756704101562
0 0.9355041067708328 0.7380362954101565 0.9334000320980659 0.7019783311970136 0.341769177063344 0.7129016803181072 0.34387325173611105 0.7489596445312501
0 0.9252366857638888 0.7001023149414063 0.923239265342736 0.6668132612586117 0.3426289649955137 0.6778362109656431 0.3446263854166667 0.7111252646484376
0 0.9198653333333334 0.6637192963867189 0.9176865359167904 0.6298391343987318 0.3378831478959569 0.6416368297112318 0.3400619453125 0.6755169916992189
0 0.9135069314236112 0.6268346098632813 0.911495067922021 0.5956801870620856 0.33729400021368755 0.607412613819898 0.33930586371527777 0.6385670366210937
0 0.9033308307291666 0.5911078125000001 0.901053410080023 0.5588751314931321 0.3317271600800231 0.5716029239736007 0.33400458072916667 0.6038356049804687
0 0.8960951423611109 0.5563743740234376 0.8934761170188312 0.5250183247196056 0.33158209358133134 0.5398680297977305 0.33420111892361104 0.5712240791015625
0 0.8918471319444442 0.5237871992187502 0.8893037682082497 0.4923738299717864 0.3248827864374167 0.5068329598545989 0.32742615017361115 0.5382463291015626
0 0.8836455425347223 0.48906324560546877 0.8806543604024907 0.4576050963639615 0.3323574081455462 0.47410078972333647 0.33534859027777775 0.5055589389648438
0 0.8852194157986113 0.45702770019531264 0.8825912615701006 0.4257544323233631 0.3313484699034337 0.44041212324133167 0.33397662413194446 0.4716853911132812
0 0.8731785442708334 0.4229504873046875 0.87016846922698 0.3938233908082794 0.32193331384503554 0.41174974871843567 0.3249433888888889 0.44087684521484377
0 0.8679871154513888 0.39091617138671875 0.8646743912470624 0.3619260061669086 0.32578027753178457 0.3814102288231586 0.3290930017361111 0.41040039404296874
0 0.8735140720486112 0.3609844423828126 0.870503704300326 0.3298697501910761 0.3193256530850481 0.3467426998981073 0.32233602083333335 0.37785739208984376
0 0.8595607717013889 0.3274048901367187 0.8560943429270674 0.2979882310881356 0.3214993707048452 0.3179205972990732 0.3249657994791667 0.3473372563476563
0 0.8088919539930555 0.03712256494140631 0.8057165737703047 0.008990521028329281 0.3073452847078048 0.026789394563485475 0.3105206649305556 0.05492143847656251
0 0.8196322560763888 0.06312040625000001 0.8169199792106605 0.038867960509551304 0.30640939587732724 0.05693255767752005 0.3091216727430555 0.08118500341796875
0 0.8227340086805555 0.09136836718750002 0.8198043461633681 0.06536045745480225 0.3044488097050348 0.08372855364620847 0.3073784722222222 0.10973646337890625
0 0.8296323324652778 0.11794777441406251 0.8268729827237665 0.09321727458419082 0.309578747480711 0.11147961979903463 0.3123380972222223 0.1362101196289063
0 0.8337211336805557 0.1466974033203125 0.830953248828943 0.12032189758011734 0.3084034918844985 0.13767271447464857 0.31117137673611106 0.16404822021484375
0 0.8426614539930556 0.17591075292968752 0.8397594634128862 0.1476954998438282 0.30947418129483073 0.16495255453132818 0.31237617187499994 0.1931678076171875
0 0.8458756649305555 0.20687680566406258 0.8427209834924927 0.178753277422416 0.31057012238138154 0.1976403882622597 0.31372480381944445 0.22576391650390626
0 0.8490448914930556 0.23675562158203134 0.8459025174371769 0.2081474887733364 0.3118052014649548 0.22670987549208635 0.31494757552083336 0.2553180083007813
0 0.8492485086805556 0.26503204052734375 0.8456815351662856 0.23535848005927915 0.31262135200656327 0.2556330440241228 0.31618832552083326 0.2853066044921874
0 0.8544817899305556 0.2980884218750001 0.8514428918157121 0.2689359928546112 0.317498515079601 0.2865469298663299 0.3205374131944445 0.3156993588867188