0 0.7053107063888148 0.14406676607992402 0.6983185182291667 0.10505208349609374 0.16190370884000294 0.1354700965311289 0.16889589699965102 0.1744847791149592
0 0.6956964524458824 0.18529996040041313 0.6899662039930554 0.14793307275390621 0.1695704500979011 0.1731833019326042 0.17530069855072813 0.21055018957911112
0 0.6849492627482353 0.8928909228159584 0.2594532404513892 0.8401752602539062 0.2508979594739875 0.8620244414418543 0.6763939817708337 0.9147401040039065
0 0.683082128712954 0.8653392990561957 0.2563212960069446 0.8162505209960937 0.24754472284954623 0.8403924719398981 0.6743055555555557 0.88948125
0 0.6771917051905295 0.8405759338490926 0.25943287065972237 0.7941104165039062 0.251326813906693 0.8171698991587201 0.6690856484375001 0.8636354165039064
0 0.6893168709723523 0.8142857353475162 0.2499351848958335 0.7683557290039063 0.2411882210415368 0.7948314521524839 0.6805699071180555 0.8407614584960938
0 0.687171264108016 0.7889727008533611 0.2478064817708335 0.7450182290039062 0.2401611438780956 0.7691986531505453 0.6795259262152781 0.8131531250000001
0 0.6904097812769545 0.764035992711393 0.2478064817708335 0.71745625 0.23938608949213303 0.7427722414160552 0.6819893889982542 0.7893519841274482
0 0.6862417209103354 0.7304539280276462 0.24354907378472232 0.6917807290039064 0.2357892973188316 0.719885915722354 0.6784819444444447 0.7585591147460938
0 0.683172554223156 0.7044388971655408 0.23929166666666685 0.6677653647460937 0.23251309421434435 0.693724905080553 0.6763939817708335 0.7303984375
0 0.6912415138477292 0.22412110547118066 0.6868342595486111 0.18905182275390625 0.17485107903421515 0.20941014452881934 0.17925833333333335 0.24447942724609376
0 0.6932307774211679 0.26463774048027294 0.6899662039930554 0.22896067724609376 0.1804192124640252 0.24371321173404906 0.18368378589213763 0.27939027496822827
0 0.6910101848958333 0.30414921875000006 0.6878782404513889 0.2677296875 0.18911525015601222 0.2813009100261767 0.1922471946004566 0.31772044127617677
0 0.6920546293402778 0.34167317724609375 0.6910101848958333 0.30642864599609376 0.19132693660362615 0.31111390332829536 0.1923713810480706 0.34635843457829535
0 0.6930986111111112 0.38044218750000003 0.6922741137787588 0.34163660704179116 0.19676054726360956 0.3449677684287574 0.1975850445959619 0.3837733488869663
0 0.6881529074245415 0.6742540249753701 0.23503472222222235 0.6414010415039062 0.2284957036865699 0.6699371205324424 0.6816138888888891 0.7027901040039063
0 0.6855417802837357 0.6455711089166984 0.23188240711805572 0.6138953125000001 0.22586655304959782 0.6411564950872078 0.6795259262152779 0.6728322915039062
0 0.6838885340111137 0.6156402135681847 0.22662129600694453 0.5869544272460937 0.22121470644027544 0.614223588677909 0.6784819444444445 0.642909375
0 0.6925032037855222 0.5852201456920221 0.22553657378472236 0.5605786459960939 0.2209116104505892 0.5883100628040719 0.6878782404513891 0.6129515625000002
0 0.6910218490700175 0.38099453255864696 0.19892824045138902 0.3809393227539063 0.19891657627720485 0.4138343736913532 0.6910101848958334 0.41388958349609384
0 0.6889222222222223 0.41682656250000005 0.20738240711805567 0.4108510415039062 0.2061149320615391 0.4431687753400352 0.6876547471657058 0.449144296336129
0 0.6868342595486112 0.45265859375 0.20935092621527787 0.44383671875 0.2076001071725205 0.4738203088671365 0.6850834405058538 0.4826421838671365
0 0.6889222222222222 0.48610598974609376 0.2109476848958334 0.47589609375 0.20884440887550815 0.5070508793820491 0.686818946201897 0.5172607753781429
0 0.6881534134596361 0.5526940810570156 0.22022175954861123 0.5317559897460937 0.21577066119314178 0.5632303984351719 0.6837023151041666 0.5841684897460937
0 0.6879508185213549 0.5197221699227589 0.2169666666666668 0.5048794272460938 0.21376214415225633 0.5370530908194289 0.6847462960069444 0.5518958334960938
0 0.6864459428557416 0.9168267027407966 0.2612569444444447 0.8630838540039063 0.2522489642623144 0.8856331927670161 0.6774379626736113 0.9393760415039063
0 0.7101063214655746 0.10012588576990286 0.7004069444444444 0.055709635253906244 0.15302701186775866 0.09353088473790963 0.1627263888888889 0.13794713525390623