0 0.6839879488522751 0.06612180735484588 0.679979080078125 0.02654993457031249 0.250054445678975 0.05104903248890411 0.25406331445312497 0.0906209052734375
0 0.6843657976505816 0.10796609132425301 0.6807176263020832 0.06861913134765624 0.25260946838343074 0.09094663017214538 0.25625763973192905 0.13029359014874214
0 0.6913753498746226 0.15349212142045787 0.6857843878884573 0.10465151058037898 0.2576591126302083 0.132219103515625 0.2632500746163737 0.1810597143557039
0 0.6948428450520834 0.19208434423828133 0.6905304631797785 0.15441293497942274 0.26586520707489764 0.1817577255883374 0.2701775889472025 0.21942913484719598
0 0.6978573298156143 0.23008534224889843 0.6939098841145834 0.1943476318359375 0.2706500112885825 0.22064541035002952 0.2745974569896134 0.25638312076299047
0 0.6981691188267058 0.26779107175214767 0.6944073417968748 0.23312533154296874 0.2753482661660124 0.2587047313301263 0.2791100431958433 0.2933704715393052
0 0.7033615910930512 0.3047217882764294 0.6997115188802083 0.26962929687500004 0.27920218450986306 0.29423214704673445 0.2828522567227058 0.3293246384481638
0 0.7090396204919114 0.33778465811304825 0.7031990641273306 0.298219484102356 0.2881597890625 0.3326824667968751 0.29400034542708076 0.37224764080756734
0 0.7112426097562584 0.37911883105535893 0.7074030709635418 0.340288208984375 0.30154951820513026 0.36286158888375336 0.3053890569978469 0.4016922109547373
0 0.7074039541807139 0.41446080125418683 0.7048484694010418 0.38250121533203124 0.29911243766166257 0.4007501812013794 0.3016679224413346 0.432709767123535
0 0.7045175052083331 0.4491512397460937 0.702007960532692 0.4177677848236299 0.3070514602864583 0.4355328159179688 0.30956100496209954 0.4669162708404326
0 0.7072624581911438 0.48155379830073786 0.704692055933943 0.4511977050445857 0.31083462760416664 0.46995701171875004 0.31340502986136726 0.5003131049749022
0 0.7192665558284449 0.9546704765411909 0.7173657558593751 0.9317505717773439 0.3669287103082404 0.9480982524011015 0.3688295102773103 0.9710181571649484
0 0.7199678938802084 0.9262540615234376 0.7178518303643501 0.9052895878222504 0.36329384704237705 0.9254200863596792 0.3654099105582354 0.9463845600608665
0 0.7217551906559234 0.8987711449806398 0.719548837890625 0.8763454375 0.3620132878597016 0.8961320093162353 0.364219640625 0.918557716796875
0 0.7208812646015278 0.8750895777014216 0.7188342343750002 0.8503727563476563 0.35850802579668767 0.8671588644507069 0.36055505602321536 0.8918756858044722
0 0.720963878722995 0.8430207733029055 0.7178641340159714 0.8162926993751978 0.3545973307291666 0.8399904160156249 0.35769707543619034 0.8667184899433326
0 0.7190574865005371 0.8168616195818266 0.7168651490885415 0.7932258090820311 0.3505878754621298 0.8123361922738752 0.35278021287412537 0.8359720027736707
0 0.7170800756988484 0.7886296275118191 0.7150758704427084 0.7650957875976564 0.34847954996058345 0.7826572237987964 0.3504837552167234 0.8061910637129591
0 0.7173863307291667 0.761287560546875 0.7153135837031236 0.7361903740063144 0.343705138758673 0.7534538944630725 0.3457778857847163 0.7785510810036331
0 0.716585439265612 0.7308544187320445 0.7141932138225445 0.7056683590529282 0.33977954604130756 0.7256723245982275 0.342171771484375 0.7508583842773437
0 0.7158488645663713 0.7014969931133008 0.7137737513020833 0.6755836489257814 0.3364573971523787 0.6925796401874806 0.3385325104166667 0.7184929843750001
0 0.7178549212851077 0.6688804415200785 0.7152568358773931 0.6421337499230999 0.3339632109375 0.6629674028320313 0.3365612963452147 0.6897140944290099
0 0.7172725118648303 0.6384750724434238 0.7147642688521434 0.6112333145694204 0.3283881137581465 0.6312442470088091 0.33089635677083334 0.6584860048828125
0 0.7154709461078911 0.6091605107309419 0.713223970703125 0.5810856181640625 0.3232422734573083 0.5986424830732412 0.3254892488620744 0.6267173756401206
0 0.7134731129533075 0.5777300679750699 0.7110379505208333 0.5498113383789063 0.31844862241973404 0.569072980055246 0.32088378485220825 0.5969917096514096
0 0.7107588898987274 0.5464014660460365 0.7081879641927084 0.5169150415039062 0.3147657994955884 0.5362102183314467 0.31733672520160744 0.5656966428735769
0 0.7107042596473571 0.5149277713418924 0.7080892944361277 0.48405443898415956 0.31450736458333334 0.5028061147460936 0.31712232979456273 0.5336794471038264