0 0.7472222222222225 0.5447916666666667 0.2620370370370371 0.5447916666666667 0.2620370370370371 0.5760416666666667 0.7472222222222225 0.5760416666666667
0 0.7472222222222225 0.859375 0.2925925925925928 0.859375 0.2925925925925928 0.8828125 0.7472222222222225 0.8828125
0 0.7490740740740742 0.4557291666666667 0.25185185185185194 0.4557291666666667 0.25185185185185194 0.48541666666666666 0.7490740740740743 0.48541666666666666
0 0.7509259259259261 0.6354166666666666 0.2703703703703705 0.6354166666666666 0.2703703703703705 0.6651041666666667 0.7509259259259261 0.6651041666666667
0 0.7462962962962965 0.8052083333333333 0.29351851851851873 0.8052083333333333 0.29351851851851873 0.8322916666666667 0.7462962962962965 0.8322916666666667
0 0.7518518518518521 0.725 0.2750000000000001 0.725 0.27500000000000013 0.7510416666666667 0.7518518518518521 0.7510416666666667
0 0.752777777777778 0.6651041666666667 0.2712962962962964 0.6651041666666667 0.2712962962962964 0.6927083333333334 0.752777777777778 0.6927083333333334
0 0.7481481481481483 0.8328125 0.29351851851851873 0.8328125 0.29351851851851873 0.8567708333333334 0.7481481481481483 0.8567708333333334
0 0.7518518518518521 0.6953125 0.2722222222222223 0.6953125 0.2722222222222223 0.7244791666666667 0.7518518518518521 0.7244791666666667
0 0.7472222222222225 0.5171875 0.2583333333333334 0.5171875 0.2583333333333334 0.5458333333333333 0.7472222222222225 0.5458333333333333
0 0.7490740740740743 0.5744791666666667 0.26296296296296306 0.5744791666666667 0.26296296296296306 0.6052083333333333 0.7490740740740743 0.6052083333333333
0 0.7518518518518521 0.7515625 0.2824074074074076 0.7515625 0.2824074074074076 0.7776041666666667 0.7518518518518521 0.7776041666666667
0 0.7481481481481483 0.778125 0.289814814814815 0.778125 0.289814814814815 0.8046875 0.7481481481481483 0.8046875
0 0.7472222222222222 0.3921875 0.2453703703703705 0.3921875 0.2453703703703705 0.425 0.7472222222222222 0.425
0 0.7472222222222222 0.4244791666666667 0.24907407407407417 0.4244791666666667 0.24907407407407417 0.4557291666666667 0.7472222222222222 0.4557291666666667
0 0.7509259259259261 0.6036458333333333 0.2666666666666668 0.6036458333333333 0.2666666666666668 0.6348958333333333 0.7509259259259261 0.6348958333333333
0 0.7472222222222222 0.359375 0.2453703703703705 0.359375 0.2453703703703705 0.39010416666666664 0.7472222222222222 0.39010416666666664
0 0.7472222222222225 0.4864583333333333 0.2564814814814816 0.4864583333333333 0.2564814814814816 0.5171875 0.7472222222222225 0.5171875
0 0.756247061521192 0.14700279594637325 0.7547365102484437 0.11443187352661516 0.21638481909762203 0.1223316817469086 0.21789537037037038 0.15490260416666668
0 0.7527116374919188 0.18407118650460397 0.7510425925925924 0.14864375000000002 0.22179602150429215 0.1565329215170846 0.22346506640361857 0.19196035802168854
0 0.7510425925925924 0.21905416666666672 0.7497902162496101 0.1861773920579567 0.22759649644040386 0.192471328443218 0.2288488727833863 0.22534810305192804
0 0.7519694444444442 0.2524338541666667 0.7506766601389103 0.2211085498975833 0.2312046220373005 0.22789180268746412 0.2324974063428345 0.2592171069565475
0 0.756363601221339 0.2857539105041743 0.7546212423178223 0.25369849333747474 0.23200833333333332 0.2626864583333333 0.2337506922368501 0.2947418755000329
0 0.7516001987392653 0.3207351091956571 0.7500990854574893 0.28966032154233345 0.2367722222222222 0.29750624999999997 0.23827333550399812 0.3285810376533237
0 0.7510425925925928 0.3546588541666668 0.7498844639130517 0.32491020072788973 0.23820443871160307 0.3312129933963885 0.23936256739114403 0.3609616468351656
0 0.7450868935673276 0.9121892672271132 0.7445518518518517 0.8829963541666666 0.2924640323585982 0.8856180244395533 0.29299907407407405 0.9148109375
0 0.7601962916740345 0.11156042157610373 0.7584601851851851 0.07406093750000001 0.21786216319174206 0.08197994170371785 0.21959826968059135 0.11947942577982157