0 0.8707685887017484 0.9456662754180164 0.3333177743055558 0.8832866635742188 0.320158214249641 0.9191608847382339 0.8576090286458337 0.9815404965820315
0 0.8719827862127951 0.9092221033064736 0.33975338454861126 0.8497920961914064 0.3275865375719273 0.8842680412247766 0.8598159392361112 0.9436980483398438
0 0.8781596182263852 0.8744419807900294 0.3424319192708334 0.816802759765625 0.33073729323194845 0.8511947565146581 0.8664649921875002 0.9088339775390626
0 0.883472962185203 0.8368731957558431 0.34876140104166686 0.7839933408203125 0.33718530604396413 0.8210303965293133 0.8718968671875003 0.873910251464844
0 0.8920513069807109 0.8030149748312015 0.35165251302083356 0.7496344584960939 0.340720902261949 0.7846499973262405 0.8811196962218264 0.8380305136613482
0 0.8951098604178953 0.7649665928956393 0.3581950416666668 0.715455271484375 0.34738207795016046 0.7525567034910795 0.884296896701389 0.8020680249023437
0 0.8998589188172839 0.7280572647374137 0.36085424652777803 0.6825902167968751 0.35113082684243874 0.7190622401453991 0.8901354991319445 0.7645292880859377
0 0.9031422229690106 0.6921997822936623 0.3705147847222222 0.6520146147460937 0.3619362778990452 0.6879907499329001 0.8945637161458334 0.7281759174804687
0 0.9069367050098206 0.6557600016204067 0.37684430381944456 0.6192049521484375 0.36868605106656865 0.6566372434967808 0.8987784522569444 0.69319229296875
0 0.9158123403699661 0.6210232469809853 0.3751370404405354 0.5839094058648997 0.36738094270833344 0.6196604682617187 0.9080562426377641 0.6567743093778043
0 0.9164382919894081 0.5932782898116217 0.3810084444444446 0.5530107265625 0.3730888003001022 0.5863301861628353 0.9085186478450658 0.6265977494119569
0 0.9201278532995134 0.5588672421095098 0.3879156414930557 0.5243695146484375 0.3809234999990979 0.5585005616014278 0.9131357118055556 0.5929982890625001
0 0.9253671958921595 0.5218625484488684 0.39051688327272993 0.48998069952740775 0.3838237984916818 0.5255078302777583 0.9186741111111113 0.5573896791992189
0 0.9299639201388893 0.4848029355468751 0.3908891169670609 0.4575788805401244 0.3850973035849208 0.49386627895072344 0.9241721067567491 0.5210903339574742
0 0.9348247222836028 0.44984113359205424 0.40059149956079365 0.42633993127344183 0.3957306974160799 0.4613017332282626 0.9299639201388891 0.48480293554687504
0 0.9350624123263889 0.41260138281250003 0.4061238749172962 0.3921159472837386 0.4016772938627639 0.4284430929329158 0.9306158312718567 0.44892852846167725
0 0.9466856414930555 0.3772922221679688 0.40963702420526044 0.35991823363287495 0.4058497087145431 0.3969599080339244 0.9428983260023381 0.41433389656901826
0 0.9522482890625003 0.3415277133789063 0.41212605687387555 0.32745877384549554 0.40918673418340895 0.363163278439616 0.9493089663720335 0.37723221797302675
0 0.9565699817708331 0.30585922656250003 0.41458685370354 0.2959067465813232 0.4126736489334802 0.3288723449397162 0.9546567770007734 0.338824824920893
0 0.9660788993055556 0.26837588232421883 0.4259930654281923 0.26195536434947764 0.4246550159277935 0.2975684786662988 0.9647408498051566 0.30398899664104
0 0.9689650623366819 0.2319062046940205 0.4268906393983692 0.22978593314156748 0.42643832185335384 0.2663753861623908 0.9685127447916666 0.26849565771484385
0 0.9800155998263889 0.1945391455078126 0.4314460695679663 0.19436250948244546 0.43140780008466006 0.23196789540663557 0.9799773303430828 0.2321445314320027
0 0.9824901531914476 0.1950247581300814 0.9821160251736113 0.157381337890625 0.43094452389188576 0.15911459489726237 0.4313186519097222 0.19675801513671878
0 0.9886173116684045 0.1588255410617216 0.9877416180555555 0.12121212548828128 0.43571032027604006 0.12527860102812222 0.4365860138888889 0.16289201660156252
0 0.9952897591702288 0.12306694404814493 0.9943906328125001 0.08634829785156252 0.4389536028089382 0.0906517200143551 0.43985272916666673 0.12737036621093753
0 0.9975700303819447 0.08167461572265625 0.9945544722088228 0.04577610467902775 0.43919574043798937 0.060536905948559 0.4422112986111111 0.0964354169921875