0 0.982421875 0.4252929687500001 0.8014322916666666 0.4252929687500001 0.8014322916666666 0.4492187500000001 0.982421875 0.4492187500000001
0 0.953125 0.73828125 0.7623697916666666 0.73828125 0.7623697916666666 0.759765625 0.953125 0.759765625
0 0.9752604166666666 0.4653320312500001 0.7955729166666666 0.4653320312500001 0.7955729166666666 0.4887695312500001 0.9752604166666666 0.4887695312500001
0 0.9850260416666666 0.3847656250000001 0.798828125 0.3847656250000001 0.798828125 0.4082031250000001 0.9850260416666666 0.4082031250000001
0 0.7076822916666666 0.7314453125 0.5188802083333335 0.7314453125 0.5188802083333335 0.75341796875 0.7076822916666666 0.75341796875
0 0.7350260416666666 0.38134765625000006 0.541015625 0.38134765625 0.541015625 0.40478515625000006 0.7350260416666666 0.4047851562500001
0 0.4661458333333335 0.712890625 0.2688802083333335 0.712890625 0.2688802083333335 0.73583984375 0.4661458333333335 0.73583984375
0 0.7083333333333334 0.69189453125 0.5208333333333335 0.69189453125 0.5208333333333335 0.71435546875 0.7083333333333334 0.71435546875
0 0.22460937500000008 0.48876953125 0.020833333333333415 0.48876953125 0.020833333333333415 0.51318359375 0.22460937500000008 0.51318359375
0 0.7154947916666666 0.61572265625 0.5273437500000001 0.61572265625 0.5273437500000001 0.638671875 0.7154947916666666 0.638671875
0 0.73046875 0.44042968750000006 0.5325520833333334 0.4404296875 0.5325520833333334 0.46435546875000006 0.73046875 0.4643554687500001
0 0.9641927083333334 0.62158203125 0.7747395833333334 0.62158203125 0.7747395833333334 0.64453125 0.9641927083333334 0.64453125
0 0.4772135416666668 0.513671875 0.27734375000000006 0.513671875 0.27734375000000006 0.53759765625 0.4772135416666668 0.53759765625
0 0.9720052083333334 0.54296875 0.7805989583333334 0.54296875 0.7805989583333334 0.56640625 0.9720052083333334 0.56640625
0 0.46484375000000017 0.7333984375 0.2662760416666668 0.7333984375 0.2662760416666668 0.7568359375 0.46484375000000017 0.7568359375
0 0.22851562500000008 0.408203125 0.02604166666666673 0.408203125 0.026041666666666737 0.43359375 0.22851562500000008 0.43359375
0 0.7180989583333334 0.55859375 0.5292968750000001 0.55859375 0.5292968750000001 0.58056640625 0.7180989583333334 0.58056640625
0 0.21679687500000008 0.64599609375 0.013671875000000106 0.64599609375 0.01367187500000011 0.669921875 0.21679687500000008 0.669921875
0 0.47265625000000017 0.59326171875 0.27343750000000006 0.59326171875 0.27343750000000006 0.6181640625 0.47265625000000017 0.6181640625
0 0.2337239583333334 0.38916015625 0.02604166666666673 0.38916015625 0.02604166666666673 0.41357421875 0.2337239583333334 0.41357421875
0 0.9752604166666666 0.50390625 0.7838541666666666 0.50390625 0.7838541666666666 0.52783203125 0.9752604166666666 0.52783203125
0 0.9563802083333334 0.6982421875 0.7662760416666666 0.6982421875 0.7662760416666666 0.72119140625 0.9563802083333334 0.72119140625
0 0.7421875 0.27880859375000006 0.544921875 0.27880859375 0.544921875 0.30322265625000006 0.7421875 0.3032226562500001
0 0.9954427083333334 0.3046875000000001 0.802734375 0.3046875000000001 0.802734375 0.3295898437500001 0.9954427083333334 0.3295898437500001
0 0.2220052083333334 0.56787109375 0.016276041666666758 0.56787109375 0.01627604166666676 0.59228515625 0.2220052083333334 0.59228515625
0 0.716796875 0.5947265625 0.5273437500000001 0.5947265625 0.5273437500000001 0.619140625 0.716796875 0.619140625
0 0.95703125 0.67919921875 0.7669270833333334 0.67919921875 0.7669270833333334 0.7021484375 0.95703125 0.7021484375
0 0.9661458333333334 0.60107421875 0.7747395833333334 0.60107421875 0.7747395833333334 0.62548828125 0.9661458333333334 0.62548828125
0 0.47265625000000017 0.572265625 0.26822916666666674 0.572265625 0.26822916666666674 0.59716796875 0.47265625000000017 0.59716796875
0 0.9700520833333334 0.56201171875 0.7779947916666666 0.56201171875 0.7779947916666666 0.58544921875 0.9700520833333334 0.58544921875
0 0.22721354166666674 0.4287109375 0.02408854166666674 0.4287109375 0.02408854166666674 0.45263671875 0.22721354166666674 0.45263671875
0 0.9895833333333334 0.3447265625000001 0.798828125 0.3447265625000001 0.798828125 0.3696289062500001 0.9895833333333334 0.3696289062500001
0 0.22265625000000008 0.5087890625 0.024739583333333415 0.5087890625 0.024739583333333415 0.53271484375 0.22265625000000008 0.53271484375
0 0.7337239583333334 0.40039062500000006 0.5377604166666666 0.400390625 0.5377604166666666 0.42431640625000006 0.7337239583333334 0.4243164062500001
0 0.7239583333333334 0.5185546875 0.5319010416666669 0.5185546875 0.5319010416666669 0.5419921875 0.7239583333333334 0.5419921875
0 0.9596354166666666 0.66015625 0.7669270833333334 0.66015625 0.7669270833333334 0.68359375 0.9596354166666666 0.68359375
0 0.96875 0.58203125 0.775390625 0.58203125 0.775390625 0.60498046875 0.96875 0.60498046875
0 0.7376302083333334 0.36035156250000006 0.5403645833333334 0.3603515625 0.5403645833333334 0.38525390625000006 0.7376302083333334 0.3852539062500001
0 0.728515625 0.46044921875000006 0.5351562500000001 0.46044921875 0.5351562500000001 0.48388671875000006 0.728515625 0.4838867187500001
0 0.7434895833333334 0.25781250000000006 0.5442708333333334 0.2578125 0.5442708333333334 0.28320312500000006 0.7434895833333334 0.2832031250000001
0 0.22135416666666674 0.5478515625 0.024088541666666758 0.5478515625 0.024088541666666758 0.5732421875 0.22135416666666674 0.5732421875
0 0.22460937500000008 0.4677734375 0.02604166666666674 0.4677734375 0.026041666666666744 0.4931640625 0.22460937500000008 0.4931640625
0 0.740234375 0.32031250000000006 0.5423177083333334 0.3203125 0.5423177083333334 0.34570312500000006 0.740234375 0.3457031250000001
0 0.9759114583333334 0.4838867187500001 0.78515625 0.4838867187500001 0.78515625 0.5078125 0.9759114583333334 0.5078125
0 0.21354166666666682 0.7255859375 0.016276041666666786 0.7255859375 0.016276041666666786 0.74951171875 0.21354166666666682 0.74951171875
0 0.998046875 0.2851562500000001 0.8014322916666666 0.2851562500000001 0.8014322916666666 0.3105468750000001 0.998046875 0.3105468750000001
0 0.9921875 0.3251953125000001 0.80078125 0.3251953125000001 0.80078125 0.3491210937500001 0.9921875 0.3491210937500001
0 0.7408854166666666 0.29931640625000006 0.5423177083333334 0.29931640625 0.5423177083333334 0.32470703125000006 0.7408854166666666 0.3247070312500001
0 0.7311197916666666 0.42041015625000006 0.537109375 0.42041015625 0.537109375 0.44482421875000006 0.7311197916666666 0.4448242187500001
0 0.7115885416666666 0.65380859375 0.5247395833333335 0.65380859375 0.5247395833333335 0.6767578125 0.7115885416666666 0.6767578125
0 0.7369791666666666 0.34033203125000006 0.5416666666666666 0.34033203125 0.5416666666666666 0.36474609375000006 0.7369791666666666 0.3647460937500001
0 0.22656250000000008 0.44873046875 0.02473958333333341 0.44873046875 0.02473958333333341 0.47314453125 0.22656250000000008 0.47314453125
0 0.9811197916666666 0.4443359375000001 0.791015625 0.4443359375000001 0.791015625 0.4687500000000001 0.9811197916666666 0.4687500000000001
0 0.9739583333333334 0.52392578125 0.7819010416666666 0.52392578125 0.7819010416666666 0.54736328125 0.9739583333333334 0.54736328125
0 0.4739583333333335 0.5537109375 0.27343750000000006 0.5537109375 0.27343750000000006 0.5771484375 0.4739583333333335 0.5771484375
0 0.2180989583333334 0.607421875 0.02213541666666677 0.607421875 0.02213541666666677 0.630859375 0.2180989583333334 0.630859375
0 0.4674479166666668 0.65380859375 0.27213541666666674 0.65380859375 0.27213541666666674 0.67724609375 0.4674479166666668 0.67724609375
0 0.7252604166666666 0.47998046875000006 0.5338541666666669 0.47998046875 0.5338541666666669 0.50341796875 0.7252604166666666 0.50341796875
0 0.7102864583333334 0.67236328125 0.5240885416666669 0.67236328125 0.5240885416666669 0.69580078125 0.7102864583333334 0.69580078125
0 0.21549479166666682 0.705078125 0.018229166666666782 0.705078125 0.018229166666666786 0.72900390625 0.21549479166666682 0.72900390625
0 0.9622395833333334 0.64111328125 0.76953125 0.64111328125 0.76953125 0.6640625 0.9622395833333334 0.6640625
0 0.724609375 0.49853515625000006 0.5338541666666669 0.49853515625 0.5338541666666669 0.52197265625 0.724609375 0.52197265625
0 0.4713541666666668 0.61328125 0.2727864583333334 0.61328125 0.2727864583333334 0.638671875 0.4713541666666668 0.638671875
0 0.9876302083333334 0.3642578125000001 0.796875 0.3642578125000001 0.796875 0.3886718750000001 0.9876302083333334 0.3886718750000001
0 0.4661458333333335 0.69287109375 0.26953125000000017 0.69287109375 0.26953125000000017 0.7158203125 0.4661458333333335 0.7158203125
0 0.2220052083333334 0.52880859375 0.025390625000000083 0.52880859375 0.025390625000000087 0.55322265625 0.2220052083333334 0.55322265625
0 0.21484375000000014 0.685546875 0.018880208333333443 0.685546875 0.018880208333333447 0.708984375 0.21484375000000014 0.708984375
0 0.4700520833333335 0.6328125 0.27148437500000006 0.6328125 0.27148437500000006 0.65771484375 0.4700520833333335 0.65771484375
0 0.7194010416666666 0.576171875 0.5292968750000001 0.576171875 0.5292968750000001 0.59912109375 0.7194010416666666 0.59912109375
0 0.4752604166666668 0.53369140625 0.2747395833333334 0.53369140625 0.2747395833333334 0.55810546875 0.4752604166666668 0.55810546875
0 0.712890625 0.63525390625 0.5253906250000001 0.63525390625 0.5253906250000001 0.658203125 0.712890625 0.658203125
0 0.4680989583333335 0.67333984375 0.27213541666666674 0.67333984375 0.2721354166666668 0.69677734375 0.4680989583333335 0.69677734375
0 0.21744791666666674 0.6259765625 0.0214843750000001 0.6259765625 0.0214843750000001 0.650390625 0.21744791666666674 0.650390625
0 0.7473958333333334 0.23632812500000006 0.546875 0.23632812500000006 0.546875 0.26025390625000006 0.7473958333333334 0.2602539062500001
0 0.21419270833333345 0.66650390625 0.01757812500000011 0.66650390625 0.01757812500000011 0.68994140625 0.21419270833333348 0.68994140625
0 0.21940104166666674 0.587890625 0.023437500000000094 0.587890625 0.023437500000000097 0.611328125 0.21940104166666674 0.611328125
0 0.7194010416666666 0.5390625 0.5345052083333335 0.5390625 0.5345052083333335 0.56201171875 0.7194010416666666 0.56201171875
0 0.984375 0.4052734375000001 0.7936197916666666 0.4052734375000001 0.7936197916666666 0.4287109375000001 0.984375 0.4287109375000001
0 0.998046875 0.2622070312500001 0.8020833333333334 0.2622070312500001 0.8020833333333334 0.2875976562500001 0.998046875 0.2875976562500001
0 0.70703125 0.7109375 0.5240885416666669 0.7109375 0.5240885416666669 0.7333984375 0.70703125 0.7333984375
0 0.953125 0.7177734375 0.76953125 0.7177734375 0.76953125 0.740234375 0.953125 0.740234375
0 0.22846707833886362 0.3767917143017928 0.028292711588541724 0.370675599609375 0.027285147046442967 0.38922493034117306 0.22745951379676488 0.39534104503359085
0 0.4759482998011358 0.4983464265475663 0.27942302081024534 0.4935463630408288 0.27854264973958337 0.5138213100585938 0.4750679287304738 0.5186213735653313