0 0.8039199071180555 0.04507656250000002 0.17609212934027776 0.039878906250000005 0.17490233751014783 0.08535142482734885 0.8027301152879256 0.09054908107734887
0 0.8052169357479365 0.08918145716375206 0.1815449071180556 0.0832 0.1802478784881747 0.12599015758234178 0.8039199071180556 0.1319716147460938
0 0.7971629626736111 0.13468697900390628 0.18144861111111113 0.12744635400390625 0.17987202114611336 0.16986599929213522 0.7955863727086133 0.17710662429213525
0 0.7923370373263889 0.17640807275390627 0.18149861111111115 0.17006380224609374 0.1802402349422743 0.20839921961612023 0.7910786611575521 0.21474349012393276
0 0.7923370373263889 0.21714010400390626 0.18260648177083336 0.21105156249999998 0.18133783816963933 0.2512500187852887 0.791068393725195 0.25733856028919494
0 0.7884759262152778 0.2551242187500001 0.19095509288194448 0.2507919272460938 0.1900327853893805 0.29104102703778406 0.7875536187227139 0.2953733185416904
0 0.7826842595486113 0.29365130224609376 0.18912083333333338 0.29058619775390626 0.1885358093141241 0.3264321893956684 0.7820992355294021 0.3294972938878559
0 0.7807537039930557 0.3322109375 0.1881555555555556 0.3274739584960937 0.1871389326018407 0.36771449804460493 0.7797370810393407 0.3724514770485113
0 0.7778578706597225 0.3707057290039063 0.19447777777777786 0.36889765625000004 0.19415307635517332 0.402046237728117 0.7775331692371179 0.40385431048202325
0 0.7521843396551713 0.930438625236967 0.7517317455048105 0.903305277679037 0.22975416666666668 0.90606015625 0.2302067608170275 0.93319350380793
0 0.7517407404513888 0.9016721352539062 0.7512285901212823 0.8707984930371603 0.22869259288194443 0.8735411459960937 0.22920474321205106 0.9044147882128396
0 0.7546365737847224 0.8451903647460939 0.2260393515625002 0.8447395834960938 0.22596149485642103 0.8736264285892464 0.7545587170786433 0.8740772098392465
0 0.7557227095820848 0.8147772503558157 0.22217824045138906 0.8140406250000002 0.22205430972676676 0.8424425646942696 0.7555987788574625 0.8431791900500851
0 0.7546365737847222 0.7838533852539062 0.21990925954861126 0.7827145834960938 0.21970425566494503 0.8131718821602615 0.754431569901056 0.8143106839180739
0 0.758809154562754 0.7800765786913688 0.7584889900603946 0.7499385610514088 0.21329861111111112 0.75177109375 0.2136187756134705 0.7819091113899599
0 0.7625622256525264 0.7485745282382752 0.7623567676702565 0.7162228025267159 0.2143597222222222 0.7173239584960936 0.2145651802044922 0.749675684207653
0 0.7642893515625001 0.6823270834960938 0.21427826007014367 0.68168674478669 0.2141503587093323 0.7164469162423832 0.7641614502016887 0.717087254951787
0 0.7624254675820845 0.6834770922384558 0.7623587960069445 0.6508927084960938 0.21145950884059161 0.6512493636201133 0.21152618041573165 0.6838337473624753
0 0.7613935182291667 0.6188502602539061 0.21001805555555567 0.6187098959960936 0.2099902369678903 0.6532856000651207 0.7613656996415014 0.6534259643229332
0 0.7730314817708334 0.4076361977539062 0.19491203732638895 0.4051348959960937 0.19443987206609434 0.43966441848359356 0.7725593165105387 0.44216572024140605
0 0.7749620373263889 0.4429046875 0.19790416666666674 0.44259583349609377 0.19784536592038907 0.47735697460533044 0.7749032365801112 0.4776658286092367
0 0.7720662039930556 0.47929218749999997 0.1994000000000001 0.4788330727539062 0.199316048557956 0.5119655208304251 0.7719822525510115 0.512424635576519
0 0.7653092595486112 0.5134421875 0.20037220271587602 0.5126554783933963 0.20021921645674368 0.5474157662664245 0.7651562732894788 0.5482024753730282
0 0.7667472735595962 0.5825211469745903 0.7662443260124234 0.5471622406399774 0.2004615737847222 0.54970859375 0.20096452133189488 0.585067500084613
0 0.7635615034354766 0.6167378708797772 0.7633216036803563 0.5827205777644854 0.20581851822916664 0.5839645834960936 0.20605841798428692 0.6179818766113854
0 0.8253342595486112 0.007426302246093794 0.19056388888888887 0.0047247397460937635 0.19000928295097946 0.04595643546460921 0.8247796536107017 0.04865799796460924
0 0.7488449071180556 0.96086953125 0.748343797782554 0.930996755108148 0.23625612452645248 0.933714735282544 0.23675723386195402 0.9635875114243959