0 0.9125780514976607 0.8675551757453168 0.16588065016919007 0.8281478463539149 0.15689793229166693 0.882002154296875 0.9035953336201376 0.9214094836882769
0 0.9022391108648784 0.8183943432056665 0.18353614496527795 0.7822012866210938 0.17633944409821314 0.82741838401032 0.8950424099978136 0.8636114405948927
0 0.9032968085100812 0.7685988820886833 0.19023957341975467 0.7325608523995434 0.18290457291666684 0.7784815581054687 0.8959618080069932 0.8145195877946085
0 0.9005664317613614 0.7235577486892408 0.20435062696224385 0.6851335014398363 0.1967681163194446 0.728604197265625 0.8929839211185622 0.7670284445150295
0 0.9035694290730729 0.6788929383106836 0.21818572725600105 0.6390455690073796 0.21008004340277794 0.6831587963867186 0.89546374521985 0.7230061656900226
0 0.8989305586404723 0.641278266976718 0.23149751967146295 0.5952033247850528 0.22239830989583353 0.6369086616210937 0.8898313488648429 0.6829836038127589
0 0.9026912615839316 0.597689110058003 0.2449318932279444 0.5534461572607898 0.23674114843750008 0.5919754809570313 0.8945005167934872 0.6362184337542445
0 0.9026985297061318 0.5584339595709542 0.25142284460035447 0.5155093364765042 0.24401968229166673 0.5510496044921877 0.8952953673974443 0.5939742275866375
0 0.9028887552396456 0.518400926807302 0.2665772721545309 0.47811740218177273 0.2598540850694445 0.5117192026367189 0.8961655681545593 0.5520027272622481
0 0.8991238059831106 0.48072029359008084 0.2790165694444446 0.4368335927734375 0.27110881552614896 0.4721870642549962 0.8912160520648151 0.5160737650716395
0 0.8982296175906901 0.44681097238655465 0.2884302630666169 0.4007980439561277 0.28040953645833344 0.43443106298828127 0.8902088909824067 0.4804439914187082
0 0.9033302398074271 0.41097788461298645 0.291556945129678 0.36771700518771144 0.2851301197916667 0.3964735512695313 0.8969034144694157 0.43973443069480633
0 0.914797166364573 0.13816005977106002 0.3698059157986111 0.08518504052734377 0.3610477616110349 0.11369365081121147 0.9060390121769968 0.1666686700549277
0 0.9132309293116533 0.1692214240204991 0.36794784201388897 0.11772528466796878 0.3604662139175137 0.142791486135751 0.9057493012152781 0.19428762548828132
0 0.9067770861366528 0.19547175259383293 0.35837096788194445 0.14193579687500002 0.34881615084251383 0.17290458139054216 0.897222269097222 0.22644053710937506
0 0.9108801327170136 0.22893553864140373 0.35347518229166675 0.17250045166015626 0.3439810254423666 0.20217082961051275 0.9013859758677134 0.25860591659176024
0 0.9023814145285888 0.25654323904081944 0.3434370737111297 0.20404406589352828 0.3351282092013889 0.23203406152343753 0.894072550018848 0.28453323467072866
0 0.9046427179534281 0.28625712452376795 0.3382415946180556 0.2333976518554688 0.32856235377991944 0.26621380194999233 0.8949634771152921 0.3190732746182915
0 0.9092300834135868 0.31702795767955694 0.32807174259098887 0.267289631677154 0.3188373532986112 0.30142908349609376 0.8999956941212093 0.35116740949849673
0 0.9040324799398552 0.34737542032684887 0.3181292057291667 0.2983215620117188 0.30912674502833165 0.33234349935270735 0.89503001923902 0.38139735766783744
0 0.9011765573020121 0.3781998781281735 0.30870530405639957 0.3286414614259585 0.29871628038194453 0.3664263334960938 0.891187533627557 0.41598475019830883