0 0.9917747274305556 0.04142181396484375 0.18075250520833336 0.020702696289062513 0.17624275503626016 0.0765573076745591 0.9872649772584824 0.09727642535034033
0 0.9774239652777779 0.09743602929687502 0.18433899739583334 0.07960882373046875 0.18054924182351803 0.13295369847504654 0.9736342097054627 0.1507809040414528
0 0.9666610026041665 0.15442941162109378 0.19222875781250004 0.134076470703125 0.18814038622147986 0.18329761100657824 0.9625726310131465 0.203650551924547
0 0.9648671024305554 0.20385343115234378 0.188642265625 0.18531666650390619 0.1848883803665471 0.23505367335952426 0.9611132171721025 0.2535904380079618
0 0.9487228758680557 0.25125882373046876 0.1872078428819445 0.2373637255859375 0.18445888694516016 0.28503202895354157 0.9459739199312713 0.29892712709807284
0 0.9361660130208335 0.2991688725585938 0.1879250546875001 0.28779681396484375 0.18589591068733274 0.3300403545348482 0.9341368690206662 0.34141241312859827
0 0.7836901961805558 0.8604938725585938 0.21733333333333352 0.85103455859375 0.2157891879956628 0.8802871102613303 0.782146050842885 0.8897464242261741
0 0.7801028324652779 0.8352622548828125 0.2173333333333335 0.8244058823242187 0.21579518917932164 0.8496341776210878 0.778564688311266 0.8604905501796816
0 0.7980409583333334 0.8110397060546876 0.2166161223958335 0.7981806372070314 0.21502710191206612 0.8209137342928824 0.796451937849566 0.8337728031405386
0 0.8034222222222225 0.7782688725585938 0.2166161223958335 0.7723588237304687 0.21582727672684643 0.7971410689338952 0.8026333765532354 0.8030511177620203
0 0.8105978211805556 0.749 0.21302962934027792 0.7412919116210938 0.21189461452465827 0.7691330744811671 0.8094628063649361 0.7768411628600733
0 0.8222575164930557 0.7192568627929687 0.21231241840277792 0.7086112744140624 0.21069858366354766 0.7378679643451863 0.8206436817538255 0.7485135527240927
0 0.8240514157986112 0.68595098046875 0.2150483051781178 0.6763206179500555 0.21360832369407204 0.7051329782173191 0.8226114343145654 0.7147633407360137
0 0.839298910590278 0.6552286762695313 0.20872592621527797 0.6420394609375 0.2065672313063924 0.6746946890915503 0.8371402156813924 0.6878839044235816
0 0.8491651414930557 0.6169068627929688 0.21016078472222233 0.606937990234375 0.2084080267010864 0.6424867777023743 0.8474123834719198 0.6524556502609681
0 0.8536496736111112 0.5841056372070312 0.20657429166666677 0.5742573530273437 0.20511040620677734 0.6046904714588252 0.8521857881512217 0.6145387556385127
0 0.8688971675347223 0.5462580883789062 0.20872592621527786 0.5343142158203125 0.20657828289504185 0.5718736161542267 0.8667495242144864 0.5838174887128205
0 0.8814540303819444 0.508975490234375 0.20585708072916675 0.4992127451171875 0.20422887227747855 0.5348636688674465 0.8798258219302562 0.5446264139846342
0 0.8904230937500002 0.4675955883789063 0.20227058854166677 0.4568487744140626 0.2003055081731751 0.49666227228607396 0.8884580133815085 0.5074090862509176
0 0.9011860564236112 0.42829460791015633 0.20370501128472226 0.41690588232421877 0.20171545111573513 0.45545899187089117 0.8991964962546243 0.46684771745682874
0 0.9110522873263892 0.3854007353515626 0.20155337673611118 0.37413848046875003 0.1993340293877475 0.41837660565572243 0.9088329399780254 0.429638860538535
0 0.9254030503472221 0.34503014697265627 0.1965324618055556 0.331774509765625 0.19422375360385574 0.371941002895007 0.9230943421455223 0.38519664010203825