0 0.7185628960814736 0.1125197025491241 0.7184852274305557 0.07443648681640626 0.17293205486541957 0.074788528661056 0.17300972351633745 0.11287174439377384
0 0.72007457991647 0.1461260777476043 0.719777887859085 0.11085909081101954 0.17632259374999998 0.11230568408203125 0.1766192858073848 0.14757267101861601
0 0.7212973449571854 0.18038618395506364 0.7207101407838477 0.1449018985385286 0.1785513940972222 0.14774063183593747 0.1791385982705601 0.1832249172524725
0 0.7270502795138888 0.21442125830078132 0.726103022482243 0.17908633993765904 0.18302259027777776 0.18369285986328124 0.1839698473094236 0.2190277782264035
0 0.7345444105902779 0.2484067172851563 0.7328549323312129 0.21122444790338954 0.1863346822916667 0.21908165185546874 0.18802416055073165 0.2562639212372355
0 0.7338616319988239 0.28169568696991004 0.731772196293902 0.24641303626610914 0.18447404947916668 0.2566680639648437 0.1865634851840886 0.29195071466864464
0 0.7399605265780286 0.3163875241790042 0.7375154977066821 0.27978152641644094 0.18987737760416667 0.2913551796875001 0.192322406475513 0.3279611774500633
0 0.7412397535321292 0.35183988622188467 0.7386707085764406 0.31519042898237865 0.1963264758776446 0.3272192825065877 0.19889552083333334 0.36386873974609374
0 0.741786488715278 0.3854569272460938 0.7387758712993809 0.34826312635259027 0.19541786718750004 0.36217918115234377 0.1984284846033971 0.3993729820458473
0 0.7486591847032986 0.4176552012542452 0.745358633245935 0.3816836928031501 0.1998132517361111 0.39752181884765625 0.20311380319347477 0.43349332729875134
0 0.7504257256944444 0.45492375 0.7473093678407718 0.416575007272905 0.20339645725049393 0.4305602694799362 0.20651281510416666 0.46890901220703124
0 0.7528543497495749 0.487727641762416 0.7496489531249999 0.45266072509765626 0.20595797473295968 0.46838538909466787 0.20916337135753463 0.5034523057594276
0 0.756255078125 0.5201676826171875 0.7523611097018361 0.48461054186777736 0.21079291178516935 0.5033762000709023 0.21468688020833332 0.5389333408203125
0 0.763576549120283 0.5555693292204394 0.7595560525411281 0.5200349318877087 0.21515907633751172 0.5395240191711754 0.21917957291666668 0.5750584165039062
0 0.7647931583114048 0.5887540229998421 0.7606686690368684 0.5544554754901359 0.21823085360740796 0.5750945140137312 0.22235534288194442 0.6093930615234375
0 0.769475894791615 0.6223989830603679 0.7644486628182017 0.5850654120158172 0.21784866927083332 0.6083540488281249 0.2228759012442466 0.6456876198726756
0 0.7720801724782324 0.6585022368754035 0.767382980034722 0.62163965234375 0.22222836970599935 0.6436191273535562 0.2269255621495096 0.6804817118852098
0 0.7781804916475822 0.693322587310425 0.7734460139737884 0.6572085223058267 0.22238971875 0.6800664428710937 0.2271241964237937 0.716180507875692
0 0.7826933536836518 0.7232612386608822 0.7773341276041665 0.6896612084960937 0.2258636176705148 0.7174922691516177 0.23122284375000002 0.7510922993164062
0 0.7879885995765108 0.7586909560831165 0.7814810892366587 0.7220179969969822 0.2292738697916666 0.753021876953125 0.2357813801315187 0.7896948360392593
0 0.7885533541216743 0.7936637171926714 0.7829468624715825 0.7600514992923275 0.2334232982804637 0.7890533279980937 0.23902978993055563 0.8226655458984375
0 0.7919297644609101 0.8285749534836857 0.7850038811441227 0.7912190687567323 0.23692852604166662 0.8233705859375001 0.2438544093584541 0.8607264706644535
0 0.7979008125676554 0.8638933967351967 0.791427703125 0.8281708383789063 0.2416044348281778 0.8596946384210533 0.2480775442708333 0.8954171967773438
0 0.7991949126758909 0.8971440413669274 0.7921859504985093 0.8612369343936039 0.24439620882956264 0.8950692909758953 0.2514051710069445 0.9309763979492187
0 0.8057743643547693 0.9340737007819322 0.7983542569444445 0.8970608559570311 0.2487062198466196 0.9319256786125989 0.25612632725694445 0.9689385234375