0 0.5666666666666667 0.4527777777777779 0.40677083333333336 0.4527777777777779 0.40677083333333336 0.4861111111111112 0.5666666666666667 0.4861111111111113
0 0.5645833333333333 0.18148148148148158 0.4078125 0.18148148148148158 0.4078125 0.21111111111111122 0.5645833333333333 0.21111111111111122
0 0.5671875 0.5796296296296297 0.4046875 0.5796296296296296 0.4046875 0.6120370370370372 0.5671875 0.6120370370370373
0 0.5677083333333334 0.5472222222222223 0.40572916666666664 0.5472222222222223 0.40572916666666664 0.5805555555555557 0.5677083333333334 0.5805555555555557
0 0.5651041666666666 0.30092592592592604 0.4078125 0.30092592592592604 0.4078125 0.33055555555555566 0.5651041666666666 0.33055555555555566
0 0.5739583333333333 0.9240740740740742 0.3994791666666668 0.924074074074074 0.3994791666666668 0.962037037037037 0.5739583333333333 0.962037037037037
0 0.5666666666666667 0.4851851851851853 0.40677083333333336 0.48518518518518516 0.40677083333333336 0.5157407407407408 0.5666666666666667 0.5157407407407409
0 0.5661458333333333 0.2712962962962964 0.409375 0.2712962962962964 0.409375 0.30277777777777787 0.5661458333333333 0.30277777777777787
0 0.5661458333333333 0.3916666666666668 0.4078125 0.3916666666666668 0.4078125 0.42222222222222233 0.5661458333333333 0.42222222222222233
0 0.5661458333333333 0.4212962962962964 0.40677083333333336 0.4212962962962964 0.40677083333333336 0.4546296296296297 0.5661458333333333 0.4546296296296297
0 0.5677083333333334 0.6472222222222224 0.4036458333333333 0.6472222222222223 0.4036458333333333 0.6787037037037038 0.5677083333333334 0.6787037037037039
0 0.5723958333333333 0.888888888888889 0.40000000000000013 0.8888888888888888 0.40000000000000013 0.9250000000000002 0.5723958333333333 0.9250000000000002
0 0.5682291666666667 0.612962962962963 0.4046875 0.6129629629629629 0.4046875 0.6444444444444446 0.5682291666666667 0.6444444444444447
0 0.5630208333333333 0.15370370370370381 0.4083333333333333 0.15370370370370381 0.4083333333333333 0.18333333333333343 0.5630208333333333 0.18333333333333343
0 0.5723958333333333 0.8537037037037039 0.4010416666666667 0.8537037037037037 0.40104166666666674 0.888888888888889 0.5723958333333333 0.8888888888888891
0 0.5697916666666667 0.712962962962963 0.40260416666666665 0.7129629629629629 0.40260416666666665 0.7462962962962963 0.5697916666666667 0.7462962962962965
0 0.5651041666666666 0.33240740740740754 0.40729166666666666 0.33240740740740754 0.40729166666666666 0.3611111111111112 0.5651041666666666 0.3611111111111112
0 0.5630208333333333 0.12222222222222233 0.4088541666666667 0.12222222222222233 0.4088541666666667 0.15555555555555567 0.5630208333333333 0.15555555555555567
0 0.5640625 0.21018518518518528 0.4078125 0.21018518518518528 0.4078125 0.2425925925925927 0.5640625 0.2425925925925927
0 0.5692708333333333 0.6805555555555557 0.4041666666666667 0.6805555555555556 0.4041666666666667 0.713888888888889 0.5692708333333333 0.7138888888888891
0 0.5692708333333333 0.7462962962962963 0.40260416666666665 0.7462962962962963 0.40260416666666665 0.7824074074074076 0.5692708333333333 0.7824074074074077
0 0.5645833333333333 0.24166666666666678 0.4088541666666667 0.24166666666666678 0.4088541666666667 0.2712962962962964 0.5645833333333333 0.2712962962962964
0 0.5697916666666667 0.8185185185185186 0.40208333333333335 0.8185185185185185 0.40208333333333335 0.8527777777777779 0.5697916666666667 0.852777777777778
0 0.5666666666666667 0.5157407407407408 0.40572916666666664 0.5157407407407407 0.40572916666666664 0.5481481481481483 0.5666666666666667 0.5481481481481484
0 0.5697916666666667 0.7824074074074076 0.40208333333333335 0.7824074074074074 0.40208333333333335 0.8166666666666668 0.5697916666666667 0.8166666666666669
0 0.5661458333333333 0.3611111111111112 0.4083333333333333 0.3611111111111112 0.4083333333333333 0.3925925925925927 0.5661458333333333 0.3925925925925927
0 0.5635416666666667 0.08981481481481492 0.4088541666666667 0.08981481481481489 0.4088541666666667 0.12222222222222233 0.5635416666666667 0.12222222222222233