0 0.92578125 0.41406250000000017 0.80126953125 0.41406250000000017 0.80126953125 0.43945312500000017 0.92578125 0.43945312500000017
0 0.92529296875 0.3899739583333335 0.80029296875 0.3899739583333335 0.80029296875 0.4153645833333335 0.92529296875 0.4153645833333335
0 0.92529296875 0.4381510416666668 0.80224609375 0.4381510416666668 0.80224609375 0.46484375000000017 0.92529296875 0.46484375000000017
0 0.576171875 0.43945312500000006 0.43505859375 0.439453125 0.43505859375 0.46679687500000006 0.576171875 0.46679687500000017
0 0.75927734375 0.4876302083333335 0.61767578125 0.4876302083333335 0.61767578125 0.5156250000000001 0.75927734375 0.5156250000000001
0 0.923828125 0.3658854166666668 0.79931640625 0.3658854166666668 0.79931640625 0.3912760416666668 0.923828125 0.3912760416666668
0 0.5771484375 0.46484375000000006 0.43701171875 0.46484375 0.43701171875 0.49088541666666674 0.5771484375 0.4908854166666668
0 0.9189453125 0.3190104166666668 0.798828125 0.3190104166666668 0.798828125 0.34179687500000017 0.9189453125 0.34179687500000017
0 0.7529296875 0.3873697916666668 0.61865234375 0.3873697916666668 0.61865234375 0.41406250000000017 0.7529296875 0.41406250000000017
0 0.75439453125 0.4114583333333335 0.619140625 0.4114583333333335 0.619140625 0.43945312500000017 0.75439453125 0.43945312500000017
0 0.57861328125 0.5390625000000001 0.43798828125 0.5390625 0.43798828125 0.5670572916666667 0.57861328125 0.5670572916666669
0 0.3906250000000001 0.6822916666666666 0.23291015625000006 0.6822916666666666 0.23291015625000006 0.7115885416666666 0.3906250000000001 0.7115885416666666
0 0.57666015625 0.41406250000000006 0.4365234375 0.4140625 0.4365234375 0.44140625000000006 0.57666015625 0.44140625000000017
0 0.751953125 0.2890625000000001 0.6171875 0.28906250000000006 0.6171875 0.3144531250000001 0.751953125 0.31445312500000017
0 0.921875 0.3424479166666668 0.79931640625 0.3424479166666668 0.79931640625 0.36718750000000017 0.921875 0.36718750000000017
0 0.39453125 0.27994791666666674 0.24169921875 0.27994791666666674 0.24169921875000003 0.30729166666666674 0.39453125 0.30729166666666674
0 0.931640625 0.5377604166666669 0.80517578125 0.5377604166666669 0.80517578125 0.5644531250000001 0.931640625 0.5644531250000001
0 0.9287109375 0.5136718750000001 0.80419921875 0.5136718750000001 0.80419921875 0.5403645833333335 0.9287109375 0.5403645833333335
0 0.76171875 0.5898437500000001 0.6220703125 0.5898437500000001 0.6220703125 0.6197916666666669 0.76171875 0.6197916666666669
0 0.19628906250000006 0.4322916666666667 0.03027343750000004 0.4322916666666667 0.03027343750000004 0.4615885416666667 0.19628906250000006 0.4615885416666667
0 0.19531250000000006 0.3522135416666667 0.03222656250000003 0.3522135416666667 0.032226562500000035 0.3815104166666667 0.19531250000000006 0.3815104166666667
0 0.93701171875 0.6386718750000001 0.80517578125 0.6386718750000001 0.80517578125 0.6673177083333335 0.93701171875 0.6673177083333336
0 0.19433593750000006 0.486328125 0.02929687500000004 0.486328125 0.029296875000000045 0.5169270833333334 0.19433593750000006 0.5169270833333334
0 0.19531250000000006 0.3248697916666667 0.03906250000000003 0.3248697916666667 0.03906250000000003 0.353515625 0.19531250000000006 0.353515625
0 0.5771484375 0.33789062500000006 0.43701171875 0.337890625 0.43701171875 0.36523437500000006 0.5771484375 0.36523437500000017
0 0.19677734375000003 0.2981770833333333 0.03222656250000003 0.2981770833333333 0.03222656250000003 0.3274739583333333 0.19677734375000006 0.3274739583333333
0 0.57861328125 0.5651041666666667 0.4365234375 0.5651041666666666 0.4365234375 0.5944010416666667 0.57861328125 0.5944010416666669
0 0.39501953125 0.4368489583333333 0.24365234375000006 0.4368489583333333 0.24365234375000006 0.4661458333333333 0.39501953125 0.4661458333333333
0 0.39501953125 0.4895833333333333 0.24023437500000006 0.4895833333333333 0.24023437500000006 0.51953125 0.39501953125 0.51953125
0 0.39160156250000006 0.599609375 0.24267578125000006 0.599609375 0.24267578125000006 0.6282552083333334 0.3916015625000001 0.6282552083333334
0 0.39208984375 0.3580729166666667 0.24218750000000006 0.3580729166666667 0.24218750000000006 0.3860677083333333 0.39208984375 0.3860677083333333
0 0.57666015625 0.3645833333333334 0.4365234375 0.3645833333333333 0.4365234375 0.39062500000000006 0.57666015625 0.39062500000000017
0 0.392578125 0.33268229166666674 0.24755859375000006 0.33268229166666674 0.24755859375000006 0.359375 0.392578125 0.359375
0 0.19287109375000006 0.5423177083333334 0.03076171875000005 0.5423177083333334 0.030761718750000052 0.572265625 0.19287109375000006 0.572265625
0 0.9189453125 0.29492187500000017 0.7978515625 0.29492187500000017 0.7978515625 0.31835937500000017 0.9189453125 0.31835937500000017
0 0.19531250000000006 0.3795572916666667 0.03759765625000004 0.3795572916666667 0.03759765625000004 0.4088541666666667 0.19531250000000006 0.4088541666666667
0 0.93408203125 0.5625000000000001 0.80615234375 0.5625000000000001 0.80615234375 0.5904947916666669 0.93408203125 0.5904947916666669
0 0.39453125 0.5442708333333334 0.24169921875000006 0.5442708333333334 0.24169921875000006 0.5735677083333334 0.39453125 0.5735677083333334
0 0.578125 0.5924479166666667 0.43701171875 0.5924479166666666 0.43701171875000006 0.6230468750000001 0.578125 0.6230468750000001
0 0.57666015625 0.3138020833333334 0.4375 0.3138020833333334 0.4375 0.33984375000000006 0.57666015625 0.33984375000000017
0 0.5771484375 0.4876302083333334 0.43701171875 0.4876302083333333 0.43701171875 0.5149739583333334 0.5771484375 0.5149739583333335
0 0.75732421875 0.46289062500000017 0.61865234375 0.46289062500000017 0.61865234375 0.49023437500000017 0.75732421875 0.49023437500000017
0 0.75244140625 0.33789062500000017 0.61767578125 0.33789062500000017 0.61767578125 0.36328125000000017 0.75244140625 0.36328125000000017
0 0.576171875 0.28906250000000006 0.43896484375 0.28906250000000006 0.43896484375 0.31510416666666674 0.576171875 0.31510416666666674
0 0.18994140625000006 0.623046875 0.030273437500000056 0.623046875 0.03027343750000006 0.6549479166666666 0.18994140625000006 0.6549479166666666
0 0.76123046875 0.5136718750000001 0.62060546875 0.5136718750000001 0.62060546875 0.5423177083333335 0.76123046875 0.5423177083333335
0 0.759765625 0.5371093750000001 0.62060546875 0.5371093750000001 0.62060546875 0.5664062500000001 0.759765625 0.5664062500000001
0 0.19042968750000006 0.6803385416666666 0.022460937500000062 0.6803385416666666 0.022460937500000062 0.7109375 0.19042968750000006 0.7109375
0 0.5791015625 0.6204427083333334 0.4375000000000001 0.6204427083333334 0.4375000000000001 0.6497395833333334 0.5791015625 0.6497395833333335
0 0.751953125 0.3619791666666668 0.61767578125 0.3619791666666668 0.61767578125 0.38867187500000017 0.751953125 0.38867187500000017
0 0.7529296875 0.3131510416666668 0.6181640625 0.31315104166666674 0.6181640625 0.33984375000000017 0.7529296875 0.33984375000000017
0 0.19091796875000006 0.5970052083333334 0.033203125000000056 0.5970052083333334 0.033203125000000056 0.6282552083333334 0.19091796875000006 0.6282552083333334
0 0.18994140625000006 0.6516927083333334 0.029296875000000062 0.6516927083333334 0.029296875000000062 0.6829427083333334 0.18994140625000006 0.6829427083333334
0 0.765625 0.6692708333333334 0.6240234375 0.6692708333333334 0.6240234375 0.6979166666666666 0.765625 0.6979166666666666
0 0.93310546875 0.5872395833333335 0.8037109375 0.5872395833333335 0.8037109375 0.6152343750000001 0.93310546875 0.6152343750000001
0 0.7626953125 0.6158854166666669 0.62255859375 0.6158854166666669 0.62255859375 0.6458333333333335 0.7626953125 0.6458333333333335
0 0.39306640625 0.4108072916666667 0.24169921875000006 0.4108072916666667 0.24169921875000006 0.439453125 0.39306640625 0.439453125
0 0.3930664062500001 0.654296875 0.23925781250000006 0.654296875 0.23925781250000006 0.685546875 0.3930664062500001 0.685546875
0 0.9287109375 0.4635416666666668 0.80224609375 0.4635416666666668 0.80224609375 0.49023437500000017 0.9287109375 0.49023437500000017
0 0.19482421875000006 0.4596354166666667 0.03662109375000004 0.4596354166666667 0.03662109375000004 0.490234375 0.19482421875000006 0.490234375
0 0.39208984375 0.3841145833333333 0.24658203125000006 0.3841145833333333 0.24658203125000006 0.412109375 0.39208984375 0.412109375
0 0.57666015625 0.38736979166666674 0.435546875 0.3873697916666667 0.435546875 0.41471354166666674 0.57666015625 0.4147135416666668
0 0.5771484375 0.5136718750000001 0.4375 0.513671875 0.4375 0.5416666666666667 0.5771484375 0.5416666666666669
0 0.3955078125 0.30533854166666674 0.24609375000000006 0.30533854166666674 0.24609375000000006 0.3333333333333333 0.3955078125 0.3333333333333333
0 0.93017578125 0.4876302083333335 0.80224609375 0.4876302083333335 0.80224609375 0.5143229166666669 0.93017578125 0.5143229166666669
0 0.19921875 0.24479166666666666 0.03808593750000003 0.24479166666666666 0.03808593750000003 0.2740885416666667 0.19921875 0.2740885416666667
0 0.39404296875 0.5162760416666666 0.24267578125000006 0.5162760416666666 0.24267578125000006 0.546875 0.39404296875 0.546875
0 0.75341796875 0.2643229166666668 0.61865234375 0.26432291666666674 0.61865234375 0.2884114583333334 0.75341796875 0.2884114583333335
0 0.39453125 0.2552083333333334 0.24365234375 0.2552083333333334 0.24365234375 0.2805989583333334 0.39453125 0.2805989583333334
0 0.19580078125000006 0.4049479166666667 0.03759765625000004 0.4049479166666667 0.03759765625000004 0.435546875 0.19580078125000006 0.435546875
0 0.3955078125 0.4635416666666667 0.24414062500000006 0.4635416666666667 0.24414062500000006 0.4915364583333333 0.3955078125 0.4915364583333333
0 0.19189453125000006 0.568359375 0.034179687500000056 0.568359375 0.034179687500000056 0.5989583333333334 0.19189453125000006 0.5989583333333334
0 0.1982421875 0.2721354166666667 0.04150390625000003 0.2721354166666667 0.04150390625000003 0.3014322916666667 0.1982421875 0.3014322916666667
0 0.93505859375 0.6119791666666669 0.80419921875 0.6119791666666669 0.80419921875 0.6412760416666669 0.93505859375 0.6412760416666669
0 0.76123046875 0.5638020833333335 0.62158203125 0.5638020833333335 0.62158203125 0.5930989583333335 0.76123046875 0.5930989583333335
0 0.3925781250000001 0.6243489583333334 0.24072265625000006 0.6243489583333334 0.24072265625000006 0.6549479166666666 0.3925781250000001 0.6549479166666666
0 0.755859375 0.4368489583333335 0.61865234375 0.4368489583333335 0.61865234375 0.4641927083333335 0.755859375 0.4641927083333335
0 0.19335937500000006 0.5130208333333334 0.03466796875000004 0.5130208333333334 0.03466796875000005 0.544921875 0.19335937500000006 0.544921875
0 0.57958984375 0.6458333333333334 0.4375000000000001 0.6458333333333334 0.4375000000000001 0.6764322916666666 0.57958984375 0.6764322916666666
0 0.763671875 0.6406250000000001 0.623046875 0.6406250000000001 0.623046875 0.6705729166666666 0.763671875 0.6705729166666666
0 0.3935546875 0.5709635416666666 0.24121093750000006 0.5709635416666666 0.24121093750000006 0.6009114583333334 0.3935546875 0.6009114583333334
0 0.5771484375 0.2649739583333334 0.4384765625 0.2649739583333334 0.4384765625 0.2884114583333334 0.5771484375 0.2884114583333334
0 0.919921875 0.2701822916666668 0.796875 0.2701822916666668 0.796875 0.29492187500000017 0.919921875 0.29492187500000017
0 0.58544921875 0.6751302083333334 0.4370117187500001 0.6751302083333334 0.4370117187500001 0.703125 0.58544921875 0.703125
0 0.9404296875 0.6660156250000001 0.8046875 0.6660156250000001 0.8046875 0.6933593750000001 0.9404296875 0.6933593750000003