0 0.7611111111111111 0.18125000000000002 0.29444444444444445 0.18125 0.29444444444444445 0.21718750000000003 0.7611111111111111 0.21718750000000006
0 0.7490740740740743 0.5640625 0.301851851851852 0.5640625 0.301851851851852 0.5963541666666666 0.7490740740740743 0.5963541666666666
0 0.7657407407407407 0.11979166666666671 0.2953703703703704 0.1197916666666667 0.2953703703703704 0.1541666666666667 0.7657407407407407 0.15416666666666673
0 0.7537037037037037 0.4244791666666667 0.30277777777777787 0.4244791666666667 0.30277777777777787 0.45729166666666665 0.7537037037037037 0.45729166666666665
0 0.7453703703703706 0.703125 0.30462962962962975 0.703125 0.3046296296296298 0.7359375 0.7453703703703706 0.7359375
0 0.7592592592592593 0.2432291666666667 0.2925925925925927 0.24322916666666666 0.2925925925925927 0.2791666666666667 0.7592592592592593 0.2791666666666667
0 0.7435185185185187 0.6484375 0.3000000000000001 0.6484375 0.3000000000000001 0.68125 0.7435185185185187 0.68125
0 0.7583333333333333 0.30364583333333334 0.2981481481481483 0.30364583333333334 0.2981481481481483 0.33958333333333335 0.7583333333333333 0.33958333333333335
0 0.7500000000000001 0.4796875 0.30277777777777787 0.4796875 0.30277777777777787 0.5130208333333334 0.7500000000000002 0.5130208333333334
0 0.7564814814814815 0.3640625 0.2962962962962964 0.3640625 0.2962962962962964 0.3984375 0.7564814814814815 0.3984375
0 0.7574074074074074 0.3932291666666667 0.29722222222222233 0.3932291666666667 0.29722222222222233 0.42916666666666664 0.7574074074074074 0.42916666666666664
0 0.7601851851851852 0.2119791666666667 0.3 0.21197916666666666 0.30000000000000004 0.2479166666666667 0.7601851851851852 0.24791666666666673
0 0.7453703703703706 0.61875 0.30092592592592604 0.61875 0.30092592592592604 0.6541666666666667 0.7453703703703706 0.6541666666666667
0 0.7472222222222225 0.5359375 0.29907407407407416 0.5359375 0.29907407407407416 0.5692708333333333 0.7472222222222225 0.5692708333333333
0 0.7611111111111111 0.2734375 0.29537037037037045 0.2734375 0.29537037037037045 0.3098958333333333 0.7611111111111111 0.3098958333333333
0 0.7537037037037038 0.4510416666666667 0.3037037037037038 0.4510416666666667 0.3037037037037038 0.48385416666666664 0.7537037037037039 0.48385416666666664
0 0.7481481481481483 0.6765625 0.3000000000000001 0.6765625 0.3000000000000001 0.7088541666666667 0.7481481481481483 0.7088541666666667
0 0.7490740740740743 0.5072916666666667 0.3037037037037038 0.5072916666666667 0.3037037037037038 0.5395833333333333 0.7490740740740743 0.5395833333333333
0 0.7592592592592593 0.334375 0.30092592592592604 0.334375 0.30092592592592604 0.3703125 0.7592592592592593 0.3703125
0 0.7620370370370371 0.15052083333333335 0.2972222222222222 0.15052083333333333 0.2972222222222222 0.18593750000000003 0.7620370370370371 0.18593750000000006
0 0.7407407407407409 0.784375 0.3000000000000002 0.784375 0.3000000000000002 0.815625 0.7407407407407409 0.815625
0 0.7472222222222225 0.7291666666666666 0.302777777777778 0.7291666666666666 0.302777777777778 0.7651041666666667 0.7472222222222225 0.7651041666666667
0 0.7453703703703706 0.7578125 0.3000000000000002 0.7578125 0.3000000000000002 0.7895833333333333 0.7453703703703706 0.7895833333333333
0 0.7453703703703706 0.5911458333333334 0.30092592592592604 0.5911458333333334 0.30092592592592604 0.6255208333333333 0.7453703703703706 0.6255208333333333
0 0.739814814814815 0.8104166666666667 0.29907407407407427 0.8104166666666667 0.29907407407407427 0.8432291666666667 0.739814814814815 0.8432291666666667
0 0.7333333333333335 0.8380208333333333 0.29907407407407427 0.8380208333333333 0.29907407407407427 0.86875 0.7333333333333335 0.86875
0 0.7342592592592595 0.8640625 0.29722222222222244 0.8640625 0.29722222222222244 0.896875 0.7342592592592595 0.896875