0 0.6139322916666669 0.7724609375 0.2506510416666668 0.7724609375 0.2506510416666668 0.8095703125 0.6139322916666669 0.8095703125
0 0.6139322916666669 0.7421875 0.24934895833333348 0.7421875 0.24934895833333348 0.7783203125 0.6139322916666669 0.7783203125
0 0.6184895833333335 0.71240234375 0.2513020833333335 0.71240234375 0.2513020833333335 0.7490234375 0.6184895833333335 0.7490234375
0 0.6269531250000001 0.5556640625 0.25976562500000006 0.5556640625 0.25976562500000006 0.59228515625 0.6269531250000001 0.59228515625
0 0.642578125 0.23486328125000003 0.27018229166666674 0.23486328125 0.27018229166666674 0.27343750000000006 0.642578125 0.2734375000000001
0 0.6165364583333335 0.80615234375 0.24674479166666682 0.80615234375 0.24674479166666682 0.841796875 0.6165364583333335 0.841796875
0 0.6412760416666666 0.20117187500000003 0.2630208333333333 0.201171875 0.26302083333333337 0.24072265625000003 0.6412760416666666 0.24072265625000006
0 0.6165364583333335 0.6162109375 0.2513020833333334 0.6162109375 0.2513020833333334 0.65283203125 0.6165364583333335 0.65283203125
0 0.6152343750000001 0.68115234375 0.2506510416666668 0.68115234375 0.2506510416666668 0.71728515625 0.6152343750000001 0.71728515625
0 0.6197916666666669 0.6494140625 0.25455729166666674 0.6494140625 0.2545572916666668 0.68505859375 0.6197916666666669 0.68505859375
0 0.630859375 0.29882812500000006 0.26953125000000006 0.298828125 0.26953125000000006 0.33935546875000006 0.630859375 0.3393554687500001
0 0.6204427083333335 0.5869140625 0.26236979166666674 0.5869140625 0.26236979166666674 0.62255859375 0.6204427083333335 0.62255859375
0 0.6223958333333335 0.46142578125000006 0.2630208333333334 0.46142578125 0.2630208333333334 0.49804687500000006 0.6223958333333335 0.4980468750000001
0 0.6328125 0.33300781250000006 0.26627604166666674 0.3330078125 0.26627604166666674 0.37060546875000006 0.6328125 0.3706054687500001
0 0.6256510416666669 0.49316406250000006 0.26236979166666674 0.4931640625 0.26236979166666674 0.52880859375 0.6256510416666669 0.52880859375
0 0.63671875 0.26660156250000006 0.27148437500000006 0.2666015625 0.27148437500000006 0.30517578125000006 0.63671875 0.3051757812500001
0 0.6302083333333334 0.39697265625000006 0.26432291666666674 0.39697265625 0.26432291666666674 0.43554687500000006 0.6302083333333334 0.4355468750000001
0 0.6295572916666667 0.42871093750000006 0.2630208333333334 0.4287109375 0.2630208333333334 0.46533203125000006 0.6295572916666669 0.4653320312500001
0 0.6263020833333335 0.5244140625 0.2630208333333334 0.5244140625 0.2630208333333334 0.56103515625 0.6263020833333335 0.56103515625
0 0.6328125 0.36474609375000006 0.2669270833333334 0.36474609375 0.2669270833333334 0.40332031250000006 0.6328125 0.4033203125000001
0 0.6132812500000001 0.8359375 0.2526041666666668 0.8359375 0.2526041666666668 0.87939453125 0.6132812500000001 0.87939453125
0 0.6556377032135239 0.043729639959476034 0.2673043404947917 0.02277879833984377 0.2640782272572237 0.05641487733135564 0.6524115899759559 0.0773657189509879
0 0.6552859498683609 0.07532976436949146 0.26645245638020837 0.05938582617187504 0.2639532608798539 0.09366977372694756 0.6527867543680064 0.10961371192456397
0 0.6555830741122528 0.1103499172917157 0.26719228515625 0.09314620361328127 0.2644364773597479 0.12814218420033316 0.6528272663157507 0.14534589787876756
0 0.6530227820080236 0.14318389812445484 0.2694972044270833 0.12520391552734378 0.2666212454020199 0.15971116046648087 0.6501468229829602 0.17769114306359196
0 0.6490411559440775 0.17463659087872363 0.26564824674479165 0.15949635058593753 0.26307628365197105 0.1961315506429002 0.6464691928512568 0.2112717909356863