0 0.92236328125 0.3841145833333335 0.79345703125 0.3841145833333335 0.79345703125 0.4075520833333335 0.92236328125 0.4075520833333335
0 0.4008789062500001 0.6171875 0.2636718750000001 0.6171875 0.2636718750000001 0.638671875 0.4008789062500001 0.638671875
0 0.21923828125000006 0.6171875 0.08007812500000006 0.6171875 0.08007812500000006 0.6399739583333334 0.21923828125000006 0.6399739583333334
0 0.75390625 0.3066406250000001 0.6181640625 0.30664062500000006 0.6181640625 0.3307291666666668 0.75390625 0.3307291666666668
0 0.9208984375 0.40820312500000017 0.79248046875 0.40820312500000017 0.79248046875 0.4309895833333335 0.9208984375 0.4309895833333335
0 0.9130859375 0.6009114583333335 0.7880859375 0.6009114583333335 0.7880859375 0.6217447916666669 0.9130859375 0.6217447916666669
0 0.40283203125 0.4700520833333333 0.263671875 0.4700520833333333 0.263671875 0.4928385416666667 0.40283203125 0.4928385416666667
0 0.74658203125 0.47851562500000017 0.6142578125 0.47851562500000017 0.6142578125 0.5013020833333335 0.74658203125 0.5013020833333335
0 0.21777343750000006 0.5924479166666666 0.07910156250000006 0.5924479166666666 0.07910156250000006 0.6145833333333334 0.21777343750000006 0.6145833333333334
0 0.39990234375000006 0.5930989583333334 0.26416015625 0.5930989583333334 0.26416015625000006 0.6139322916666666 0.3999023437500001 0.6139322916666666
0 0.572265625 0.5462239583333334 0.4404296875 0.5462239583333334 0.4404296875 0.5670572916666667 0.572265625 0.5670572916666669
0 0.40234375 0.3444010416666667 0.26220703125 0.3444010416666667 0.26220703125 0.3671875 0.40234375 0.3671875
0 0.92333984375 0.3600260416666668 0.79443359375 0.3600260416666668 0.79443359375 0.38281250000000017 0.92333984375 0.38281250000000017
0 0.91552734375 0.5768229166666669 0.78857421875 0.5768229166666669 0.78857421875 0.5983072916666669 0.91552734375 0.5983072916666669
0 0.74853515625 0.45312500000000017 0.61474609375 0.45312500000000017 0.61474609375 0.47656250000000017 0.74853515625 0.47656250000000017
0 0.21777343750000006 0.6419270833333334 0.08007812500000006 0.6419270833333334 0.08007812500000006 0.6640625 0.21777343750000006 0.6640625
0 0.4013671875 0.4954427083333333 0.263671875 0.4954427083333333 0.263671875 0.5162760416666666 0.4013671875 0.5162760416666666
0 0.21875000000000006 0.369140625 0.07861328125000003 0.369140625 0.07861328125000003 0.392578125 0.21875000000000006 0.392578125
0 0.40478515625 0.31835937500000006 0.26220703125 0.31835937500000006 0.26220703125 0.341796875 0.40478515625 0.341796875
0 0.21923828125000006 0.4934895833333333 0.08056640625000006 0.4934895833333333 0.08056640625000006 0.5169270833333334 0.21923828125000006 0.5169270833333334
0 0.5712890625 0.5930989583333334 0.44091796875 0.5930989583333334 0.44091796875000006 0.6139322916666667 0.5712890625 0.6139322916666669
0 0.4033203125 0.4440104166666667 0.263671875 0.4440104166666667 0.263671875 0.4674479166666667 0.4033203125 0.4674479166666667
0 0.74658203125 0.5019531250000001 0.61328125 0.5019531250000001 0.61328125 0.5247395833333335 0.74658203125 0.5247395833333335
0 0.2177734375 0.267578125 0.07275390625000003 0.267578125 0.07275390625000003 0.2903645833333333 0.2177734375 0.2903645833333333
0 0.9169921875 0.5299479166666669 0.79052734375 0.5299479166666669 0.79052734375 0.5507812500000001 0.9169921875 0.5507812500000001
0 0.4008789062500001 0.6419270833333334 0.2636718750000001 0.6419270833333334 0.2636718750000001 0.6634114583333334 0.4008789062500001 0.6634114583333334
0 0.21875000000000006 0.3430989583333333 0.07763671875000003 0.3430989583333333 0.07763671875000003 0.3671875 0.21875000000000006 0.3671875
0 0.21777343750000006 0.3196614583333333 0.07714843750000003 0.3196614583333333 0.07714843750000003 0.3404947916666667 0.21777343750000006 0.3404947916666667
0 0.40283203125 0.26822916666666674 0.25927734375 0.26822916666666674 0.25927734375 0.2903645833333334 0.40283203125 0.2903645833333334
0 0.21972656250000006 0.443359375 0.08007812500000003 0.443359375 0.08007812500000004 0.466796875 0.21972656250000006 0.466796875
0 0.57568359375 0.35026041666666674 0.44091796875 0.3502604166666667 0.44091796875 0.3763020833333334 0.57568359375 0.3763020833333335
0 0.7509765625 0.40429687500000017 0.61669921875 0.40429687500000017 0.61669921875 0.42773437500000017 0.7509765625 0.42773437500000017
0 0.74609375 0.5266927083333335 0.61328125 0.5266927083333335 0.61328125 0.5488281250000001 0.74609375 0.5488281250000001
0 0.5703125 0.6406250000000001 0.4394531250000001 0.640625 0.4394531250000001 0.6614583333333334 0.5703125 0.6614583333333335
0 0.22021484375000006 0.46875 0.08105468750000006 0.46875 0.08105468750000006 0.4915364583333333 0.22021484375000006 0.4915364583333333
0 0.57275390625 0.5221354166666667 0.4404296875 0.5221354166666666 0.4404296875 0.5436197916666667 0.57275390625 0.5436197916666669
0 0.74951171875 0.4290364583333335 0.6162109375 0.4290364583333335 0.6162109375 0.4518229166666668 0.74951171875 0.4518229166666668
0 0.923828125 0.2845052083333335 0.79345703125 0.2845052083333335 0.79345703125 0.3072916666666668 0.923828125 0.3072916666666668
0 0.57421875 0.45117187500000006 0.44287109375 0.451171875 0.44287109375 0.47265625000000006 0.57421875 0.47265625000000017
0 0.5732421875 0.47656250000000006 0.4423828125 0.4765625 0.4423828125 0.49609375000000006 0.5732421875 0.49609375000000017
0 0.92333984375 0.3346354166666668 0.79541015625 0.3346354166666668 0.79541015625 0.3580729166666668 0.92333984375 0.3580729166666668
0 0.57421875 0.40299479166666674 0.43994140625 0.4029947916666667 0.43994140625 0.42578125000000006 0.57421875 0.42578125000000017
0 0.91650390625 0.5540364583333335 0.7900390625 0.5540364583333335 0.7900390625 0.5742187500000001 0.91650390625 0.5742187500000001
0 0.21777343750000006 0.5670572916666666 0.08007812500000006 0.5670572916666666 0.08007812500000006 0.5904947916666666 0.21777343750000006 0.5904947916666666
0 0.7548828125 0.2805989583333334 0.6201171875 0.2805989583333334 0.6201171875 0.3040364583333334 0.7548828125 0.3040364583333335
0 0.57177734375 0.6171875000000001 0.4409179687500001 0.6171875 0.4409179687500001 0.6373697916666667 0.57177734375 0.6373697916666669
0 0.9111328125 0.6250000000000001 0.78857421875 0.6250000000000001 0.78857421875 0.6445312500000001 0.9111328125 0.6445312500000001
0 0.92041015625 0.4322916666666668 0.7919921875 0.4322916666666668 0.7919921875 0.4557291666666668 0.92041015625 0.4557291666666668
0 0.57275390625 0.5696614583333334 0.44091796875 0.5696614583333334 0.44091796875 0.5904947916666667 0.57275390625 0.5904947916666669
0 0.90869140625 0.6477864583333335 0.78662109375 0.6477864583333335 0.78662109375 0.6673177083333335 0.90869140625 0.6673177083333336
0 0.57666015625 0.3255208333333334 0.44189453125 0.3255208333333334 0.44189453125 0.34960937500000006 0.57666015625 0.34960937500000017
0 0.57421875 0.42838541666666674 0.44287109375 0.4283854166666667 0.44287109375 0.44986979166666674 0.57421875 0.4498697916666668
0 0.572265625 0.4973958333333334 0.44091796875 0.4973958333333333 0.44091796875 0.5195312500000001 0.572265625 0.5195312500000001
0 0.4013671875 0.4192708333333333 0.26318359375 0.4192708333333333 0.26318359375 0.4427083333333333 0.4013671875 0.4427083333333333
0 0.40185546875 0.3697916666666667 0.2626953125 0.3697916666666667 0.2626953125 0.392578125 0.40185546875 0.392578125
0 0.21875000000000006 0.392578125 0.07910156250000003 0.392578125 0.07910156250000003 0.416015625 0.21875000000000006 0.416015625
0 0.21875000000000006 0.4192708333333333 0.07861328125000003 0.4192708333333333 0.07861328125000003 0.443359375 0.21875000000000006 0.443359375
0 0.92431640625 0.3098958333333335 0.79248046875 0.3098958333333335 0.79248046875 0.3333333333333335 0.92431640625 0.3333333333333335
0 0.57373046875 0.37760416666666674 0.43994140625 0.3776041666666667 0.43994140625 0.40104166666666674 0.57373046875 0.4010416666666668
0 0.9169921875 0.4811197916666668 0.78955078125 0.4811197916666668 0.78955078125 0.5039062500000001 0.9169921875 0.5039062500000001
0 0.21826171875000006 0.54296875 0.08007812500000006 0.54296875 0.08007812500000006 0.56640625 0.21826171875000006 0.56640625
0 0.21875000000000006 0.5182291666666666 0.08105468750000006 0.5182291666666666 0.08105468750000006 0.5403645833333334 0.21875000000000006 0.5403645833333334
0 0.91796875 0.45703125000000017 0.7919921875 0.45703125000000017 0.7919921875 0.4791666666666668 0.91796875 0.4791666666666668
0 0.57763671875 0.27734375000000006 0.4453125 0.27734375000000006 0.4453125 0.29947916666666674 0.57763671875 0.29947916666666674
0 0.91748046875 0.5058593750000001 0.79150390625 0.5058593750000001 0.79150390625 0.5273437500000001 0.91748046875 0.5273437500000001
0 0.74365234375 0.6471354166666669 0.61083984375 0.6471354166666669 0.61083984375 0.6686197916666666 0.74365234375 0.6686197916666666
0 0.39990234375 0.5690104166666666 0.26416015625 0.5690104166666666 0.26416015625 0.5891927083333334 0.39990234375 0.5891927083333334
0 0.7451171875 0.5755208333333335 0.6123046875 0.5755208333333335 0.6123046875 0.5970052083333335 0.7451171875 0.5970052083333335
0 0.75146484375 0.3795572916666668 0.61767578125 0.3795572916666668 0.61767578125 0.4036458333333335 0.75146484375 0.4036458333333335
0 0.4013671875 0.5201822916666666 0.2646484375 0.5201822916666666 0.2646484375 0.541015625 0.4013671875 0.541015625
0 0.74365234375 0.6230468750000001 0.609375 0.6230468750000001 0.609375 0.6438802083333335 0.74365234375 0.6438802083333335
0 0.74462890625 0.5996093750000001 0.6103515625 0.5996093750000001 0.6103515625 0.6210937500000001 0.74462890625 0.6210937500000001
0 0.75244140625 0.3561197916666668 0.6171875 0.3561197916666668 0.6171875 0.3795572916666668 0.75244140625 0.3795572916666668
0 0.74609375 0.5514322916666669 0.61376953125 0.5514322916666669 0.61376953125 0.5729166666666669 0.74609375 0.5729166666666669
0 0.40185546875 0.3938802083333333 0.26416015625 0.3938802083333333 0.26416015625 0.4173177083333333 0.40185546875 0.4173177083333333
0 0.4018554687500001 0.66796875 0.2636718750000001 0.66796875 0.2636718750000001 0.6881510416666666 0.4018554687500001 0.6881510416666666
0 0.4033203125 0.29296875000000006 0.26123046875 0.29296875000000006 0.26123046875 0.3177083333333334 0.4033203125 0.3177083333333334
0 0.400390625 0.5442708333333334 0.26171875 0.5442708333333334 0.26171875 0.56640625 0.400390625 0.56640625
0 0.5771484375 0.30078125000000006 0.44287109375 0.30078125000000006 0.44287109375 0.32486979166666674 0.5771484375 0.32486979166666674
0 0.21826171875000003 0.29296875 0.07519531250000003 0.29296875 0.07519531250000003 0.3170572916666667 0.21826171875000006 0.3170572916666667
0 0.75341796875 0.3313802083333334 0.6181640625 0.3313802083333334 0.6181640625 0.35546875000000017 0.75341796875 0.35546875000000017
0 0.5693359375 0.6666666666666666 0.4404296875000001 0.6666666666666666 0.4404296875000001 0.6848958333333334 0.5693359375 0.6848958333333334
0 0.21875000000000006 0.6686197916666666 0.08105468750000006 0.6686197916666666 0.08105468750000006 0.6888020833333334 0.21875000000000006 0.6888020833333334
0 0.90966796875 0.6718750000000001 0.78564453125 0.671875 0.78564453125 0.6914062500000001 0.90966796875 0.6914062500000003
0 0.7421875 0.6725260416666666 0.60498046875 0.6725260416666666 0.60498046875 0.6927083333333334 0.7421875 0.6927083333333334