0 0.7379629629629632 0.6890625 0.25462962962962976 0.6890625 0.25462962962962976 0.71875 0.7379629629629632 0.71875
0 0.7268518518518521 0.7765625 0.25925925925925947 0.7765625 0.25925925925925947 0.8041666666666667 0.7268518518518521 0.8041666666666667
0 0.7953703703703704 0.14427083333333338 0.25 0.14427083333333332 0.25 0.17864583333333336 0.7953703703703704 0.1786458333333334
0 0.7240740740740743 0.8052083333333333 0.26111111111111135 0.8052083333333333 0.26111111111111135 0.8328125 0.7240740740740743 0.8328125
0 0.7305555555555557 0.7203125 0.2564814814814816 0.7203125 0.25648148148148164 0.7489583333333333 0.7305555555555557 0.7489583333333333
0 0.7546296296296297 0.44583333333333336 0.25185185185185194 0.44583333333333336 0.25185185185185194 0.478125 0.7546296296296297 0.478125
0 0.7666666666666667 0.3489583333333333 0.25462962962962976 0.3489583333333333 0.25462962962962976 0.38177083333333334 0.7666666666666667 0.38177083333333334
0 0.7453703703703706 0.5088541666666667 0.25740740740740753 0.5088541666666667 0.25740740740740753 0.5380208333333333 0.7453703703703706 0.5380208333333333
0 0.7416666666666669 0.5994791666666667 0.25462962962962976 0.5994791666666667 0.25462962962962976 0.6291666666666667 0.7416666666666669 0.6291666666666667
0 0.7675925925925926 0.31302083333333336 0.2527777777777779 0.31302083333333336 0.2527777777777779 0.34791666666666665 0.7675925925925926 0.34791666666666665
0 0.7759259259259259 0.24583333333333338 0.25555555555555565 0.24583333333333332 0.25555555555555565 0.28125 0.7759259259259259 0.28125
0 0.7388888888888892 0.6598958333333333 0.25092592592592605 0.6598958333333333 0.25092592592592605 0.6895833333333333 0.7388888888888892 0.6895833333333333
0 0.7444444444444447 0.5692708333333333 0.25555555555555565 0.5692708333333333 0.25555555555555565 0.6 0.7444444444444447 0.6
0 0.7712962962962963 0.28072916666666664 0.25092592592592605 0.28072916666666664 0.25092592592592605 0.315625 0.7712962962962963 0.315625
0 0.7546296296296298 0.4765625 0.2564814814814816 0.4765625 0.2564814814814816 0.5078125 0.7546296296296299 0.5078125
0 0.7657407407407407 0.38229166666666664 0.2537037037037038 0.38229166666666664 0.2537037037037038 0.415625 0.7657407407407407 0.415625
0 0.7814814814814814 0.17708333333333337 0.25462962962962965 0.17708333333333334 0.25462962962962965 0.21250000000000002 0.7814814814814814 0.21250000000000005
0 0.7379629629629632 0.6296875 0.25185185185185194 0.6296875 0.25185185185185194 0.659375 0.7379629629629632 0.659375
0 0.7490740740740743 0.5375 0.25462962962962976 0.5375 0.25462962962962976 0.56875 0.7490740740740743 0.56875
0 0.7907407407407407 0.10625000000000004 0.25462962962962965 0.10625000000000002 0.25462962962962965 0.14270833333333335 0.7907407407407407 0.14270833333333338
0 0.7564814814814815 0.41354166666666664 0.2564814814814816 0.41354166666666664 0.2564814814814816 0.4453125 0.7564814814814815 0.4453125
0 0.7305555555555557 0.7494791666666667 0.25555555555555576 0.7494791666666667 0.25555555555555576 0.7770833333333333 0.7305555555555557 0.7770833333333333
0 0.7805555555555556 0.21250000000000002 0.25462962962962965 0.2125 0.2546296296296297 0.24739583333333337 0.7805555555555556 0.2473958333333334
0 0.727777777777778 0.8338541666666667 0.25925925925925947 0.8338541666666667 0.25925925925925947 0.8609375 0.727777777777778 0.8609375
0 0.7305555555555557 0.8604166666666667 0.26111111111111135 0.8604166666666667 0.26111111111111135 0.8864583333333333 0.7305555555555557 0.8864583333333333
0 0.7324074074074076 0.8864583333333333 0.264814814814815 0.8864583333333333 0.264814814814815 0.9161458333333333 0.7324074074074076 0.9161458333333333
0 0.7920333333333334 0.06772343750000004 0.25001054820839036 0.0631369311011892 0.24895511193483322 0.10260197673633002 0.7909778970597763 0.10718848313514086