0 0.7439804286226501 0.09059922757970676 0.7369093680555554 0.04930465673828126 0.17883174250911624 0.0795411390909239 0.1859028030762109 0.1208357099323494
0 0.742297357933275 0.13275723135491863 0.7359006536458333 0.09131029394531248 0.18519735393046777 0.1182025081103845 0.19159405821790937 0.15964944551999066
0 0.7401386607413865 0.17260980551275001 0.7348919392361112 0.13388357861328126 0.18727957999318462 0.15735833650005732 0.1925263014984599 0.19608456339952607
0 0.7456660903656832 0.21185734889526553 0.7409450980902779 0.17188186279296874 0.2004942585926503 0.19207671995239076 0.2052152508680556 0.23205220605468752
0 0.748744279134207 0.2497745427803676 0.744980828125 0.2121166665039063 0.20371071167318203 0.22923216476189107 0.20747416268238905 0.26689004103835234
0 0.7460282155213966 0.28899180827237064 0.742962962673611 0.2518178920898437 0.21691755639053387 0.2655423839898174 0.21998280923831948 0.30271630017234435
0 0.742294757311296 0.32491410126380327 0.7399363836805555 0.28814705859375 0.2282123555344029 0.29853273470760644 0.23057072916514335 0.3352997773776597
0 0.7318649236111111 0.3602377451171875 0.7298470590277778 0.32390857861328126 0.2297897796107229 0.3326968081416652 0.2318076441940562 0.3690259746455714
0 0.7391425402693843 0.3925560965685563 0.7379185182291667 0.359102451171875 0.2337956227501926 0.36493861217563384 0.23501964479041013 0.3983922575723151
0 0.743971677951389 0.4271519609375001 0.7434772812722421 0.3936492060924385 0.24952399334366382 0.3959555600509052 0.2500183900228107 0.4294583148959668
0 0.7390448430430815 0.4583697581715334 0.7389272335069444 0.4271519609375 0.2549477586540452 0.427728876532958 0.2550653681901822 0.4589466737669914
0 0.7480074071180555 0.490126470703125 0.747892879664882 0.4594691395233845 0.261402668849502 0.4600441747059173 0.2615171963026753 0.4907015058856578
0 0.7439843745504297 0.49126189607934795 0.268675381076389 0.4912007353515625 0.26866268447734826 0.5224209471823708 0.743971677951389 0.5224821079101563
0 0.7500252725694446 0.5213468139648438 0.27432331163194457 0.520700490234375 0.2741965494684504 0.5502207065992811 0.7498985104059505 0.5508670303297499
0 0.7530568419252908 0.55310104046352 0.280883224826389 0.547424509765625 0.2798695200538762 0.5741038613919487 0.7520431371527779 0.5797803920898438
0 0.7490165581597223 0.5837539213867188 0.28481220052083345 0.5778848037109374 0.2837672898004635 0.6040341378315517 0.7479716474393524 0.609903255507333
0 0.7569381175570798 0.8490987135367559 0.3267673203125001 0.8247757353515626 0.32275007496363955 0.8472558014689153 0.7529208722082192 0.8715787796541087
0 0.7506719910180935 0.8217189632986592 0.3235398689236113 0.8052605390625 0.32087528502357365 0.8271405952950909 0.7480074071180557 0.8435990195312502
0 0.7441424646655933 0.7979158222418262 0.32596078472222245 0.7780299018554689 0.3223692622989153 0.8019268775799178 0.7405509422422861 0.821812797966275
0 0.7394027417017196 0.7739187269741055 0.32426623090277795 0.7573171567382814 0.32177285725661414 0.7770447534946447 0.7369093680555558 0.7936463237304688
0 0.7367464112064016 0.7477346140121303 0.3219263619791668 0.7326453432617188 0.31906273983526534 0.7575541115738074 0.7338827890625002 0.7726433823242188
0 0.7428619188588331 0.7221915785959125 0.3130514157986113 0.7058686274414063 0.3101258806203339 0.7302427348806501 0.7399363836805557 0.7465656860351563
0 0.7516563341275508 0.6944892690154214 0.30578954253472235 0.6804534311523438 0.3031497665668941 0.7069859761017664 0.7490165581597226 0.721021813964844
0 0.7442974528146332 0.6660269961293734 0.29449411805555564 0.6532227939453125 0.2921509135048115 0.679267856409689 0.741954248263889 0.6920720585937501
0 0.7402876868692168 0.6376179311135817 0.2928806102430557 0.6300767158203127 0.29152015688078353 0.6556149121481373 0.7389272335069447 0.6631561274414063
0 0.7449808281250001 0.6109328432617188 0.28884618750000013 0.6023924018554687 0.28727111480627854 0.6290093583056958 0.7434057554312785 0.6375497997119459