0 0.6996305555555555 0.19833958349609376 0.25067777777777783 0.19694791650390628 0.25038754174194067 0.22657314601107792 0.6993403195197184 0.2279648130032654
0 0.6985101848958333 0.22922265625000002 0.2500754626736112 0.2275143227539063 0.24974899358283162 0.2546295781561917 0.6981837158050538 0.25633791165228537
0 0.6581824071180556 0.8144205727539063 0.2743958333333335 0.8089786459960938 0.2734200673287914 0.8307521247552884 0.6572066411135137 0.8361940515131009
0 0.6587425928819446 0.7911005209960936 0.2749875000000001 0.7874742187499999 0.27434357661379516 0.8090352438391143 0.6580986694957397 0.812661546085208
0 0.6587425928819447 0.7696903647460938 0.27389212934027785 0.7669440102539062 0.27339450668042886 0.7890078259815734 0.6582449702220957 0.7917541804737609
0 0.6637837960069446 0.7479460937499999 0.27443379600694456 0.7445085937499999 0.2738440967704766 0.7656421746763906 0.6631940967704765 0.7690796746763906
0 0.6660240737847224 0.7239960937500002 0.2750189817708335 0.7211239584960939 0.2745067593752536 0.7431878006542244 0.6655118513891424 0.7460599359081307
0 0.6649037039930558 0.7013440102539064 0.2738356484375001 0.6984132812500001 0.27332062166114784 0.7201578872011936 0.6643886772167035 0.7230886162050998
0 0.6649037039930557 0.6770789062499999 0.2738736111111113 0.6756664062499999 0.273610919497968 0.6986762137633407 0.6646410123799122 0.7000887137633407
0 0.6694805555555556 0.6533369790039063 0.2710791666666668 0.6520171875 0.27083826169356506 0.6750266426238778 0.6692396505824538 0.6763464341277841
0 0.6929092595486112 0.25758489599609374 0.25216203732638887 0.25731718749999993 0.2521081958750509 0.28536437005196535 0.6928554180972731 0.28563207854805917
0 0.695149537326389 0.28746588525390626 0.25386805555555564 0.28690989599609373 0.2537550950967827 0.31527737899065056 0.695036576867616 0.3158333682484631
0 0.6908970420636851 0.31677556545184116 0.2543773151041668 0.3155971352539063 0.25414879126964857 0.3423812050559715 0.6906685182291669 0.34355963525390637
0 0.6906685182291669 0.3454505209960938 0.25714629600694455 0.3439223959960938 0.2568583404305246 0.3697701630018712 0.6903805626527468 0.3712982880018712
0 0.6889884262152778 0.37127265625 0.260003240451389 0.3704 0.25983298189426746 0.39688214099878816 0.6888181676581562 0.39775479724878815
0 0.685627777777778 0.3992817709960938 0.2610671293402778 0.39781953125 0.26077884891240066 0.4243033962184945 0.6853394973499007 0.4257656359645883
0 0.6817069444444447 0.42699479150390623 0.25994027777777784 0.42618463525390626 0.25978844751745994 0.45119424164864014 0.6815551141841268 0.4520043978986401
0 0.6697737203727477 0.6290754639427764 0.2699712960069446 0.6273940102539064 0.26967813118975265 0.6494495360572239 0.6694805555555559 0.6511309897460938
0 0.6734013888888889 0.6051403647460938 0.2693925928819445 0.6024630209960937 0.26892380428995455 0.6248455303120586 0.672932600296899 0.6275228740620586
0 0.6722810182291667 0.5799486977539062 0.2677189817708334 0.5778502602539063 0.2673281731633425 0.6016898217115947 0.6718902096216758 0.6037882592115946
0 0.6760949690744057 0.5557249454155977 0.2666430555555557 0.5532705727539063 0.2661897531478168 0.5771979710883086 0.6756416666666668 0.57965234375
0 0.6745217595486113 0.5295648437500001 0.26608287065972236 0.5283322915039063 0.2658393779189503 0.5538624094002156 0.6742782668078392 0.5550949616463094
0 0.680942286541548 0.4523991221226376 0.2616333333333334 0.45108307275390624 0.26137391745150773 0.47723499213517495 0.6806828706597224 0.4785510415039063
0 0.6790023151041669 0.4797927084960938 0.2621620373263891 0.47754270849609376 0.26176404233523465 0.500872444183638 0.6786043201130123 0.5031224441836379
0 0.675058791958359 0.5065873612152629 0.26440231510416684 0.5034229165039062 0.26385760949584014 0.5257889033487737 0.6745140863500323 0.5289533480601304
0 0.7017375000000001 0.16577031250000007 0.2468194444444445 0.16392057275390629 0.24640713044396786 0.1960051027057578 0.7013251859995235 0.1978548424518516
0 0.6567486441778123 0.8377312234442907 0.27455833333333357 0.8331778647460938 0.2737518184957992 0.8545971622978968 0.6559421293402781 0.8591505209960938