0 0.6629574071180556 0.22298697900390624 0.3250555555555555 0.22023463525390624 0.32448781661492715 0.24228834399452312 0.6623896681774273 0.24504068774452312
0 0.6614708333333333 0.24637369775390625 0.3231314817708333 0.24288541650390624 0.3224582536821299 0.2635462719953194 0.6607976052446299 0.2670345532453194
0 0.6599837960069445 0.2678421875 0.3213675928819445 0.2652578125 0.3208223065304179 0.28786371684032047 0.6594385096554178 0.29044809184032044
0 0.6302699071180556 0.70939609375 0.32545462934027797 0.7015057290039063 0.32412922588612414 0.7177063925459338 0.6289445036639019 0.7255967572920275
0 0.6302699071180556 0.6896005209960938 0.32536620399305566 0.6831869790039062 0.32419803283759996 0.700758780494961 0.6291017359626 0.7071723224871486
0 0.6312618240927473 0.6712082303575402 0.3238796293402779 0.6656244790039062 0.3228877123655862 0.6829016651502723 0.6302699071180556 0.6884854165039063
0 0.6322728036776644 0.6516912776111223 0.3233398151041668 0.6463145834960937 0.32232812253761367 0.6647071598888776 0.6312611111111112 0.6700838540039062
0 0.6337388888888891 0.6341174477539062 0.3237467595486112 0.6283989584960937 0.322719530075319 0.6460179839479059 0.6327116594155968 0.6517364732057184
0 0.6337388888888892 0.6146174477539063 0.32478631618608983 0.609749970697787 0.3238684504616321 0.6281836534525201 0.6328210231644315 0.6330511305086394
0 0.6352254626736112 0.5970690102539062 0.3237912039930557 0.5918356772460938 0.32287043759283907 0.6091730198124778 0.6343046962733946 0.6144063528202903
0 0.6367120373263889 0.577028125 0.32441944444444454 0.5726552084960937 0.3236407486417569 0.5902507803464796 0.6359333415237013 0.5946236968503859
0 0.6589930555555555 0.2912622397460938 0.3240574071180557 0.2873158852539062 0.32332933592178603 0.30686756985278035 0.658264984359286 0.3108139243449679
0 0.6555240737847221 0.3129927084960938 0.3204106484375001 0.3090799477539063 0.3196588398048307 0.3294532250480324 0.6547722651520528 0.3333659857902199
0 0.6540375 0.3347065102539063 0.32257037065972227 0.33061484375000005 0.3218142468118108 0.3499959350613612 0.6532813761520885 0.3540876015652674
0 0.6525509262152778 0.3556005209960938 0.32176481510416677 0.3517963540039063 0.32104436577591156 0.3716178389814353 0.6518304768870224 0.3754220059736228
0 0.637703240451389 0.5572325522460938 0.32499477649107456 0.5526634110596693 0.3241693106276849 0.5705385419209807 0.6368777745879993 0.5751076831074052
0 0.6401810182291668 0.5377325522460937 0.32491481510416675 0.5317856772460937 0.3237970548398009 0.5505348593260984 0.639063257964801 0.5564817343260984
0 0.6401810182291666 0.51849453125 0.32315462934027794 0.5132375 0.32217303915545153 0.5319671695830042 0.6391994280443404 0.5372242008330042
0 0.6411717595486113 0.49869921875000006 0.3230662039930557 0.49360468750000003 0.3221614231496213 0.5114800753556914 0.640266978705177 0.5165746066056914
0 0.6421629626736114 0.4789203125000001 0.3220750000000001 0.4743197915039063 0.3212510267165416 0.49245909089972933 0.6413389893901528 0.49705961189582315
0 0.6416675928819445 0.4594369790039063 0.3238230534069805 0.45393649383069934 0.322831849413925 0.4720591500806994 0.640676388888889 0.4775596352539063
0 0.6461273151041667 0.43826406250000005 0.3214462960069445 0.43484427099609374 0.32080472969371354 0.45411702940223236 0.6454857487909356 0.4575368209061387
0 0.6461087960069445 0.41774192724609377 0.3203222222222223 0.413309375 0.31950570510005105 0.43229783171051706 0.6452922788847734 0.43673038395661085
0 0.6485865737847223 0.39655234375 0.3224375000000001 0.39382526025390624 0.32190647188862825 0.41391990257190586 0.6480555456733506 0.4166469860679996
0 0.6510643515625001 0.37651119775390623 0.3228634298339547 0.37203611766582506 0.3219968127663293 0.3921460808687813 0.6501977344948746 0.39662116095686245
0 0.6659305555555557 0.19984583349609375 0.3239531036368251 0.1955274054639302 0.3230129626736111 0.21908385400390631 0.6649904145923418 0.22340228203606988
0 0.6275213977333607 0.7264077517549083 0.32628518489583347 0.7205523437500001 0.3250693427180285 0.7403435504911856 0.6263055555555557 0.7461989584960939