0 0.9490740740740741 0.22812500000000005 0.549074074074074 0.22812500000000005 0.549074074074074 0.2520833333333334 0.9490740740740741 0.2520833333333334
0 0.5055555555555555 0.43697916666666664 0.0851851851851853 0.43697916666666664 0.0851851851851853 0.4578125 0.5055555555555555 0.4578125
0 0.95 0.30416666666666675 0.5472222222222223 0.30416666666666664 0.5472222222222223 0.32812500000000006 0.95 0.3281250000000001
0 0.5046296296296297 0.2989583333333333 0.09537037037037042 0.2989583333333333 0.09537037037037044 0.325 0.5046296296296297 0.325
0 0.9777777777777777 0.7375 0.5444444444444446 0.7375 0.5444444444444446 0.7666666666666667 0.9777777777777777 0.7666666666666667
0 0.9453703703703704 0.27916666666666673 0.5527777777777778 0.2791666666666667 0.5527777777777778 0.3010416666666667 0.9453703703703704 0.30104166666666676
0 0.5074074074074074 0.2510416666666667 0.10462962962962968 0.25104166666666666 0.10462962962962968 0.275 0.5074074074074074 0.275
0 0.9481481481481482 0.3302083333333334 0.5444444444444444 0.3302083333333333 0.5444444444444444 0.35416666666666674 0.9481481481481482 0.3541666666666668
0 0.5111111111111111 0.3828125 0.08796296296296305 0.3828125 0.08796296296296305 0.4083333333333333 0.5111111111111111 0.4083333333333333
0 0.9416666666666667 0.1770833333333334 0.5527777777777778 0.1770833333333334 0.5527777777777778 0.19947916666666674 0.9416666666666667 0.19947916666666674
0 0.9425925925925925 0.15260416666666674 0.5537037037037037 0.15260416666666674 0.5537037037037037 0.17395833333333338 0.9425925925925925 0.17395833333333338
0 0.9453703703703704 0.20260416666666672 0.5453703703703704 0.20260416666666672 0.5453703703703704 0.2255208333333334 0.9453703703703704 0.2255208333333334
0 0.5000000000000002 0.5161458333333333 0.0787037037037038 0.5161458333333333 0.0787037037037038 0.5416666666666666 0.5000000000000002 0.5416666666666666
0 0.5083333333333333 0.1697916666666667 0.10462962962962966 0.16979166666666667 0.10462962962962967 0.19427083333333336 0.5083333333333333 0.1942708333333334
0 0.49444444444444463 0.6322916666666667 0.058333333333333466 0.6322916666666667 0.05833333333333347 0.6578125 0.49444444444444463 0.6578125
0 0.9490740740740741 0.3817708333333334 0.5481481481481482 0.38177083333333334 0.5481481481481482 0.4052083333333334 0.9490740740740741 0.40520833333333345
0 0.5092592592592593 0.1947916666666667 0.1018518518518519 0.19479166666666667 0.1018518518518519 0.21875000000000003 0.5092592592592593 0.21875000000000006
0 0.9648148148148148 0.5947916666666667 0.5472222222222224 0.5947916666666667 0.5472222222222224 0.6197916666666666 0.9648148148148148 0.6197916666666666
0 0.5074074074074074 0.3536458333333333 0.09259259259259267 0.3536458333333333 0.09259259259259267 0.378125 0.5074074074074074 0.378125
0 0.5000000000000001 0.46145833333333336 0.08240740740740751 0.46145833333333336 0.08240740740740751 0.48541666666666666 0.5000000000000002 0.48541666666666666
0 0.48703703703703727 0.7489583333333333 0.04814814814814831 0.7489583333333333 0.048148148148148315 0.775 0.48703703703703727 0.775
0 0.5018518518518521 0.4901041666666667 0.07592592592592604 0.4901041666666667 0.07592592592592604 0.5130208333333334 0.5018518518518521 0.5130208333333334
0 0.9555555555555556 0.3557291666666667 0.5425925925925926 0.35572916666666665 0.5425925925925926 0.37968750000000007 0.9555555555555556 0.3796875000000001
0 0.9611111111111111 0.5401041666666667 0.5462962962962965 0.5401041666666667 0.5462962962962965 0.565625 0.9611111111111111 0.565625
0 0.49351851851851875 0.6885416666666667 0.05370370370370385 0.6885416666666667 0.05370370370370386 0.7140625 0.49351851851851875 0.7140625
0 0.5185185185185185 0.4088541666666667 0.09074074074074082 0.4088541666666667 0.09074074074074083 0.4359375 0.5185185185185185 0.4359375
0 0.9703703703703703 0.6234375 0.5481481481481484 0.6234375 0.5481481481481484 0.646875 0.9703703703703703 0.646875
0 0.9462962962962963 0.25312500000000004 0.5481481481481482 0.25312500000000004 0.5481481481481482 0.27604166666666674 0.9462962962962963 0.2760416666666668
0 0.9740740740740741 0.6791666666666667 0.5500000000000002 0.6791666666666667 0.5500000000000002 0.7057291666666666 0.9740740740740741 0.7057291666666666
0 0.9638888888888889 0.56875 0.5472222222222224 0.56875 0.5472222222222224 0.5911458333333334 0.9638888888888889 0.5911458333333334
0 0.962037037037037 0.5151041666666667 0.5453703703703706 0.5151041666666667 0.5453703703703706 0.5375 0.962037037037037 0.5375
0 0.5055555555555555 0.32864583333333336 0.10000000000000007 0.32864583333333336 0.10000000000000007 0.3541666666666667 0.5055555555555555 0.3541666666666667
0 0.5000000000000002 0.5432291666666667 0.07222222222222233 0.5432291666666667 0.07222222222222234 0.5697916666666667 0.5000000000000002 0.5697916666666667
0 0.9722222222222222 0.7078125 0.5444444444444446 0.7078125 0.5444444444444446 0.734375 0.9722222222222222 0.734375
0 0.9564814814814815 0.46354166666666674 0.5435185185185185 0.4635416666666667 0.5435185185185186 0.4864583333333334 0.9564814814814815 0.48645833333333344
0 0.9731481481481481 0.6510416666666666 0.5500000000000002 0.6510416666666666 0.5500000000000002 0.6791666666666667 0.9731481481481481 0.6791666666666667
0 0.48981481481481504 0.7203125 0.04722222222222238 0.7203125 0.04722222222222238 0.7453125 0.48981481481481504 0.7453125
0 0.512962962962963 0.2244791666666667 0.1018518518518519 0.22447916666666667 0.1018518518518519 0.2515625 0.512962962962963 0.2515625000000001
0 0.49537037037037057 0.6604166666666667 0.05833333333333348 0.6604166666666667 0.05833333333333348 0.6859375 0.49537037037037057 0.6859375
0 0.5074074074074074 0.2734375 0.10000000000000005 0.2734375 0.10000000000000005 0.2994791666666667 0.5074074074074074 0.2994791666666667
0 0.5064814814814815 0.14375000000000002 0.0990740740740741 0.14375 0.0990740740740741 0.16770833333333338 0.5064814814814815 0.1677083333333334
0 0.5000000000000002 0.6 0.06944444444444457 0.6 0.06944444444444457 0.6286458333333333 0.5000000000000002 0.6286458333333333
0 0.9342592592592592 0.12708333333333338 0.5546296296296296 0.12708333333333335 0.5546296296296296 0.1510416666666667 0.9342592592592592 0.1510416666666667
0 0.950925925925926 0.4104166666666667 0.5518518518518518 0.41041666666666665 0.5518518518518518 0.43229166666666674 0.950925925925926 0.4322916666666668
0 0.9601851851851851 0.43750000000000006 0.5444444444444444 0.4375 0.5444444444444444 0.4598958333333334 0.9601851851851851 0.45989583333333345
0 0.4888888888888891 0.7770833333333333 0.04537037037037054 0.7770833333333333 0.04537037037037054 0.8020833333333334 0.4888888888888891 0.8020833333333334
0 0.49537037037037057 0.5703125 0.06944444444444457 0.5703125 0.06944444444444457 0.6005208333333333 0.49537037037037057 0.6005208333333333
0 0.9574074074074074 0.48906250000000007 0.5462962962962965 0.4890625 0.5462962962962965 0.5125000000000001 0.9574074074074074 0.5125000000000001
0 0.5 0.12083333333333335 0.10185185185185187 0.12083333333333333 0.10185185185185187 0.1401041666666667 0.5 0.14010416666666672
0 0.9731481481481481 0.7651041666666667 0.5462962962962965 0.7651041666666667 0.5462962962962965 0.7921875 0.9731481481481481 0.7921875
0 0.9417169884456974 0.10880307768733428 0.549945387037037 0.10080520833333337 0.5487492790211486 0.11934368738992916 0.9405208804298089 0.12734155674393008
0 0.5059392231227662 0.0993483282156693 0.09399534995900446 0.0924972038995147 0.09293712962962966 0.1126296875 0.5048810027933914 0.11948081181615461
0 0.48650382126715697 0.8104544314977552 0.0378516455294796 0.8056920176475926 0.037009434259259434 0.8307963541666666 0.48566160999693686 0.8355587680168293
0 0.9799196764267023 0.819536029678298 0.9791602548685533 0.7934493932696828 0.5480764701085175 0.7974201344247182 0.5488358916666667 0.8235067708333333