0 0.6920090011211574 0.8328510758160869 0.25229394331930677 0.8058245965965515 0.24750628790127469 0.849640046659371 0.6872213457031252 0.8766665258789064
0 0.6932302977430478 0.7939962323941067 0.259020285888718 0.7658339548780654 0.2544780519477536 0.8052274109605212 0.6886880638020835 0.8333896884765625
0 0.6941539781832663 0.7550826865957708 0.2681998225503532 0.7274962693769325 0.2637469928045872 0.7661709001639742 0.6897011484375003 0.7937573173828125
0 0.6913644036458334 0.7174081972656251 0.26697649948684193 0.6899338293751037 0.2625147792968751 0.7287006464843752 0.6869026834558666 0.7561750143748965
0 0.6922516971361993 0.6821662121808795 0.2782369796049988 0.656895780945273 0.27442011588541676 0.6920706352539063 0.6884348334166172 0.7173410664895128
0 0.6950761196578702 0.6463467018698176 0.2829700597805019 0.618977248684191 0.2786648626486736 0.6554407567753109 0.6907709225260419 0.6828102099609374
0 0.6975947609350769 0.6104887721808389 0.2906430684623918 0.5834828724237489 0.28644266341145835 0.6190867998046875 0.6933943558841436 0.6460926995617775
0 0.6998890849205198 0.5753585033493099 0.2962633749028177 0.5493266480655559 0.2923317229250063 0.5836169489154649 0.6959574329427084 0.609648804199219
0 0.7000093694223651 0.540930866028289 0.3012684511313037 0.5167339745198822 0.29748731999018874 0.551782963472062 0.6962282382812502 0.5759798549804688
0 0.7026318717447918 0.5087854794921876 0.30519556071560205 0.48614910983630033 0.30172219158138575 0.5204522780584374 0.6991585026105755 0.5430886477143246
0 0.7061809196271392 0.47666452527574255 0.3104272475980537 0.45193301816438486 0.3066967270594562 0.4855119079277049 0.7024503990885419 0.5102434150390626
0 0.7069636411845192 0.44290109590238647 0.31456233760675745 0.4213999326154805 0.3112174236357799 0.45573800907637535 0.7036187272135416 0.47723917236328134
0 0.7059793496093753 0.4149919541015626 0.32274489888749375 0.3906154202571183 0.31924331835937503 0.4215810014648438 0.7024777690812565 0.44595753530928806
0 0.7098475286031684 0.38402082664235915 0.3267037304579166 0.3627729527649598 0.32364471357349817 0.3938007340327569 0.70678851171875 0.41504860791015624
0 0.7095743209079188 0.3534193164886718 0.33108672570389364 0.33245331728163 0.3280334445095164 0.36345786602733327 0.7065210397135416 0.38442386523437505
0 0.7099995353608084 0.32038624499176366 0.3320259678714258 0.30201998266379476 0.32923954383874227 0.3342759730235937 0.7072131113281248 0.3526422353515626
0 0.7111891295572915 0.29452332031250006 0.3383596191289382 0.27424230655179266 0.3357477845052084 0.3012500825195312 0.7085772949335617 0.32153109628023857
0 0.7130371275074351 0.2653445694259733 0.33934423331757824 0.2471630735469039 0.33686946648722643 0.27577466671858686 0.7105623606770833 0.2939561625976563
0 0.7134600680027315 0.23711562789568852 0.34493091270895077 0.21660577864735503 0.3420567317708334 0.24565577050781257 0.7105858870646143 0.26616561975614605
0 0.7157489661458335 0.20746131542968754 0.3508836712185053 0.1887626358106082 0.3482314713064145 0.2178731850098104 0.7130967662337425 0.23657186462888974
0 0.7151653182070138 0.1802065882126104 0.35170999716042806 0.1637240299697185 0.3495282889794558 0.1907851395110144 0.7129836100260415 0.2072676977539063
0 0.717012239100658 0.1572938272915781 0.3572186483726345 0.1389863717797738 0.35504442838541667 0.16302177685546876 0.7148380191134401 0.18132923236727305
0 0.7180639817755131 0.13445380689344605 0.36611480859375006 0.11400849169921878 0.3635394282545075 0.13894582682871143 0.7154886014362706 0.1593911420229387