0 0.8239807161458333 0.92572368359375 0.8228276278155723 0.8844655674136132 0.23034439170446122 0.8897048799136131 0.2314974800347222 0.93096299609375
0 0.8162512986111112 0.8866544526367189 0.8153918918695098 0.8469560976241552 0.2310156227722874 0.8509588974288427 0.23187502951388891 0.8906572524414064
0 0.8150378489583332 0.8475503017578127 0.8140087932258299 0.8066213745875888 0.22965256666332992 0.8112700718532138 0.23068162239583334 0.8521989990234377
0 0.8040326223958334 0.8079311142578126 0.8028217714552042 0.7700485856758376 0.2315329459343708 0.775826252668025 0.23274379687500002 0.81370878125
0 0.8006855555555554 0.7700705107421875 0.7992003574916735 0.7319953872476503 0.2350058227694513 0.7389587173257753 0.23649102083333334 0.7770338408203125
0 0.8016281362847223 0.7304451147460937 0.7998538180729287 0.6913047873099718 0.23189507154515093 0.699451246782628 0.23366938975694446 0.73859157421875
0 0.7928702934027777 0.6932485693359375 0.7909153626883035 0.657784137855315 0.22965617432024812 0.6675733307264088 0.23161110503472215 0.7030377622070313
0 0.7874464817708333 0.6584642416992187 0.7851403215226063 0.6199626395835172 0.22920372864066174 0.6304987665366422 0.23150988888888882 0.6690003686523437
0 0.7863278385416668 0.6224152895507814 0.7840720988662336 0.5887618154957696 0.22817440355373364 0.6005514136403007 0.2304301432291667 0.6342048876953126
0 0.7765635086805556 0.5877844360351563 0.773564876792694 0.5506114371277017 0.22872585682741622 0.5645176480652017 0.2317244887152778 0.6016906469726563
0 0.7743970130208333 0.5529681264648437 0.7719013838476236 0.5187564364283348 0.2290594411392904 0.5312856546900536 0.2315550703125 0.5654973447265625
0 0.7711632708333335 0.5187734726562501 0.7685628526809019 0.48517452660656557 0.22696261570173515 0.4984375163526593 0.2295630338541667 0.5320364624023438
0 0.7668204722222222 0.48383910546875 0.7637792911978823 0.4508409307280827 0.2265984222742713 0.46650548150933263 0.2296396032986111 0.4995036562499999
0 0.7636440434027778 0.451477419921875 0.7605447105909934 0.4166475470582068 0.22213096232710455 0.43180679022226925 0.2252302951388889 0.4666366630859375
0 0.7593245295138887 0.41729342675781245 0.756129140625 0.3843207504882812 0.22773592966268177 0.40052286900282663 0.2309313185515706 0.4334955452723579
0 0.7583497470861934 0.38363564328784944 0.7550478471377756 0.35206664132271925 0.22762865300297108 0.3695210058473698 0.23093055295138887 0.4010900078125
0 0.7567216384305829 0.35135028430307363 0.7530180789930554 0.3190652299804687 0.22831039802775027 0.33811019909536383 0.23201395746527778 0.37039525341796875
0 0.7497792890625 0.3197082070312501 0.7457929542589663 0.2860933345834157 0.2238059481825775 0.3056793931771656 0.22779228298611118 0.339294265625
0 0.7463890353808689 0.2867096688163332 0.7423591848958333 0.2556064921875 0.2179129680913533 0.27710608313679175 0.22194281857638887 0.30820925976562497
0 0.7445690833333333 0.2568071484375001 0.7413450689991783 0.223789577151268 0.21938483722834506 0.2399158613309555 0.22260885156249996 0.27293343261718755
0 0.7392585954861112 0.22568877001953136 0.7354382647813347 0.19323193625617557 0.21616189498966798 0.21257113254523802 0.21998222569444448 0.24502796630859383
0 0.7394382204376493 0.1948055458245472 0.7351259713541666 0.16252709326171874 0.21967249310401735 0.18431550935123409 0.22398474218749997 0.21659396191406255
0 0.7361699401041666 0.16115530761718752 0.7317182547482102 0.13126858940037794 0.21531139016487685 0.15560650004490914 0.21976307552083332 0.18549321826171872
0 0.7344715173621068 0.13055845680377545 0.7299493680555555 0.10070887744140622 0.21430324565872647 0.12542631761028702 0.21882539496527778 0.15527589697265626
0 0.7313668851661845 0.0987978659731869 0.7264149239260005 0.06919551703746044 0.2129641741764827 0.09637210370099228 0.21791613541666668 0.12597445263671875
0 0.7279720355902779 0.07200248144531253 0.7239238515392843 0.04346519496390906 0.21846092966428418 0.06615244887015902 0.22250911371527776 0.09468973535156248
0 0.7249472855902778 0.044528723144531324 0.7211117014544934 0.010161543777662086 0.2176686450308823 0.027939549148755762 0.22150422916666668 0.062306728515625