0 0.74267578125 0.47851562500000017 0.61279296875 0.47851562500000017 0.61279296875 0.5013020833333335 0.74267578125 0.5013020833333335
0 0.73974609375 0.5019531250000001 0.6123046875 0.5019531250000001 0.6123046875 0.5247395833333335 0.73974609375 0.5247395833333335
0 0.73583984375 0.5253906250000001 0.6103515625 0.5253906250000001 0.6103515625 0.5468750000000001 0.73583984375 0.5468750000000001
0 0.90478515625 0.4869791666666668 0.78515625 0.4869791666666668 0.78515625 0.5084635416666669 0.90478515625 0.5084635416666669
0 0.90087890625 0.5091145833333335 0.78271484375 0.5091145833333335 0.78271484375 0.5299479166666669 0.90087890625 0.5299479166666669
0 0.90625 0.4635416666666668 0.7861328125 0.4635416666666668 0.7861328125 0.48437500000000017 0.90625 0.48437500000000017
0 0.92236328125 0.32031250000000017 0.798828125 0.32031250000000017 0.798828125 0.3444010416666668 0.92236328125 0.3444010416666668
0 0.88720703125 0.6197916666666669 0.7724609375 0.6197916666666669 0.7724609375 0.6380208333333335 0.88720703125 0.6380208333333335
0 0.5673828125 0.6048177083333334 0.4438476562500001 0.6048177083333334 0.4438476562500001 0.6250000000000001 0.5673828125 0.6250000000000001
0 0.7333984375 0.5481770833333335 0.6083984375 0.5481770833333335 0.6083984375 0.5690104166666669 0.7333984375 0.5690104166666669
0 0.76318359375 0.2597656250000001 0.62451171875 0.25976562500000006 0.62451171875 0.2851562500000001 0.76318359375 0.28515625000000017
0 0.9072265625 0.43945312500000017 0.787109375 0.43945312500000017 0.787109375 0.4622395833333335 0.9072265625 0.4622395833333335
0 0.91748046875 0.3684895833333335 0.7939453125 0.3684895833333335 0.7939453125 0.3919270833333335 0.91748046875 0.3919270833333335
0 0.57666015625 0.4231770833333334 0.4482421875 0.4231770833333333 0.4482421875 0.4446614583333334 0.57666015625 0.4446614583333335
0 0.22949218750000006 0.4524739583333333 0.08544921875000003 0.4524739583333333 0.08544921875000004 0.4752604166666667 0.22949218750000006 0.4752604166666667
0 0.9130859375 0.39257812500000017 0.79248046875 0.39257812500000017 0.79248046875 0.41601562500000017 0.9130859375 0.41601562500000017
0 0.40576171875 0.5787760416666666 0.27197265625 0.5787760416666666 0.27197265625 0.5989583333333334 0.40576171875 0.5989583333333334
0 0.91943359375 0.34570312500000017 0.79638671875 0.34570312500000017 0.79638671875 0.3684895833333335 0.91943359375 0.3684895833333335
0 0.74560546875 0.43164062500000017 0.61572265625 0.43164062500000017 0.61572265625 0.4544270833333335 0.74560546875 0.4544270833333335
0 0.57666015625 0.44531250000000006 0.44775390625 0.4453125 0.44775390625 0.4661458333333334 0.57666015625 0.4661458333333335
0 0.91064453125 0.41601562500000017 0.78857421875 0.41601562500000017 0.78857421875 0.4388020833333335 0.91064453125 0.4388020833333335
0 0.22802734375000006 0.5013020833333334 0.08593750000000006 0.5013020833333334 0.08593750000000006 0.5240885416666666 0.22802734375000006 0.5240885416666666
0 0.89013671875 0.5989583333333335 0.775390625 0.5989583333333335 0.775390625 0.6178385416666669 0.89013671875 0.6178385416666669
0 0.22265625000000006 0.3274739583333333 0.07861328125000003 0.3274739583333333 0.07861328125000003 0.3522135416666667 0.22265625000000006 0.3522135416666667
0 0.40869140625 0.23111979166666674 0.26806640625 0.23111979166666674 0.26806640625 0.25455729166666674 0.40869140625 0.25455729166666674
0 0.75244140625 0.3587239583333335 0.62109375 0.3587239583333335 0.62109375 0.3841145833333335 0.75244140625 0.3841145833333335
0 0.5673828125 0.5826822916666667 0.4443359375 0.5826822916666666 0.4443359375 0.6028645833333334 0.5673828125 0.6028645833333335
0 0.7451171875 0.4544270833333335 0.6142578125 0.4544270833333335 0.6142578125 0.4772135416666668 0.7451171875 0.4772135416666668
0 0.22265625000000006 0.3528645833333333 0.08056640625000003 0.3528645833333333 0.08056640625000003 0.3763020833333333 0.22265625000000006 0.3763020833333333
0 0.22705078125000006 0.5260416666666666 0.08593750000000006 0.5260416666666666 0.08593750000000006 0.5481770833333334 0.22705078125000006 0.5481770833333334
0 0.57861328125 0.39908854166666674 0.44921875 0.3990885416666667 0.44921875 0.42187500000000006 0.57861328125 0.42187500000000017
0 0.23095703125000006 0.4772135416666667 0.08789062500000006 0.4772135416666667 0.08789062500000006 0.4993489583333333 0.23095703125000006 0.4993489583333333
0 0.40673828125 0.5546875 0.2724609375 0.5546875 0.2724609375 0.5755208333333334 0.40673828125 0.5755208333333334
0 0.22949218750000006 0.59765625 0.08984375000000006 0.59765625 0.08984375000000006 0.6178385416666666 0.22949218750000006 0.6178385416666666
0 0.580078125 0.37500000000000006 0.44921875 0.375 0.44921875 0.39843750000000006 0.580078125 0.39843750000000017
0 0.73095703125 0.6152343750000001 0.60693359375 0.6152343750000001 0.60693359375 0.6347656250000001 0.73095703125 0.6347656250000001
0 0.5751953125 0.49088541666666674 0.447265625 0.4908854166666667 0.447265625 0.5123697916666667 0.5751953125 0.5123697916666669
0 0.75 0.3841145833333335 0.6201171875 0.3841145833333335 0.6201171875 0.40820312500000017 0.75 0.40820312500000017
0 0.22949218750000006 0.57421875 0.08984375000000006 0.57421875 0.08984375000000006 0.5944010416666666 0.22949218750000006 0.5944010416666666
0 0.22216796875 0.22265625 0.07421875000000003 0.22265625 0.07421875000000003 0.248046875 0.22216796875 0.248046875
0 0.74755859375 0.4069010416666668 0.61865234375 0.4069010416666668 0.61865234375 0.4303385416666668 0.74755859375 0.4303385416666668
0 0.22851562500000006 0.55078125 0.08837890625000006 0.55078125 0.08837890625000006 0.5716145833333334 0.22851562500000006 0.5716145833333334
0 0.40576171875 0.3600260416666667 0.2705078125 0.3600260416666667 0.2705078125 0.3841145833333333 0.40576171875 0.3841145833333333
0 0.75390625 0.3346354166666668 0.62255859375 0.3346354166666668 0.62255859375 0.3587239583333335 0.75390625 0.3587239583333335
0 0.4033203125 0.3854166666666667 0.2705078125 0.3854166666666667 0.2705078125 0.408203125 0.4033203125 0.408203125
0 0.40576171875 0.5078125 0.27197265625 0.5078125 0.27197265625 0.5286458333333334 0.40576171875 0.5286458333333334
0 0.57470703125 0.4680989583333334 0.44677734375 0.4680989583333333 0.44677734375 0.48893229166666674 0.57470703125 0.4889322916666668
0 0.41064453125 0.25651041666666674 0.26708984375 0.25651041666666674 0.26708984375 0.28190104166666674 0.41064453125 0.28190104166666674
0 0.408203125 0.4361979166666667 0.27197265625 0.4361979166666667 0.27197265625 0.4583333333333333 0.408203125 0.4583333333333333
0 0.40576171875 0.3346354166666667 0.2705078125 0.3346354166666667 0.2705078125 0.3580729166666667 0.40576171875 0.3580729166666667
0 0.22802734375000006 0.4270833333333333 0.08447265625000003 0.4270833333333333 0.08447265625000003 0.4505208333333333 0.22802734375000006 0.4505208333333333
0 0.572265625 0.5143229166666667 0.44677734375 0.5143229166666666 0.44677734375 0.5351562500000001 0.572265625 0.5351562500000001
0 0.58251953125 0.29687500000000006 0.45068359375 0.29687500000000006 0.45068359375 0.32291666666666674 0.58251953125 0.32291666666666674
0 0.2236328125 0.25 0.07666015625000003 0.25 0.07666015625000003 0.2766927083333333 0.2236328125 0.2766927083333333
0 0.4072265625 0.4837239583333333 0.271484375 0.4837239583333333 0.271484375 0.505859375 0.4072265625 0.505859375
0 0.58544921875 0.27148437500000006 0.453125 0.27148437500000006 0.453125 0.29752604166666674 0.58544921875 0.29752604166666674
0 0.40673828125000006 0.6009114583333334 0.27294921875 0.6009114583333334 0.27294921875000006 0.6217447916666666 0.4067382812500001 0.6217447916666666
0 0.580078125 0.34960937500000006 0.44921875 0.349609375 0.44921875 0.37369791666666674 0.580078125 0.3736979166666668
0 0.40869140625 0.31054687500000006 0.26806640625 0.31054687500000006 0.26806640625 0.333984375 0.40869140625 0.333984375
0 0.896484375 0.5540364583333335 0.779296875 0.5540364583333335 0.779296875 0.5735677083333335 0.896484375 0.5735677083333335
0 0.40625 0.53125 0.271484375 0.53125 0.271484375 0.552734375 0.40625 0.552734375
0 0.734375 0.5696614583333335 0.609375 0.5696614583333335 0.609375 0.5904947916666669 0.734375 0.5904947916666669
0 0.89892578125 0.5312500000000001 0.78125 0.5312500000000001 0.78125 0.5520833333333335 0.89892578125 0.5520833333333335
0 0.56884765625 0.5605468750000001 0.4443359375 0.560546875 0.4443359375 0.5807291666666667 0.56884765625 0.5807291666666669
0 0.73095703125 0.5930989583333335 0.60693359375 0.5930989583333335 0.60693359375 0.6126302083333335 0.73095703125 0.6126302083333335
0 0.4072265625 0.4602864583333333 0.27197265625 0.4602864583333333 0.27197265625 0.482421875 0.4072265625 0.482421875
0 0.2236328125 0.275390625 0.07958984375000003 0.275390625 0.07958984375000003 0.30078125 0.2236328125 0.30078125
0 0.57080078125 0.5371093750000001 0.4453125 0.537109375 0.4453125 0.5579427083333334 0.57080078125 0.5579427083333335
0 0.92333984375 0.29492187500000017 0.79833984375 0.29492187500000017 0.79833984375 0.3196614583333335 0.92333984375 0.3196614583333335
0 0.92333984375 0.2701822916666668 0.7978515625 0.2701822916666668 0.7978515625 0.2936197916666668 0.92333984375 0.2936197916666668
0 0.22656250000000006 0.4036458333333333 0.08349609375000003 0.4036458333333333 0.08349609375000003 0.427734375 0.22656250000000006 0.427734375
0 0.89453125 0.5755208333333335 0.7763671875 0.5755208333333335 0.7763671875 0.5957031250000001 0.89453125 0.5957031250000001
0 0.75732421875 0.3092447916666668 0.6240234375 0.30924479166666674 0.6240234375 0.33398437500000017 0.75732421875 0.33398437500000017
0 0.4091796875 0.2825520833333334 0.2685546875 0.2825520833333334 0.2685546875 0.30859375000000006 0.4091796875 0.30859375000000006
0 0.40673828125 0.4108072916666667 0.27099609375 0.4108072916666667 0.27099609375 0.43359375 0.40673828125 0.43359375
0 0.58935546875 0.24674479166666674 0.45556640625 0.24674479166666674 0.45556640625 0.27148437500000006 0.58935546875 0.27148437500000006
0 0.22265625000000003 0.3020833333333333 0.08105468750000003 0.3020833333333333 0.08105468750000003 0.328125 0.22265625000000006 0.328125
0 0.22558593750000006 0.3776041666666667 0.08251953125000003 0.3776041666666667 0.08251953125000003 0.4010416666666667 0.22558593750000006 0.4010416666666667
0 0.72998046875 0.6386718750000001 0.60546875 0.6386718750000001 0.60546875 0.6569010416666669 0.72998046875 0.6569010416666669
0 0.56640625 0.6269531250000001 0.4443359375000001 0.626953125 0.4443359375000001 0.6451822916666667 0.56640625 0.6451822916666669
0 0.23046875000000006 0.6217447916666666 0.08789062500000006 0.6217447916666666 0.08789062500000006 0.6412760416666666 0.23046875000000006 0.6412760416666666
0 0.58154296875 0.32226562500000006 0.44921875 0.32226562500000006 0.44921875 0.3489583333333334 0.58154296875 0.3489583333333335
0 0.4082031250000001 0.625 0.2749023437500001 0.625 0.2749023437500001 0.6438802083333334 0.4082031250000001 0.6438802083333334
0 0.7578125 0.2845052083333334 0.6259765625 0.2845052083333334 0.6259765625 0.3111979166666668 0.7578125 0.3111979166666668
0 0.88623046875 0.6419270833333335 0.7724609375 0.6419270833333335 0.7724609375 0.6601562500000001 0.88623046875 0.6601562500000001