0 0.49072265625 0.5058593750000001 0.2744140625 0.505859375 0.2744140625 0.5358072916666667 0.49072265625 0.5358072916666669
0 0.4941406250000001 0.8860677083333334 0.2822265625000001 0.8860677083333334 0.2822265625000001 0.921875 0.4941406250000001 0.921875
0 0.7080078125 0.8424479166666666 0.5078125 0.8424479166666666 0.5078125 0.8697916666666666 0.7080078125 0.8697916666666666
0 0.70703125 0.8118489583333334 0.50927734375 0.8118489583333334 0.50927734375 0.8385416666666666 0.70703125 0.8385416666666666
0 0.9248046875 0.5911458333333335 0.7236328125 0.5911458333333335 0.7236328125 0.6197916666666669 0.9248046875 0.6197916666666669
0 0.7099609375 0.0898437500000001 0.49853515625 0.08984375000000007 0.49853515625 0.1191406250000001 0.7099609375 0.11914062500000011
0 0.708984375 0.5364583333333335 0.5048828125 0.5364583333333335 0.5048828125 0.5657552083333335 0.708984375 0.5657552083333335
0 0.70947265625 0.6881510416666666 0.5078125 0.6881510416666666 0.5078125 0.7180989583333334 0.70947265625 0.7180989583333334
0 0.7080078125 0.12630208333333343 0.49951171875 0.1263020833333334 0.49951171875 0.15625000000000008 0.7080078125 0.1562500000000001
0 0.70751953125 0.6582031250000001 0.50732421875 0.6582031250000001 0.50732421875 0.6875 0.70751953125 0.6875
0 0.923828125 0.8678385416666669 0.7255859375 0.8678385416666666 0.7255859375 0.8971354166666669 0.923828125 0.897135416666667
0 0.70947265625 0.7200520833333334 0.50537109375 0.7200520833333334 0.50537109375 0.748046875 0.70947265625 0.748046875
0 0.7080078125 0.2832031250000001 0.50390625 0.28320312500000006 0.50390625 0.3131510416666668 0.7080078125 0.3131510416666668
0 0.70703125 0.7506510416666666 0.5048828125 0.7506510416666666 0.5048828125 0.7786458333333334 0.70703125 0.7786458333333334
0 0.92236328125 0.6217447916666669 0.72607421875 0.6217447916666669 0.72607421875 0.6503906250000001 0.92236328125 0.6503906250000001
0 0.70849609375 0.4108072916666668 0.50537109375 0.4108072916666668 0.50537109375 0.4407552083333335 0.70849609375 0.4407552083333335
0 0.2607421875 0.5149739583333334 0.05517578125000004 0.5149739583333334 0.05517578125000005 0.5436197916666666 0.2607421875 0.5436197916666666
0 0.7080078125 0.3795572916666668 0.50244140625 0.3795572916666668 0.50244140625 0.40820312500000017 0.7080078125 0.40820312500000017
0 0.2646484375000001 0.609375 0.057617187500000056 0.609375 0.057617187500000056 0.638671875 0.2646484375000001 0.638671875
0 0.7060546875 0.78125 0.5068359375 0.78125 0.5068359375 0.8079427083333334 0.7060546875 0.8079427083333334
0 0.70703125 0.6276041666666669 0.5078125 0.6276041666666669 0.5078125 0.6562500000000001 0.70703125 0.6562500000000001
0 0.92919921875 0.40429687500000017 0.7314453125 0.40429687500000017 0.7314453125 0.4342447916666668 0.92919921875 0.4342447916666668
0 0.2651367187500001 0.7643229166666666 0.05908203125000007 0.7643229166666666 0.05908203125000007 0.7923177083333334 0.2651367187500001 0.7923177083333334
0 0.70947265625 0.2526041666666668 0.50390625 0.25260416666666674 0.50390625 0.2825520833333334 0.70947265625 0.2825520833333335
0 0.70751953125 0.5670572916666669 0.5078125 0.5670572916666669 0.5078125 0.5970052083333335 0.70751953125 0.5970052083333335
0 0.2651367187500001 0.640625 0.057128906250000056 0.640625 0.057128906250000056 0.6692708333333334 0.2651367187500001 0.6692708333333334
0 0.4951171875 0.5390625000000001 0.27734375 0.5390625 0.27734375 0.5690104166666667 0.4951171875 0.5690104166666669
0 0.9267578125 0.6835937500000001 0.72705078125 0.68359375 0.72705078125 0.7122395833333335 0.9267578125 0.7122395833333336
0 0.7119140625 0.22135416666666677 0.50537109375 0.22135416666666674 0.50537109375 0.2519531250000001 0.7119140625 0.25195312500000017
0 0.70751953125 0.4407552083333335 0.5048828125 0.4407552083333335 0.5048828125 0.4700520833333335 0.70751953125 0.4700520833333335
0 0.2675781250000001 0.8880208333333334 0.06250000000000008 0.8880208333333334 0.06250000000000008 0.9205729166666666 0.2675781250000001 0.9205729166666666
0 0.92822265625 0.18554687500000014 0.736328125 0.18554687500000014 0.736328125 0.21419270833333348 0.92822265625 0.21419270833333348
0 0.70751953125 0.3483072916666668 0.505859375 0.3483072916666668 0.505859375 0.3776041666666668 0.70751953125 0.3776041666666668
0 0.92578125 0.4368489583333335 0.72705078125 0.4368489583333335 0.72705078125 0.46484375000000017 0.92578125 0.46484375000000017
0 0.70849609375 0.3164062500000001 0.5078125 0.31640625000000006 0.5078125 0.34570312500000017 0.70849609375 0.34570312500000017
0 0.2651367187500001 0.6712239583333334 0.058593750000000056 0.6712239583333334 0.05859375000000006 0.6998697916666666 0.2651367187500001 0.6998697916666666
0 0.708984375 0.5052083333333335 0.5068359375 0.5052083333333335 0.5068359375 0.5345052083333335 0.708984375 0.5345052083333335
0 0.92822265625 0.4654947916666668 0.7294921875 0.4654947916666668 0.7294921875 0.4947916666666668 0.92822265625 0.4947916666666668
0 0.2578125 0.5455729166666666 0.057128906250000056 0.5455729166666666 0.057128906250000056 0.5748697916666666 0.2578125 0.5748697916666666
0 0.9287109375 0.31054687500000017 0.73193359375 0.31054687500000017 0.73193359375 0.33984375000000017 0.9287109375 0.33984375000000017
0 0.921875 0.7148437500000001 0.72607421875 0.71484375 0.72607421875 0.7434895833333335 0.921875 0.7434895833333336
0 0.92431640625 0.7454427083333335 0.7265625 0.7454427083333334 0.7265625 0.7747395833333335 0.92431640625 0.7747395833333336
0 0.70947265625 0.8717447916666666 0.50634765625 0.8717447916666666 0.50634765625 0.9055989583333334 0.70947265625 0.9055989583333334
0 0.26220703125000006 0.5768229166666666 0.058105468750000056 0.5768229166666666 0.058105468750000056 0.6061197916666666 0.2622070312500001 0.6061197916666666
0 0.9248046875 0.5286458333333335 0.72607421875 0.5286458333333335 0.72607421875 0.5572916666666669 0.9248046875 0.5572916666666669
0 0.92822265625 0.37304687500000017 0.73046875 0.37304687500000017 0.73046875 0.4029947916666668 0.92822265625 0.4029947916666668
0 0.25830078125 0.4817708333333333 0.05419921875000004 0.4817708333333333 0.05419921875000004 0.5123697916666666 0.25830078125 0.5123697916666666
0 0.9267578125 0.49804687500000017 0.724609375 0.49804687500000017 0.724609375 0.5266927083333335 0.9267578125 0.5266927083333335
0 0.4907226562500001 0.6998697916666666 0.2788085937500001 0.6998697916666666 0.2788085937500001 0.7298177083333334 0.4907226562500001 0.7298177083333334
0 0.931640625 0.15364583333333345 0.73388671875 0.15364583333333345 0.73388671875 0.18424479166666682 0.931640625 0.18424479166666682
0 0.70849609375 0.15559895833333343 0.50048828125 0.1555989583333334 0.50048828125 0.1855468750000001 0.70849609375 0.18554687500000014
0 0.92919921875 0.21614583333333348 0.734375 0.21614583333333348 0.734375 0.24544270833333348 0.92919921875 0.24544270833333348
0 0.2578125 0.35546875 0.04931640625000003 0.35546875 0.049316406250000035 0.38671875 0.2578125 0.38671875
0 0.70751953125 0.4739583333333335 0.5029296875 0.4739583333333335 0.5029296875 0.5032552083333335 0.70751953125 0.5032552083333335
0 0.2680664062500001 0.7955729166666666 0.06250000000000008 0.7955729166666666 0.06250000000000008 0.8235677083333334 0.2680664062500001 0.8235677083333334
0 0.4921875000000001 0.794921875 0.2822265625000001 0.794921875 0.2822265625000001 0.8229166666666666 0.4921875000000001 0.8229166666666666
0 0.24853515625000006 0.7024739583333334 0.06054687500000007 0.7024739583333334 0.06054687500000007 0.73046875 0.24853515625000006 0.73046875
0 0.49023437500000006 0.6041666666666667 0.2783203125 0.6041666666666666 0.27832031250000006 0.6334635416666667 0.4902343750000001 0.6334635416666669
0 0.92919921875 0.2799479166666668 0.7333984375 0.2799479166666668 0.7333984375 0.3092447916666668 0.92919921875 0.3092447916666668
0 0.9248046875 0.5598958333333335 0.72509765625 0.5598958333333335 0.72509765625 0.5891927083333335 0.9248046875 0.5891927083333335
0 0.2617187500000001 0.8268229166666666 0.06152343750000007 0.8268229166666666 0.061523437500000076 0.8548177083333334 0.2617187500000001 0.8548177083333334
0 0.92724609375 0.34179687500000017 0.7275390625 0.34179687500000017 0.7275390625 0.3717447916666668 0.92724609375 0.3717447916666668
0 0.48779296875 0.5755208333333334 0.27783203125 0.5755208333333334 0.27783203125 0.5996093750000001 0.48779296875 0.5996093750000001
0 0.92236328125 0.6542968750000001 0.724609375 0.6542968750000001 0.724609375 0.6835937500000001 0.92236328125 0.6835937500000003
0 0.26416015625 0.4498697916666667 0.05078125000000004 0.4498697916666667 0.05078125000000004 0.482421875 0.26416015625 0.482421875
0 0.923828125 0.7760416666666669 0.724609375 0.7760416666666666 0.724609375 0.8040364583333335 0.923828125 0.8040364583333336
0 0.4921875000000001 0.7317708333333334 0.2792968750000001 0.7317708333333334 0.2792968750000001 0.7610677083333334 0.4921875000000001 0.7610677083333334
0 0.70751953125 0.5983072916666669 0.50732421875 0.5983072916666669 0.50732421875 0.6269531250000001 0.70751953125 0.6269531250000001
0 0.4902343750000001 0.6640625000000001 0.2778320312500001 0.6640625 0.2778320312500001 0.7005208333333334 0.4902343750000001 0.7005208333333334
0 0.92041015625 0.8066406250000001 0.72412109375 0.806640625 0.72412109375 0.8346354166666669 0.92041015625 0.834635416666667
0 0.93017578125 0.24739583333333348 0.72998046875 0.24739583333333348 0.72998046875 0.27734375000000017 0.93017578125 0.27734375000000017
0 0.2622070312500001 0.732421875 0.06054687500000007 0.732421875 0.06054687500000007 0.7610677083333334 0.2622070312500001 0.7610677083333334
0 0.921875 0.8365885416666669 0.72412109375 0.8365885416666666 0.72412109375 0.8639322916666669 0.921875 0.863932291666667
0 0.4907226562500001 0.7623697916666666 0.2817382812500001 0.7623697916666666 0.2817382812500001 0.7923177083333334 0.4907226562500001 0.7923177083333334
0 0.7080078125 0.18815104166666677 0.49951171875 0.18815104166666674 0.49951171875 0.21809895833333345 0.7080078125 0.21809895833333348
0 0.9345703125 0.12044270833333347 0.72900390625 0.12044270833333344 0.72900390625 0.1510416666666668 0.9345703125 0.15104166666666682
0 0.4921875000000001 0.8561197916666666 0.2836914062500001 0.8561197916666666 0.2836914062500001 0.884765625 0.4921875000000001 0.884765625
0 0.4916992187500001 0.8255208333333334 0.2832031250000001 0.8255208333333334 0.2832031250000001 0.8548177083333334 0.4916992187500001 0.8548177083333334
0 0.26123046875 0.4186197916666667 0.05175781250000004 0.4186197916666667 0.05175781250000004 0.4498697916666667 0.26123046875 0.4498697916666667
0 0.4916992187500001 0.6347656250000001 0.2783203125000001 0.634765625 0.2783203125000001 0.6647135416666667 0.4916992187500001 0.6647135416666669
0 0.2675781250000001 0.8561197916666666 0.06250000000000008 0.8561197916666666 0.06250000000000008 0.884765625 0.2675781250000001 0.884765625
0 0.26025390625 0.3873697916666667 0.05078125000000004 0.3873697916666667 0.05078125000000004 0.41796875 0.26025390625 0.41796875
0 0.26416015625 0.32356770833333337 0.04541015625000003 0.3235677083333333 0.04541015625000003 0.3528645833333333 0.26416015625 0.3528645833333333