0 0.72802734375 0.11002604166666675 0.5009765625 0.11002604166666674 0.5009765625 0.14062500000000008 0.72802734375 0.1406250000000001
0 0.7265625 0.3118489583333334 0.51318359375 0.3118489583333334 0.51318359375 0.3424479166666668 0.7265625 0.3424479166666668
0 0.95556640625 0.4029947916666668 0.74951171875 0.4029947916666668 0.74951171875 0.43359375000000017 0.95556640625 0.43359375000000017
0 0.2690429687500001 0.9361979166666666 0.05810546875000008 0.9361979166666666 0.05810546875000008 0.970703125 0.2690429687500001 0.970703125
0 0.93408203125 0.9173177083333335 0.75732421875 0.9173177083333334 0.75732421875 0.9440104166666669 0.93408203125 0.944010416666667
0 0.9521484375 0.43554687500000017 0.7509765625 0.43554687500000017 0.7509765625 0.4661458333333335 0.9521484375 0.4661458333333335
0 0.72314453125 0.3444010416666668 0.5146484375 0.3444010416666668 0.5146484375 0.37500000000000017 0.72314453125 0.37500000000000017
0 0.9365234375 0.7903645833333335 0.75732421875 0.7903645833333334 0.75732421875 0.8196614583333335 0.9365234375 0.8196614583333336
0 0.72216796875 0.857421875 0.51708984375 0.857421875 0.51708984375 0.884765625 0.72216796875 0.884765625
0 0.7236328125 0.3776041666666668 0.5126953125 0.3776041666666668 0.5126953125 0.4075520833333335 0.7236328125 0.4075520833333335
0 0.95556640625 0.46875000000000017 0.748046875 0.46875000000000017 0.748046875 0.49804687500000017 0.95556640625 0.49804687500000017
0 0.7265625 0.14453125000000008 0.50830078125 0.14453125000000008 0.50830078125 0.17708333333333345 0.7265625 0.17708333333333348
0 0.72119140625 0.826171875 0.51806640625 0.826171875 0.51806640625 0.8541666666666666 0.72119140625 0.8541666666666666
0 0.72802734375 0.2792968750000001 0.515625 0.27929687500000006 0.515625 0.3098958333333334 0.72802734375 0.3098958333333335
0 0.49755859375000006 0.5774739583333334 0.27880859375 0.5774739583333334 0.27880859375000006 0.6100260416666667 0.4975585937500001 0.6100260416666669
0 0.95654296875 0.5006510416666669 0.74755859375 0.5006510416666669 0.74755859375 0.5299479166666669 0.95654296875 0.5299479166666669
0 0.72509765625 0.7623697916666666 0.51708984375 0.7623697916666666 0.51708984375 0.791015625 0.72509765625 0.791015625
0 0.95458984375 0.5332031250000001 0.74365234375 0.5332031250000001 0.74365234375 0.5625000000000001 0.95458984375 0.5625000000000001
0 0.95751953125 0.3372395833333335 0.75048828125 0.3372395833333335 0.75048828125 0.3684895833333335 0.95751953125 0.3684895833333335
0 0.9365234375 0.7272135416666669 0.75830078125 0.7272135416666666 0.75830078125 0.7565104166666669 0.9365234375 0.756510416666667
0 0.72607421875 0.47460937500000017 0.51318359375 0.47460937500000017 0.51318359375 0.5052083333333335 0.72607421875 0.5052083333333335
0 0.93603515625 0.8528645833333335 0.7587890625 0.8528645833333334 0.7587890625 0.8815104166666669 0.93603515625 0.881510416666667
0 0.9365234375 0.8216145833333335 0.75830078125 0.8216145833333334 0.75830078125 0.8509114583333335 0.9365234375 0.8509114583333336
0 0.953125 0.5657552083333335 0.74853515625 0.5657552083333335 0.74853515625 0.5957031250000001 0.953125 0.5957031250000001
0 0.259765625 0.4544270833333333 0.04492187500000004 0.4544270833333333 0.04492187500000004 0.486328125 0.259765625 0.486328125
0 0.2626953125000001 0.6490885416666666 0.047363281250000056 0.6490885416666666 0.047363281250000056 0.6796875 0.2626953125000001 0.6796875
0 0.72509765625 0.7942708333333334 0.517578125 0.7942708333333334 0.517578125 0.8229166666666666 0.72509765625 0.8229166666666666
0 0.9365234375 0.7584635416666669 0.7578125 0.7584635416666666 0.7578125 0.7877604166666669 0.9365234375 0.787760416666667
0 0.95654296875 0.3053385416666668 0.74658203125 0.3053385416666668 0.74658203125 0.33593750000000017 0.95654296875 0.33593750000000017
0 0.72509765625 0.2109375000000001 0.51318359375 0.21093750000000008 0.51318359375 0.2421875000000001 0.72509765625 0.24218750000000014
0 0.26123046875 0.3873697916666667 0.04736328125000004 0.3873697916666667 0.04736328125000004 0.419921875 0.26123046875 0.419921875
0 0.935546875 0.8841145833333335 0.75927734375 0.8841145833333334 0.75927734375 0.9127604166666669 0.935546875 0.912760416666667
0 0.5 0.8411458333333334 0.2822265625000001 0.8411458333333334 0.2822265625000001 0.8704427083333334 0.5 0.8704427083333334
0 0.72705078125 0.5078125000000001 0.51123046875 0.5078125000000001 0.51123046875 0.5377604166666669 0.72705078125 0.5377604166666669
0 0.9541015625 0.5989583333333335 0.74658203125 0.5989583333333335 0.74658203125 0.6282552083333335 0.9541015625 0.6282552083333335
0 0.26025390625 0.4856770833333333 0.04541015625000004 0.4856770833333333 0.04541015625000004 0.5169270833333334 0.26025390625 0.5169270833333334
0 0.72509765625 0.888671875 0.515625 0.888671875 0.515625 0.9166666666666666 0.72509765625 0.9166666666666666
0 0.95458984375 0.3697916666666668 0.74951171875 0.3697916666666668 0.74951171875 0.40039062500000017 0.95458984375 0.40039062500000017
0 0.2646484375000001 0.8723958333333334 0.05517578125000008 0.8723958333333334 0.05517578125000008 0.9010416666666666 0.2646484375000001 0.9010416666666666
0 0.2636718750000001 0.8404947916666666 0.05517578125000008 0.8404947916666666 0.05517578125000008 0.8697916666666666 0.2636718750000001 0.8697916666666666
0 0.9375 0.6940104166666669 0.7568359375 0.6940104166666666 0.7568359375 0.7239583333333335 0.9375 0.7239583333333336
0 0.72802734375 0.41015625000000017 0.5126953125 0.41015625000000017 0.5126953125 0.4407552083333335 0.72802734375 0.4407552083333335
0 0.72509765625 0.6367187500000001 0.5166015625 0.6367187500000001 0.5166015625 0.6660156250000001 0.72509765625 0.6660156250000001
0 0.7255859375 0.66796875 0.513671875 0.66796875 0.513671875 0.6966145833333334 0.7255859375 0.6966145833333334
0 0.2636718750000001 0.681640625 0.05273437500000007 0.681640625 0.05273437500000007 0.7109375 0.2636718750000001 0.7109375
0 0.72412109375 0.5403645833333335 0.51513671875 0.5403645833333335 0.51513671875 0.5696614583333335 0.72412109375 0.5696614583333335
0 0.259765625 0.4205729166666667 0.04248046875000004 0.4205729166666667 0.04248046875000004 0.4518229166666667 0.259765625 0.4518229166666667
0 0.7255859375 0.5722656250000001 0.51318359375 0.5722656250000001 0.51318359375 0.6022135416666669 0.7255859375 0.6022135416666669
0 0.7265625 0.24544270833333345 0.51123046875 0.2454427083333334 0.51123046875 0.2773437500000001 0.7265625 0.27734375000000017
0 0.72509765625 0.17903645833333345 0.509765625 0.1790364583333334 0.509765625 0.20963541666666677 0.72509765625 0.20963541666666682
0 0.72607421875 0.7311197916666666 0.5205078125 0.7311197916666666 0.5205078125 0.7604166666666666 0.72607421875 0.7604166666666666
0 0.50146484375 0.87109375 0.2836914062500001 0.87109375 0.2836914062500001 0.900390625 0.50146484375 0.900390625
0 0.2666015625000001 0.8079427083333334 0.05322265625000007 0.8079427083333334 0.053222656250000076 0.837890625 0.2666015625000001 0.837890625
0 0.93798828125 0.6621093750000001 0.75927734375 0.6621093750000001 0.75927734375 0.6907552083333335 0.93798828125 0.6907552083333336
0 0.95849609375 0.2721354166666668 0.74951171875 0.2721354166666668 0.74951171875 0.3033854166666668 0.95849609375 0.3033854166666668
0 0.4975585937500001 0.7434895833333334 0.2817382812500001 0.7434895833333334 0.2817382812500001 0.7747395833333334 0.4975585937500001 0.7747395833333334
0 0.72998046875 0.6048177083333335 0.515625 0.6048177083333335 0.515625 0.6354166666666669 0.72998046875 0.6354166666666669
0 0.4975585937500001 0.6106770833333334 0.2773437500000001 0.6106770833333334 0.2773437500000001 0.6425781250000001 0.4975585937500001 0.6425781250000001
0 0.4975585937500001 0.904296875 0.2856445312500001 0.904296875 0.2856445312500001 0.9342447916666666 0.4975585937500001 0.9342447916666666
0 0.2656250000000001 0.744140625 0.05322265625000007 0.744140625 0.05322265625000007 0.7734375 0.2656250000000001 0.7734375
0 0.4990234375000001 0.7760416666666666 0.2841796875000001 0.7760416666666666 0.2841796875000001 0.8059895833333334 0.4990234375000001 0.8059895833333334
0 0.49462890625 0.5449218750000001 0.27783203125 0.544921875 0.27783203125 0.5729166666666667 0.49462890625 0.5729166666666669
0 0.96630859375 0.13997395833333345 0.748046875 0.13997395833333345 0.748046875 0.17057291666666682 0.96630859375 0.17057291666666682
0 0.4951171875000001 0.6764322916666666 0.2778320312500001 0.6764322916666666 0.2778320312500001 0.70703125 0.4951171875000001 0.70703125
0 0.25830078125 0.552734375 0.050781250000000056 0.552734375 0.050781250000000056 0.5826822916666666 0.25830078125 0.5826822916666666
0 0.2636718750000001 0.7760416666666666 0.05371093750000007 0.7760416666666666 0.05371093750000007 0.806640625 0.2636718750000001 0.806640625
0 0.2617187500000001 0.6165364583333334 0.049804687500000056 0.6165364583333334 0.049804687500000056 0.646484375 0.2617187500000001 0.646484375
0 0.4985351562500001 0.8079427083333334 0.2827148437500001 0.8079427083333334 0.2827148437500001 0.8385416666666666 0.4985351562500001 0.8385416666666666
0 0.25830078125000006 0.5846354166666666 0.047363281250000056 0.5846354166666666 0.047363281250000056 0.615234375 0.2583007812500001 0.615234375
0 0.95703125 0.24023437500000014 0.748046875 0.24023437500000014 0.748046875 0.2708333333333335 0.95703125 0.2708333333333335
0 0.724609375 0.69921875 0.5185546875 0.69921875 0.5185546875 0.728515625 0.724609375 0.728515625
0 0.2661132812500001 0.7122395833333334 0.04980468750000007 0.7122395833333334 0.04980468750000007 0.7421875 0.2661132812500001 0.7421875
0 0.2675781250000001 0.9036458333333334 0.05761718750000008 0.9036458333333334 0.05761718750000008 0.9329427083333334 0.2675781250000001 0.9329427083333334
0 0.96240234375 0.17447916666666682 0.75146484375 0.17447916666666682 0.75146484375 0.20638020833333348 0.96240234375 0.20638020833333348
0 0.72607421875 0.4427083333333335 0.51171875 0.4427083333333335 0.51171875 0.47265625000000017 0.72607421875 0.47265625000000017
0 0.4975585937500001 0.7102864583333334 0.2812500000000001 0.7102864583333334 0.2812500000000001 0.740234375 0.4975585937500001 0.740234375
0 0.4965820312500001 0.6445312500000001 0.2773437500000001 0.64453125 0.2773437500000001 0.6744791666666666 0.4965820312500001 0.6744791666666666
0 0.26123046875 0.5188802083333334 0.04980468750000004 0.5188802083333334 0.04980468750000005 0.55078125 0.26123046875 0.55078125
0 0.95751953125 0.20703125000000014 0.75 0.20703125000000014 0.75 0.23697916666666682 0.95751953125 0.23697916666666682
0 0.724609375 0.9212239583333334 0.5185546875 0.9212239583333334 0.5185546875 0.953125 0.724609375 0.953125
0 0.26318359375 0.3515625 0.03808593750000003 0.3515625 0.038085937500000035 0.3860677083333333 0.26318359375 0.3860677083333333
0 0.50048828125 0.939453125 0.2875976562500001 0.939453125 0.2875976562500001 0.9713541666666666 0.50048828125 0.9713541666666666
0 0.9384765625 0.6302083333333335 0.7412109375 0.6302083333333335 0.7412109375 0.6595052083333335 0.9384765625 0.6595052083333335