0 0.6541850000000001 0.16934425000000006 0.2402483333333334 0.16534025 0.23959080076000205 0.2035768817224287 0.6535274674266688 0.20758088172242875
0 0.6449083333333333 0.20949300000000004 0.2431016666666667 0.20728375000000002 0.24278769034071976 0.23940494578106036 0.6445943570073863 0.2416141957810604
0 0.6470493333333335 0.24532700000000005 0.2448136666666667 0.24066750000000003 0.24410709526231664 0.2749774310399081 0.6463427619289834 0.2796369310399081
0 0.6463356666666668 0.28065799999999996 0.25166166666666673 0.27704725 0.25111270672765656 0.3107996202610262 0.6457867067276566 0.31441037026102614
0 0.6427676666666666 0.31598874999999993 0.25451500000000005 0.31257074999999995 0.2540097576804107 0.3448530624093201 0.6422624243470773 0.3482710624093201
0 0.6427676666666667 0.3496814999999999 0.2585096666666667 0.34681049999999997 0.2581018619639945 0.3775123455014564 0.6423598619639944 0.38038334550145636
0 0.6384863333333334 0.3834065 0.2585096666666667 0.38062224999999994 0.258132118305321 0.40960528202492674 0.6381087849719876 0.4123895320249268
0 0.6370589999999999 0.41385525 0.2585096666666667 0.41101 0.25809976961014686 0.441686045982954 0.6366491029434801 0.4445312959829541
0 0.6377726666666669 0.4449035000000001 0.26193366666666673 0.4431097500000001 0.26168237910062697 0.4727262311078549 0.637521379100627 0.4745199811078549
0 0.6342811731009317 0.5043191360967961 0.6342046666666666 0.47541649999999996 0.26706599761719707 0.4759631547956078 0.26714250405146217 0.504865790892404
0 0.6313503333333335 0.50646475 0.26878166666666675 0.50646475 0.26878166666666675 0.533766 0.6313503333333335 0.533766
0 0.6189232613566179 0.8460745812601133 0.6184864016619609 0.827689750327349 0.28418933333333335 0.8321580000000001 0.28462619302799036 0.8505428309327643
0 0.6202897023342149 0.8230872467191533 0.6199330000000002 0.8028052500000002 0.2830344905850184 0.8061381083758686 0.28339119291923315 0.8264201050950217
0 0.6231074660126955 0.7990027906036264 0.6227873333333332 0.77711025 0.2829973850448935 0.7799051540292383 0.28331751772425573 0.8017976946328648
0 0.6219118327873029 0.7738175361841783 0.62136 0.75248575 0.2818999044273649 0.7574253471869906 0.2824517372146678 0.7787571333711689
0 0.6211247865403703 0.7508334594466053 0.6206466666666667 0.7273260000000001 0.28299654139815317 0.7311889629473172 0.28347466127185683 0.7546964223939223
0 0.6258514979780843 0.7262268487079292 0.6256416666666665 0.70163075 0.2778898214780533 0.7032995182854527 0.27809965278947096 0.7278956169933819
0 0.6266776703133972 0.6995266006732159 0.6263497010673265 0.6761658217722457 0.2756293333333333 0.6789354999999999 0.27595730257940404 0.7022962789009701
0 0.6275623694991836 0.6711723190331408 0.627016525083292 0.6463606219275471 0.2773413333333333 0.65068775 0.27788717774922495 0.6754994471055937
0 0.625141590200681 0.6460363058844224 0.624928 0.620359 0.27333592035903037 0.6220041044569217 0.2735495105597114 0.6476814103413441
0 0.6277823333333336 0.59472775 0.27277600000000013 0.59462025 0.2727627430425593 0.6192462585290792 0.6277690763758927 0.6193537585290793
0 0.6314826432141688 0.5898923337434654 0.6313480453584474 0.564859985161098 0.2715687354776118 0.5659481514176326 0.27170333333333335 0.5909804999999999
0 0.630708762094505 0.5631408969504959 0.6306366666666666 0.5363784999999999 0.2704866403024949 0.5369242436523785 0.27055873573033334 0.5636866406028744