0 0.6907379626736112 0.34403880224609373 0.2664851848958334 0.340275 0.265697841531396 0.3683556478173389 0.6899506193091738 0.37211945006343267
0 0.6881615737847222 0.3718578125 0.2680023151041668 0.3691731772460938 0.2674741522075122 0.39532738635059955 0.6876334108880676 0.3980120216045058
0 0.6855847222222222 0.3982096352539062 0.27017962934027784 0.39744296874999996 0.2700324392769041 0.42267712997180934 0.6854375321588485 0.42344379647571556
0 0.6845537039930556 0.42459635400390633 0.2682046293402779 0.4244888022460938 0.2681849380002171 0.44860786440736533 0.6845340126529948 0.44871541616517785
0 0.6819768515625001 0.45067552099609376 0.27184074045138895 0.4498270834960937 0.2716730454571621 0.47547625290486184 0.6818091565682732 0.4763246904048619
0 0.6814615737847223 0.4750151040039063 0.2753727911661746 0.47385526781372483 0.275139622815207 0.4996861353396118 0.6812284054337546 0.5008459715297933
0 0.6752773151041668 0.5028341147460936 0.2720101848958334 0.5026291665039061 0.27197338771903484 0.5255382745175329 0.6752405179273683 0.5257432227597204
0 0.6716694444444445 0.5277536459960939 0.273213888888889 0.5268236977539063 0.2730534001628377 0.5485812829035887 0.6715089557183932 0.5495112311457763
0 0.6685773151041667 0.5526729165039063 0.2746731484375002 0.55064765625 0.2743057896076865 0.5732547779171985 0.6682099562743531 0.5752800381711047
0 0.6654851848958335 0.5758526040039064 0.274587037326389 0.5735533852539063 0.27416199752863135 0.5964176884080457 0.6650601450980758 0.5987169071580457
0 0.661877777777778 0.5978898437500002 0.27332916666666685 0.5973776040039065 0.2732359161485153 0.619758032360676 0.6617845272596264 0.6202702721067697
0 0.6597362339536018 0.6404788677267355 0.6593009262152778 0.6187669272460937 0.2753425482862178 0.6212026449321982 0.27577785602454186 0.64291458541284
0 0.656764403705624 0.6616336382007504 0.6561445361827052 0.6403538848125137 0.2764903173729145 0.6438530591117632 0.2771101848958334 0.6651328124999999
0 0.6527382096215009 0.6862438040660626 0.6520571682815738 0.6632969043632698 0.2751884262152778 0.6668359375 0.2758694675552049 0.6897828372027928
0 0.6933148151041667 0.31475260400390626 0.26207777777777785 0.3108611977539062 0.2612733831362151 0.33906604188918776 0.6925104204626039 0.34295744813918777