0 0.20019531250000006 0.4283854166666667 0.07568359375000003 0.4283854166666667 0.07568359375000004 0.4576822916666667 0.20019531250000006 0.4576822916666667
0 0.20068359375000006 0.4049479166666667 0.07568359375000003 0.4049479166666667 0.07568359375000003 0.4329427083333333 0.20068359375000006 0.4329427083333333
0 0.19921875000000006 0.4524739583333333 0.07617187500000003 0.4524739583333333 0.07617187500000004 0.4830729166666667 0.19921875000000006 0.4830729166666667
0 0.56640625 0.44596354166666674 0.42529296875 0.4459635416666667 0.42529296875 0.47656250000000006 0.56640625 0.47656250000000017
0 0.384765625 0.498046875 0.24316406250000006 0.498046875 0.24316406250000006 0.529296875 0.384765625 0.529296875
0 0.20117187500000006 0.380859375 0.07666015625000003 0.380859375 0.07666015625000003 0.4088541666666667 0.20117187500000006 0.4088541666666667
0 0.56494140625 0.47135416666666674 0.4248046875 0.4713541666666667 0.4248046875 0.5006510416666667 0.56494140625 0.5006510416666669
0 0.20117187500000006 0.3333333333333333 0.08056640625000003 0.3333333333333333 0.08056640625000003 0.359375 0.20117187500000006 0.359375
0 0.3818359375 0.3977864583333333 0.24755859375000006 0.3977864583333333 0.24755859375000006 0.4283854166666667 0.3818359375 0.4283854166666667
0 0.38232421875 0.421875 0.24707031250000006 0.421875 0.24707031250000006 0.453125 0.38232421875 0.453125
0 0.5654296875 0.5455729166666667 0.4248046875 0.5455729166666666 0.4248046875 0.5761718750000001 0.5654296875 0.5761718750000001
0 0.7724609375 0.6842447916666666 0.61474609375 0.6842447916666666 0.61474609375 0.716796875 0.7724609375 0.716796875
0 0.56494140625 0.42057291666666674 0.4248046875 0.4205729166666667 0.4248046875 0.45117187500000006 0.56494140625 0.45117187500000017
0 0.38134765625 0.29882812500000006 0.24658203125 0.29882812500000006 0.24658203125000003 0.32812500000000006 0.38134765625 0.32812500000000006
0 0.20068359375000006 0.3567708333333333 0.07812500000000003 0.3567708333333333 0.07812500000000003 0.384765625 0.20068359375000006 0.384765625
0 0.7568359375 0.2812500000000001 0.60400390625 0.28125000000000006 0.60400390625 0.3125000000000001 0.7568359375 0.31250000000000017
0 0.19824218750000006 0.552734375 0.07128906250000006 0.552734375 0.07128906250000006 0.5826822916666666 0.19824218750000006 0.5826822916666666
0 0.19873046875000006 0.5279947916666666 0.07421875000000006 0.5279947916666666 0.07421875000000006 0.55859375 0.19873046875000006 0.55859375
0 0.38232421875000006 0.6002604166666666 0.24218750000000006 0.6002604166666666 0.24218750000000006 0.6334635416666666 0.3823242187500001 0.6334635416666666
0 0.97119140625 0.42968750000000017 0.80517578125 0.42968750000000017 0.80517578125 0.46289062500000017 0.97119140625 0.46289062500000017
0 0.9677734375 0.34960937500000017 0.8046875 0.34960937500000017 0.8046875 0.38281250000000017 0.9677734375 0.38281250000000017
0 0.20019531250000006 0.6536458333333334 0.06787109375000006 0.6536458333333334 0.06787109375000006 0.6848958333333334 0.20019531250000006 0.6848958333333334
0 0.97314453125 0.4830729166666668 0.8076171875 0.4830729166666668 0.8076171875 0.5175781250000001 0.97314453125 0.5175781250000001
0 0.96044921875 0.32226562500000017 0.8037109375 0.32226562500000017 0.8037109375 0.35351562500000017 0.96044921875 0.35351562500000017
0 0.56298828125 0.34440104166666674 0.4228515625 0.3444010416666667 0.4228515625 0.37500000000000006 0.56298828125 0.37500000000000017
0 0.966796875 0.2955729166666668 0.80224609375 0.2955729166666668 0.80224609375 0.3287760416666668 0.966796875 0.3287760416666668
0 0.5673828125 0.5709635416666667 0.42529296875 0.5709635416666666 0.42529296875 0.6041666666666667 0.5673828125 0.6041666666666669
0 0.7578125 0.4388020833333335 0.60595703125 0.4388020833333335 0.60595703125 0.4720052083333335 0.7578125 0.4720052083333335
0 0.7626953125 0.4915364583333335 0.607421875 0.4915364583333335 0.607421875 0.5247395833333335 0.7626953125 0.5247395833333335
0 0.76171875 0.6009114583333335 0.61279296875 0.6009114583333335 0.61279296875 0.6334635416666669 0.76171875 0.6334635416666669
0 0.7578125 0.3600260416666668 0.60791015625 0.3600260416666668 0.60791015625 0.3919270833333335 0.7578125 0.3919270833333335
0 0.56396484375 0.37109375000000006 0.42333984375 0.37109375 0.42333984375 0.40039062500000006 0.56396484375 0.40039062500000017
0 0.75244140625 0.3346354166666668 0.60693359375 0.3346354166666668 0.60693359375 0.3645833333333335 0.75244140625 0.3645833333333335
0 0.97265625 0.5390625000000001 0.810546875 0.5390625000000001 0.810546875 0.5729166666666669 0.97265625 0.5729166666666669
0 0.20117187500000006 0.30859375 0.08007812500000003 0.30859375 0.08007812500000003 0.3359375 0.20117187500000006 0.3359375
0 0.962890625 0.3763020833333335 0.8046875 0.3763020833333335 0.8046875 0.4088541666666668 0.962890625 0.4088541666666668
0 0.19775390625000006 0.5774739583333334 0.06982421875000006 0.5774739583333334 0.06982421875000006 0.6087239583333334 0.19775390625000006 0.6087239583333334
0 0.76171875 0.5462239583333335 0.60888671875 0.5462239583333335 0.60888671875 0.5794270833333335 0.76171875 0.5794270833333335
0 0.5673828125 0.5983072916666667 0.42626953125 0.5983072916666666 0.42626953125000006 0.6328125000000001 0.5673828125 0.6328125000000001
0 0.56201171875 0.32031250000000006 0.42236328125 0.32031250000000006 0.42236328125 0.34960937500000006 0.56201171875 0.34960937500000017
0 0.56591796875 0.49414062500000006 0.42529296875 0.494140625 0.42529296875 0.5247395833333334 0.56591796875 0.5247395833333335
0 0.38330078125 0.4739583333333333 0.24462890625000006 0.4739583333333333 0.24462890625000006 0.5045572916666666 0.38330078125 0.5045572916666666
0 0.38232421875 0.34765625 0.24755859375000006 0.34765625 0.24755859375000006 0.376953125 0.38232421875 0.376953125
0 0.56005859375 0.29557291666666674 0.4228515625 0.29557291666666674 0.4228515625 0.32486979166666674 0.56005859375 0.32486979166666674
0 0.974609375 0.6204427083333335 0.814453125 0.6204427083333335 0.814453125 0.6555989583333335 0.974609375 0.6555989583333335
0 0.38232421875 0.5240885416666666 0.24169921875000006 0.5240885416666666 0.24169921875000006 0.5559895833333334 0.38232421875 0.5559895833333334
0 0.3828125 0.5475260416666666 0.24316406250000006 0.5475260416666666 0.24316406250000006 0.580078125 0.3828125 0.580078125
0 0.9833984375 0.6770833333333335 0.81494140625 0.6770833333333334 0.81494140625 0.7115885416666669 0.9833984375 0.711588541666667
0 0.5673828125 0.6263020833333334 0.4257812500000001 0.6263020833333334 0.4257812500000001 0.6595052083333334 0.5673828125 0.6595052083333335
0 0.3828125 0.3717447916666667 0.24804687500000006 0.3717447916666667 0.24804687500000006 0.40234375 0.3828125 0.40234375
0 0.38134765625 0.3235677083333334 0.24658203125000006 0.3235677083333334 0.24658203125000006 0.353515625 0.38134765625 0.353515625
0 0.97119140625 0.5937500000000001 0.8134765625 0.5937500000000001 0.8134765625 0.6282552083333335 0.97119140625 0.6282552083333335
0 0.97607421875 0.6484375000000001 0.81494140625 0.6484375000000001 0.81494140625 0.6829427083333335 0.97607421875 0.6829427083333336
0 0.3813476562500001 0.6796875 0.23974609375000006 0.6796875 0.23974609375000006 0.7115885416666666 0.3813476562500001 0.7115885416666666
0 0.20068359375000006 0.6028645833333334 0.07128906250000006 0.6028645833333334 0.07128906250000006 0.6328125 0.20068359375000006 0.6328125
0 0.3823242187500001 0.6263020833333334 0.24218750000000006 0.6263020833333334 0.24218750000000006 0.6595052083333334 0.3823242187500001 0.6595052083333334
0 0.75927734375 0.41210937500000017 0.60791015625 0.41210937500000017 0.60791015625 0.4446614583333335 0.75927734375 0.4446614583333335
0 0.76611328125 0.6555989583333335 0.61181640625 0.6555989583333335 0.61181640625 0.6907552083333334 0.76611328125 0.6907552083333334
0 0.19970703125000006 0.478515625 0.07324218750000006 0.478515625 0.07324218750000006 0.5078125 0.19970703125000006 0.5078125
0 0.96533203125 0.4563802083333335 0.80712890625 0.4563802083333335 0.80712890625 0.49023437500000017 0.96533203125 0.49023437500000017
0 0.75390625 0.3860677083333335 0.6083984375 0.3860677083333335 0.6083984375 0.4173177083333335 0.75390625 0.4173177083333335
0 0.56494140625 0.3938802083333334 0.423828125 0.3938802083333333 0.423828125 0.42447916666666674 0.56494140625 0.4244791666666668
0 0.56494140625 0.5195312500000001 0.42529296875 0.51953125 0.42529296875 0.5514322916666667 0.56494140625 0.5514322916666669
0 0.7529296875 0.3072916666666668 0.603515625 0.30729166666666674 0.603515625 0.3385416666666668 0.7529296875 0.3385416666666668
0 0.20019531250000006 0.5026041666666666 0.07226562500000006 0.5026041666666666 0.07226562500000006 0.5319010416666666 0.20019531250000006 0.5319010416666666
0 0.9599609375 0.24153645833333348 0.798828125 0.24153645833333348 0.798828125 0.2740885416666668 0.9599609375 0.2740885416666668
0 0.76025390625 0.5182291666666669 0.60888671875 0.5182291666666669 0.60888671875 0.5527343750000001 0.76025390625 0.5527343750000001
0 0.38037109375 0.2747395833333334 0.24462890625 0.2747395833333334 0.24462890625000003 0.30273437500000006 0.38037109375 0.30273437500000006
0 0.7548828125 0.2571614583333334 0.603515625 0.2571614583333334 0.603515625 0.2858072916666668 0.7548828125 0.2858072916666668
0 0.96337890625 0.4016927083333335 0.80517578125 0.4016927083333335 0.80517578125 0.43554687500000017 0.96337890625 0.43554687500000017
0 0.7578125 0.4654947916666668 0.6064453125 0.4654947916666668 0.6064453125 0.4973958333333335 0.7578125 0.4973958333333335
0 0.96923828125 0.5657552083333335 0.8115234375 0.5657552083333335 0.8115234375 0.5996093750000001 0.96923828125 0.5996093750000001
0 0.95703125 0.26953125000000017 0.7998046875 0.26953125000000017 0.7998046875 0.3014322916666668 0.95703125 0.3014322916666668
0 0.20068359375000006 0.6276041666666666 0.06982421875000006 0.6276041666666666 0.06982421875000006 0.6588541666666666 0.20068359375000006 0.6588541666666666
0 0.38232421875000006 0.57421875 0.24267578125000006 0.57421875 0.24267578125000006 0.6067708333333334 0.3823242187500001 0.6067708333333334
0 0.76416015625 0.6263020833333335 0.6123046875 0.6263020833333335 0.6123046875 0.6608072916666669 0.76416015625 0.6608072916666669
0 0.3828125 0.4479166666666667 0.24560546875000006 0.4479166666666667 0.24560546875000006 0.478515625 0.3828125 0.478515625
0 0.96826171875 0.5104166666666669 0.8095703125 0.5104166666666669 0.8095703125 0.5455729166666669 0.96826171875 0.5455729166666669
0 0.56787109375 0.6523437500000001 0.4252929687500001 0.65234375 0.4252929687500001 0.685546875 0.56787109375 0.685546875
0 0.3823242187500001 0.6510416666666666 0.24121093750000006 0.6510416666666666 0.24121093750000006 0.6842447916666666 0.3823242187500001 0.6842447916666666
0 0.7626953125 0.5722656250000001 0.6103515625 0.5722656250000001 0.6103515625 0.6061197916666669 0.7626953125 0.6061197916666669
0 0.56005859375 0.27148437500000006 0.4208984375 0.27148437500000006 0.4208984375 0.2981770833333334 0.56005859375 0.2981770833333334
0 0.20166015625000003 0.2845052083333333 0.07861328125000003 0.2845052083333333 0.07861328125000003 0.3118489583333333 0.20166015625000006 0.3118489583333333
0 0.56884765625 0.6809895833333334 0.4204101562500001 0.6809895833333334 0.4204101562500001 0.7135416666666666 0.56884765625 0.7135416666666666
0 0.20068359375000006 0.6809895833333334 0.06494140625000006 0.6809895833333334 0.06494140625000006 0.7109375 0.20068359375000006 0.7109375