0 0.7166666666666667 0.09750000000000004 0.18999999999999997 0.09750000000000003 0.18999999999999997 0.15000000000000002 0.7166666666666667 0.15000000000000005
0 0.7048444613683938 0.37081384979210413 0.7044443333333335 0.32750000000000007 0.21332611624679532 0.3300520005626901 0.2137262442818559 0.37336585035479414
0 0.7050881585676083 0.41245572860368146 0.7044309976642853 0.3699711160386834 0.22045383909667696 0.37418213743500184 0.22111099999999997 0.4166667499999999
0 0.7195387705116726 0.19654528611360939 0.7194102832101029 0.1487451030243676 0.19732400000000003 0.1495345 0.19745248730156953 0.19733468308924176
0 0.7194103333333333 0.19655325000000004 0.204518 0.19655325 0.20451800000000006 0.24203025 0.7194103333333333 0.24203025000000003
0 0.7120597055530599 0.284414606491034 0.7111431798711602 0.23659092322440012 0.20657366666666663 0.24203024999999997 0.20749019234856636 0.2898539332666339
0 0.7061696562811126 0.32835440000713695 0.7060496666666665 0.2859655 0.21170550039258207 0.2867526245378277 0.2118254900070282 0.32914152454496465
0 0.7009110000000001 0.45245775000000005 0.7001966686588307 0.41156202972320655 0.22507266666666662 0.4162302500000001 0.22578699800783597 0.4571259702767936
0 0.697472602566947 0.49018911057985703 0.6967856856981033 0.4516356460290441 0.23021133333333335 0.45631175 0.23089825020217705 0.49486521455081295
0 0.6998833333333333 0.52953725 0.6994272817721838 0.49097318720172256 0.2332669104024991 0.4940740963564304 0.23372296196364858 0.5326381591547078
0 0.6957723333333333 0.5626815000000001 0.6947657046810186 0.5256044526670021 0.23534999999999998 0.5326205 0.23635662865231485 0.569697547332998
0 0.697248684208393 0.6027529337635457 0.6968003333333334 0.56576475 0.240470322714713 0.5688761551989601 0.24091867358977267 0.6058643389625057
0 0.6933400259408092 0.6390170575131737 0.6928308430009431 0.604265034537676 0.24529333333333334 0.6079535 0.2458025162731994 0.6427055229754978
0 0.6904861769039173 0.6737314232570364 0.6895803769262433 0.6371146626829669 0.24610533333333331 0.6432855000000001 0.24701113331100746 0.6799022605740696
0 0.689212061985693 0.7072339620885643 0.6887703333333333 0.6719165 0.2509257656137222 0.6749969103597727 0.25136749426608185 0.710314372448337
0 0.6862856666666667 0.7425305000000001 0.6860683126198173 0.707480179230794 0.2509995622687422 0.7089977751529594 0.2512169163155917 0.7440480959221655
0 0.6855057873681357 0.7725449352598366 0.6849122079542919 0.74098627721412 0.2550206666666667 0.7455344999999999 0.2556142460805104 0.7770931580457164
0 0.6836153333333334 0.8066192499999999 0.6831383611653634 0.7740671753175307 0.25788169449869675 0.7775721753175306 0.2583586666666666 0.8101242499999999
0 0.6841421845335774 0.8371375829969264 0.6836153333333334 0.80611875 0.2596774214943043 0.8101690510286765 0.2602042726945485 0.841187884025603
0 0.6800294491876056 0.870194763329933 0.6796096666666668 0.8376624999999999 0.26100359740462015 0.840700852233744 0.261423379925559 0.8732331155636771
0 0.6810830412567014 0.9027475619319139 0.680945 0.8707082500000001 0.26369290386179084 0.8717194726241609 0.2638309451184921 0.9037587845560747
0 0.6751572875225489 0.9277797846345225 0.6749276072782994 0.9017250610014683 0.265702 0.90375425 0.2659316802442495 0.9298089736330541
0 0.6772660267507491 0.9560082632690543 0.6769384876221337 0.9278550579796055 0.2679986666666667 0.93053125 0.26832620579528194 0.9586844552894488