0 0.6698380275971226 0.8072468587529358 0.06944258639724106 0.7790864617793185 0.06303644595289645 0.8223020195302891 0.663431887152778 0.8504624165039064
0 0.6804915419512185 0.7683961382315541 0.08038977981380084 0.7381534373592761 0.07405654947916686 0.7779160273437501 0.6741583116165846 0.8081587282160281
0 0.6858497665779457 0.7285858222421888 0.08846061111111125 0.6984798256835939 0.0823462247414991 0.7368684243398426 0.6797353802083335 0.7669744208984375
0 0.6946696039162622 0.6911100655485171 0.09835892086793524 0.6603588027443383 0.09232650173611123 0.6973711132812501 0.6886371847844381 0.7281223760854288
0 0.6999523238380215 0.6499072559101297 0.10262370052083347 0.6204963271484374 0.096115134495312 0.6623212313945577 0.6934437578125001 0.6917321601562499
0 0.7102251852808199 0.6145505419256558 0.11548134469249804 0.5817693725605729 0.10927263368055568 0.6174105473632812 0.7040164742688776 0.6501917167283641
0 0.7179524257035281 0.5776506005842108 0.12288091840277787 0.5427716943359376 0.11642207776869434 0.5776379990251644 0.7114935850694446 0.6125169052734376
0 0.7253468562539169 0.536612635591522 0.13145237960611625 0.5052761969111441 0.12482783498414385 0.5450009065344659 0.7187223116319444 0.5763373452148437
0 0.7266683669120985 0.5021353619644502 0.1406846176353339 0.46841655927730486 0.13446232624406887 0.5026309512191047 0.7204460755208334 0.53634975390625
0 0.7398022126375292 0.4682193189530413 0.14712003607332397 0.43281032803274755 0.1410851657986112 0.46477139794921873 0.7337673423628164 0.5001803888695124
0 0.794738217354948 0.09315355909681555 0.2040938485519251 0.06477292579134973 0.19919872494697705 0.09700681444844049 0.7898430937499998 0.1253874477539063
0 0.7881709991319445 0.12806874511718752 0.19950662413194445 0.09563007177734377 0.1935403675535405 0.12988725490399342 0.7822047425535406 0.16232592824383718
0 0.7885740017361111 0.16263404443359378 0.18917200717688185 0.12961067827552192 0.1819215138888889 0.171250556640625 0.7813235084481183 0.20427392279869686
0 0.7854843190886753 0.1983947466761674 0.18711544131651783 0.17105369706904347 0.1814663730958981 0.21017161103740734 0.7798352508680557 0.23751266064453128
0 0.783362678432762 0.23422203658732343 0.18053197279645203 0.20594190183111405 0.17463218932896785 0.24573383301722815 0.7774628949652778 0.27401396777343756
0 0.7707873793162422 0.2735925633956785 0.17766063590726394 0.2457903917461937 0.17248045572916676 0.2807574184570313 0.765607199138145 0.3085595901065161
0 0.7708440463706135 0.30952282345671245 0.1786097568744744 0.2817566782503895 0.1725102756080276 0.32292052129758336 0.7647445651041668 0.35068666650390634
0 0.7588170489185582 0.3531939459390885 0.16881157297463226 0.31923345973850525 0.16154707291666676 0.35916655078125004 0.7515525488605926 0.39312703698183327
0 0.7536369991108123 0.39093228063619384 0.16218215625000007 0.35763615478515626 0.15511942970863238 0.39733202551614993 0.7465742725694446 0.4306281513671875
0 0.7441851763490759 0.4311771343011344 0.15506711805555565 0.39313034423828136 0.14684176974550608 0.43342836020111136 0.7359598280390263 0.4714751502639644