0 0.7618537071160415 0.11905934229759242 0.23779586425668595 0.07980776196155848 0.2308356139322917 0.13207980371093753 0.7548934567916472 0.17133138404697149
0 0.72106297265625 0.3446781137695313 0.23165671223958337 0.3137598857421875 0.22680973137486246 0.35691663819851127 0.716215991791529 0.38783486622585506
0 0.7156924550781251 0.3878244951171876 0.23350898212081525 0.35742356675537446 0.22876304296875014 0.3997654497070313 0.71094651592606 0.43016637806884445
0 0.7581161549479166 0.16775597167968756 0.23818572200520835 0.13212689355468754 0.23238653600785322 0.17972944357309553 0.7523169689505615 0.21535852169809555
0 0.7521933515625001 0.2153393862304688 0.2395214192708334 0.1794444008789063 0.23388521615178073 0.2247252876793056 0.7465571484434474 0.2606202730308681
0 0.7387527278645832 0.2569771342773438 0.23593201757812501 0.2248685952148438 0.23052363090946215 0.27250981494716864 0.7333443411959203 0.3046183540096687
0 0.7278089713541668 0.3034346391601562 0.23522094270833338 0.27204254638671876 0.23043738120148402 0.3142644172455275 0.7230254098473173 0.34565651001896497
0 0.706450232024806 0.42889806990715995 0.2327617233072917 0.3996070141601563 0.22828160352238033 0.4403609893306919 0.7019701122398946 0.46965204507769553
0 0.6979652669270834 0.4685641103515625 0.2329107194010417 0.4398739033203125 0.22869643209532983 0.4782991690950389 0.6937509796213713 0.5069893761262888
0 0.6954666436798553 0.5070583502862467 0.23101294531250008 0.4799972353515625 0.22702840710139474 0.5184650276434409 0.69148210546875 0.545526142578125
0 0.6870103690900374 0.5467552278551651 0.22856988281250012 0.5162118168945313 0.22420238469310783 0.5530858534876023 0.682642870970645 0.583629264448236
0 0.6839225364583333 0.5813824897460937 0.22900547981770839 0.5541761782226563 0.22508566871727045 0.5910442325842353 0.6800027253578954 0.6182505441076729
0 0.6751949622395833 0.6194733754882813 0.22913392317708345 0.5919131396484375 0.22532933437116173 0.6265502469207875 0.6713903734336616 0.6541104827606313
0 0.6678830917968752 0.65200026953125 0.22556354166666678 0.6271493828125 0.22191583450570698 0.6636698847726631 0.6642353846359155 0.6885207714914131
0 0.662771220703125 0.6865166752929689 0.2259615032552084 0.6632751298828126 0.2226311183806637 0.6984833638161904 0.6594408358285803 0.7217249092263467
0 0.6553177830583622 0.7217144477134363 0.2219994355468751 0.6953992924804686 0.21822735821767977 0.7303377925209386 0.6515457057291668 0.7566529477539062
0 0.6501544329427084 0.7570582211914062 0.22176817382812516 0.7295789682617188 0.2181828175861826 0.761019179191216 0.6465690767007658 0.7884984321209034
0 0.6444313988652314 0.787828781504401 0.2205171936587654 0.7622029395713021 0.21702982799665924 0.7946533235942448 0.6409440332031252 0.8202791655273437
0 0.6410060625000001 0.8197808232421876 0.2182919856770835 0.7952128872070313 0.21509687788323065 0.8261362046853986 0.6378109547061473 0.8507041407205549
0 0.6331082877604167 0.8509092958984373 0.21571214713541678 0.8267139497070312 0.21237026734255784 0.8591426796279503 0.6297664079675577 0.8833380258193565
0 0.6303423287760419 0.8839056318359375 0.21458570377604183 0.8573106489257812 0.21095619227164616 0.8892267746267155 0.6267128172716462 0.9158217575368718
0 0.6203884628906251 0.9153930820312501 0.21279444140625015 0.8878610517578126 0.20967930966473158 0.9138021591523642 0.6172733311491067 0.9413341894258017
0 0.6192624231770835 0.9405991313476564 0.21176259049479182 0.9146826884765626 0.20859078203333228 0.942735831258263 0.616090614715624 0.9686522741293567