0 0.9064814814814814 0.2802083333333334 0.5111111111111111 0.28020833333333334 0.5111111111111111 0.3057291666666667 0.9064814814814814 0.3057291666666668
0 0.48055555555555557 0.38385416666666666 0.100925925925926 0.38385416666666666 0.100925925925926 0.40729166666666666 0.48055555555555557 0.40729166666666666
0 0.475 0.33489583333333334 0.09629629629629638 0.33489583333333334 0.09629629629629638 0.359375 0.475 0.359375
0 0.8851851851851854 0.6942708333333333 0.5046296296296299 0.6942708333333333 0.5046296296296299 0.7182291666666667 0.8851851851851854 0.7182291666666667
0 0.8935185185185187 0.5265625 0.5064814814814816 0.5265625 0.5064814814814816 0.5505208333333333 0.8935185185185187 0.5505208333333333
0 0.4805555555555558 0.528125 0.1064814814814816 0.528125 0.1064814814814816 0.5510416666666667 0.4805555555555558 0.5510416666666667
0 0.9027777777777778 0.3296875000000001 0.5101851851851852 0.3296875 0.5101851851851852 0.35468750000000004 0.9027777777777778 0.3546875000000001
0 0.8935185185185187 0.575 0.5074074074074076 0.575 0.5074074074074076 0.6 0.8935185185185187 0.6
0 0.4759259259259259 0.4078125 0.100925925925926 0.4078125 0.10092592592592602 0.43072916666666666 0.4759259259259259 0.43072916666666666
0 0.4824074074074076 0.5739583333333333 0.10740740740740753 0.5739583333333333 0.10740740740740753 0.5973958333333333 0.4824074074074076 0.5973958333333333
0 0.4787037037037037 0.35989583333333336 0.10000000000000007 0.35989583333333336 0.10000000000000007 0.38333333333333336 0.4787037037037037 0.38333333333333336
0 0.47962962962962985 0.6927083333333334 0.10925925925925942 0.6927083333333334 0.10925925925925942 0.7145833333333333 0.47962962962962985 0.7145833333333333
0 0.4787037037037039 0.6223958333333334 0.10833333333333346 0.6223958333333334 0.10833333333333346 0.6453125 0.4787037037037039 0.6453125
0 0.9009259259259259 0.37968750000000007 0.5092592592592593 0.3796875 0.5092592592592593 0.4052083333333334 0.9009259259259259 0.40520833333333345
0 0.8935185185185185 0.4546875000000001 0.5074074074074074 0.4546875 0.5074074074074074 0.4786458333333334 0.8935185185185185 0.47864583333333344
0 0.47962962962962974 0.48020833333333335 0.10370370370370381 0.48020833333333335 0.10370370370370381 0.5036458333333333 0.47962962962962985 0.5036458333333333
0 0.8944444444444447 0.5026041666666667 0.5064814814814816 0.5026041666666666 0.5064814814814816 0.5265625 0.8944444444444447 0.5265625000000002
0 0.9018518518518519 0.3536458333333334 0.5101851851851852 0.3536458333333333 0.5101851851851852 0.37968750000000007 0.9018518518518519 0.3796875000000001
0 0.4787037037037039 0.6473958333333333 0.10833333333333346 0.6473958333333333 0.10833333333333348 0.6697916666666667 0.4787037037037039 0.6697916666666667
0 0.9009259259259259 0.4052083333333334 0.5092592592592593 0.40520833333333334 0.5092592592592593 0.4302083333333334 0.9009259259259259 0.43020833333333347
0 0.9074074074074074 0.3062500000000001 0.5101851851851852 0.30625 0.5101851851851852 0.33072916666666674 0.9074074074074074 0.3307291666666668
0 0.9083333333333333 0.25468750000000007 0.5120370370370371 0.25468750000000007 0.5120370370370371 0.28125000000000006 0.9083333333333333 0.2812500000000001
0 0.8833333333333335 0.7421875 0.5055555555555558 0.7421875 0.5055555555555558 0.7651041666666667 0.8833333333333335 0.7651041666666667
0 0.4814814814814817 0.5041666666666667 0.1064814814814816 0.5041666666666667 0.1064814814814816 0.5270833333333333 0.4814814814814817 0.5270833333333333
0 0.4787037037037037 0.4317708333333333 0.10277777777777788 0.4317708333333333 0.10277777777777788 0.4557291666666667 0.4787037037037037 0.4557291666666667
0 0.47962962962962985 0.715625 0.11296296296296313 0.715625 0.11296296296296313 0.7390625 0.47962962962962985 0.7390625
0 0.475 0.28489583333333335 0.0944444444444445 0.28489583333333335 0.09444444444444451 0.30833333333333335 0.475 0.30833333333333335
0 0.9046296296296297 0.2291666666666667 0.5111111111111111 0.2291666666666667 0.5111111111111111 0.2536458333333334 0.9046296296296297 0.2536458333333334
0 0.8962962962962965 0.5505208333333333 0.5064814814814816 0.5505208333333333 0.5064814814814816 0.5755208333333334 0.8962962962962965 0.5755208333333334
0 0.4814814814814817 0.7614583333333333 0.11851851851851868 0.7614583333333333 0.11851851851851868 0.7828125 0.4814814814814817 0.7828125
0 0.8824074074074076 0.765625 0.5074074074074076 0.765625 0.5074074074074076 0.7875 0.8824074074074076 0.7875
0 0.47962962962962985 0.5979166666666667 0.10740740740740753 0.5979166666666667 0.10740740740740753 0.621875 0.47962962962962985 0.621875
0 0.4759259259259259 0.309375 0.09444444444444453 0.309375 0.09444444444444453 0.3338541666666667 0.4759259259259259 0.3338541666666667
0 0.47685185185185186 0.45729166666666665 0.10370370370370381 0.45729166666666665 0.10370370370370381 0.48072916666666665 0.47685185185185186 0.48072916666666665
0 0.4759259259259259 0.2588541666666667 0.09074074074074079 0.25885416666666666 0.09074074074074079 0.2828125 0.4759259259259259 0.2828125
0 0.8824074074074076 0.7192708333333333 0.5046296296296299 0.7192708333333333 0.5046296296296299 0.7427083333333333 0.8824074074074076 0.7427083333333333
0 0.4814814814814817 0.5515625 0.10740740740740753 0.5515625 0.10740740740740753 0.5744791666666667 0.4814814814814817 0.5744791666666667
0 0.8935185185185187 0.6 0.5074074074074076 0.6 0.5074074074074076 0.625 0.8935185185185187 0.625
0 0.8953703703703705 0.4786458333333334 0.5074074074074074 0.4786458333333333 0.5074074074074075 0.503125 0.8953703703703706 0.5031250000000002
0 0.4814814814814817 0.7395833333333334 0.11481481481481497 0.7395833333333334 0.11481481481481497 0.7604166666666666 0.4814814814814817 0.7604166666666666
0 0.47962962962962985 0.6692708333333334 0.10925925925925942 0.6692708333333334 0.10925925925925942 0.6921875 0.47962962962962985 0.6921875
0 0.47314814814814815 0.20625000000000002 0.08796296296296302 0.20625 0.08796296296296302 0.23281250000000003 0.47314814814814815 0.23281250000000006
0 0.8972222222222223 0.42968750000000006 0.5074074074074074 0.4296875 0.5074074074074074 0.4552083333333334 0.8972222222222223 0.45520833333333344
0 0.4740740740740741 0.23437500000000003 0.08888888888888895 0.234375 0.08888888888888895 0.2598958333333334 0.4740740740740741 0.2598958333333334
0 0.4814814814814817 0.7833333333333333 0.1194444444444446 0.7833333333333333 0.1194444444444446 0.8057291666666667 0.4814814814814817 0.8057291666666667
0 0.8796296296296299 0.809375 0.5083333333333335 0.809375 0.5083333333333335 0.8338541666666667 0.8796296296296299 0.8338541666666667
0 0.8842592592592595 0.7869791666666667 0.5083333333333335 0.7869791666666667 0.5083333333333335 0.809375 0.8842592592592595 0.809375
0 0.9111111111111111 0.20156250000000006 0.5111111111111111 0.20156250000000006 0.5111111111111111 0.22864583333333338 0.9111111111111111 0.22864583333333338
0 0.48796296296296315 0.8291666666666667 0.12222222222222238 0.8291666666666667 0.12222222222222241 0.853125 0.48796296296296315 0.853125
0 0.4824074074074076 0.8057291666666667 0.12129629629629646 0.8057291666666667 0.12129629629629646 0.828125 0.4824074074074076 0.828125
0 0.8796296296296299 0.8333333333333334 0.5074074074074076 0.8333333333333334 0.5074074074074076 0.8583333333333333 0.8796296296296299 0.8583333333333333
0 0.8885833333333335 0.6257302083333335 0.506052571408116 0.6198379355306992 0.5050192380747827 0.6410639771973657 0.8875500000000002 0.64695625
0 0.8905917824432407 0.648138798727465 0.5080020227158344 0.6431274698457019 0.5070278328651866 0.6666600252849036 0.8896175925925929 0.6716713541666668
0 0.8906509259259262 0.6719624999999999 0.5061829549650039 0.6684598719585501 0.5055126978156026 0.6917382466391938 0.8899806687765248 0.6952408746806438