0 0.400390625 0.33056640625 0.15820312500000003 0.33056640625 0.15820312500000006 0.3564453125 0.400390625 0.3564453125
0 0.400390625 0.2890625 0.16145833333333337 0.2890625 0.16145833333333337 0.3134765625 0.400390625 0.3134765625
0 0.9420572916666666 0.69921875 0.6471354166666669 0.69921875 0.6471354166666669 0.73193359375 0.9420572916666666 0.73193359375
0 0.3938802083333333 0.35009765625 0.1555989583333334 0.35009765625 0.1555989583333334 0.3759765625 0.3938802083333333 0.3759765625
0 0.36914062500000017 0.61083984375 0.12369791666666678 0.61083984375 0.12369791666666678 0.64013671875 0.36914062500000017 0.64013671875
0 0.3756510416666668 0.5654296875 0.1282552083333334 0.5654296875 0.12825520833333343 0.59326171875 0.3756510416666668 0.59326171875
0 0.9368489583333334 0.4218750000000001 0.6575520833333334 0.4218750000000001 0.6575520833333334 0.4506835937500001 0.9368489583333334 0.4506835937500001
0 0.9309895833333334 0.4902343750000001 0.6692708333333334 0.4902343750000001 0.6692708333333334 0.51806640625 0.9309895833333334 0.51806640625
0 0.935546875 0.4443359375000001 0.6549479166666666 0.4443359375000001 0.6549479166666667 0.4736328125000001 0.935546875 0.4736328125000001
0 0.3951822916666667 0.39306640625 0.14713541666666674 0.39306640625 0.14713541666666674 0.419921875 0.3951822916666667 0.419921875
0 0.9381510416666666 0.58056640625 0.6536458333333335 0.58056640625 0.6536458333333335 0.60986328125 0.9381510416666666 0.60986328125
0 0.9388020833333334 0.5576171875 0.6542968750000001 0.5576171875 0.6542968750000001 0.58642578125 0.9388020833333334 0.58642578125
0 0.939453125 0.5341796875 0.6601562500000001 0.5341796875 0.6601562500000001 0.56396484375 0.939453125 0.56396484375
0 0.37695312500000017 0.54296875 0.1282552083333334 0.54296875 0.12825520833333343 0.57080078125 0.37695312500000017 0.57080078125
0 0.9381510416666666 0.65087890625 0.6510416666666669 0.65087890625 0.6510416666666669 0.681640625 0.9381510416666666 0.681640625
0 0.3854166666666668 0.47802734375 0.13867187500000008 0.47802734375 0.13867187500000008 0.50439453125 0.3854166666666668 0.50439453125
0 0.9401041666666666 0.67333984375 0.6451822916666669 0.67333984375 0.6451822916666669 0.705078125 0.9401041666666666 0.705078125
0 0.9446614583333334 0.626953125 0.6484375000000001 0.626953125 0.6484375000000001 0.658203125 0.9446614583333334 0.658203125
0 0.9375 0.60302734375 0.6529947916666669 0.60302734375 0.6529947916666669 0.63330078125 0.9375 0.63330078125
0 0.3860677083333335 0.4560546875 0.14062500000000008 0.4560546875 0.14062500000000008 0.484375 0.3860677083333335 0.484375
0 0.94140625 0.7236328125 0.6445312500000001 0.7236328125 0.6445312500000001 0.755859375 0.94140625 0.755859375
0 0.3645833333333335 0.65478515625 0.11002604166666678 0.65478515625 0.11002604166666678 0.6845703125 0.3645833333333335 0.6845703125
0 0.943359375 0.771484375 0.6464843750000001 0.771484375 0.6464843750000001 0.8046875 0.943359375 0.8046875
0 0.9361979166666666 0.3774414062500001 0.6608072916666666 0.3774414062500001 0.6608072916666666 0.4082031250000001 0.9361979166666666 0.4082031250000001
0 0.3658854166666668 0.63232421875 0.11718750000000011 0.63232421875 0.11718750000000011 0.6611328125 0.3658854166666668 0.6611328125
0 0.9401041666666666 0.4648437500000001 0.6477864583333335 0.4648437500000001 0.6477864583333335 0.4941406250000001 0.9401041666666666 0.4941406250000001
0 0.3802083333333335 0.521484375 0.13541666666666674 0.521484375 0.13541666666666674 0.5478515625 0.3802083333333335 0.5478515625
0 0.3782552083333335 0.50048828125 0.1360677083333334 0.50048828125 0.1360677083333334 0.52734375 0.3782552083333335 0.52734375
0 0.3821614583333334 0.4345703125 0.14453125000000008 0.4345703125 0.14453125000000008 0.4609375 0.3821614583333335 0.4609375
0 0.40695088346354163 0.24978736035156254 0.16376269544567443 0.24816931020578403 0.1634614613570916 0.2736362723726088 0.4066496493749588 0.2752543225183873
0 0.40625 0.26953125 0.16406250000000003 0.26953125 0.16406250000000003 0.29541015625 0.40625 0.29541015625
0 0.9388020833333334 0.7490234375 0.6438802083333335 0.7490234375 0.6438802083333335 0.7822265625 0.9388020833333334 0.7822265625
0 0.9427083333333334 0.5107421875 0.6582031250000001 0.5107421875 0.6582031250000001 0.53955078125 0.9427083333333334 0.53955078125
0 0.37304687500000017 0.58740234375 0.12369791666666678 0.58740234375 0.12369791666666678 0.615234375 0.37304687500000017 0.615234375
0 0.3971354166666667 0.373046875 0.15039062500000008 0.373046875 0.15039062500000008 0.3984375 0.3971354166666667 0.3984375
0 0.390625 0.4140625 0.1497395833333334 0.4140625 0.1497395833333334 0.4404296875 0.390625 0.4404296875
0 0.396484375 0.30908203125 0.15950520833333337 0.30908203125 0.15950520833333337 0.33447265625 0.396484375 0.33447265625
0 0.9348958333333334 0.4018554687500001 0.658203125 0.4018554687500001 0.658203125 0.4306640625000001 0.9348958333333334 0.4306640625000001
0 0.9548422672040395 0.8144235129121453 0.6464804205729168 0.7947035576171876 0.6435001676917939 0.820917380154261 0.9518620143229167 0.8406373354492187
0 0.9378908821614584 0.24895566113281253 0.9358713539889187 0.2211406149495278 0.6554138663587104 0.23259468135577777 0.6574333945312499 0.2604097275390625
0 0.9375890540364583 0.3796805400390625 0.936789570866333 0.3572788294773749 0.6544778905277913 0.3629461727390937 0.6552773736979166 0.3853478833007813
0 0.9365215396540906 0.3599549774774601 0.9359780722656251 0.33645089453125 0.6543317390312862 0.3401140622718719 0.6548752064197515 0.363618145218082
0 0.9364923391927084 0.33520970068359374 0.93583193996888 0.3124424812617845 0.6576925880938819 0.31698065926186547 0.6583529873177102 0.33974787868367473
0 0.9344525273437502 0.31505144287109377 0.9335084466055391 0.2917403422715864 0.6569007753906251 0.2980416850585938 0.657844856128836 0.32135278565810116
0 0.9300148020497822 0.29160067038411813 0.9288584301330496 0.26913475374516505 0.6583372055572259 0.2769671971305782 0.6594935774739584 0.2994331137695313
0 0.9341575796043721 0.2715775159740412 0.9331431035156247 0.25035148779296873 0.658294905609747 0.2577405359873902 0.6593093816984944 0.27896656416846266
0 0.3594430641107343 0.7598763253832365 0.09996999830249365 0.7437288263477141 0.09723970632717611 0.7684073193238528 0.3567127721354168 0.7845548183593751
0 0.35972612890625016 0.7346493120117188 0.10400417834737148 0.7206119956507803 0.10165923010511695 0.7446412175986021 0.35738118066399566 0.7586785339595407
0 0.36165819574015323 0.7108801471317916 0.10708458343218126 0.6988820726882065 0.1052038232389031 0.7213290456736022 0.359777435546875 0.7333271201171874
0 0.36397347130260677 0.6864685642199537 0.11087426433428615 0.6738349359247331 0.10849702284938785 0.7006240601813418 0.36159622981770845 0.7132576884765625
0 0.4088660689041798 0.2492325173743598 0.40829824903185874 0.22706344358423447 0.16328593989330398 0.23059343353409345 0.163853759765625 0.2527625073242188