0 0.6931825117756834 0.1294542895153282 0.68681730891154 0.08459650517061348 0.20946953710937502 0.12269710888671877 0.21583473997351824 0.16755489323143347
0 0.6958048508323174 0.17256515192842192 0.6902512317708335 0.13180682177734376 0.21715087402290423 0.1680674653000959 0.22270449308438822 0.20882579545117405
0 0.7010918207204725 0.21342003389712977 0.6947144437089993 0.17149814116944806 0.23179651953124994 0.21111022900390625 0.23817389654272314 0.25303212173158796
0 0.7012000809862808 0.2526938708320524 0.6956369200177388 0.2157211313054387 0.24507598046874998 0.2538554560546875 0.2506391414372919 0.29082819558130124
0 0.7032341928451151 0.29288735149139533 0.6973662706179372 0.25495423307584714 0.25656841015625 0.29330974707031243 0.26243633238342784 0.3312428654858606
0 0.7088121738156241 0.3307427957793504 0.7027768171776344 0.29327736934483895 0.2621557005208333 0.333203763671875 0.2681910571588231 0.37066919010638644
0 0.7098554041822034 0.36944253703147445 0.7040447239583334 0.3325080307617188 0.27266664335348384 0.3706826996151978 0.2784773235773539 0.4076172058849534
0 0.7138914283854167 0.4059742705078126 0.7076838572449663 0.3690408475399938 0.2827461341145834 0.4092152993164063 0.2889537052550338 0.44614872228422514
0 0.7205858531445694 0.4382644627894061 0.714398880376199 0.40375212443133485 0.29192553125 0.44635370019531256 0.29811250401837047 0.48086603855338383
0 0.7235014351938807 0.4733295580229515 0.7166701272377728 0.43743943159478005 0.30088937174479163 0.48195539599609377 0.3077206797008996 0.5178455224242652
0 0.7248122434895832 0.5076185771484374 0.7190578244974523 0.4771560946474195 0.31093175325520833 0.520522462890625 0.3166861722473393 0.5509849453916429
0 0.7284189602265604 0.5420890458004388 0.72256560546875 0.5101774741210937 0.3165737522745104 0.5520661370421993 0.32242710703232075 0.5839777087215444
0 0.7704679606336734 0.9208430161719104 0.7656355364583334 0.898513192871094 0.4050896543939257 0.9424029147019105 0.40992207856926566 0.964732738002727
0 0.7691396956850469 0.8944842649151471 0.7628241311155737 0.8667597124910182 0.39909954427083333 0.9133658188476562 0.40541510884030646 0.9410903712717851
0 0.7649348156171673 0.8679158911114265 0.7594470716145834 0.8416555195312501 0.39158380398239717 0.8848971367314374 0.39707154798498107 0.9111575083116139
0 0.7637712898800096 0.8395756168036003 0.7579172052049579 0.813313392672375 0.38305116406250006 0.8603164516601562 0.38890524873755195 0.8865786757913815
0 0.7603191984148076 0.8130177552016317 0.7542393131510416 0.7855435522460937 0.37514612741291 0.8327323362474881 0.3812260126766757 0.860206539203026
0 0.7603087132940548 0.7830713676337325 0.7537536887440743 0.7538513090735545 0.36441349934895834 0.8029811098632812 0.37096852389893886 0.8322011684234593
0 0.7559811232360234 0.7541958387162944 0.7496889632401236 0.7254028233168626 0.35699416796875 0.7736742661132814 0.3632863279646498 0.8024672815127132
0 0.7582776821549798 0.7271413311583794 0.7527107838541666 0.6989182075195314 0.3578744380313071 0.7427256460074785 0.3634413363321203 0.7709487696463265
0 0.755027434182463 0.6953955991255963 0.7493299155215692 0.6683023112876074 0.3501750045572916 0.7155181870117187 0.35587252321818524 0.7426114748497076
0 0.7491417061958274 0.6665841201457445 0.7425512239309201 0.6352053033583529 0.34614907161458336 0.6820369213867189 0.3527395538794907 0.7134157381741105
0 0.7452622748514256 0.6347158579136228 0.7389067890625 0.6035224003906251 0.33688444444709836 0.6495966165651021 0.3432399302360239 0.6807900740880999
0 0.7386189207462116 0.6019337964997382 0.7329904878475145 0.5734282833381231 0.3338319016927083 0.6177612333984376 0.3394603345914055 0.6462667465600527
0 0.7324661452629678 0.5730876768279533 0.726330174802051 0.541186475852354 0.3258607649739583 0.584514421875 0.331996735434875 0.6164156228505993