0 0.7713560182291668 0.2530981772460938 0.2013537039930556 0.24975026025390626 0.20068672100384383 0.28568063515172315 0.7706890352399549 0.28902855214391066
0 0.763287037326389 0.2914799477539063 0.20390092621527786 0.2886937500000001 0.20334863192049094 0.32377825486902706 0.762734743031602 0.32656445262293327
0 0.760942494835361 0.32817308663904377 0.2024342595486112 0.325015625 0.20184007331151851 0.35827079253605254 0.7603483085982684 0.36142825417509633
0 0.7603527777777778 0.3644796875 0.20511064843750004 0.3603903647460937 0.20431615140653445 0.3945228848094374 0.7595582807468122 0.3986122075633437
0 0.7581523151041667 0.3994856772460938 0.2067064817708334 0.3954250000000001 0.20591807366393552 0.4293016550970241 0.7573639069972689 0.43336233234311783
0 0.7566851848958334 0.4345658852539063 0.20756898177083338 0.43177057275390623 0.2070063570979726 0.46674074080282557 0.7561225602229726 0.46953605330282566
0 0.7552180555555557 0.46879583349609383 0.21145125979249618 0.4676744255151667 0.21124943678517105 0.4986389752205844 0.7550162325482305 0.49976038320151156
0 0.750643794345001 0.5034706953578135 0.2119310182291668 0.50038359375 0.21133954207613306 0.53304152305532 0.7500523181919672 0.5361286246631335
0 0.7508171293402779 0.5352416665039064 0.21547599167065867 0.5342997400706827 0.2152900414307299 0.5677389054743894 0.7506311791003492 0.5686808319076131
0 0.7456824071180557 0.569446875 0.21499398177083345 0.5674424477539063 0.2146252895320227 0.5983282130694635 0.7453137148792448 0.6003326403155572
0 0.7449486111111113 0.6007880209960937 0.22082268489583348 0.5997825522460938 0.22062750358084643 0.6319747301299254 0.7447534297961242 0.6329801988799254
0 0.7434819444444446 0.6354307290039063 0.2200000000000001 0.6319283852539063 0.21936241299640205 0.6620811713748951 0.7428443574408464 0.6655835151248951
0 0.7376134262152779 0.6651208334960936 0.2228608629612387 0.6640738892544105 0.22265921500905708 0.6954438398566434 0.7374117782630962 0.6964907840983265
0 0.7349916428676494 0.6960574676921163 0.2222898151041668 0.6943744790039063 0.22197733890318425 0.7244938340656962 0.7346791666666669 0.7261768227539063
0 0.7317521521372666 0.7271364156495665 0.2248988198395931 0.7232303582297444 0.22414351822916678 0.7542408852539063 0.7309968505268403 0.7581469426737285
0 0.7735564817708334 0.21265286474609374 0.1971384262152778 0.2075658852539063 0.19600718249105115 0.2481240995660898 0.7724252380466067 0.2532110790582773
0 0.7288918669288109 0.760007070979496 0.22412037065972243 0.7557479165039063 0.22324826140969398 0.7884509001770436 0.7280197576787825 0.7927100546526333