0 0.8697191840277779 0.07005419921875007 0.17140625000000004 0.037746582031250024 0.164740562908695 0.08333296492436906 0.8630534969364728 0.11564058211186912
0 0.8625481770833332 0.11578051757812506 0.17810807291666667 0.08708935546875002 0.17241769115622177 0.13004040362596403 0.8568577953228884 0.1587315657353391
0 0.8565876496214959 0.16059980738146462 0.1741241319444445 0.133685546875 0.16879797024379783 0.17641785877035618 0.8512614879208492 0.20333211927682077
0 0.855377170138889 0.20362011718750003 0.17173350694444448 0.179412109375 0.166798802756785 0.22350584757472286 0.8504424659512294 0.2477138553872229
0 0.8490030381944443 0.24752661132812503 0.17014019097222227 0.22735302734375 0.16615809486964472 0.26975204271507974 0.8450209420918668 0.28992562669945476
0 0.8458155381944444 0.2909580078125 0.1733272569444445 0.273922607421875 0.17004645392980455 0.31490125150579673 0.8425347351798045 0.3319366518964217
0 0.8410351562499999 0.3339677734374999 0.1741241319444445 0.31782910156249994 0.17108270325653613 0.35759609854907326 0.8379937275620916 0.3737347704240732
0 0.8330672743055557 0.37521118164062506 0.17570000086805562 0.36000544580078125 0.17265857275318466 0.4016083115690576 0.8300258461906848 0.4168140474089014
0 0.8290325621757457 0.4146511702843511 0.1784157986111112 0.4026223144531251 0.1760742458761816 0.44269513632087704 0.826691009440816 0.4547239921521031
0 0.8305181953707329 0.48271886030758104 0.8298233578850448 0.4432016043583973 0.17172569986194416 0.44686287521845247 0.17242053734763227 0.48638013116763623
0 0.8350876743200629 0.5202491053626319 0.833679478890197 0.48065336872728137 0.17412413194444445 0.4880751953125 0.17553232737431027 0.5276709319478505
0 0.8166310492694729 0.9007302000227791 0.8119770261267024 0.8641870710544216 0.19398704150310786 0.8890899351390987 0.1986410646458784 0.9256330641074563
0 0.8245592073471237 0.861226070197001 0.8211154513888889 0.830360595703125 0.188827491892438 0.8526818900845855 0.1922712478506729 0.8835473645784615
0 0.8333823807693107 0.8246975269463243 0.8295099103858818 0.7908118847655479 0.18209201388888888 0.814221923828125 0.18596448427231768 0.8481075660089014
0 0.8235671130325752 0.7874326447901676 0.8201132362751705 0.753980954412019 0.18288888888888885 0.7747983398437499 0.1863427656462936 0.8082500302218986
0 0.8249782039555873 0.7502817949405507 0.8214944845030752 0.7139914037645125 0.1765143229166667 0.7335817871093753 0.17999804236917885 0.7698721782854134
0 0.8300563322616851 0.7140093767284497 0.8274477890085337 0.680139958185137 0.17970138888888887 0.6959248046874998 0.18230993214204025 0.7297942232308126
0 0.8305903481855619 0.6782897970859987 0.8282864583333335 0.6417341308593753 0.17960447518841552 0.654669651040509 0.18190836504064406 0.6912253172671324
0 0.8267087597820328 0.6402756841131275 0.825096018708701 0.6044504487178703 0.17331814236111112 0.6137341308593749 0.17493088343444307 0.6495593662546321
0 0.8271696902555667 0.6031092692447407 0.8258958333333334 0.56510205078125 0.17012856947094257 0.5720562855908918 0.1714024263931759 0.6100635040543826
0 0.8369158377627148 0.5618303930851757 0.835507889471319 0.5226361490938375 0.17025288432608846 0.5301974690843466 0.1716608326174843 0.5693917130756848