0 0.8634053524305556 0.901247685546875 0.8586421332200268 0.8535784080255956 0.17937113235197122 0.8750542464045019 0.1841343515625 0.9227235239257813
0 0.8482817274305555 0.8519653422851564 0.8439756625434244 0.8070050115005838 0.18778116601564662 0.8268901540787086 0.1920872309027778 0.8718504848632812
0 0.839461 0.8078448916015624 0.8361592818440639 0.7654329808360197 0.188208449378786 0.7813932152110199 0.19151016753472222 0.8238051259765625
0 0.8315745911458333 0.7652846733398437 0.8288572464020939 0.7243613675593832 0.19058853199237166 0.7377711781062583 0.19330587673611108 0.7786944838867188
0 0.8274916250000001 0.7267779301757814 0.8261434207359434 0.6851296602473269 0.19721154834010995 0.6915714624934206 0.1985597526041667 0.7332197324218751
0 0.8188485034722224 0.68593218359375 0.8184151203438522 0.6471821673242188 0.2007843382257965 0.649367784511719 0.2012177213541667 0.6881178007812501
0 0.8147842456597221 0.6432982084960936 0.814406251993513 0.6084624505911745 0.19999845251434648 0.6105718607474245 0.20037644618055553 0.6454076186523436
0 0.8101749887152777 0.60486841015625 0.8100162992723278 0.5690459251066042 0.2044890892028834 0.5698946580167604 0.20464777864583333 0.6057171430664062
0 0.8041498787349987 0.5368744372022238 0.2099889912197419 0.5310412765381642 0.20895042274305564 0.5645131723632812 0.8031113102583124 0.5703463330273408
0 0.8055687614101906 0.5030380508527514 0.21776488115741857 0.49235191079927537 0.21575836371527793 0.5272739487304687 0.8035622439680501 0.5379600887839449
0 0.7988296550745235 0.46606343194665834 0.22068330381944457 0.4559904912109376 0.21884144660812402 0.4894394437801777 0.796987797863203 0.4995123845158984
0 0.7935696296858094 0.43457107156089064 0.22139592621527784 0.42154500292968755 0.21909553183255132 0.4535164198678608 0.7912692353030828 0.4665424884990639
0 0.7922925887100735 0.39914477564709777 0.22476604600694447 0.3837286181640625 0.22202068373355224 0.4157068726698358 0.7895472264366812 0.43112303015287107
0 0.7875368519464312 0.36807346360468396 0.221737257430845 0.3501543120660136 0.21881965104166676 0.37930286132812496 0.7846192455572529 0.3972220128667953
0 0.7494070865528564 0.023841369063116687 0.25994764713506247 -0.021091655003349922 0.2524449010416666 0.004767621093750014 0.7419043404594605 0.04970064516021662
0 0.7535352481667713 0.049696997687647834 0.25146218836805556 0.01058106347656252 0.24579475270128417 0.033597859245945993 0.7478678124999999 0.0727137934570313
0 0.7591482524724801 0.07617478179101457 0.2483731050347222 0.03481324267578126 0.24193062831947149 0.059986010948199955 0.7527057757572293 0.10134755006343327
0 0.7622555276941669 0.10202985852143293 0.2434992699652778 0.06193932226562501 0.23697592807927645 0.0886470338134482 0.7557321858081656 0.12873757006925612
0 0.7619545945250512 0.12739280970266284 0.23774266232638888 0.09002712792968753 0.23149454973569172 0.11776211015536568 0.7557064819343541 0.155127791928341
0 0.7708667074545575 0.15490229823060445 0.23971823958333335 0.11961763232421874 0.23372288866415294 0.14817312024331658 0.7648713565353771 0.18345778614970226
0 0.7776757808689228 0.18261625940028425 0.24337879774305554 0.15113678564453126 0.2376469778116328 0.18191850329502834 0.7719439609375001 0.2133979770507813
0 0.7797327580034944 0.21561514357132625 0.24444132378472228 0.18317359765625002 0.23876365976346023 0.21281532414092993 0.7740550939822324 0.24525687005600616
0 0.7827483914421938 0.24466445353973224 0.237792334201389 0.21270859863281255 0.2315971630428956 0.2461365226688289 0.7765532202837004 0.27809237757574856
0 0.7840380002184935 0.275684927678571 0.23190524218750003 0.24710353173828126 0.22660033724683792 0.27952873729884664 0.7787330952778313 0.30811013323913644
0 0.7822179207035094 0.30647852773138723 0.23035042621527785 0.28057035937499997 0.22543197675664045 0.3137194310360655 0.777299471244872 0.33962759939245274
0 0.7860137368423809 0.33672889650277454 0.23570463802083338 0.3136199428710938 0.23122222770349066 0.34739398766167956 0.7815313265250381 0.3705029412933603