0 0.8432366972254255 0.9377784539614687 0.1501096379549671 0.9179896398276507 0.14559532552083354 0.9680195532226563 0.838722384791292 0.9878083673564744
0 0.8355682044461751 0.8884633868925492 0.147620778020874 0.8722573230983676 0.1440389581233102 0.9203663424558185 0.8319863845486112 0.9365724062500002
0 0.8372808370801061 0.8419839216402378 0.15665444193856143 0.8253037577684992 0.1529960286458335 0.8725368408203125 0.8336224237873783 0.8892170046920511
0 0.8357046121656007 0.794399995617836 0.16160562452372718 0.7827395827662393 0.15915722850395989 0.8275249836327783 0.8332562161458335 0.839185396484375
0 0.8286680393596494 0.754612131587914 0.17146500132622128 0.7411375974031404 0.1688177847222224 0.7819902568359376 0.8260208227556505 0.7954647910207111
0 0.8233560900439213 0.7098336786155276 0.17804404845468372 0.6985056936866488 0.17563217108437365 0.7419784706375275 0.8209442126736112 0.7533064555664063
0 0.824741478765707 0.6681698421820033 0.18369240154612332 0.6583756685422897 0.18177281514152757 0.6981292443290364 0.8228218923611113 0.70792341796875
0 0.8181003847657542 0.6263269435929122 0.19220379257512718 0.6172155655172792 0.19041617274305572 0.6560698339843751 0.8163127649336828 0.6651812120600081
0 0.8196373646737151 0.5870585565342893 0.19802870690922508 0.5784547748654649 0.19632531532578795 0.6173939927452381 0.817933973090278 0.6259977744140625
0 0.8199003175825269 0.5497543650099056 0.20720163186374993 0.5382534250412465 0.20489529340277793 0.5771294370117187 0.8175939791215548 0.5886303769803778
0 0.8146726630512485 0.5093373140503996 0.21522125325707006 0.5039473105601736 0.2141237473238773 0.5425677196543054 0.8135751571180557 0.5479577231445314
0 0.8122576652016851 0.4758634278780218 0.22012250174251757 0.4665760131815287 0.21829272743055572 0.5034880996093751 0.8104278908897231 0.5127755143058682
0 0.805017920429958 0.045972827232967015 0.2965604990582201 0.04147188133082477 0.2958004296874999 0.06863934423828126 0.804257851059238 0.0731402901404235
0 0.8121575028405028 0.07418692681895254 0.29369190104055487 0.06959286471523654 0.2929718220486111 0.09530560009765626 0.811437423848559 0.09989966220137227
0 0.8093212282048146 0.1008248306859528 0.2844637680362675 0.09816574145584711 0.2840341144842308 0.1249989078402069 0.808891574652778 0.12765799707031258
0 0.8098323251169108 0.12949620666512895 0.28106513516623727 0.12480096041954038 0.2802999159521043 0.15206794076613023 0.8090671059027779 0.1567631870117188
0 0.8158257465701206 0.15724474986751913 0.27070379509557374 0.1508889136456159 0.2696484835069446 0.1795271806640625 0.8147704349814915 0.18588301688596573
0 0.8178284337172976 0.1858641060521055 0.25886903835769387 0.18088876717508173 0.25805895533484074 0.20968476805657 0.8170183506944445 0.21466010693359375
0 0.8200659558803471 0.21452017748330002 0.25677882845451067 0.20950047687402015 0.25589078472222226 0.24103101757812498 0.8191779121480587 0.24605071818740484
0 0.8182810913337744 0.24751921123994333 0.24713951520122374 0.24087689638252946 0.24605086917994956 0.270494919029305 0.8171924453125002 0.27713723388671885
0 0.821551681323752 0.2786733607153964 0.24121939912850088 0.2693555875246696 0.23958771701388892 0.30151034228515633 0.8199199992091399 0.3108281154758831
0 0.8225328795042278 0.30969549513411765 0.23810009017074382 0.3008669886846282 0.2365210607638889 0.3339406752929688 0.8209538500973729 0.34276918174245824
0 0.8236142841450875 0.3436754594776332 0.22881497356285985 0.3352309236503398 0.22739600781250008 0.3668545478515625 0.8221953183947277 0.37529908367885595
0 0.8217690738481058 0.37266191669090715 0.2242691970389357 0.367834560078419 0.22338876555194098 0.40231470295782445 0.8208886423611111 0.4071420595703126
0 0.8172332965978604 0.40803329462591476 0.2189110151160668 0.4011390444761538 0.21767473153903985 0.43508681772133284 0.8159970130208334 0.4419810678710938
0 0.8186149047250763 0.4435141866862386 0.21260374970919516 0.43500210791038874 0.21109250173611122 0.4690449467773438 0.8171036567519923 0.4775570255531937