0 0.47470112455749075 0.24751885421145936 0.0927047526041667 0.24298974609374996 0.09193819835917595 0.27935712235104065 0.47393457031249997 0.28388623046875006
0 0.48325387798736436 0.21289031270382422 0.08508496093750001 0.20489208984375004 0.08372094222641867 0.24308798631629022 0.48188985927628303 0.2510862091763644
0 0.4821025434452933 0.282210771991643 0.09524446614583339 0.27346801757812506 0.09375047768361605 0.31065347774590446 0.48060855498307603 0.3193962321594224
0 0.47959277343750006 0.3142001953125 0.09622949218750004 0.310735595703125 0.0956862065481306 0.3445505039830353 0.4790494877981306 0.3480151035924103
0 0.4805019531250001 0.3473405761718751 0.10237141927083342 0.34183178710937506 0.1014846202131417 0.3760717554549262 0.4796151540673084 0.38158054451742623
0 0.48141471354166665 0.37951196289062505 0.10437858072916673 0.37419921875 0.10354345923358088 0.40753696682694224 0.48057959204608086 0.4128497109675673
0 0.4814147135416667 0.4089453125 0.10538248697916673 0.40731958007812497 0.1051351343271084 0.43950173322771985 0.4811673608896084 0.4411274656495949
0 0.4777643229166668 0.6950390625000001 0.12946972656250014 0.6941853027343751 0.1293378177245957 0.7244549578915925 0.47763241407876245 0.7253087176572176
0 0.47640009586772186 0.6943407939860806 0.47590914466292217 0.666652553956508 0.1304733072916667 0.670097900390625 0.13096425849646642 0.6977861404201976
0 0.47829062043494247 0.6669353345833107 0.47770557015053755 0.6395862770464598 0.13147688802083332 0.6437524414062499 0.1320619383052382 0.6711014989431008
0 0.4759391276041667 0.6402790527343749 0.47533350439332306 0.611515829188627 0.12645364662716513 0.6156478583532012 0.12705926983800878 0.6444110818989491
0 0.4814147135416667 0.43940234375 0.10738964843750008 0.43893408203125 0.10732007002489208 0.4701955304066314 0.48134513512905874 0.4706637921253814
0 0.47878568156453327 0.501001674179457 0.47867544924633304 0.4683516890571705 0.1144150390625 0.46904345703125 0.11452527138070029 0.5016934421535365
0 0.4814147135416667 0.49895361328125004 0.11273111979166674 0.49826904296875 0.1126294814381405 0.529059483228315 0.4813130751881404 0.529744053540815
0 0.47958951822916673 0.5290715332031252 0.11541861979166673 0.5270036621093751 0.11510781555193883 0.5577923539207837 0.47927871398943883 0.5598602250145338
0 0.4828075146040364 0.5844361803287458 0.4825781249999999 0.556336669921875 0.11897821098951249 0.558006303911609 0.11920760059354897 0.5861058143184797
0 0.47722903853329307 0.6098684964457353 0.47677989468157356 0.5827541601456737 0.12373795572916668 0.5860437011718751 0.12418709958088618 0.6131580374719366
0 0.8364059632198164 0.7170249783118665 0.8362086588541667 0.6888994140625 0.5020477072591808 0.6902180159000338 0.5022450116248305 0.7183435801494004
0 0.834943359375 0.6634833984375 0.5048512369791668 0.6627409667968749 0.504739445183837 0.6906992915695372 0.8348315675796703 0.6914417232101624
0 0.8414091221609459 0.6644330685807012 0.8408517875654007 0.6345077531157687 0.5063118060294548 0.6380124286756926 0.5068691406250001 0.6679377441406251
0 0.8424891121268976 0.63573248329869 0.8422044270833332 0.60903857421875 0.5065844555814357 0.6110519405294349 0.5068691406250001 0.637745849609375
0 0.8486246076060301 0.6075080208502981 0.848088292582141 0.578194007623799 0.5069929818511109 0.5817042973203761 0.507529296875 0.6110183105468752
0 0.8494658203125002 0.5540988769531251 0.5102493232150763 0.5536031556833712 0.5101695963541668 0.5842910156250001 0.8493860934515908 0.584786736894754
0 0.8560415902129345 0.5524925397510199 0.8553579599662521 0.5233168036781416 0.5081656536074842 0.5278928674427468 0.5088492838541666 0.557068603515625
0 0.8554065755208334 0.49816918945312505 0.5102665406825709 0.4975484075579826 0.5101695963541667 0.527866455078125 0.8553096311924291 0.5284872369732675
0 0.86134765625 0.4679772949218751 0.5081507161458334 0.46785351562500005 0.5081305951601176 0.500148918054514 0.8613275352642842 0.500272697351389
0 0.8659684244791669 0.4382800292968751 0.5095271116094204 0.4381549966088132 0.5095085910935928 0.4678538766129044 0.8659499039633393 0.4679789093009663
0 0.891712890625 0.21208691406250008 0.5121500651041667 0.20614746093750005 0.5111175448885835 0.24326321616441007 0.8906803704094167 0.2492026692894101
0 0.8851116536458336 0.24524877929687508 0.5116183993130932 0.2407863398228296 0.5108297526041669 0.27791552734375014 0.8843230069369071 0.2823779668177956
0 0.8818111979166666 0.28039038085937507 0.5120672009921626 0.27692500461717445 0.5114899088541668 0.31157226562500007 0.8812339057786707 0.3150376418672006
0 0.8771904296874999 0.31157226562500007 0.5121500651041667 0.311572265625 0.5121500651041667 0.3442392578125 0.8771904296874999 0.34423925781250003
0 0.8745498046875002 0.344734130859375 0.5114505208333334 0.344115478515625 0.5113541978243366 0.37591578439913315 0.8744534816785033 0.3765344367428831
0 0.8712493489583334 0.37641113281250005 0.5106256510416668 0.3744311523437501 0.510311656507254 0.4066001827715304 0.8709353544239206 0.4085801632402804
0 0.8715439453124999 0.40712744140625007 0.5125016276041667 0.404253662109375 0.5120518603539137 0.43586206722467485 0.871094178062247 0.4387358465215499