0 0.8490412899305556 0.1091039194335938 0.20904647309027785 0.08656424804687503 0.2039486170667697 0.1323638281137654 0.8439434339070474 0.15490349950048415
0 0.8423546851905097 0.15497072995882288 0.20906359895833332 0.13254397021484374 0.20405023149003915 0.1773371029220922 0.8373413177222155 0.19976386266607132
0 0.8423953003472223 0.19522232666015632 0.2032108506944445 0.17691791943359375 0.19910554667717462 0.22227665184777787 0.8382899963299524 0.2405810590743404
0 0.8304729383680557 0.23782587207031256 0.20598696701388894 0.22097600244140628 0.20232272713060306 0.2639449872141559 0.8268086984847698 0.28079485684306216
0 0.8240318272569445 0.2792802758789063 0.20193969791666672 0.26442914404296874 0.1989856461520292 0.3035815367571514 0.821077775492307 0.31843266859308894
0 0.8168228819444445 0.3197466782226563 0.2023165651041667 0.3065465322265625 0.19965568324101052 0.34574041270241745 0.8141620000812884 0.35894055869851127
0 0.8123093637152778 0.3557971020507813 0.20369194184027783 0.3471799614257813 0.20193380852144882 0.38646960216420667 0.8105512303964489 0.3950867427892067
0 0.8031179444444445 0.39541333642578125 0.21120700520833338 0.3865223520507812 0.2093900147368571 0.42479638467376984 0.8013009539729682 0.43368736904876987
0 0.7956219192708334 0.4315914467773437 0.2094598637152779 0.4237439472656249 0.207841610817999 0.4619892278085698 0.7940036663735546 0.4698367273202886
0 0.7920984192708335 0.46942119531249993 0.2110546927083334 0.4620212485351562 0.20955590035085372 0.49925756767591445 0.7905996269133538 0.5066575144532582
0 0.7886467899305557 0.5064793056640625 0.210849013888889 0.501161302734375 0.20979208138066632 0.5374958374337093 0.7875898574223331 0.5428138403633969
0 0.7814024496527779 0.5399552207031248 0.210952740451389 0.5369794624023436 0.2103770121551541 0.5719001139267497 0.7808267213565431 0.5748758722275309
0 0.7731575034664825 0.5751976060296787 0.2119169105902779 0.5727913232421876 0.21143788469311273 0.6081427101503866 0.7726784775693172 0.6105489929378777
0 0.7719987031249999 0.6440385263671876 0.7716882144469721 0.6073592493391833 0.21531210089275593 0.6088494286567507 0.21562258957078367 0.6455287056847551
0 0.765604164385486 0.6747957713214666 0.7650697005387683 0.6402673708488038 0.2139806128472222 0.6429664072265625 0.21451507669393993 0.6774948076992253
0 0.7337754972235059 0.9745681338309854 0.7314792556515329 0.9495566470452537 0.21239884635416667 0.9646351337890624 0.21469508792613953 0.9896466205747941
0 0.7376479670306425 0.9434662124509902 0.7343313062455894 0.9149838491325643 0.21097759529133586 0.9342664403925117 0.21429425607638888 0.9627488037109376
0 0.7379184321645456 0.9151634658033627 0.7353108360817542 0.8874128636052061 0.20867330468749998 0.9030704482421875 0.21128090077029135 0.9308210504403441
0 0.745499077772569 0.8856381718074657 0.7422178997163617 0.8538017808407666 0.20992577604166673 0.8711598359375 0.213206954097874 0.9029962269041991
0 0.7452785894417375 0.8573492906445026 0.743061564236111 0.8260763452148437 0.20844597958066813 0.8380682594002263 0.21066300478629474 0.8693412048298852
0 0.7571568445472111 0.8297759048458169 0.7550758362903607 0.7951698106668494 0.20312580729166668 0.8056716660156249 0.2052068155485171 0.8402777601945922
0 0.7532886510145844 0.7962148905024687 0.7514906965940068 0.7642075576999093 0.20694620833333333 0.7738860478515625 0.20874416275391094 0.8058933806541219
0 0.7553117114293646 0.7672981070779494 0.7533431167100826 0.7308439823499189 0.21095185243055556 0.7401115844726562 0.21292044714983765 0.7765657092006868
0 0.7572845410318483 0.7364641046830546 0.7563132465277778 0.7016486264648437 0.2158958417806518 0.7064190061567892 0.2168671362847222 0.7412344843750001
0 0.761154576362662 0.7077266032701044 0.7605805245460302 0.6738683712679181 0.21140005235003495 0.676814467704845 0.21197410416666668 0.7106726997070313