0 0.8201538717447917 0.9266265908203125 0.8170960467251636 0.8720549824927395 0.20626756430328852 0.891307506906802 0.2093253893229167 0.9458791152343751
0 0.8127825677083331 0.8698499731445313 0.8099157698421217 0.815932701922637 0.2085499286962884 0.8339185305359182 0.2114167265625 0.8878358017578125
0 0.8135393964843751 0.8177367485351562 0.8115792998826056 0.7681876270982223 0.2133341078253138 0.7814996256333786 0.21529420442708333 0.8310487470703125
0 0.7983539055989582 0.7665619394531251 0.79654237001489 0.7183368225933235 0.22187619228051503 0.7304794241558236 0.22368772786458335 0.7787045410156251
0 0.7957414427083335 0.7171414980468751 0.7942972875013727 0.6713827516968537 0.22372252122533107 0.6815119445679474 0.2251666764322917 0.7272706909179688
0 0.7925964765625003 0.671902443359375 0.7917468294775517 0.6253059545839708 0.23107896229005134 0.6310565600527208 0.231928609375 0.677653048828125
0 0.78594120703125 0.6257136337890625 0.7855354177974107 0.582293881975079 0.23917464110470224 0.5851660855883603 0.23958043033854168 0.6285858374023438
0 0.7807762958965833 0.5446215996715363 0.2463591024490711 0.539734974093331 0.24564816731770842 0.583469443359375 0.7800653607652207 0.5883560689375803
0 0.7867858690060382 0.5038570163204461 0.25310049399879936 0.49935234929599437 0.2525149518156779 0.5383737919599233 0.7862003268229167 0.542878458984375
0 0.7763603704174318 0.46553933987569857 0.2577964369804263 0.45880554949130453 0.25696920572916676 0.4946392924804688 0.7755331391661722 0.5013730828648628
0 0.7749087845760001 0.42789321430560473 0.2605764589235388 0.4204077053770763 0.2596957713527472 0.45444592857147165 0.7740280970052086 0.4619314375000001
0 0.765444375604578 0.38890662662425113 0.2621233357427935 0.3791192298671571 0.26085742513020843 0.41573797509765625 0.7641784649919928 0.42552537185475026
0 0.7658048251472326 0.3535299737694403 0.267817203397299 0.340373725796396 0.2662102376302084 0.3745886552734375 0.7641978593801421 0.3877449032464818
0 0.766049221877709 0.32138811384566357 0.2702467792743613 0.30336730593196987 0.268169072265625 0.33552176708984377 0.7639715148689726 0.3535425750035375
0 0.7323655246281512 0.05181141430250227 0.3068007418091771 0.021200508201583885 0.3041691624935258 0.04177970815689418 0.7297339453124998 0.07239061425781257
0 0.7383691477679343 0.07718923168583848 0.3078183156882128 0.04452671030584757 0.3040139654947917 0.07273506396484379 0.7345647975745132 0.1053975853448347
0 0.7429775646489333 0.1058732735359525 0.3061207652514299 0.07199823070046876 0.3024206510416667 0.09883912011718754 0.73927745043917 0.13271416295267124
0 0.7477823507978193 0.13065875670449706 0.2975899539161669 0.10281824596482825 0.29485382747395833 0.12770565283203128 0.7450462243556109 0.15554616357170006
0 0.7494922847945232 0.15928241884267968 0.2926359606966662 0.13402043923081552 0.2898528985583928 0.1623316009545422 0.74670922265625 0.18759358056640632
0 0.7508728313490826 0.19350577705895997 0.2903008513872315 0.16657443372887998 0.28775615690104167 0.19105365917968753 0.7483281368628928 0.21798500250976752
0 0.7522660345044891 0.22258800072390864 0.2848428854850167 0.19920941769595166 0.28225298046875 0.22833659472656254 0.7496761294882224 0.2517151777545195
0 0.755545203647504 0.2536080047605534 0.279355760794731 0.23515682769573315 0.27748847265625004 0.26226433300781254 0.753677915509023 0.2807155100726328
0 0.7637261447997973 0.2856720121653469 0.2778888009691983 0.26474938617887983 0.2753811178385417 0.2975038041992188 0.7612184616691406 0.31842643018568584