0 0.9473368737419059 0.23204814572971463 0.9465559104166665 0.201568196875 0.616146223133094 0.20633022223903535 0.6169271864583333 0.23681017109374997
0 0.5147329687500001 0.21120578515625005 0.5136704811583119 0.18354881022078853 0.19442135416666664 0.19044757656250003 0.19548384175835481 0.21810455149796154
0 0.9460126705645532 0.2672103964691561 0.9451598051782611 0.23831076771145923 0.6185181471137081 0.24373305249230315 0.6193710125000002 0.27263268125000006
0 0.9161012375 0.7652018476562501 0.6281406723222923 0.7624328489190504 0.6277717302083335 0.7840148156250002 0.9157322953860413 0.7867838143621999
0 0.5416243729166665 0.7839810414062499 0.5414890913228416 0.762120177566887 0.258035140625 0.7631068578125 0.2581704222188249 0.7849677216518629
0 0.9422960693880693 0.30030883996880176 0.9415199053391851 0.2724295458958816 0.6198358057427825 0.2774671481145798 0.6206119697916667 0.30534644218749996
0 0.940874751766544 0.337025606797877 0.9406639781250001 0.3062362109375 0.6185649305251228 0.30747651195212305 0.6187757041666668 0.33826590781250004
0 0.9380454707929616 0.3680143330403321 0.9376593947916667 0.3413720156250001 0.6195402010820387 0.343965079459668 0.6199262770833336 0.370607396875
0 0.9344702095173764 0.4011563379009136 0.9341247489583334 0.3755602640625 0.6182320988159571 0.3779584738178364 0.618577559375 0.40355454765625
0 0.9164461745168121 0.7395150400055046 0.6232351860160388 0.7369350171321474 0.6229300833742268 0.7564390841578928 0.9161410718750002 0.7590191070312502
0 0.9183480458333335 0.7103063078125001 0.6233875358030937 0.708391627765117 0.6231555196828591 0.7284968256047767 0.9181160297130989 0.7304115056521598
0 0.918447925368044 0.682334675433935 0.622996353125 0.6781602070312499 0.6224501569236229 0.699905052691065 0.9179017291666668 0.70407952109375
0 0.9323151568719675 0.43268274704240683 0.9320404072916666 0.4070808468749999 0.6154637195974977 0.4089918715537702 0.6157384691777986 0.4345937717211771
0 0.9195726614583336 0.6530598632812501 0.6219263218750002 0.6505937531250001 0.6216185927638 0.6714857130223184 0.9192649323471334 0.6739518231785684
0 0.9202424864583333 0.6237518148437501 0.6209401303145097 0.6210788103025793 0.6205774032311763 0.6439249563963293 0.919879759375 0.6465979609375001
0 0.9221316395833331 0.5945137890625001 0.6225051364583333 0.59231176796875 0.6222063578509291 0.6151799044954782 0.921832860975929 0.6173819255892282
0 0.9242509123696105 0.5858367989415825 0.9241323004293666 0.5630280972955133 0.6200382229166667 0.56391762265625 0.6201568348569106 0.5867263243023192
0 0.9261810645833334 0.5328428195312501 0.6203444633997138 0.5324963040661777 0.6202920788882532 0.5585034240564642 0.9261286800718728 0.5588499395215367
0 0.9256346145833335 0.503465703125 0.6192848308274487 0.5028386788708563 0.619199500232753 0.5262896340711711 0.9255492839886378 0.5269166583253149
0 0.9267002002117838 0.496549712662957 0.9266555791666666 0.47005138828125004 0.6169691954304056 0.47034472468508276 0.6170138164755229 0.4968430490667897
0 0.9288817360484534 0.46252653981419334 0.9285190104166666 0.43824349375000005 0.6176476520083483 0.440855524707382 0.6180103776401349 0.4651385707715753
0 0.5166214572916666 0.24586324765624998 0.5151644582019396 0.2153718184393461 0.19894327083333332 0.22387135000000002 0.20040026992306043 0.2543627792169039
0 0.5395962729166667 0.7541933570312501 0.5393761701714709 0.7327327091033237 0.2579017503759799 0.7343565522951948 0.25812185312117575 0.7558172002231214
0 0.5386676979166668 0.7280510437500001 0.5382989125000002 0.70614891953125 0.2522911502029976 0.7088577875633421 0.2526599356196642 0.7307599117820921
0 0.5368573197916666 0.6998828375 0.5364571801283423 0.6808102873473514 0.2523109660085691 0.6841635474183855 0.25271110567189337 0.7032360975710341
0 0.5359991968688782 0.6729544627278583 0.5357494729166667 0.6511735953125 0.24639329656008 0.653039718511382 0.2466430205122915 0.6748205859267402
0 0.518875190625 0.2811723984375 0.5180447222668401 0.2529475970234372 0.20125840320826519 0.2581906124962254 0.2020888715664251 0.28641541391028824
0 0.5336940906249998 0.6443771374999999 0.5331686119943037 0.6221230977452021 0.24418484375 0.6259614265625 0.24471032238069626 0.6482154663172978
0 0.533949965625 0.6167215859375001 0.5332682228870939 0.5919581576440824 0.24037653437500003 0.5964938054687501 0.24105827711290614 0.6212572337621678
0 0.532729378125 0.58782519375 0.5322696214958087 0.5644211814500909 0.23733730817389478 0.5676801679869765 0.23779706480308604 0.5910841802868856
0 0.529479684375 0.5579939742187501 0.5289436549967313 0.5371337935938091 0.23289982277527466 0.5414128604545301 0.23343585215354332 0.562273041079471
0 0.5270108041666666 0.5313696562500001 0.526649640250837 0.509348030447586 0.23067105176613162 0.5120785028784176 0.23103221568196108 0.5341001286808317
0 0.5273933639008483 0.5021463898748949 0.526725593802573 0.47734600965114604 0.225919021875 0.48190195468750013 0.22658679197327528 0.5067023349112489
0 0.5256866282812322 0.4735887409026983 0.5253912083333333 0.44855316640625 0.22193554545601496 0.45056735451976326 0.22223096540391385 0.47560292901621154
0 0.5256208125 0.44278982890625 0.5250638126119408 0.4153400749820782 0.22060701069365643 0.41881515540880593 0.22116401058171561 0.44626490933297774
0 0.5257217729166668 0.4107769546875 0.5253635528196069 0.3837760835116306 0.21591122815151115 0.38608542653593486 0.21626944824857103 0.4130862977118042
0 0.5225717395833333 0.37978030625 0.5222085553618047 0.35356585012885355 0.21374272004979558 0.3559697463648993 0.2141059042713242 0.3821842024860457
0 0.5203073153997153 0.3472210244859533 0.5193919635416666 0.3182992390625 0.20916903944493104 0.32382203989501457 0.2100843913029798 0.35274382531846793
0 0.5177278541666667 0.31309610625000006 0.5167206536122363 0.28675006591254937 0.20617809166666667 0.29342803281249996 0.207185292221097 0.31977407314995066