0 0.8779107255685616 0.20515736197309947 0.8750451097394527 0.15388062605962252 0.09314074045138891 0.16770661767578124 0.09600635628049792 0.2189833535892582
0 0.8785601294410069 0.2552709416811917 0.8762100217013888 0.2079012255859375 0.10991453647258227 0.2199301919729705 0.1122646442122003 0.26729990806822473
0 0.876025186487118 0.30196484842287047 0.874111546875 0.25690024511718756 0.1258111218526411 0.2669544017155854 0.127724761464759 0.3120190050212683
0 0.8732896210716353 0.3479186820153137 0.8707875895637602 0.30141573656991594 0.13006143750000002 0.3140257353515625 0.13256346900787508 0.3605286807969602
0 0.8671359842681073 0.38908831394482857 0.8646317130826557 0.3477350444234648 0.1359350763888889 0.36169754882812505 0.13843934757434045 0.4030508183494888
0 0.8596249113349371 0.43232533156129643 0.8573233116319443 0.39135882373046876 0.14672702417609867 0.40399072830623206 0.14902862387909144 0.44495723613705973
0 0.8529620771537622 0.47367153573849335 0.851027451388889 0.433863970703125 0.1532434479381322 0.4445939137473219 0.15517807370300526 0.48440147878269024
0 0.8553358904770386 0.5125042482279193 0.8531095874357706 0.4743177896466064 0.1658583880208333 0.4869953432617187 0.16808469106210133 0.5251818018430315
0 0.8564748469370139 0.5490084212278946 0.8541109548394884 0.5125715718116259 0.17320305034722222 0.5265487744140626 0.1755669424447478 0.5629856238303312
0 0.8466054678502435 0.5888091284881938 0.8447320260416666 0.5519338237304687 0.18104679512095187 0.5626025309397615 0.18292023692952863 0.5994778356974866
0 0.8455495697554748 0.6292428618779518 0.842477606855645 0.587565166157718 0.18544270138888885 0.6028882353515626 0.18851466428871866 0.6445659310717963