0 0.34423828125 0.3828125 0.21972656250000006 0.3828125 0.21972656250000006 0.404296875 0.34423828125 0.404296875
0 0.8447265625 0.36523437500000017 0.76611328125 0.36523437500000017 0.76611328125 0.3815104166666668 0.8447265625 0.3815104166666668
0 0.48876953125 0.3587239583333334 0.3828125 0.3587239583333333 0.3828125 0.37760416666666674 0.48876953125 0.3776041666666668
0 0.48779296875 0.4212239583333334 0.384765625 0.4212239583333333 0.384765625 0.43945312500000006 0.48779296875 0.43945312500000017
0 0.48779296875 0.37955729166666674 0.38232421875 0.3795572916666667 0.38232421875 0.3997395833333334 0.48779296875 0.3997395833333335
0 0.61328125 0.4212239583333335 0.52392578125 0.4212239583333335 0.52392578125 0.4388020833333335 0.61328125 0.4388020833333335
0 0.7392578125 0.3645833333333335 0.65185546875 0.3645833333333335 0.65185546875 0.3821614583333335 0.7392578125 0.3821614583333335
0 0.73583984375 0.4192708333333335 0.6494140625 0.4192708333333335 0.6494140625 0.4368489583333335 0.73583984375 0.4368489583333335
0 0.34326171875 0.447265625 0.22265625000000006 0.447265625 0.22265625000000006 0.4674479166666667 0.34326171875 0.4674479166666667
0 0.345703125 0.5286458333333334 0.22412109375000006 0.5286458333333334 0.22412109375000006 0.5501302083333334 0.345703125 0.5501302083333334
0 0.83984375 0.4342447916666668 0.76171875 0.4342447916666668 0.76171875 0.4524739583333335 0.83984375 0.4524739583333335
0 0.486328125 0.5013020833333334 0.38720703125 0.5013020833333334 0.38720703125 0.5195312500000001 0.486328125 0.5195312500000001
0 0.72900390625 0.4908854166666668 0.64453125 0.4908854166666668 0.64453125 0.5065104166666669 0.72900390625 0.5065104166666669
0 0.6142578125 0.4401041666666668 0.5234375 0.4401041666666668 0.5234375 0.45703125000000017 0.6142578125 0.45703125000000017
0 0.34619140625 0.5091145833333334 0.22460937500000006 0.5091145833333334 0.22460937500000006 0.529296875 0.34619140625 0.529296875
0 0.83203125 0.4856770833333335 0.7607421875 0.4856770833333335 0.7607421875 0.5019531250000001 0.83203125 0.5019531250000001
0 0.34521484375 0.3619791666666667 0.21826171875000006 0.3619791666666667 0.21826171875000006 0.3821614583333333 0.34521484375 0.3821614583333333
0 0.4873046875 0.4016927083333334 0.3828125 0.4016927083333333 0.3828125 0.41992187500000006 0.4873046875 0.41992187500000017
0 0.61376953125 0.38085937500000017 0.5244140625 0.38085937500000017 0.5244140625 0.3997395833333335 0.61376953125 0.3997395833333335
0 0.486328125 0.46158854166666674 0.3857421875 0.4615885416666667 0.3857421875 0.4798177083333334 0.486328125 0.4798177083333335
0 0.841796875 0.3834635416666668 0.76708984375 0.3834635416666668 0.76708984375 0.3997395833333335 0.841796875 0.3997395833333335
0 0.73388671875 0.4381510416666668 0.64892578125 0.4381510416666668 0.64892578125 0.4544270833333335 0.73388671875 0.4544270833333335
0 0.84033203125 0.3997395833333335 0.765625 0.3997395833333335 0.765625 0.4153645833333335 0.84033203125 0.4153645833333335
0 0.34375 0.404296875 0.22119140625000006 0.404296875 0.22119140625000006 0.4244791666666667 0.34375 0.4244791666666667
0 0.83837890625 0.4518229166666668 0.76171875 0.4518229166666668 0.76171875 0.4680989583333335 0.83837890625 0.4680989583333335
0 0.486328125 0.48046875000000006 0.38623046875 0.48046875 0.38623046875 0.5000000000000001 0.486328125 0.5000000000000001
0 0.61181640625 0.4583333333333335 0.521484375 0.4583333333333335 0.521484375 0.47656250000000017 0.61181640625 0.47656250000000017
0 0.73583984375 0.4010416666666668 0.65087890625 0.4010416666666668 0.65087890625 0.41796875000000017 0.73583984375 0.41796875000000017
0 0.8408203125 0.41796875000000017 0.763671875 0.41796875000000017 0.763671875 0.4329427083333335 0.8408203125 0.4329427083333335
0 0.34375 0.466796875 0.22363281250000006 0.466796875 0.22363281250000006 0.4869791666666667 0.34375 0.4869791666666667
0 0.73095703125 0.47265625000000017 0.646484375 0.47265625000000017 0.646484375 0.4889322916666668 0.73095703125 0.4889322916666668
0 0.3447265625 0.4889322916666667 0.22460937500000006 0.4889322916666667 0.22460937500000006 0.5091145833333334 0.3447265625 0.5091145833333334
0 0.732421875 0.4557291666666668 0.64794921875 0.4557291666666668 0.64794921875 0.4713541666666668 0.732421875 0.4713541666666668
0 0.7373046875 0.38281250000000017 0.6513671875 0.38281250000000017 0.6513671875 0.40039062500000017 0.7373046875 0.40039062500000017
0 0.72607421875 0.5253906250000001 0.64306640625 0.5253906250000001 0.64306640625 0.5416666666666669 0.72607421875 0.5416666666666669
0 0.61083984375 0.4947916666666668 0.51953125 0.4947916666666668 0.51953125 0.5117187500000001 0.61083984375 0.5117187500000001
0 0.345703125 0.337890625 0.21923828125000006 0.337890625 0.21923828125000006 0.3606770833333333 0.345703125 0.3606770833333333
0 0.72900390625 0.5078125000000001 0.64404296875 0.5078125000000001 0.64404296875 0.5247395833333335 0.72900390625 0.5247395833333335
0 0.7236328125 0.5436197916666669 0.6416015625 0.5436197916666669 0.6416015625 0.5592447916666669 0.7236328125 0.5592447916666669
0 0.61328125 0.4016927083333335 0.52392578125 0.4016927083333335 0.52392578125 0.4205729166666668 0.61328125 0.4205729166666668
0 0.34326171875 0.42578125 0.22363281250000006 0.42578125 0.22363281250000006 0.4459635416666667 0.34326171875 0.4459635416666667
0 0.6220703125 0.3424479166666668 0.5244140625 0.3424479166666668 0.5244140625 0.3600260416666668 0.6220703125 0.3600260416666668
0 0.74072265625 0.34570312500000017 0.65380859375 0.34570312500000017 0.65380859375 0.36328125000000017 0.74072265625 0.36328125000000017
0 0.61181640625 0.4772135416666668 0.5224609375 0.4772135416666668 0.5224609375 0.49414062500000017 0.61181640625 0.49414062500000017
0 0.48681640625 0.4407552083333334 0.384765625 0.4407552083333333 0.384765625 0.45963541666666674 0.48681640625 0.4596354166666668
0 0.83447265625 0.46875000000000017 0.76025390625 0.46875000000000017 0.76025390625 0.48632812500000017 0.83447265625 0.48632812500000017
0 0.4921875 0.3391927083333334 0.38427734375 0.3391927083333333 0.38427734375 0.35742187500000006 0.4921875 0.35742187500000017
0 0.619140625 0.3606770833333335 0.5244140625 0.3606770833333335 0.5244140625 0.3802083333333335 0.619140625 0.3802083333333335
0 0.8451612046254996 0.3485766032814732 0.7643525390625001 0.34650117447916684 0.7641018063182466 0.36385673414079805 0.8449104718812461 0.3659321629431045
0 0.8327853905082439 0.5159016908617983 0.8320834987735878 0.4988673168446219 0.7591323367809689 0.5042111591859487 0.759834228515625 0.521245533203125
0 0.8323358980589574 0.5325440881595581 0.8312943579871866 0.5146261298644625 0.7592946415688543 0.5220665202205294 0.760336181640625 0.539984478515625
0 0.8316738913942966 0.5482690751489726 0.8308657581374729 0.5329490268229722 0.7585238979931764 0.539733091647958 0.7593320312500002 0.5550531399739584
0 0.8303498201448873 0.5642672303215535 0.8292776566081292 0.5466955049705279 0.7567537641976168 0.5545624335031413 0.7578259277343748 0.5721341588541667
0 0.8276176199341623 0.5804340952045556 0.8265167042920832 0.563913200942978 0.755218908576671 0.5723596480561308 0.75631982421875 0.5888805423177083
0 0.8271946570694425 0.5950942817333466 0.8259410048721402 0.578496162906789 0.7550661720214478 0.5880128922411508 0.7563198242187501 0.6046110110677084
0 0.8254530043340254 0.6112109834174806 0.8242908852546196 0.595296745779312 0.7511413477174692 0.6047930331951649 0.752303466796875 0.6207072708333334
0 0.8260021447543238 0.6258602317677354 0.8247329190792249 0.6101627601615 0.7475049442467762 0.6212637386802229 0.7487741699218751 0.6369612102864582
0 0.7207647839996528 0.642002074661874 0.719812744140625 0.6246357369791665 0.6363121202972222 0.6327736694787508 0.63726416015625 0.6501400071614583
0 0.7236886222465594 0.6243418908467276 0.7227297653751743 0.6071753990201503 0.6365540825817401 0.6157326533557144 0.6375129394531251 0.6328991451822917
0 0.7239215814834663 0.6072399005781363 0.7229912294905655 0.5904920989743973 0.6378257515227242 0.5989027680577195 0.6387561035156251 0.6156505696614585
0 0.7246505546320873 0.5916819946802644 0.72403955078125 0.5755378450520834 0.6388909492741628 0.5812669102676525 0.639501953125 0.5974110598958334
0 0.7246322320758766 0.5750986472135907 0.7240043329007165 0.5576520671611016 0.6396199035592149 0.5630511426037609 0.640247802734375 0.5804977226562499
0 0.6110960339177195 0.6505808162424361 0.609961170400331 0.6319959619654475 0.5103377927326116 0.6428108794469695 0.51147265625 0.6613957337239582
0 0.6055544691854422 0.6332247676067072 0.6046746803490392 0.6161152752652567 0.517193115234375 0.6241124270833335 0.518072904070778 0.6412219194247839
0 0.6067942711968983 0.615230394541923 0.605986360905833 0.5983281739710211 0.5173947264276847 0.6058563464863898 0.51820263671875 0.6227585670572916
0 0.6071822792854036 0.5990768336478999 0.6063531423580654 0.5809992141934114 0.5178662109375 0.5882143020833334 0.5186953478648382 0.6062919215378217
0 0.6069827594393435 0.5825026808952661 0.6063517432775705 0.5638199828709138 0.518917567822602 0.5690699862204395 0.5195485839843751 0.5877526842447917
0 0.606364501953125 0.56464630078125 0.605853432056579 0.5462626746586952 0.5197106097909541 0.5505200867680701 0.5202216796875 0.5689037128906249
0 0.6101837444948741 0.5475278160142747 0.609729248046875 0.5287272968750001 0.519430513317626 0.5326080837253088 0.5198850097656251 0.5514086028645834
0 0.6115032867889324 0.5286870089873374 0.6110650166954982 0.510334103926312 0.5197834095940659 0.514209336475433 0.5202216796875001 0.5325622415364585
0 0.49054058792812816 0.6639497439829948 0.48924780273437496 0.6465870143229167 0.3837250370718718 0.6605549428659635 0.385017822265625 0.6779176725260417
0 0.49046391491579844 0.6471439318924004 0.4892074841863435 0.6287886892800104 0.3830306786455451 0.64170937457511 0.384287109375 0.6600646171875001
0 0.486391360177412 0.6286951057627417 0.485351318359375 0.6115492057291667 0.384221188650713 0.6224547803049667 0.38526123046875 0.6396006803385418
0 0.48637687939419416 0.6121397923008091 0.48559472656249997 0.5930391796875 0.3849269700761948 0.6003676306891139 0.385709122907889 0.6194682433024231
0 0.4870329180404067 0.5926656970128433 0.48608178710937505 0.5735529798177084 0.3850408124283433 0.5824920607996568 0.385991943359375 0.6016047779947917
0 0.4886037436537795 0.5734565100564619 0.48777597847813253 0.5551207431658133 0.38370299654310297 0.5634733789426848 0.38453076171874995 0.5818091458333333
0 0.48909167137132264 0.5546908656812694 0.4882736675679826 0.5358702881967403 0.38541734775916 0.5438177936092211 0.3862353515625 0.56263837109375
0 0.48614450503898254 0.5368377309434307 0.48559472656249997 0.5173832552083334 0.3856855730860174 0.5224026453586527 0.3862353515625 0.5418571210937501
0 0.3479599363961592 0.6823272547785811 0.34671484375000006 0.6639133606770834 0.2286111085257158 0.6781103786849608 0.229856201171875 0.6965242727864585
0 0.3444792480468751 0.6644726946614583 0.343282916525047 0.6446377836219298 0.22823022460937503 0.6569743854166666 0.22942655613120305 0.6768092964561951
0 0.3459018554687501 0.6468483782552082 0.34468261718750004 0.6259926015625 0.2283931370178953 0.638078532947876 0.22961237529914533 0.6589343096405843
0 0.3452924749151321 0.6251568777216668 0.34427612304687505 0.6062141790364582 0.2296525934442429 0.6171475350387498 0.2306689453125 0.6360902337239583
0 0.34590185546874996 0.6059307350260417 0.3448732344187631 0.5854951275171867 0.2288275801218881 0.59587935538177 0.229856201171875 0.6163149628906249
0 0.3451054248069272 0.5866831907893176 0.3442643919943034 0.5663683193129166 0.2288117992186262 0.5748656011798491 0.22965283203124998 0.59518047265625
0 0.3457069139330343 0.5668769289866151 0.34501049771430387 0.5467689680264908 0.227417236328125 0.5540093378906251 0.2281136525468554 0.5741172988507494