0 0.7372134262152777 0.19938463525390632 0.26222546267361113 0.1993846352539063 0.26222546267361113 0.2321270834960938 0.7372134262152777 0.23212708349609382
0 0.7335763888888889 0.26241380224609373 0.7330804527441926 0.23252760611950016 0.26438697451948795 0.23498847845141319 0.2648829106641843 0.2648746745780068
0 0.7357581884509812 0.29555658876760166 0.7355768515625 0.26282083349609375 0.2647719035629077 0.26364601572458585 0.26495324045138896 0.29638177099609375
0 0.7322610968615195 0.3237921770946407 0.7319398151041666 0.29515390625000004 0.2675412182426471 0.29680235415535927 0.26786249999999995 0.32544062499999993
0 0.7315983726172709 0.35527450321087894 0.7315759262152778 0.32376015625 0.26931416662277896 0.32386433315384516 0.2693366130247721 0.3553786801147241
0 0.731703240451389 0.36018697900390634 0.2717576998336819 0.3597763734597164 0.2716814817708334 0.38679010400390623 0.7316270223885405 0.38720070954809616
0 0.7317776806284267 0.3907797804811862 0.2716816313455833 0.3906750000340637 0.27166182137687905 0.4181980842989713 0.7317578706597224 0.41830286474609385
0 0.7281208333333333 0.41871223974609373 0.2756824071180557 0.41871223974609373 0.2756824071180557 0.44828125 0.7281208333333333 0.44828125
0 0.707324537326389 0.8556153647460938 0.3108115737847224 0.8556153647460938 0.3108115737847224 0.8721893227539063 0.707324537326389 0.8721893227539063
0 0.7049124999999999 0.8527578125 0.7048657427206929 0.8321822578974006 0.3066183487467986 0.8324686069025583 0.30666510602610564 0.8530441615051577
0 0.7101180555555557 0.8114841147460937 0.30655417474582325 0.8106611996711054 0.3064143515625002 0.8323572915039062 0.7099782323722328 0.8331802065788946
0 0.7050263888888889 0.8073244790039064 0.7048943196714776 0.7868621715134303 0.3041003379006443 0.7876806612595241 0.3042324071180556 0.8081429687500001
0 0.7035712960069447 0.7655778647460938 0.30423240711805577 0.7655778647460938 0.30423240711805577 0.7852231772460937 0.7035712960069447 0.7852231772460937
0 0.7115726848958334 0.7631221352539064 0.7114962514055736 0.7389723705051655 0.3027039356055891 0.7393817429101703 0.30278036909584893 0.7635315076589112
0 0.7152879714193465 0.7374358872249085 0.7150277635645261 0.7154399445186451 0.30397219926323515 0.7169785362976429 0.30423240711805555 0.7389744790039062
0 0.7128458333333335 0.6912934897460937 0.2998324403953019 0.6904738470087993 0.29968611111111126 0.7138039062500001 0.712699504049143 0.7146235489872945
0 0.7232111111111111 0.4464388022460937 0.2727726848958334 0.4464388022460937 0.2727726848958334 0.47508828125 0.7232111111111112 0.47508828125
0 0.7177074953496015 0.5012783800133498 0.7173921293402779 0.4746791665039063 0.27949129024217384 0.4763218992633905 0.2798066562514974 0.502921112772834
0 0.7247477721237373 0.5303372589493471 0.7246657404513889 0.50251015625 0.2809471235239597 0.5029240284720893 0.2810291551963081 0.5307511311714365
0 0.7137550928819445 0.5342893227539063 0.2762582448075009 0.5322377342986393 0.2758638888888891 0.5588460937500002 0.7133607369633327 0.5608976822052671
0 0.7160074866187491 0.582992987725649 0.7159370373263888 0.5596645834960936 0.2867070232381699 0.5600747184079092 0.2867774725305303 0.5834031226374646
0 0.713937037326389 0.6122557290039063 0.7136955373690447 0.5858650851817615 0.2896247040357113 0.5870929499278552 0.2898662039930555 0.6134835937500001
0 0.7113907404513891 0.6659182290039062 0.29344212934027797 0.664094791503906 0.29312585555383397 0.6870319838170692 0.711074466664945 0.6888554213170693
0 0.7077541666666666 0.6605973959960938 0.7073443766543276 0.6384902232291537 0.28872909887654985 0.6409454312369661 0.2891388888888889 0.6630526040039062
0 0.7108234079969864 0.6367989232569391 0.7102999999999999 0.6126651040039064 0.29079788800995804 0.6155437847508736 0.29132129600694445 0.6396776040039063
0 0.7435581694529344 0.1971834183890538 0.7429828706597222 0.16270078125000004 0.25737286364854806 0.16526423609741903 0.2579481624417603 0.19974687323647278
0 0.7068166666666669 0.8773328125000002 0.3152947849070219 0.8770460483804261 0.31525244535892605 0.8953364187819886 0.706774327118571 0.8956231829015626