0 0.5546875 0.2727864583333334 0.3916015625 0.2727864583333334 0.3916015625 0.3020833333333334 0.5546875 0.3020833333333334
0 0.3442382812500001 0.658203125 0.19140625000000006 0.658203125 0.19140625000000006 0.6861979166666666 0.3442382812500001 0.6861979166666666
0 0.35302734375 0.26888020833333337 0.18701171875 0.2688802083333333 0.18701171875 0.29882812500000006 0.35302734375 0.29882812500000006
0 0.3447265625000001 0.6321614583333334 0.19238281250000006 0.6321614583333334 0.19238281250000006 0.6595052083333334 0.3447265625000001 0.6595052083333334
0 0.74609375 0.5403645833333335 0.59326171875 0.5403645833333335 0.59326171875 0.5696614583333335 0.74609375 0.5696614583333335
0 0.3432617187500001 0.685546875 0.19091796875000006 0.685546875 0.19091796875000006 0.7135416666666666 0.3432617187500001 0.7135416666666666
0 0.54931640625 0.5585937500000001 0.39501953125 0.55859375 0.39501953125 0.5878906250000001 0.54931640625 0.5878906250000001
0 0.5458984375 0.6686197916666666 0.3906250000000001 0.6686197916666666 0.3906250000000001 0.697265625 0.5458984375 0.697265625
0 0.74755859375 0.5143229166666669 0.59326171875 0.5143229166666669 0.59326171875 0.5416666666666669 0.74755859375 0.5416666666666669
0 0.7529296875 0.3743489583333335 0.60009765625 0.3743489583333335 0.60009765625 0.40429687500000017 0.7529296875 0.40429687500000017
0 0.544921875 0.6966145833333334 0.3911132812500001 0.6966145833333334 0.3911132812500001 0.7252604166666666 0.544921875 0.7252604166666666
0 0.345703125 0.5208333333333334 0.19189453125000006 0.5208333333333334 0.19189453125000006 0.5501302083333334 0.345703125 0.5501302083333334
0 0.54736328125 0.6132812500000001 0.3930664062500001 0.61328125 0.3930664062500001 0.6419270833333334 0.54736328125 0.6419270833333335
0 0.55224609375 0.4173177083333334 0.3974609375 0.4173177083333333 0.3974609375 0.4466145833333334 0.55224609375 0.4466145833333335
0 0.7431640625 0.5970052083333335 0.59130859375 0.5970052083333335 0.59130859375 0.6256510416666669 0.7431640625 0.6256510416666669
0 0.751953125 0.4303385416666668 0.59716796875 0.4303385416666668 0.59716796875 0.4602864583333335 0.751953125 0.4602864583333335
0 0.74951171875 0.4876302083333335 0.595703125 0.4876302083333335 0.595703125 0.5156250000000001 0.74951171875 0.5156250000000001
0 0.35009765625 0.3268229166666667 0.19482421875000006 0.3268229166666667 0.19482421875000006 0.3561197916666667 0.35009765625 0.3561197916666667
0 0.5498046875 0.5305989583333334 0.3955078125 0.5305989583333334 0.3955078125 0.5598958333333334 0.5498046875 0.5598958333333335
0 0.740234375 0.6236979166666669 0.5908203125 0.6236979166666669 0.5908203125 0.6523437500000001 0.740234375 0.6523437500000001
0 0.548828125 0.5859375000000001 0.39404296875 0.5859375 0.39404296875000006 0.6152343750000001 0.548828125 0.6152343750000001
0 0.75732421875 0.2897135416666668 0.5986328125 0.28971354166666674 0.5986328125 0.3183593750000001 0.75732421875 0.31835937500000017
0 0.54443359375 0.7233072916666666 0.3852539062500001 0.7233072916666666 0.3852539062500001 0.751953125 0.54443359375 0.751953125
0 0.55126953125 0.3313802083333334 0.39697265625 0.3313802083333334 0.39697265625 0.36132812500000006 0.55126953125 0.36132812500000017
0 0.34472656250000006 0.6041666666666666 0.19287109375000006 0.6041666666666666 0.19287109375000006 0.6328125 0.3447265625000001 0.6328125
0 0.34814453125 0.3821614583333333 0.19384765625000006 0.3821614583333333 0.19384765625000006 0.4114583333333333 0.34814453125 0.4114583333333333
0 0.55029296875 0.47330729166666674 0.39599609375 0.4733072916666667 0.39599609375 0.5026041666666667 0.55029296875 0.5026041666666669
0 0.34765625 0.4928385416666667 0.19335937500000006 0.4928385416666667 0.19335937500000006 0.5221354166666666 0.34765625 0.5221354166666666
0 0.349609375 0.29882812500000006 0.1923828125 0.298828125 0.19238281250000003 0.3287760416666667 0.349609375 0.32877604166666674
0 0.75 0.45898437500000017 0.59619140625 0.45898437500000017 0.59619140625 0.4889322916666668 0.75 0.4889322916666668
0 0.73828125 0.7044270833333334 0.58740234375 0.7044270833333334 0.58740234375 0.7330729166666666 0.73828125 0.7330729166666666
0 0.7548828125 0.34570312500000017 0.6015625 0.34570312500000017 0.6015625 0.3763020833333335 0.7548828125 0.3763020833333335
0 0.552734375 0.30143229166666674 0.39599609375 0.30143229166666674 0.39599609375 0.33203125000000006 0.552734375 0.33203125000000006
0 0.73974609375 0.6497395833333335 0.58984375 0.6497395833333335 0.58984375 0.6796875 0.73974609375 0.6796875
0 0.34765625 0.4375 0.19238281250000006 0.4375 0.19238281250000006 0.4680989583333333 0.34765625 0.4680989583333333
0 0.73681640625 0.7330729166666666 0.58349609375 0.7330729166666666 0.58349609375 0.7604166666666666 0.73681640625 0.7604166666666666
0 0.5517578125 0.38736979166666674 0.3974609375 0.3873697916666667 0.3974609375 0.41796875000000006 0.5517578125 0.41796875000000017
0 0.75634765625 0.3183593750000001 0.6025390625 0.31835937500000006 0.6025390625 0.34960937500000017 0.75634765625 0.34960937500000017
0 0.5498046875 0.5026041666666667 0.39453125 0.5026041666666666 0.39453125 0.5325520833333334 0.5498046875 0.5325520833333335
0 0.552734375 0.3606770833333334 0.39794921875 0.3606770833333333 0.39794921875 0.3899739583333334 0.552734375 0.3899739583333335
0 0.34716796875 0.41015625 0.19433593750000006 0.41015625 0.19433593750000006 0.439453125 0.34716796875 0.439453125
0 0.349609375 0.35546875 0.19628906250000006 0.35546875 0.19628906250000006 0.384765625 0.349609375 0.384765625
0 0.54541015625 0.6419270833333334 0.3916015625000001 0.6419270833333334 0.3916015625000001 0.669921875 0.54541015625 0.669921875
0 0.34472656250000006 0.5768229166666666 0.19189453125000006 0.5768229166666666 0.19189453125000006 0.6067708333333334 0.3447265625000001 0.6067708333333334
0 0.34814453125 0.466796875 0.19287109375000006 0.466796875 0.19287109375000006 0.4967447916666667 0.34814453125 0.4967447916666667
0 0.7451171875 0.5690104166666669 0.5927734375 0.5690104166666669 0.5927734375 0.5989583333333335 0.7451171875 0.5989583333333335
0 0.75244140625 0.40234375000000017 0.59912109375 0.40234375000000017 0.59912109375 0.43359375000000017 0.75244140625 0.43359375000000017
0 0.73974609375 0.6770833333333334 0.58984375 0.6770833333333334 0.58984375 0.7063802083333334 0.73974609375 0.7063802083333334
0 0.55126953125 0.44531250000000006 0.39794921875 0.4453125 0.39794921875 0.4759114583333334 0.55126953125 0.4759114583333335
0 0.34619140625 0.548828125 0.19287109375000006 0.548828125 0.19287109375000006 0.5774739583333334 0.34619140625 0.5774739583333334
0 0.3417968750000001 0.7135416666666666 0.18603515625000006 0.7135416666666666 0.18603515625000006 0.7415364583333334 0.3417968750000001 0.7415364583333334