0 0.8405383446180554 0.8546507338867187 0.8314499932705054 0.8155372063748393 0.24989539431217203 0.8582928719021831 0.25898374565972215 0.8974063994140625
0 0.8312002595486112 0.8128703715820313 0.8223007787940101 0.7745550747768634 0.24635156612039896 0.8168824868862382 0.255251046875 0.8551977836914062
0 0.8201826067708333 0.7739695444335937 0.8114031680755858 0.7373297205936005 0.24056605002003012 0.7806080643436005 0.24934548871527776 0.8172478881835937
0 0.8070623359375 0.7352268623046876 0.7985519453072658 0.7001194407020177 0.2360418064236111 0.7432639931640627 0.2445521970538453 0.7783714147667326
0 0.8015841206597223 0.7000231298828126 0.7931446862973952 0.6643924765727613 0.2286800222348951 0.7066954961040114 0.23711945659722225 0.7423261494140626
0 0.7896523559027778 0.6643603979492189 0.7820799752580364 0.6303896690709517 0.22410561067470314 0.6697434869420454 0.23167799131944453 0.7037142158203126
0 0.6421426085069445 0.06277521386718754 0.6368713053572219 0.035563647531432034 0.13884528105166632 0.06608906012908823 0.1441165842013889 0.09330062646484374
0 0.6488079453125 0.09193489355468754 0.6441119055365007 0.06466245324384856 0.1417107614392784 0.09203425841962977 0.1464068012152778 0.11930669873046874
0 0.6510729830026754 0.12250873086520205 0.6450468224756567 0.0907662400438164 0.14554798530631474 0.12077024501845816 0.15157414583333334 0.1525127358398438
0 0.6619055208169558 0.150602902649204 0.655922765625 0.11942825683593751 0.15004655611662965 0.15014597940310961 0.15602931130858547 0.1813206252163761
0 0.6694992673611112 0.17933014062500002 0.663918797670897 0.15009935729954485 0.15551296346950808 0.18080978601048237 0.16109343315972222 0.21004056933593754
0 0.6767190201546033 0.21041961853130037 0.6710252100694444 0.180023748046875 0.15736068383845223 0.21046854064838716 0.16305449392361113 0.24086441113281254
0 0.6855365591335786 0.24027052506811936 0.6796774505208334 0.20828167724609375 0.16233443258245597 0.23826340088531006 0.16819354119520113 0.2702522487073357
0 0.6905120102932008 0.27270702910739036 0.6846632578125 0.2403211357421875 0.16935027963735486 0.2697669450137034 0.17519903211805557 0.3021528383789063
0 0.6978982222222222 0.30258580566406257 0.6919132171126807 0.2713768839724908 0.17158735079323637 0.30294918475374083 0.17757235590277778 0.3341581064453126
0 0.7112628993055554 0.3337867661132813 0.7049263334239207 0.30249555919731597 0.17363974227808748 0.33653681310356587 0.1799763081597222 0.3678280200195312
0 0.7121722777347532 0.3655723308428374 0.7052967029853348 0.3324352031815871 0.18543325077141481 0.36656459011218717 0.19230882552083334 0.3997017177734375
0 0.7226340529513888 0.3977441943359375 0.7158007245135604 0.3642345041702677 0.18572689465244924 0.39843585817417404 0.19256022309027776 0.43194554833984383
0 0.7289037204861111 0.42891880126953136 0.7218233535298029 0.39497198817085355 0.19046566429369183 0.430038194225541 0.19754603125000003 0.4639850073242188
0 0.7813753836805555 0.6293988916015625 0.7740489881507973 0.5954648727914091 0.21812958710913063 0.6334411115609403 0.22545598263888886 0.6673751303710937
0 0.7751936927083335 0.5942320805664063 0.7675784986089103 0.5594346293040771 0.21755883628252123 0.5975198793040771 0.22517403038194445 0.6323173305664064
0 0.7656796927083334 0.5604363686523438 0.7590176462697097 0.5279921473899062 0.2105336410613764 0.5636273573508438 0.21719568749999998 0.5960715786132814
0 0.7547591727430557 0.5267144770507812 0.7482931798024723 0.49433177925529465 0.21032971886497215 0.5283193427318571 0.21679571180555557 0.5607020405273436
0 0.7462897534722222 0.4905190795898438 0.740013794246141 0.4604644764423745 0.20116868747530775 0.4960667811298745 0.2074446467013889 0.5261213842773439
0 0.7373301770833334 0.460283365234375 0.731252912851676 0.42908427441637975 0.19906182170584272 0.4618846513695047 0.2051390859375 0.49308374218749995