0 0.8888111979166667 0.07289550781250002 0.13832595486111113 0.06838110351562501 0.1373631780909113 0.11902328008128386 0.8878484211464669 0.12353768437815887
0 0.8891544109890115 0.16909080912514657 0.8888111979166665 0.121282958984375 0.13755222287962013 0.12298943163963949 0.13789543595196513 0.17079728178041106
0 0.8801141493055556 0.17293261718750003 0.14218967013888895 0.17140112304687502 0.14189351255041843 0.2165518239481165 0.8798179917170851 0.2180833180887415
0 0.8714175347222223 0.22074389648437506 0.1483719618055556 0.22074389648437504 0.1483719618055556 0.26478173828125007 0.8714175347222223 0.2647817382812501
0 0.8675520833333334 0.268011474609375 0.15378125000000006 0.26790087890625 0.15375989765236972 0.31150336261135125 0.867530730985703 0.3116139583144763
0 0.8628244921599003 0.35546853505116915 0.8627204861111113 0.314702880859375 0.15764426649779367 0.31527205518612555 0.15774827254658275 0.35603770937791973
0 0.8580986608008528 0.40004132174196244 0.857888725645381 0.3592529513339044 0.17083984374999997 0.3603718261718751 0.17104977890547193 0.4011601965799331
0 0.8540238715277779 0.403322509765625 0.16923697916666677 0.40308740234375 0.16919508822946866 0.4416933511015869 0.8539819805905797 0.4419284585234619
0 0.7943619884898631 0.9976789483215727 0.7941124131944445 0.9716210937499999 0.22099976793632917 0.9733578864393039 0.22124934323174783 0.9994157410108766
0 0.7979774305555556 0.945524658203125 0.21483281780539326 0.945042238415059 0.21477024484580146 0.9689744539080314 0.7979148575959639 0.9694568736960975
0 0.7961379333987524 0.9449753485994823 0.796044704861111 0.9139912109375 0.21095693795809856 0.9145482370183121 0.21105016649573985 0.9455323746802944
0 0.8019200810724174 0.9101798022177027 0.8018428819444443 0.8840888671875001 0.2117363536143871 0.8846413238610579 0.21181355274236013 0.9107322588912604
0 0.807891723964333 0.878110259498028 0.807640625 0.849869384765625 0.2055442175704219 0.8515632461466104 0.20579531653475475 0.8798041208790134
0 0.8066744791666669 0.81836865234375 0.1993750000000002 0.81836865234375 0.1993750000000002 0.846639892578125 0.8066744791666669 0.846639892578125
0 0.8153710937500003 0.7841494140625 0.19628410110696698 0.7839938965464076 0.19625992578786033 0.8144440606233531 0.8153469184308936 0.8145995781394455
0 0.8216635471422417 0.7802672147840589 0.8211688368055556 0.7455480957031249 0.19240335883883303 0.7483828539664108 0.19289806917551916 0.7831019730473449
0 0.820729271031324 0.7422749152325353 0.8201987941408616 0.710552123725842 0.1901015625 0.713885986328125 0.19063203939046236 0.7456087778348184
0 0.82671233314847 0.7074226391156071 0.8259340555682688 0.6724645030134342 0.19087413194444444 0.67693798828125 0.19165240952464574 0.7118961243834229
0 0.8182699652777781 0.6390844726562499 0.18391927083333348 0.6386857910156248 0.1838504539623751 0.6733309978294536 0.8182011484068197 0.6737296794700787
0 0.8347906823820122 0.6341788422114398 0.8346974826388888 0.5999394531249999 0.1839182678685124 0.6004999425658595 0.18401146761163573 0.6347393316522995
0 0.8269670138888892 0.565208984375 0.18314670138888903 0.56435498046875 0.18299954682025768 0.5994563143936238 0.8268198593202577 0.6003103182998738
0 0.8453268229166667 0.44403344726562505 0.16987369791666676 0.444033447265625 0.16987369791666676 0.482634765625 0.8453268229166668 0.4826347656250001
0 0.8404952256944447 0.4853532714843751 0.17760416666666676 0.48535327148437507 0.17760416666666676 0.522866943359375 0.8404952256944447 0.522866943359375
0 0.8346974826388891 0.525041748046875 0.18005555555555566 0.525041748046875 0.18005555555555566 0.562011962890625 0.8346974826388891 0.562011962890625