0 0.7601851851851854 0.4895833333333333 0.2462962962962964 0.4895833333333333 0.2462962962962964 0.5203125 0.7601851851851854 0.5203125
0 0.7574074074074074 0.3921875 0.24444444444444455 0.3921875 0.24444444444444455 0.42239583333333336 0.7574074074074074 0.42239583333333336
0 0.7657407407407409 0.521875 0.24351851851851863 0.521875 0.24351851851851863 0.5526041666666667 0.7657407407407409 0.5526041666666667
0 0.7574074074074075 0.4578125 0.24444444444444455 0.4578125 0.24444444444444455 0.48802083333333335 0.7574074074074076 0.48802083333333335
0 0.7546296296296297 0.36354166666666665 0.2462962962962964 0.36354166666666665 0.2462962962962964 0.39166666666666666 0.7546296296296297 0.39166666666666666
0 0.7842592592592594 0.6911458333333333 0.2425925925925927 0.6911458333333333 0.24259259259259275 0.7260416666666667 0.7842592592592594 0.7260416666666667
0 0.7564814814814815 0.425 0.2425925925925927 0.425 0.2425925925925927 0.4546875 0.7564814814814815 0.4546875
0 0.7555555555555555 0.328125 0.2425925925925927 0.328125 0.2425925925925927 0.359375 0.7555555555555555 0.359375
0 0.7861111111111113 0.7619791666666667 0.24537037037037057 0.7619791666666667 0.24537037037037057 0.7994791666666666 0.7861111111111113 0.7994791666666666
0 0.7851851851851854 0.7260416666666667 0.24722222222222243 0.7260416666666667 0.24722222222222243 0.7635416666666667 0.7851851851851854 0.7635416666666667
0 0.7620370370370373 0.5546875 0.2425925925925927 0.5546875 0.2425925925925927 0.5864583333333333 0.7620370370370373 0.5864583333333333
0 0.7453703703703703 0.1776041666666667 0.2490740740740741 0.17760416666666667 0.2490740740740741 0.20572916666666669 0.7453703703703703 0.2057291666666667
0 0.777777777777778 0.6583333333333333 0.2462962962962964 0.6583333333333333 0.2462962962962964 0.6916666666666667 0.777777777777778 0.6916666666666667
0 0.7490740740740741 0.2072916666666667 0.24722222222222223 0.20729166666666668 0.24722222222222223 0.2338541666666667 0.7490740740740741 0.23385416666666672
0 0.7546296296296297 0.2671875 0.24444444444444455 0.2671875 0.24444444444444455 0.296875 0.7546296296296297 0.296875
0 0.7546296296296297 0.2989583333333333 0.24166666666666678 0.2989583333333333 0.24166666666666678 0.328125 0.7546296296296297 0.328125
0 0.7472222222222222 0.14895833333333336 0.25277777777777777 0.14895833333333333 0.25277777777777777 0.17500000000000002 0.7472222222222222 0.17500000000000007
0 0.7888888888888891 0.8005208333333333 0.2462962962962965 0.8005208333333333 0.2462962962962965 0.8359375 0.7888888888888891 0.8359375
0 0.7740740740740742 0.621875 0.24074074074074084 0.621875 0.24074074074074084 0.6552083333333333 0.7740740740740742 0.6552083333333333
0 0.7435185185185185 0.12135416666666671 0.25462962962962965 0.1213541666666667 0.25462962962962965 0.14583333333333337 0.7435185185185185 0.1458333333333334
0 0.7425925925925926 0.09166666666666672 0.2564814814814815 0.0916666666666667 0.2564814814814815 0.11875000000000005 0.7425925925925926 0.11875000000000006
0 0.7518518518518519 0.23645833333333335 0.2462962962962963 0.23645833333333333 0.24629629629629635 0.26562500000000006 0.7518518518518519 0.26562500000000006
0 0.7870370370370372 0.8734375 0.2425925925925928 0.8734375 0.2425925925925928 0.9109375 0.7870370370370372 0.9109375
0 0.7898148148148151 0.8369791666666667 0.24907407407407428 0.8369791666666667 0.24907407407407428 0.8729166666666667 0.7898148148148151 0.8729166666666667
0 0.7703703703703706 0.5885416666666666 0.24351851851851863 0.5885416666666666 0.24351851851851863 0.6213541666666667 0.7703703703703706 0.6213541666666667
0 0.7388888888888889 0.060416666666666695 0.2537037037037037 0.06041666666666668 0.2537037037037037 0.08958333333333338 0.7388888888888889 0.08958333333333339
0 0.7992433047344536 0.9473241307936768 0.7958390239504657 0.9055327937131736 0.24045277777777785 0.9198473958333335 0.24385705856176573 0.9616387329138368