0 0.921875 0.5019531250000001 0.794921875 0.5019531250000001 0.794921875 0.5234375000000001 0.921875 0.5234375000000001
0 0.91943359375 0.5253906250000001 0.79345703125 0.5253906250000001 0.79345703125 0.5468750000000001 0.91943359375 0.5468750000000001
0 0.57275390625 0.5019531250000001 0.43994140625 0.501953125 0.43994140625 0.5234375000000001 0.57275390625 0.5234375000000001
0 0.57568359375 0.4290364583333334 0.44091796875 0.4290364583333333 0.44091796875 0.4524739583333334 0.57568359375 0.4524739583333335
0 0.5732421875 0.47851562500000006 0.43994140625 0.478515625 0.43994140625 0.4993489583333334 0.5732421875 0.4993489583333335
0 0.92333984375 0.47656250000000017 0.7958984375 0.47656250000000017 0.7958984375 0.4986979166666668 0.92333984375 0.4986979166666668
0 0.75 0.4772135416666668 0.6162109375 0.4772135416666668 0.6162109375 0.5000000000000001 0.75 0.5000000000000001
0 0.91650390625 0.5722656250000001 0.7919921875 0.5722656250000001 0.7919921875 0.5930989583333335 0.91650390625 0.5930989583333335
0 0.91845703125 0.5481770833333335 0.79296875 0.5481770833333335 0.79296875 0.5703125000000001 0.91845703125 0.5703125000000001
0 0.75244140625 0.4537760416666668 0.6171875 0.4537760416666668 0.6171875 0.47656250000000017 0.75244140625 0.47656250000000017
0 0.9248046875 0.45312500000000017 0.79736328125 0.45312500000000017 0.79736328125 0.47460937500000017 0.9248046875 0.47460937500000017
0 0.3955078125 0.26822916666666674 0.2451171875 0.26822916666666674 0.2451171875 0.29166666666666674 0.3955078125 0.29166666666666674
0 0.57373046875 0.4544270833333334 0.4404296875 0.4544270833333333 0.4404296875 0.4759114583333334 0.57373046875 0.4759114583333335
0 0.935546875 0.3268229166666668 0.8046875 0.3268229166666668 0.8046875 0.3509114583333335 0.935546875 0.3509114583333335
0 0.7607421875 0.3528645833333335 0.6201171875 0.3528645833333335 0.6201171875 0.3763020833333335 0.7607421875 0.3763020833333335
0 0.57177734375 0.6425781250000001 0.4418945312500001 0.642578125 0.4418945312500001 0.6627604166666667 0.57177734375 0.6627604166666669
0 0.21630859375000006 0.5071614583333334 0.06884765625000006 0.5071614583333334 0.06884765625000006 0.5299479166666666 0.21630859375000006 0.5299479166666666
0 0.400390625 0.4778645833333333 0.2578125 0.4778645833333333 0.2578125 0.5006510416666666 0.400390625 0.5006510416666666
0 0.20800781250000006 0.4290364583333333 0.05859375000000004 0.4290364583333333 0.05859375000000004 0.4537760416666667 0.20800781250000006 0.4537760416666667
0 0.57373046875 0.5247395833333334 0.43994140625 0.5247395833333334 0.43994140625 0.5475260416666667 0.57373046875 0.5475260416666669
0 0.572265625 0.6197916666666667 0.4418945312500001 0.6197916666666666 0.4418945312500001 0.6406250000000001 0.572265625 0.6406250000000001
0 0.91357421875 0.5963541666666669 0.79052734375 0.5963541666666669 0.79052734375 0.6165364583333335 0.91357421875 0.6165364583333335
0 0.9345703125 0.3528645833333335 0.8037109375 0.3528645833333335 0.8037109375 0.37500000000000017 0.9345703125 0.37500000000000017
0 0.91162109375 0.6178385416666669 0.78857421875 0.6178385416666669 0.78857421875 0.6380208333333335 0.91162109375 0.6380208333333335
0 0.21582031250000006 0.556640625 0.07128906250000006 0.556640625 0.07128906250000006 0.5794270833333334 0.21582031250000006 0.5794270833333334
0 0.5732421875 0.5494791666666667 0.4404296875 0.5494791666666666 0.4404296875 0.5703125000000001 0.5732421875 0.5703125000000001
0 0.20410156250000006 0.3515625 0.05615234375000003 0.3515625 0.05615234375000003 0.375 0.20410156250000006 0.375
0 0.21484375000000006 0.5319010416666666 0.06689453125000006 0.5319010416666666 0.06689453125000006 0.5546875 0.21484375000000006 0.5546875
0 0.57763671875 0.40494791666666674 0.4404296875 0.4049479166666667 0.4404296875 0.42773437500000006 0.57763671875 0.42773437500000017
0 0.40234375 0.4518229166666667 0.25732421875 0.4518229166666667 0.25732421875 0.4752604166666667 0.40234375 0.4752604166666667
0 0.40527343750000006 0.6015625 0.26318359375 0.6015625 0.26318359375000006 0.6223958333333334 0.4052734375000001 0.6223958333333334
0 0.7646484375 0.3268229166666668 0.62255859375 0.32682291666666674 0.62255859375 0.3509114583333335 0.7646484375 0.3509114583333335
0 0.75 0.5019531250000001 0.61474609375 0.5019531250000001 0.61474609375 0.5247395833333335 0.75 0.5247395833333335
0 0.5712890625 0.5963541666666667 0.43896484375 0.5963541666666666 0.43896484375000006 0.6171875000000001 0.5712890625 0.6171875000000001
0 0.39501953125 0.29361979166666674 0.24951171875 0.29361979166666674 0.24951171875000003 0.31901041666666674 0.39501953125 0.31901041666666674
0 0.4047851562500001 0.625 0.2636718750000001 0.625 0.2636718750000001 0.6458333333333334 0.4047851562500001 0.6458333333333334
0 0.57861328125 0.32812500000000006 0.439453125 0.32812500000000006 0.439453125 0.35221354166666674 0.57861328125 0.3522135416666668
0 0.92724609375 0.42773437500000017 0.79931640625 0.42773437500000017 0.79931640625 0.4505208333333335 0.92724609375 0.4505208333333335
0 0.39599609375 0.375 0.25341796875 0.375 0.25341796875 0.3984375 0.39599609375 0.3984375
0 0.20751953125000006 0.404296875 0.06152343750000004 0.404296875 0.06152343750000004 0.4283854166666667 0.20751953125000006 0.4283854166666667
0 0.3974609375 0.4010416666666667 0.25244140625 0.4010416666666667 0.25244140625 0.4251302083333333 0.3974609375 0.4251302083333333
0 0.75537109375 0.4290364583333335 0.6201171875 0.4290364583333335 0.6201171875 0.4518229166666668 0.75537109375 0.4518229166666668
0 0.57763671875 0.35416666666666674 0.439453125 0.3541666666666667 0.439453125 0.3782552083333334 0.57763671875 0.3782552083333335
0 0.39404296875 0.3216145833333334 0.2509765625 0.3216145833333334 0.2509765625 0.3463541666666667 0.39404296875 0.3463541666666667
0 0.40087890625 0.5533854166666666 0.26123046875 0.5533854166666666 0.26123046875 0.5748697916666666 0.40087890625 0.5748697916666666
0 0.74560546875 0.5755208333333335 0.6142578125 0.5755208333333335 0.6142578125 0.5963541666666669 0.74560546875 0.5963541666666669
0 0.90966796875 0.6412760416666669 0.7880859375 0.6412760416666669 0.7880859375 0.6614583333333335 0.90966796875 0.6614583333333335
0 0.93896484375 0.2760416666666668 0.80322265625 0.2760416666666668 0.80322265625 0.29882812500000017 0.93896484375 0.29882812500000017
0 0.39990234375 0.5032552083333334 0.2568359375 0.5032552083333334 0.2568359375 0.525390625 0.39990234375 0.525390625
0 0.765625 0.2747395833333334 0.61767578125 0.2747395833333334 0.61767578125 0.2981770833333334 0.765625 0.2981770833333335
0 0.93359375 0.3782552083333335 0.802734375 0.3782552083333335 0.802734375 0.4010416666666668 0.93359375 0.4010416666666668
0 0.40185546875 0.5774739583333334 0.2626953125 0.5774739583333334 0.2626953125 0.59765625 0.40185546875 0.59765625
0 0.4013671875 0.4270833333333333 0.2568359375 0.4270833333333333 0.2568359375 0.4505208333333333 0.4013671875 0.4505208333333333
0 0.7470703125 0.5279947916666669 0.61328125 0.5279947916666669 0.61328125 0.5507812500000001 0.7470703125 0.5507812500000001
0 0.21533203125000006 0.5813802083333334 0.07226562500000006 0.5813802083333334 0.07226562500000006 0.603515625 0.21533203125000006 0.603515625
0 0.4047851562500001 0.6490885416666666 0.2651367187500001 0.6490885416666666 0.2651367187500001 0.6705729166666666 0.4047851562500001 0.6705729166666666
0 0.40234375 0.5279947916666666 0.2607421875 0.5279947916666666 0.2607421875 0.55078125 0.40234375 0.55078125
0 0.7431640625 0.6445312500000001 0.61279296875 0.6445312500000001 0.61279296875 0.6653645833333335 0.7431640625 0.6653645833333335
0 0.74462890625 0.5996093750000001 0.61376953125 0.5996093750000001 0.61376953125 0.6191406250000001 0.74462890625 0.6191406250000001
0 0.75732421875 0.4036458333333335 0.61865234375 0.4036458333333335 0.61865234375 0.4270833333333335 0.75732421875 0.4270833333333335
0 0.572265625 0.5722656250000001 0.4404296875 0.572265625 0.4404296875 0.5944010416666667 0.572265625 0.5944010416666669
0 0.20263671875000006 0.326171875 0.05468750000000003 0.326171875 0.05468750000000003 0.3515625 0.20263671875000006 0.3515625
0 0.21679687500000006 0.630859375 0.07666015625000006 0.630859375 0.07666015625000006 0.65234375 0.21679687500000006 0.65234375
0 0.576171875 0.3802083333333334 0.439453125 0.3802083333333333 0.439453125 0.40299479166666674 0.576171875 0.4029947916666668
0 0.7470703125 0.5527343750000001 0.61474609375 0.5527343750000001 0.61474609375 0.5729166666666669 0.7470703125 0.5729166666666669
0 0.5791015625 0.30143229166666674 0.43896484375 0.30143229166666674 0.43896484375 0.32682291666666674 0.5791015625 0.32682291666666674
0 0.580078125 0.2766927083333334 0.43994140625 0.2766927083333334 0.43994140625 0.29752604166666674 0.580078125 0.29752604166666674
0 0.744140625 0.6217447916666669 0.61181640625 0.6217447916666669 0.61181640625 0.6432291666666669 0.744140625 0.6432291666666669
0 0.21679687500000006 0.6061197916666666 0.07568359375000006 0.6061197916666666 0.07568359375000006 0.626953125 0.21679687500000006 0.626953125
0 0.76318359375 0.3020833333333334 0.62158203125 0.3020833333333334 0.62158203125 0.3261718750000001 0.76318359375 0.32617187500000017
0 0.3955078125 0.3489583333333333 0.25244140625 0.3489583333333333 0.25244140625 0.3723958333333333 0.3955078125 0.3723958333333333
0 0.20605468750000006 0.37890625 0.05810546875000004 0.37890625 0.05810546875000004 0.4029947916666667 0.20605468750000006 0.4029947916666667
0 0.9306640625 0.40234375000000017 0.80029296875 0.40234375000000017 0.80029296875 0.42578125000000017 0.9306640625 0.42578125000000017
0 0.21289062500000006 0.4811197916666667 0.06689453125000006 0.4811197916666667 0.06689453125000006 0.5052083333333334 0.21289062500000006 0.5052083333333334
0 0.21728515625000006 0.6549479166666666 0.07812500000000006 0.6549479166666666 0.07812500000000006 0.6751302083333334 0.21728515625000006 0.6751302083333334
0 0.20117187500000003 0.2981770833333333 0.05029296875000003 0.2981770833333333 0.05029296875000003 0.3235677083333333 0.20117187500000006 0.3235677083333333
0 0.21191406250000006 0.4563802083333333 0.06494140625000006 0.4563802083333333 0.06494140625000006 0.4798177083333333 0.21191406250000006 0.4798177083333333
0 0.75927734375 0.37890625000000017 0.6201171875 0.37890625000000017 0.6201171875 0.40234375000000017 0.75927734375 0.40234375000000017
0 0.20068359375 0.2708333333333333 0.04931640625000003 0.2708333333333333 0.04931640625000003 0.2942708333333333 0.20068359375 0.2942708333333333
0 0.9375 0.3020833333333335 0.8037109375 0.3020833333333335 0.8037109375 0.3255208333333335 0.9375 0.3255208333333335
0 0.22021484375000006 0.6783854166666666 0.08154296875000006 0.6783854166666666 0.08154296875000006 0.69921875 0.22021484375000006 0.69921875
0 0.74072265625 0.6692708333333334 0.61083984375 0.6692708333333334 0.61083984375 0.6888020833333334 0.74072265625 0.6888020833333334
0 0.90771484375 0.6640625000000001 0.78662109375 0.6640625000000001 0.78662109375 0.6848958333333335 0.90771484375 0.6848958333333336
0 0.5712890625 0.6666666666666666 0.4423828125000001 0.6666666666666666 0.4423828125000001 0.6848958333333334 0.5712890625 0.6848958333333334
0 0.4033203125000001 0.673828125 0.2612304687500001 0.673828125 0.2612304687500001 0.6927083333333334 0.4033203125000001 0.6927083333333334