0 0.8443653220486111 0.9268902812500001 0.8442842007219773 0.8826108163522248 0.16464294377753297 0.8830047811959748 0.16472406510416668 0.92728424609375
0 0.8301170219646855 0.8419362712369477 0.17910735691439825 0.8385001581575541 0.17839485243055578 0.8812124272460938 0.829404517480843 0.8846485403254875
0 0.8287341495295376 0.7988708328602231 0.18718017724346267 0.7920402980167744 0.18574845312500016 0.8345886635742188 0.8273024254110751 0.8414191984176674
0 0.8288020783739241 0.7580938116337829 0.19154280677357208 0.750451530206957 0.19005052604166683 0.7898236430664063 0.8273097976420187 0.7974659244932322
0 0.8280223908683583 0.7156865433178853 0.19467373435935256 0.7063753603535519 0.1927845269097224 0.7470349223632815 0.826133183418728 0.7563461053276149
0 0.804191984013292 0.04939840602655968 0.2830220714195546 0.022883748491685618 0.278619334802096 0.05026549041434474 0.7997892473958332 0.07678014794921881
0 0.8005591717746281 0.08087437114181462 0.27038858624563766 0.05593731385574538 0.2673039083946207 0.07668765755768082 0.7974744939236111 0.10162471484375005
0 0.7999297653480882 0.11038288882864242 0.27190126415770643 0.08490836761681606 0.26847939756944456 0.10735025927734379 0.7965078987598264 0.13282478048917015
0 0.8117435735074321 0.13680190570609352 0.2672210437551359 0.11126359224482385 0.2631273706597222 0.13888093261718756 0.8076499004120186 0.16441924607845723
0 0.8086809645219207 0.1666527457563922 0.266987699802594 0.14310682290805438 0.26337182555845096 0.16942744140947474 0.8050650902777777 0.19297336425781256
0 0.8081061408187149 0.19825388776717282 0.2602993599975521 0.1716490011469434 0.25595803732638894 0.19993249853515624 0.8037648181475517 0.22653738515538566
0 0.808705040393336 0.22593956949769267 0.2543314529449465 0.2054787862045142 0.25098473807244387 0.23416967764432162 0.8053583255208333 0.2546304609375001
0 0.8097227312856687 0.26166813227250924 0.25410284153131196 0.23820993957649655 0.2506736336805556 0.26390928710937506 0.8062935234349123 0.28736747980538774
0 0.8106471472662676 0.2893665570796904 0.24485305305580157 0.2697302155114976 0.24170416707425613 0.298438009506026 0.8074982612847221 0.3180743510742188
0 0.8183871099235458 0.322985068112824 0.24395798658163878 0.30426680375703496 0.24105740269975964 0.332431259081711 0.8154865260416666 0.35114952343750006
0 0.8065272719410174 0.35424521981433615 0.23638824203477116 0.3351061124901343 0.23314230729166674 0.36570065283203124 0.8032813371979128 0.3848397601562331
0 0.8081391659952873 0.39052515749463024 0.23300637418449513 0.3712395343899081 0.2298615199652779 0.40091380322265624 0.8049943117760701 0.4201994263273784
0 0.8191898476213044 0.42258476069503237 0.22751850921445346 0.40335708171410545 0.22429919531250006 0.4347016323242188 0.815970533719351 0.45392931130514574
0 0.8176006741921351 0.45697100604939267 0.22209631584247225 0.4400158034230484 0.21919813644200384 0.47222295215881205 0.8147024947916667 0.4891781547851563
0 0.8144457439680832 0.49193389463202863 0.22433544036610897 0.4745378109364662 0.221178927951389 0.5084170981445312 0.8112892315533631 0.5258131818400936
0 0.8191603184541766 0.5277438331618497 0.21327045448745385 0.5098825780585711 0.20993892100694456 0.5456403911132812 0.8158287849736674 0.5635016462165598
0 0.8098627270606399 0.5619018239379984 0.2051609261543462 0.5499828976833511 0.20297571732287306 0.5850614878078527 0.8076775182291668 0.5969804140625
0 0.8208784340378595 0.601283391037798 0.20633065788467858 0.5860549439190812 0.2033228480902779 0.6244606235351563 0.8178706242434589 0.6396890706538731
0 0.8267146818174204 0.6381882496833756 0.19782496474986117 0.6266445153662533 0.19571938883521872 0.6629392920500652 0.8246091059027779 0.6744830263671875
0 0.8286844826373222 0.6765759728503965 0.19214965575629694 0.667422497449511 0.19046599603564157 0.7044680031147396 0.8270008229166668 0.7136214785156251