0 0.6758563333333334 0.1859935126953125 0.25006666666666666 0.1796298837890625 0.24903600756781863 0.21842060372943906 0.6748256742344854 0.22478423263568906
0 0.6660940000000001 0.22481266601562505 0.25081766666666666 0.21793166064453126 0.2496911281922314 0.25617482676028047 0.6649674615255647 0.26305583213137423
0 0.663841 0.26253808544921875 0.25607433333333335 0.25625309765625 0.2550872794063908 0.2922753355448725 0.6628539460730575 0.29856032333784127
0 0.6623390000000001 0.2980140317382812 0.25607433333333346 0.29229884765625 0.25514410986361313 0.329494197598658 0.6614087765302799 0.3352093816806892
0 0.6600863333333334 0.3351762026367189 0.25607433333333346 0.32552834765625005 0.2545713658148511 0.3609309852681657 0.6585833658148511 0.3705788402486345
0 0.6563316666666669 0.3695158193359376 0.2620820000000001 0.36047381152343755 0.26065957296320585 0.3953604385500609 0.6549092396298727 0.40440244636256095
0 0.6525766666666667 0.40329218505859377 0.26208200000000004 0.3948298115234375 0.26071263738129824 0.43037361591552437 0.6512073040479648 0.43883598945068064
0 0.648174785828806 0.4381945037091385 0.2628330000000001 0.42806283837890624 0.26122754750452737 0.4624095573260178 0.6465693333333333 0.4725412226562501
0 0.6465693333333334 0.47197822265625006 0.2635840000000001 0.46073236523437505 0.2620017169749912 0.49104308611390124 0.6449870503083245 0.5022889435357762
0 0.6450673333333334 0.5012586689453125 0.2635840000000001 0.490019615234375 0.2618413278351995 0.5232920087055202 0.6433246611685327 0.5345310624164576
0 0.639429 0.5334025668945311 0.26442000000000004 0.5232595126953123 0.2628664004494818 0.5555693341601743 0.6378754004494818 0.5657123883593931
0 0.6401035867261293 0.5648040464261807 0.26512900000000006 0.5551631064453126 0.26374541327387097 0.5854330331636634 0.6387200000000002 0.5950739731445314
0 0.6368584931664322 0.5961726212019229 0.2651290000000001 0.5849371064453125 0.26344617350023486 0.6162552430558896 0.6351756666666669 0.6274907578125001
0 0.6349452083270893 0.6277926713269499 0.2658380000000001 0.6141822001953126 0.2637215898439122 0.6464672701402633 0.6328287981710015 0.6600777412719007
0 0.6351756666666667 0.6556695078125001 0.2686771221824856 0.6460214870254527 0.2672591221824856 0.676320800013734 0.6337576666666668 0.6859688208007814
0 0.63447491547903 0.6870356539717613 0.2679646666666668 0.6763977294921875 0.2665384178543036 0.7040383025712075 0.6330486666666668 0.7146762270507813
0 0.6338037071465927 0.7154037644161487 0.26965733333333347 0.7038008652343749 0.26788229285340737 0.7351366271854137 0.6320286666666667 0.7467395263671875
0 0.6342530012841495 0.7468193267015968 0.27147533333333346 0.7338042978515625 0.26977024958646917 0.7605382798325163 0.6325479175372851 0.7735533086825506
0 0.6314226666666668 0.7726421323242189 0.27147533333333346 0.7606185478515626 0.26986128646768465 0.7877981859119669 0.629808619801018 0.7998217703846232
0 0.6312434208472629 0.7999388844728479 0.2714753333333335 0.7883417978515627 0.26983657915273745 0.8169381130857463 0.6296046666666669 0.8285351997070315
0 0.6298313295957078 0.8280885990432079 0.27294233333333345 0.8154264492187501 0.27113333707095927 0.8441068955856986 0.6280223333333336 0.8567690454101564
0 0.6270020000000001 0.8571473432617187 0.2744730000000002 0.8414518779296873 0.2724607041581714 0.8668753586626343 0.6249897041581712 0.8825708239946657
0 0.6234310000000002 0.8812375117187501 0.27651366666666677 0.8670967822265626 0.274600789934996 0.8934943367870405 0.6215181232683293 0.907635066279228
0 0.6193493333333334 0.9087689516601563 0.27600333333333354 0.8954093051757812 0.2742274462749155 0.921082203164018 0.6175734462749154 0.934441849648393
0 0.618329 0.9363137495117188 0.2775340000000001 0.9210519843749999 0.2756274913831226 0.9449989090279439 0.6164224913831226 0.9602606741646628