0 0.8225498499577543 0.15391007057951125 0.8216919392361111 0.10365392138671874 0.09617510349592025 0.10757265223258253 0.09703301421756348 0.15782880142537506
0 0.8194004357638889 0.15716299023437502 0.10084268456712923 0.1548937704970286 0.10034062473084746 0.20519581764041014 0.8188983759276072 0.20746503737775657
0 0.8182544661458333 0.20809313720703126 0.11127102430555562 0.20809313720703124 0.11127102430555562 0.25322132373046874 0.8182544661458333 0.2532213237304688
0 0.8136710243055555 0.2557230390625 0.11913575664292907 0.2545953615646453 0.11890739620796735 0.299096928619204 0.8134426638705938 0.3002246061170587
0 0.8113795208333335 0.3034296567382813 0.12370588194444451 0.2991166665039062 0.12287306524613285 0.34113108718877255 0.8105467041350218 0.34544407742314764
0 0.797629193576389 0.3485578432617188 0.13418779947916676 0.3446897060546875 0.13341459818770834 0.38664998036667236 0.7968559922849306 0.39051811757370364
0 0.7850248368055557 0.3916747548828125 0.14020000000000007 0.387772548828125 0.1393487813337116 0.43227846552198457 0.7841736181392671 0.43618067157667206
0 0.7781498914930556 0.4361580883789063 0.15022962934027786 0.4264877451171875 0.14837449696439803 0.4646015727487283 0.7762947591171758 0.4742719160104471
0 0.7815873637152778 0.47870735302734374 0.15577777777777788 0.46560416650390624 0.15345979915392885 0.5006325235783201 0.7792693850914287 0.5137357101017576
0 0.7712749453125001 0.5141651962890624 0.16127581684027786 0.5037468139648437 0.15907596398620202 0.5445005670283679 0.7690750924584242 0.5549189493525867
0 0.7616932474578604 0.5546847919768088 0.16494117621527787 0.5382813725585938 0.16191851729908432 0.573074521988035 0.7586705885416669 0.58947794140625
0 0.762108060763889 0.5907671567382814 0.1674174288194446 0.5752948530273437 0.16449090858533852 0.6108852391907543 0.759181540529783 0.626357542901692
0 0.7609625269097223 0.6268696079101562 0.17085490190972238 0.6088183823242186 0.16723029000373696 0.6463097340561273 0.7573379150037369 0.664360959642065
0 0.7540871458333335 0.6616825981445312 0.17429237500000014 0.6423421567382812 0.17081813225124579 0.6752965352527411 0.7506129030845792 0.6946369766589912
0 0.746418542705849 0.6990897387222935 0.1800217864583335 0.674576470703125 0.17623200156498464 0.702282810594113 0.7426287578125002 0.7267960786132814
0 0.748358170138889 0.7286916665039063 0.18116732031250013 0.7048382353515625 0.17695370566999752 0.7365396195824827 0.7441445554963865 0.7603930507348264
0 0.7426866642864913 0.7642089737756415 0.18876601302083346 0.7367259804687502 0.1841251004704533 0.7663219085485775 0.7380457517361112 0.7938049018554688
0 0.7343451145218548 0.7944952440658631 0.19835511979166687 0.76672794140625 0.19403484207536792 0.7931143150161681 0.7300248368055559 0.8208816176757813
0 0.7348285852947587 0.8222444772939038 0.18876601302083354 0.7929090688476562 0.18396226453163048 0.821201846436565 0.7300248368055556 0.8505372548828126
0 0.7300248368055557 0.8550500000000001 0.2029385625000002 0.8247497548828125 0.1991343615357106 0.8456881827480133 0.7262206358412661 0.8759884278652008
0 0.7307181250216926 0.8824260988992482 0.19898481262642131 0.8484044728311106 0.19370808170195092 0.8744989623107687 0.7254413940972223 0.9085205883789063