0 0.7001953125 0.0937500000000001 0.49951171875 0.09375000000000007 0.49951171875 0.12695312500000008 0.7001953125 0.1269531250000001
0 0.69287109375 0.7662760416666666 0.4931640625000001 0.7662760416666666 0.4931640625000001 0.7994791666666666 0.69287109375 0.7994791666666666
0 0.693359375 0.736328125 0.4946289062500001 0.736328125 0.4946289062500001 0.7682291666666666 0.693359375 0.7682291666666666
0 0.69287109375 0.7981770833333334 0.4956054687500001 0.7981770833333334 0.4956054687500001 0.8307291666666666 0.69287109375 0.8307291666666666
0 0.69384765625 0.705078125 0.4960937500000001 0.705078125 0.4960937500000001 0.7376302083333334 0.69384765625 0.7376302083333334
0 0.90478515625 0.7083333333333334 0.712890625 0.7083333333333334 0.712890625 0.7408854166666666 0.90478515625 0.7408854166666666
0 0.90869140625 0.46289062500000017 0.71240234375 0.46289062500000017 0.71240234375 0.4967447916666668 0.90869140625 0.4967447916666668
0 0.69482421875 0.6432291666666669 0.4965820312500001 0.6432291666666669 0.4965820312500001 0.6751302083333334 0.69482421875 0.6751302083333334
0 0.90673828125 0.6777343750000001 0.7119140625 0.677734375 0.7119140625 0.7102864583333335 0.90673828125 0.7102864583333336
0 0.6943359375 0.673828125 0.4965820312500001 0.673828125 0.4965820312500001 0.7057291666666666 0.6943359375 0.7057291666666666
0 0.69482421875 0.828125 0.4980468750000001 0.828125 0.4980468750000001 0.861328125 0.69482421875 0.861328125
0 0.90673828125 0.6152343750000001 0.7138671875 0.6152343750000001 0.7138671875 0.6477864583333335 0.90673828125 0.6477864583333335
0 0.90771484375 0.6464843750000001 0.71142578125 0.6464843750000001 0.71142578125 0.6796875000000001 0.90771484375 0.6796875000000003
0 0.4799804687500001 0.7747395833333334 0.2646484375000001 0.7747395833333334 0.2646484375000001 0.80859375 0.4799804687500001 0.80859375
0 0.90673828125 0.7389322916666669 0.71533203125 0.7389322916666666 0.71533203125 0.7714843750000001 0.90673828125 0.7714843750000003
0 0.90625 0.7701822916666666 0.71142578125 0.7701822916666666 0.71142578125 0.8014322916666666 0.90625 0.8014322916666666
0 0.90771484375 0.2532552083333335 0.72021484375 0.2532552083333335 0.72021484375 0.28710937500000017 0.90771484375 0.28710937500000017
0 0.90673828125 0.8001302083333335 0.71142578125 0.8001302083333334 0.71142578125 0.8313802083333335 0.90673828125 0.8313802083333336
0 0.90966796875 0.2838541666666668 0.71728515625 0.2838541666666668 0.71728515625 0.3170572916666668 0.90966796875 0.3170572916666668
0 0.90771484375 0.5859375000000001 0.71240234375 0.5859375000000001 0.71240234375 0.6171875000000001 0.90771484375 0.6171875000000001
0 0.9072265625 0.5540364583333335 0.716796875 0.5540364583333335 0.716796875 0.5878906250000001 0.9072265625 0.5878906250000001
0 0.24462890625000006 0.8014322916666666 0.04101562500000007 0.8014322916666666 0.041015625000000076 0.8333333333333334 0.24462890625000006 0.8333333333333334
0 0.4765625000000001 0.8046875 0.2661132812500001 0.8046875 0.2661132812500001 0.83984375 0.4765625000000001 0.83984375
0 0.703125 0.18684895833333345 0.49951171875 0.1868489583333334 0.49951171875 0.2207031250000001 0.703125 0.22070312500000014
0 0.908203125 0.22460937500000014 0.7216796875 0.22460937500000014 0.7216796875 0.2571614583333335 0.908203125 0.2571614583333335
0 0.24853515625000006 0.7701822916666666 0.04345703125000007 0.7701822916666666 0.04345703125000007 0.802734375 0.24853515625000006 0.802734375
0 0.69482421875 0.24934895833333345 0.5009765625 0.2493489583333334 0.5009765625 0.2819010416666668 0.69482421875 0.2819010416666668
0 0.69970703125 0.2187500000000001 0.501953125 0.21875000000000008 0.501953125 0.2526041666666668 0.69970703125 0.2526041666666668
0 0.90771484375 0.4954427083333335 0.7099609375 0.4954427083333335 0.7099609375 0.5286458333333335 0.90771484375 0.5286458333333335
0 0.4809570312500001 0.7083333333333334 0.2666015625000001 0.7083333333333334 0.2666015625000001 0.7434895833333334 0.4809570312500001 0.7434895833333334
0 0.25537109375 0.5455729166666666 0.046875000000000056 0.5455729166666666 0.046875000000000056 0.580078125 0.25537109375 0.580078125
0 0.6953125 0.2792968750000001 0.4970703125 0.27929687500000006 0.4970703125 0.3111979166666668 0.6953125 0.3111979166666668
0 0.697265625 0.15690104166666677 0.5009765625 0.15690104166666674 0.5009765625 0.1894531250000001 0.697265625 0.18945312500000014
0 0.69140625 0.6132812500000001 0.4965820312500001 0.6132812500000001 0.4965820312500001 0.6451822916666669 0.69140625 0.6451822916666669
0 0.2519531250000001 0.83203125 0.04101562500000008 0.83203125 0.04101562500000008 0.865234375 0.2519531250000001 0.865234375
0 0.2529296875 0.484375 0.04980468750000004 0.484375 0.04980468750000004 0.5182291666666666 0.2529296875 0.5182291666666666
0 0.70166015625 0.12565104166666677 0.50048828125 0.12565104166666674 0.50048828125 0.15950520833333343 0.70166015625 0.15950520833333345
0 0.90625 0.8307291666666666 0.71240234375 0.8307291666666666 0.71240234375 0.86328125 0.90625 0.86328125
0 0.69287109375 0.4615885416666668 0.50146484375 0.4615885416666668 0.50146484375 0.4947916666666668 0.69287109375 0.4947916666666668
0 0.69580078125 0.3085937500000001 0.501953125 0.30859375000000006 0.501953125 0.3411458333333335 0.69580078125 0.3411458333333335
0 0.25439453125 0.4212239583333333 0.05078125000000004 0.4212239583333333 0.05078125000000004 0.455078125 0.25439453125 0.455078125
0 0.693359375 0.5846354166666669 0.498046875 0.5846354166666669 0.49804687500000006 0.6158854166666669 0.693359375 0.6158854166666669
0 0.69482421875 0.33984375000000017 0.50341796875 0.33984375000000017 0.50341796875 0.3736979166666668 0.69482421875 0.3736979166666668
0 0.69384765625 0.43164062500000017 0.49853515625 0.43164062500000017 0.49853515625 0.4641927083333335 0.69384765625 0.4641927083333335
0 0.69384765625 0.5227864583333335 0.498046875 0.5227864583333335 0.498046875 0.5553385416666669 0.69384765625 0.5553385416666669
0 0.25146484375000006 0.578125 0.046386718750000056 0.578125 0.046386718750000056 0.6126302083333334 0.2514648437500001 0.6126302083333334
0 0.6953125 0.40039062500000017 0.5009765625 0.40039062500000017 0.5009765625 0.43359375000000017 0.6953125 0.43359375000000017
0 0.25830078125 0.32747395833333337 0.05126953125000003 0.3274739583333333 0.05126953125000003 0.3619791666666667 0.25830078125 0.3619791666666667
0 0.2509765625000001 0.7044270833333334 0.04638671875000007 0.7044270833333334 0.04638671875000007 0.73828125 0.2509765625000001 0.73828125
0 0.4780273437500001 0.7408854166666666 0.2695312500000001 0.7408854166666666 0.2695312500000001 0.775390625 0.4780273437500001 0.775390625
0 0.2529296875000001 0.6731770833333334 0.045898437500000056 0.6731770833333334 0.04589843750000006 0.70703125 0.2529296875000001 0.70703125
0 0.69482421875 0.3697916666666668 0.50146484375 0.3697916666666668 0.50146484375 0.4036458333333335 0.69482421875 0.4036458333333335
0 0.24902343750000006 0.7356770833333334 0.04638671875000007 0.7356770833333334 0.04638671875000007 0.76953125 0.24902343750000006 0.76953125
0 0.48046875000000006 0.5787760416666667 0.26611328125 0.5787760416666666 0.26611328125000006 0.6132812500000001 0.4804687500000001 0.6132812500000001
0 0.2568359375 0.4524739583333333 0.05224609375000004 0.4524739583333333 0.05224609375000004 0.486328125 0.2568359375 0.486328125
0 0.90576171875 0.5247395833333335 0.71435546875 0.5247395833333335 0.71435546875 0.5572916666666669 0.90576171875 0.5572916666666669
0 0.2553710937500001 0.640625 0.046386718750000056 0.640625 0.046386718750000056 0.6751302083333334 0.2553710937500001 0.6751302083333334
0 0.908203125 0.4049479166666668 0.7138671875 0.4049479166666668 0.7138671875 0.43750000000000017 0.908203125 0.43750000000000017
0 0.9052734375 0.3131510416666668 0.720703125 0.3131510416666668 0.720703125 0.3470052083333335 0.9052734375 0.3470052083333335
0 0.2500000000000001 0.6100260416666666 0.044921875000000056 0.6100260416666666 0.044921875000000056 0.6438802083333334 0.2500000000000001 0.6438802083333334
0 0.4765625000000001 0.8404947916666666 0.2675781250000001 0.8404947916666666 0.2675781250000001 0.8756510416666666 0.4765625000000001 0.8756510416666666
0 0.9052734375 0.4348958333333335 0.71240234375 0.4348958333333335 0.71240234375 0.4674479166666668 0.9052734375 0.4674479166666668
0 0.6923828125 0.5540364583333335 0.49609375 0.5540364583333335 0.49609375 0.5865885416666669 0.6923828125 0.5865885416666669
0 0.90869140625 0.37304687500000017 0.720703125 0.37304687500000017 0.720703125 0.4069010416666668 0.90869140625 0.4069010416666668
0 0.25537109375 0.3899739583333333 0.05078125000000004 0.3899739583333333 0.05078125000000004 0.423828125 0.25537109375 0.423828125
0 0.25341796875 0.5149739583333334 0.05029296875000004 0.5149739583333334 0.05029296875000005 0.5481770833333334 0.25341796875 0.5481770833333334
0 0.6953125 0.4928385416666668 0.4990234375 0.4928385416666668 0.4990234375 0.5247395833333335 0.6953125 0.5247395833333335
0 0.4760742187500001 0.6438802083333334 0.2695312500000001 0.6438802083333334 0.2695312500000001 0.677734375 0.4760742187500001 0.677734375
0 0.48388671875 0.5462239583333334 0.26904296875 0.5462239583333334 0.26904296875 0.5807291666666667 0.48388671875 0.5807291666666669
0 0.4785156250000001 0.6106770833333334 0.2680664062500001 0.6106770833333334 0.2680664062500001 0.6445312500000001 0.4785156250000001 0.6445312500000001
0 0.908203125 0.19531250000000014 0.72119140625 0.19531250000000014 0.72119140625 0.22916666666666682 0.908203125 0.22916666666666682
0 0.90869140625 0.3424479166666668 0.7197265625 0.3424479166666668 0.7197265625 0.3763020833333335 0.90869140625 0.3763020833333335
0 0.9111328125 0.16666666666666682 0.71484375 0.16666666666666682 0.71484375 0.20182291666666682 0.9111328125 0.20182291666666682
0 0.486328125 0.5143229166666667 0.27001953125 0.5143229166666666 0.27001953125 0.5494791666666667 0.486328125 0.5494791666666669
0 0.255859375 0.359375 0.05273437500000003 0.359375 0.052734375000000035 0.3932291666666667 0.255859375 0.3932291666666667
0 0.2607421875 0.29492187500000006 0.04980468750000003 0.294921875 0.04980468750000003 0.3287760416666667 0.2607421875 0.32877604166666674
0 0.9072265625 0.8632812500000001 0.7119140625 0.86328125 0.7119140625 0.8971354166666669 0.9072265625 0.897135416666667
0 0.48388671875 0.4817708333333334 0.2685546875 0.4817708333333333 0.2685546875 0.5149739583333334 0.48388671875 0.5149739583333335
0 0.697265625 0.8619791666666666 0.4980468750000001 0.8619791666666666 0.4980468750000001 0.8984375 0.697265625 0.8984375
0 0.4804687500000001 0.873046875 0.2656250000000001 0.873046875 0.2656250000000001 0.9140625 0.4804687500000001 0.9140625
0 0.2504882812500001 0.8645833333333334 0.04345703125000008 0.8645833333333334 0.04345703125000008 0.8977864583333334 0.2504882812500001 0.8977864583333334
0 0.9131968742092293 0.14451273778683282 0.718336115234375 0.12900364192708344 0.7169112406388696 0.16083037238370337 0.9117719996137239 0.17633946824345273
0 0.4785156250000001 0.6751302083333334 0.2700195312500001 0.6751302083333334 0.2700195312500001 0.7096354166666666 0.4785156250000001 0.7096354166666666