0 0.7843333333333334 0.11580395507812506 0.25425095138888887 0.11084929248046878 0.2532158501220739 0.1458887342392718 0.7832982320665185 0.1508433968369281
0 0.7901154513888888 0.15251855468750003 0.2510156250000001 0.14688598632812502 0.24984373546529673 0.18237504256055304 0.7889435618541856 0.18800761091992804
0 0.7818554687500001 0.18830346679687507 0.2523368055555556 0.18255664062500002 0.2512207791849466 0.21509328203897624 0.7807394423793911 0.2208401082108513
0 0.7835073784722223 0.22356811523437503 0.24771267361111113 0.21636938476562503 0.24639036205081835 0.24750958152704547 0.7821850669119296 0.25470831199579547
0 0.7752473958333334 0.2551704101562501 0.2510156250000001 0.25018212890625 0.25003125413282823 0.28291440542245594 0.7742630249661615 0.287902686672456
0 0.7686393229166667 0.290955322265625 0.24969444444444455 0.283251953125 0.24829080869218823 0.31317046553258787 0.7672356871644104 0.32087383467321284
0 0.7669874131944445 0.32255761718750003 0.2532096354166667 0.31558642578125007 0.2519243291050153 0.34555872106215574 0.765702106882793 0.3525299124684057
0 0.7694652777777777 0.35361181640625006 0.24969444444444455 0.347533447265625 0.24858669514976933 0.37750514679275704 0.7683575284831026 0.3835835159333821
0 0.7628572048611112 0.38428442382812505 0.24705208333333342 0.37837353515625 0.24598389362839546 0.4078670350471687 0.7617890151561733 0.41377792371904376
0 0.761205295138889 0.41588671875 0.25299739583333336 0.40884228515624993 0.2517209538675706 0.4379790587560097 0.7599288531731262 0.44502349234975974
0 0.7512929687500001 0.4460947265625 0.24990538194444456 0.44005322265624996 0.24876599724110912 0.4699720078140805 0.7501535840466647 0.4760135117203305
0 0.749641059027778 0.4781340332031251 0.25563975694444463 0.47015112304687506 0.2542465753496413 0.4974295695679245 0.7482478774329747 0.5054124797241745
0 0.7521189236111112 0.506947998046875 0.24990538194444462 0.500441650390625 0.24869668827799737 0.5299613853179578 0.7509102299446639 0.5364677329742077
0 0.7479891493055555 0.53802978515625 0.2529973958333334 0.52588671875 0.25079004199353355 0.5543566621376363 0.7457817954657557 0.5664997285438863
0 0.749641059027778 0.565858642578125 0.2529973958333335 0.556726806640625 0.2515095190773178 0.5823302756008009 0.7481531822717622 0.5914621115383009
0 0.7438589409722224 0.5942077636718751 0.2523368055555557 0.587195556640625 0.25108694931902353 0.6149155719676224 0.7426090847356901 0.6219277789988725
0 0.7413810763888891 0.6220920410156249 0.25630034722222234 0.6135769042968748 0.2547910781169214 0.6407809898553382 0.7398718072835881 0.6492961265740882
0 0.719078559027778 0.8659135742187499 0.2563003472222224 0.8569548339843749 0.2549146458500948 0.8796033973963994 0.7176928576556504 0.8885621376307744
0 0.7207309027777781 0.839423583984375 0.25299739583333347 0.8316879882812499 0.25178408467621005 0.8549004907955893 0.7195175916206547 0.8626360864987144
0 0.7256866319444446 0.81391845703125 0.25563975694444463 0.80493505859375 0.254209146459363 0.828619708236643 0.724256021459363 0.837603106674143
0 0.7240347222222224 0.7878930664062501 0.25630034722222234 0.7785537109375001 0.2547616310486215 0.80293664449475 0.7224960060486214 0.8122759999635
0 0.7314687500000002 0.7600085449218749 0.25101562500000013 0.7495712890624999 0.2492410071787718 0.775418553419948 0.7296941321787718 0.785855809279323
0 0.730642795138889 0.733109375 0.24903385416666682 0.722818359375 0.24744900017205745 0.7462860641269805 0.7290579411442796 0.7565770797519804
0 0.73146875 0.705689697265625 0.24969444444444455 0.696808349609375 0.24826790212840594 0.7212930320552775 0.7300422076839614 0.7301743797115275
0 0.7347730034722224 0.67827001953125 0.25299739583333347 0.66633984375 0.25077343490628745 0.6947563166469547 0.7325490425451764 0.7066864924282047
0 0.7339470486111112 0.6513708496093749 0.2515577256944446 0.6388227539062499 0.24943262412694475 0.6646718052698107 0.7318219470436113 0.6772199009729357