0 0.955078125 0.64453125 0.7493489583333334 0.64453125 0.7493489583333334 0.66064453125 0.955078125 0.66064453125
0 0.7369791666666666 0.38525390625000006 0.53125 0.38525390625 0.53125 0.40185546875000006 0.7369791666666666 0.4018554687500001
0 0.7356770833333334 0.49072265625000006 0.5312500000000001 0.49072265625 0.5312500000000001 0.5078125 0.7356770833333334 0.5078125
0 0.7376302083333334 0.36816406250000006 0.5305989583333334 0.3681640625 0.5305989583333334 0.38427734375000006 0.7376302083333334 0.3842773437500001
0 0.9583333333333334 0.5234375 0.7506510416666666 0.5234375 0.7506510416666666 0.5400390625 0.9583333333333334 0.5400390625
0 0.49609375000000017 0.52587890625 0.29101562500000006 0.52587890625 0.29101562500000006 0.54150390625 0.49609375000000017 0.54150390625
0 0.4954427083333335 0.6455078125 0.2981770833333334 0.6455078125 0.2981770833333334 0.662109375 0.4954427083333335 0.662109375
0 0.962890625 0.4013671875000001 0.7591145833333334 0.4013671875000001 0.7591145833333334 0.4179687500000001 0.962890625 0.4179687500000001
0 0.4967447916666668 0.490234375 0.29296875000000006 0.490234375 0.29296875000000006 0.50732421875 0.4967447916666668 0.50732421875
0 0.7395833333333334 0.35205078125000006 0.5325520833333334 0.35205078125 0.5325520833333334 0.36865234375000006 0.7395833333333334 0.3686523437500001
0 0.9622395833333334 0.4360351562500001 0.7552083333333334 0.4360351562500001 0.7552083333333334 0.4531250000000001 0.9622395833333334 0.4531250000000001
0 0.9270833333333334 0.4877929687500001 0.7565104166666666 0.4877929687500001 0.7565104166666666 0.50390625 0.9270833333333334 0.50390625
0 0.734375 0.62744140625 0.5299479166666669 0.62744140625 0.5299479166666669 0.64208984375 0.734375 0.64208984375
0 0.49609375000000017 0.62890625 0.29296875000000006 0.62890625 0.29296875000000006 0.64501953125 0.49609375000000017 0.64501953125
0 0.734375 0.45605468750000006 0.5338541666666669 0.4560546875 0.5338541666666669 0.47216796875000006 0.734375 0.4721679687500001
0 0.9563802083333334 0.54150390625 0.7506510416666666 0.54150390625 0.7506510416666666 0.556640625 0.9563802083333334 0.556640625
0 0.9557291666666666 0.55908203125 0.7486979166666666 0.55908203125 0.7486979166666666 0.57470703125 0.9557291666666666 0.57470703125
0 0.25846354166666674 0.6298828125 0.06054687500000011 0.6298828125 0.06054687500000011 0.6455078125 0.25846354166666674 0.6455078125
0 0.2610677083333334 0.6484375 0.06315104166666678 0.6484375 0.06315104166666678 0.6650390625 0.2610677083333334 0.6650390625
0 0.4947916666666668 0.5078125 0.2923177083333334 0.5078125 0.2923177083333334 0.5244140625 0.4947916666666668 0.5244140625
0 0.9609375 0.4189453125000001 0.7552083333333334 0.4189453125000001 0.7552083333333334 0.4350585937500001 0.9609375 0.4350585937500001
0 0.9680989583333334 0.3471679687500001 0.7591145833333334 0.3471679687500001 0.7591145833333334 0.3642578125000001 0.9680989583333334 0.3642578125000001
0 0.9674479166666666 0.2939453125000001 0.7623697916666666 0.2939453125000001 0.7623697916666666 0.3100585937500001 0.9674479166666666 0.3100585937500001
0 0.4967447916666668 0.57763671875 0.2923177083333334 0.57763671875 0.2923177083333334 0.59423828125 0.4967447916666668 0.59423828125
0 0.7356770833333334 0.609375 0.5319010416666669 0.609375 0.5319010416666669 0.625 0.7356770833333334 0.625
0 0.9544270833333334 0.576171875 0.7506510416666666 0.576171875 0.7506510416666666 0.59228515625 0.9544270833333334 0.59228515625
0 0.7330729166666666 0.52490234375 0.5325520833333335 0.52490234375 0.5325520833333335 0.53955078125 0.7330729166666666 0.53955078125
0 0.740234375 0.33300781250000006 0.5299479166666666 0.3330078125 0.5299479166666666 0.35009765625000006 0.740234375 0.3500976562500001
0 0.7350260416666666 0.5419921875 0.5312500000000001 0.5419921875 0.5312500000000001 0.55712890625 0.7350260416666666 0.55712890625
0 0.9576822916666666 0.62744140625 0.7532552083333334 0.62744140625 0.7532552083333334 0.642578125 0.9576822916666666 0.642578125
0 0.734375 0.43896484375000006 0.5325520833333334 0.43896484375 0.5325520833333334 0.45458984375000006 0.734375 0.4545898437500001
0 0.734375 0.576171875 0.5305989583333335 0.576171875 0.5305989583333335 0.591796875 0.734375 0.591796875
0 0.9576822916666666 0.4897460937500001 0.7532552083333334 0.4897460937500001 0.7532552083333334 0.5048828125 0.9576822916666666 0.5048828125
0 0.49414062500000017 0.54296875 0.29101562500000006 0.54296875 0.29101562500000006 0.55908203125 0.49414062500000017 0.55908203125
0 0.7356770833333334 0.55859375 0.5319010416666669 0.55859375 0.5319010416666669 0.57470703125 0.7356770833333334 0.57470703125
0 0.736328125 0.50830078125 0.5305989583333335 0.50830078125 0.5305989583333335 0.5234375 0.736328125 0.5234375
0 0.4954427083333335 0.4736328125 0.29101562500000006 0.4736328125 0.29101562500000006 0.48876953125 0.4954427083333335 0.48876953125
0 0.49804687500000017 0.56005859375 0.29296875000000006 0.56005859375 0.29296875000000006 0.5771484375 0.49804687500000017 0.5771484375
0 0.970703125 0.2583007812500001 0.7649739583333334 0.2583007812500001 0.7649739583333334 0.2753906250000001 0.970703125 0.2753906250000001
0 0.953125 0.61083984375 0.75 0.61083984375 0.75 0.6259765625 0.953125 0.6259765625
0 0.4993489583333335 0.61181640625 0.2923177083333334 0.61181640625 0.2923177083333334 0.62744140625 0.4993489583333335 0.62744140625
0 0.736328125 0.64404296875 0.5358072916666669 0.64404296875 0.5358072916666669 0.6591796875 0.736328125 0.6591796875
0 0.25976562500000006 0.59619140625 0.05859375000000009 0.59619140625 0.05859375000000009 0.611328125 0.25976562500000006 0.611328125
0 0.9759114583333334 0.20263671875000008 0.7643229166666666 0.20263671875000006 0.7643229166666666 0.22021484375000008 0.9759114583333334 0.2202148437500001
0 0.9661458333333334 0.3652343750000001 0.7591145833333334 0.3652343750000001 0.7591145833333334 0.3828125000000001 0.9661458333333334 0.3828125000000001
0 0.9557291666666666 0.5927734375 0.751953125 0.5927734375 0.751953125 0.60986328125 0.9557291666666666 0.60986328125
0 0.25976562500000006 0.44091796875 0.052734375000000076 0.44091796875 0.052734375000000076 0.45751953125 0.25976562500000006 0.45751953125
0 0.7330729166666666 0.59375 0.5338541666666669 0.59375 0.5338541666666669 0.60986328125 0.7330729166666666 0.60986328125
0 0.26171875000000006 0.5439453125 0.05533854166666676 0.5439453125 0.05533854166666676 0.560546875 0.26171875000000006 0.560546875
0 0.7337239583333334 0.47363281250000006 0.5319010416666669 0.4736328125 0.5319010416666669 0.48925781250000006 0.7337239583333334 0.4892578125000001
0 0.2591145833333334 0.52734375 0.05664062500000009 0.52734375 0.05664062500000009 0.54345703125 0.2591145833333334 0.54345703125
0 0.7330729166666666 0.40380859375000006 0.5319010416666666 0.40380859375 0.5319010416666666 0.42089843750000006 0.7330729166666666 0.4208984375000001
0 0.7389322916666666 0.31445312500000006 0.533203125 0.314453125 0.533203125 0.33105468750000006 0.7389322916666666 0.3310546875000001
0 0.2571614583333334 0.423828125 0.05143229166666674 0.423828125 0.05143229166666674 0.439453125 0.2571614583333334 0.439453125
0 0.2571614583333334 0.45849609375 0.052083333333333405 0.45849609375 0.052083333333333405 0.47509765625 0.2571614583333334 0.47509765625
0 0.736328125 0.42138671875000006 0.53125 0.42138671875 0.53125 0.43847656250000006 0.736328125 0.4384765625000001
0 0.2636718750000001 0.6640625 0.06054687500000011 0.6640625 0.06054687500000011 0.6826171875 0.26367187500000017 0.6826171875
0 0.966796875 0.3833007812500001 0.7565104166666666 0.3833007812500001 0.7565104166666666 0.3999023437500001 0.966796875 0.3999023437500001
0 0.9596354166666666 0.4711914062500001 0.75390625 0.4711914062500001 0.75390625 0.4877929687500001 0.9596354166666666 0.4877929687500001
0 0.7415364583333334 0.27929687500000006 0.5364583333333334 0.279296875 0.5364583333333334 0.29638671875000006 0.7415364583333334 0.2963867187500001
0 0.25846354166666674 0.47607421875 0.055989583333333405 0.47607421875 0.055989583333333405 0.49169921875 0.25846354166666674 0.49169921875
0 0.9739583333333334 0.22119140625000008 0.765625 0.22119140625000006 0.765625 0.23974609375000008 0.9739583333333334 0.2397460937500001
0 0.955078125 0.23974609375000008 0.779296875 0.23974609375000006 0.779296875 0.2578125000000001 0.955078125 0.2578125000000001
0 0.4973958333333335 0.5947265625 0.29296875000000006 0.5947265625 0.29296875000000006 0.6103515625 0.4973958333333335 0.6103515625
0 0.9615885416666666 0.4541015625000001 0.7545572916666666 0.4541015625000001 0.7545572916666666 0.4697265625000001 0.9615885416666666 0.4697265625000001
0 0.2591145833333334 0.61279296875 0.06054687500000009 0.61279296875 0.060546875000000104 0.62890625 0.2591145833333334 0.62890625
0 0.2591145833333334 0.51123046875 0.05468750000000009 0.51123046875 0.05468750000000009 0.5263671875 0.2591145833333334 0.5263671875
0 0.740234375 0.29638671875000006 0.5319010416666666 0.29638671875 0.5319010416666666 0.31347656250000006 0.740234375 0.3134765625000001
0 0.966796875 0.3115234375000001 0.7610677083333334 0.3115234375000001 0.7610677083333334 0.3295898437500001 0.966796875 0.3295898437500001
0 0.7356770833333334 0.66259765625 0.5312500000000001 0.66259765625 0.5312500000000001 0.6796875 0.7356770833333334 0.6796875
0 0.7421875 0.26025390625000006 0.5338541666666666 0.26025390625 0.5338541666666666 0.27636718750000006 0.7421875 0.2763671875000001
0 0.2571614583333334 0.4921875 0.05338541666666674 0.4921875 0.05338541666666674 0.5087890625 0.2571614583333334 0.5087890625
0 0.26041666666666674 0.5625 0.05664062500000009 0.5625 0.05664062500000009 0.57861328125 0.26041666666666674 0.57861328125
0 0.25976562500000006 0.578125 0.05859375000000009 0.578125 0.05859375000000009 0.59521484375 0.25976562500000006 0.59521484375
0 0.25846354166666674 0.40576171875 0.052083333333333405 0.40576171875 0.052083333333333405 0.4228515625 0.25846354166666674 0.4228515625
0 0.4973958333333335 0.45458984375 0.29101562500000006 0.45458984375 0.29101562500000006 0.4716796875 0.4973958333333335 0.4716796875
0 0.4993489583333335 0.66455078125 0.29296875000000006 0.66455078125 0.2929687500000001 0.68115234375 0.4993489583333335 0.68115234375
0 0.7408854166666666 0.24169921875000006 0.5286458333333334 0.24169921875000006 0.5286458333333334 0.25878906250000006 0.7408854166666666 0.2587890625000001
0 0.9641927083333334 0.3295898437500001 0.7623697916666666 0.3295898437500001 0.7623697916666666 0.3461914062500001 0.9641927083333334 0.3461914062500001
0 0.7428385416666666 0.22363281250000006 0.525390625 0.22363281250000006 0.525390625 0.24072265625000006 0.7428385416666666 0.24072265625000006
0 0.970703125 0.2763671875000001 0.763671875 0.2763671875000001 0.763671875 0.2919921875000001 0.970703125 0.2919921875000001
0 0.9557291666666666 0.662109375 0.7473958333333334 0.662109375 0.7473958333333334 0.68017578125 0.9557291666666666 0.68017578125
0 0.2532552083333334 0.3876953125 0.04622395833333339 0.3876953125 0.0462239583333334 0.40576171875 0.2532552083333334 0.40576171875
0 0.9601675606768397 0.5064140945674483 0.7533190392030688 0.5048509193465216 0.753078125 0.522782958984375 0.9599266464737709 0.5243461342053016