0 0.7773437500000003 0.935546875 0.48242187500000017 0.935546875 0.48242187500000017 0.95654296875 0.7773437500000003 0.95654296875
0 0.4680989583333335 0.52392578125 0.13085937500000008 0.52392578125 0.13085937500000008 0.55224609375 0.4680989583333335 0.55224609375
0 0.4661458333333335 0.57861328125 0.1406250000000001 0.57861328125 0.1406250000000001 0.60498046875 0.4661458333333335 0.60498046875
0 0.87109375 0.29296875000000006 0.515625 0.29296875 0.515625 0.32128906250000006 0.87109375 0.3212890625000001
0 0.8098958333333334 0.66259765625 0.5013020833333335 0.66259765625 0.5013020833333335 0.6875 0.8098958333333334 0.6875
0 0.8170572916666666 0.6083984375 0.49804687500000017 0.6083984375 0.49804687500000017 0.6337890625 0.8170572916666666 0.6337890625
0 0.8216145833333334 0.55517578125 0.4986979166666668 0.55517578125 0.4986979166666668 0.58154296875 0.8216145833333334 0.58154296875
0 0.7923177083333334 0.8427734375 0.4908854166666668 0.8427734375 0.4908854166666668 0.8662109375 0.7923177083333334 0.8662109375
0 0.4602864583333335 0.5517578125 0.1263020833333334 0.5517578125 0.12630208333333343 0.5771484375 0.4602864583333335 0.5771484375
0 0.8040364583333334 0.74169921875 0.49609375000000017 0.74169921875 0.49609375000000017 0.765625 0.8040364583333334 0.765625
0 0.796875 0.79248046875 0.48828125000000017 0.79248046875 0.48828125000000017 0.81640625 0.796875 0.81640625
0 0.7871093750000001 0.890625 0.49218750000000017 0.890625 0.49218750000000017 0.912109375 0.7871093750000003 0.912109375
0 0.4557291666666668 0.634765625 0.1367187500000001 0.634765625 0.1367187500000001 0.66015625 0.4557291666666668 0.66015625
0 0.45898437500000017 0.7880859375 0.14583333333333345 0.7880859375 0.14583333333333345 0.810546875 0.45898437500000017 0.810546875
0 0.46875000000000006 0.43701171875 0.11848958333333341 0.43701171875 0.11848958333333341 0.46435546875 0.46875000000000017 0.46435546875
0 0.7955729166666666 0.818359375 0.49804687500000017 0.818359375 0.49804687500000017 0.84130859375 0.7955729166666666 0.84130859375
0 0.8333333333333334 0.46923828125000006 0.5071614583333335 0.46923828125 0.5071614583333335 0.49609375000000006 0.8333333333333334 0.4960937500000001
0 0.4563802083333335 0.8125 0.14583333333333348 0.8125 0.14583333333333348 0.8359375 0.4563802083333335 0.8359375
0 0.8326822916666666 0.44042968750000006 0.5032552083333334 0.4404296875 0.5032552083333334 0.46826171875000006 0.8326822916666666 0.4682617187500001
0 0.8072916666666666 0.6884765625 0.5000000000000001 0.6884765625 0.5000000000000001 0.7138671875 0.8072916666666666 0.7138671875
0 0.7916666666666666 0.86669921875 0.48828125000000017 0.86669921875 0.48828125000000017 0.888671875 0.7916666666666666 0.888671875
0 0.46875 0.4072265625 0.12109375000000007 0.4072265625 0.12109375000000007 0.43603515625 0.46875 0.43603515625
0 0.4641927083333335 0.46728515625 0.12239583333333341 0.46728515625 0.12239583333333341 0.494140625 0.4641927083333335 0.494140625
0 0.4537760416666668 0.9306640625 0.15169270833333348 0.9306640625 0.15169270833333348 0.951171875 0.4537760416666668 0.951171875
0 0.8235677083333334 0.5810546875 0.5039062500000001 0.5810546875 0.5039062500000001 0.60595703125 0.8235677083333334 0.60595703125
0 0.8098958333333334 0.6357421875 0.49414062500000017 0.6357421875 0.49414062500000017 0.66162109375 0.8098958333333334 0.66162109375
0 0.470703125 0.345703125 0.12369791666666674 0.345703125 0.12369791666666674 0.37548828125 0.470703125 0.37548828125
0 0.8033854166666666 0.765625 0.4928385416666668 0.765625 0.4928385416666668 0.7900390625 0.8033854166666666 0.7900390625
0 0.7812500000000003 0.9140625 0.4856770833333335 0.9140625 0.4856770833333335 0.93408203125 0.7812500000000003 0.93408203125
0 0.4713541666666667 0.3759765625 0.11588541666666674 0.3759765625 0.11588541666666674 0.4052734375 0.4713541666666667 0.4052734375
0 0.4615885416666668 0.685546875 0.14583333333333345 0.685546875 0.14583333333333345 0.7109375 0.4615885416666668 0.7109375
0 0.8489583333333334 0.35205078125000006 0.5149739583333334 0.35205078125 0.5149739583333334 0.38183593750000006 0.8489583333333334 0.3818359375000001
0 0.8307291666666666 0.49755859375000006 0.5110677083333335 0.49755859375 0.5110677083333335 0.52490234375 0.8307291666666666 0.52490234375
0 0.8548177083333334 0.31982421875000006 0.513671875 0.31982421875 0.513671875 0.35253906250000006 0.8548177083333334 0.3525390625000001
0 0.4466145833333335 0.884765625 0.14648437500000014 0.884765625 0.14648437500000014 0.90576171875 0.4466145833333335 0.90576171875
0 0.837890625 0.41308593750000006 0.5130208333333334 0.4130859375 0.5130208333333334 0.44091796875000006 0.837890625 0.4409179687500001
0 0.4622395833333335 0.71240234375 0.13997395833333345 0.71240234375 0.13997395833333345 0.7373046875 0.4622395833333335 0.7373046875
0 0.4505208333333335 0.83740234375 0.14192708333333348 0.83740234375 0.14192708333333348 0.85986328125 0.4505208333333335 0.85986328125
0 0.84765625 0.38183593750000006 0.5123697916666666 0.3818359375 0.5123697916666666 0.41113281250000006 0.84765625 0.4111328125000001
0 0.4700520833333335 0.49365234375 0.1302083333333334 0.49365234375 0.1302083333333334 0.52099609375 0.4700520833333335 0.52099609375
0 0.45117187500000017 0.861328125 0.14648437500000014 0.861328125 0.14648437500000014 0.88330078125 0.45117187500000017 0.88330078125
0 0.4641927083333335 0.60595703125 0.13997395833333345 0.60595703125 0.13997395833333345 0.63232421875 0.4641927083333335 0.63232421875
0 0.826171875 0.525390625 0.5104166666666669 0.525390625 0.5104166666666669 0.552734375 0.826171875 0.552734375
0 0.4602864583333335 0.6611328125 0.13606770833333345 0.6611328125 0.13606770833333345 0.68505859375 0.4602864583333335 0.68505859375
0 0.4583333333333335 0.76220703125 0.1464843750000001 0.76220703125 0.1464843750000001 0.78564453125 0.4583333333333335 0.78564453125
0 0.4733072916666667 0.314453125 0.1158854166666667 0.314453125 0.11588541666666673 0.34521484375 0.4733072916666667 0.34521484375
0 0.8079427083333334 0.712890625 0.49414062500000017 0.712890625 0.49414062500000017 0.7373046875 0.8079427083333334 0.7373046875
0 0.4479166666666668 0.90771484375 0.15169270833333348 0.90771484375 0.15169270833333348 0.92919921875 0.4479166666666668 0.92919921875
0 0.4602864583333335 0.7392578125 0.14192708333333345 0.7392578125 0.14192708333333345 0.7607421875 0.4602864583333335 0.7607421875
0 0.8723958333333334 0.25732421875000006 0.5104166666666666 0.25732421875 0.5104166666666666 0.28955078125000006 0.8723958333333334 0.2895507812500001
0 0.474609375 0.27685546875 0.11132812500000004 0.27685546875 0.11132812500000004 0.31396484375 0.474609375 0.31396484375
0 0.7766927083333336 0.95849609375 0.4778645833333335 0.95849609375 0.4778645833333335 0.97705078125 0.7766927083333336 0.97705078125
0 0.45606551938763157 0.9733603284914791 0.45495415358916147 0.9451453285689985 0.14572102864583333 0.951996826171875 0.14683239444430352 0.9802118260943556