0 0.83210546875 0.08777026367187502 0.08077473958333334 0.04634521484375001 0.07212406369738869 0.09598880904354144 0.8234547928640554 0.13741385787166646
0 0.8287591145833333 0.13860986328125002 0.10477392520894596 0.1042677121584248 0.0973444745653577 0.1538245905678227 0.821329663939745 0.1881667416906479
0 0.8170455729166668 0.18756665039062503 0.09588355585244163 0.15591260362066695 0.0891414930555556 0.20451318359375004 0.8103035101197809 0.23616723036370812
0 0.8170455729166667 0.23181616210937503 0.09367317708333338 0.20798901367187497 0.08865183314903863 0.2562231919507178 0.8120242289823719 0.28005034038821786
0 0.8103519965277779 0.27888989257812513 0.09081467013888894 0.2619433593750001 0.08759665174783104 0.3051754299782907 0.8071339781367199 0.3221219631814158
0 0.7946540672153181 0.3219031214067743 0.0947495659722223 0.308197509765625 0.09198346384432658 0.3528919630569942 0.7918879650874223 0.3665975746981435
0 0.789832465277778 0.3683515625000001 0.09474956597222232 0.361494140625 0.09345028240398993 0.403164259086857 0.7885331817095456 0.4100216809618571
0 0.787658420138889 0.411699462890625 0.10257291666666676 0.40550048828125 0.1013639354406589 0.44777606401410275 0.7864494389128811 0.4539750386234777
0 0.7822235243055558 0.45386108398437514 0.099095920138889 0.44852880859375005 0.09806830531420827 0.49018357261255047 0.781195909480875 0.49551584800317555
0 0.7782260533425601 0.5339020845440703 0.7778749502221902 0.4940836531120704 0.10604991319444446 0.49595800781250005 0.1064010163148143 0.5357764392444999
0 0.7650857169902253 0.5772769289323356 0.7648320312500001 0.53447802734375 0.10166971581291857 0.5357217636886435 0.10192340155314386 0.5785206652772291
0 0.7628381939699918 0.6135016046686512 0.7614603720724672 0.5710250748450755 0.09525737847222222 0.577862548828125 0.09663520036974677 0.6203390786517008
0 0.7590461187632773 0.6532308296587926 0.7572230902777777 0.6123583984375 0.09822084395527304 0.6216586550457263 0.10004387244077265 0.662531086267019
0 0.7499071309070058 0.6913931221387886 0.7474405381944444 0.650611083984375 0.09822568159299432 0.6630351005174614 0.10069227430555555 0.703817138671875
0 0.7492569364824699 0.7285960075505385 0.7463537326388887 0.6891396484375 0.10249173024967576 0.7041295358854504 0.10539493409325695 0.7435858949984889
0 0.7414423300674778 0.7697137895318337 0.7387447916666667 0.725796875 0.09875037911672148 0.7382350611293794 0.10144791751753256 0.7821519756612131
0 0.7367615045639716 0.803122970387254 0.7333098958333334 0.7636774902343751 0.09881592056282841 0.7812444605801716 0.10226752929346657 0.8206899407330505
0 0.7340509637397971 0.836142301194854 0.7295626230807067 0.7980811984574575 0.0983779787853541 0.8216320124969786 0.10286631944444444 0.8596931152343751
0 0.7097925214851288 0.9689421353322188 0.7050486111111111 0.9367504882812498 0.10825621219094847 0.9645771824281086 0.11300012256496632 0.9967688294790776
0 0.7085822844498515 0.9353892265465272 0.7050486111111111 0.90678369140625 0.09871368501028634 0.9304829064533257 0.10224735834902686 0.9590884415936028
0 0.7178233207550766 0.9040711638375869 0.713273223548715 0.8702581515286979 0.1037511180714161 0.896210181050486 0.10830121527777778 0.930023193359375
0 0.7239749222762933 0.8735601115565759 0.7202660590277777 0.8388999023437501 0.10024426175148436 0.8598922810215492 0.10395312500000001 0.894552490234375