0 0.7258745659722222 0.15931469726562503 0.12308593750000003 0.159314697265625 0.12308593750000003 0.20265405273437503 0.7258745659722222 0.20265405273437506
0 0.7295425347222221 0.20609375 0.12675390625000005 0.202654052734375 0.1260345213612278 0.24254287319422865 0.72882314983345 0.24598257045985364
0 0.7284596872988125 0.28176430458098073 0.7283198784722223 0.24324194335937502 0.12783675367340985 0.2439314962002694 0.1279765625 0.28245385742187507
0 0.7310318363726535 0.31951043911399063 0.7307605368130701 0.282362872675681 0.13137323169041662 0.2837479413741904 0.13164453125 0.32089550781250004
0 0.7295425347222222 0.318831787109375 0.12919921875000007 0.318831787109375 0.1291992187500001 0.36079541015625 0.7295425347222222 0.36079541015625
0 0.7338689736527312 0.3965011680561068 0.7332101509982594 0.36071142463535927 0.13531293402777778 0.36419384765625 0.1359717566822495 0.39998359107699755
0 0.7354610400771744 0.4336196336880519 0.73443359375 0.39859033203124994 0.13550814395060332 0.40414867685882305 0.13653559027777773 0.439177978515625
0 0.7360966633215569 0.4748450164852991 0.73565625 0.43496826171874997 0.13854048945622094 0.43705488585845076 0.13898090277777775 0.4769316406249999
0 0.7316587321546546 0.5092369519986497 0.730765625 0.474867919921875 0.1414333551347289 0.4797134527798471 0.1423264622893835 0.5140824848566218
0 0.7390959228564158 0.5436503053573427 0.73804052867945 0.511534582001149 0.14159347735081196 0.5177363274250563 0.1426488715277778 0.54985205078125
0 0.7321085599770623 0.9197897039912097 0.73198828125 0.887460205078125 0.13883841151976067 0.8881584364255392 0.13895869024682292 0.9204879353386239
0 0.730765625 0.88470849609375 0.7301337400221098 0.8503085756332279 0.13834901779988754 0.853748028758228 0.13898090277777778 0.8881479492187501
0 0.7369752158591932 0.8124771365401317 0.1339587673611113 0.8119914550781249 0.13385248614462242 0.8537436394486262 0.7368689346427044 0.854229320910633
0 0.7409824440453888 0.8145210661851213 0.740546875 0.775327880859375 0.13981440288698288 0.7774402635915231 0.14024997193237165 0.8166334489172694
0 0.744215277777778 0.73886767578125 0.13898090277777791 0.73886767578125 0.13898090277777791 0.778767578125 0.744215277777778 0.778767578125
0 0.7381015625 0.7045537109374999 0.14264931423611127 0.7024939770507811 0.1422659530234513 0.7375602047904337 0.7377182012873401 0.7396199386771525
0 0.7442152777777777 0.661902099609375 0.14961513431955742 0.6608664749366163 0.1493878803140405 0.7021502327267699 0.7439880237722609 0.7031858573995285
0 0.7391216416712386 0.6591117645169624 0.7380770745606814 0.6189980857326656 0.14471440972222227 0.6238869628906251 0.1457589768327795 0.6640006416749219
0 0.7402048538410257 0.6212826629086691 0.7393242187499999 0.5814145507812499 0.14421354893675192 0.5855737824038308 0.1450941840277778 0.62544189453125
0 0.7374018278154725 0.5807452419145074 0.7354584308897452 0.5402239557198872 0.14192813085205047 0.5492306669303798 0.14387152777777779 0.589751953125