0 0.7749503333333333 0.07634050000000009 0.1732216666666667 0.07634050000000006 0.1732216666666667 0.13485550000000002 0.7749503333333333 0.13485550000000004
0 0.7708056628507632 0.18794968039435633 0.7706173333333334 0.13160475 0.17971402505502485 0.13271572041811455 0.17990235457245465 0.1890606508124709
0 0.7633956666666667 0.18903625000000007 0.18621333333333334 0.18891975 0.1861942800485222 0.24201791226638775 0.7633766133818556 0.24213441226638782
0 0.7576183333333333 0.24104975000000006 0.1883783333333334 0.24088625000000002 0.18835169231435409 0.29305987492128704 0.757591692314354 0.2932233749212871
0 0.7547296666666666 0.29089600000000004 0.19487433333333334 0.28960475 0.19466031946393023 0.34179987370444115 0.7545156527972635 0.34309112370444117
0 0.7475076666666666 0.3396585000000001 0.20137000000000008 0.33965850000000003 0.20137000000000008 0.38625400000000004 0.7475076666666666 0.3862540000000001
0 0.7460636666666668 0.3873375 0.21003133333333338 0.385418 0.2097484384938959 0.42985558230804305 0.7457807718272292 0.43177508230804307
0 0.7417303333333334 0.433933 0.21003133333333338 0.4292647499999999 0.20929994518566275 0.4761225811004527 0.7409989451856628 0.4807908311004528
0 0.7417303333333335 0.47619400000000006 0.21602175710306337 0.4740271308966385 0.21567217422146545 0.5217344562972557 0.7413807504517357 0.5239013254006172
0 0.7370400000000003 0.5192199999999999 0.21788400000000008 0.5167497499999999 0.21750822514065318 0.5611726817860535 0.7366642251406533 0.5636429317860535
0 0.7337470000000001 0.56203975 0.22213266666666678 0.55821125 0.2215567396806987 0.6015028868808424 0.7331710730140321 0.6053313868808423
0 0.7304543333333333 0.6015657500000001 0.22666466666666674 0.5999187500000001 0.22641576347376446 0.6427448622214853 0.730205430140431 0.6443918622214854
0 0.728318814986621 0.6444234585491659 0.22542366666666677 0.6359575000000001 0.22409279904004065 0.6804266364347249 0.7269879473599947 0.6888925949838908
0 0.7263091638360084 0.6822654331494916 0.23200533333333342 0.680384 0.23176016949732517 0.7166153168505085 0.7260640000000002 0.7184967500000001
0 0.7282593333333334 0.7193202499999999 0.23694133333333345 0.7161722499999998 0.2365116914159131 0.7538909854718883 0.7278296914159131 0.7570389854718883
0 0.7183492549536549 0.7550464911270954 0.23667366666666678 0.7529605 0.23638707837967862 0.7901845088729047 0.7180626666666666 0.7922705000000001
0 0.7198669999999999 0.7895632500000003 0.2408350000000001 0.7875327500000001 0.24054930960642262 0.8254450119288953 0.7195813096064225 0.8274755119288955
0 0.718062666666667 0.82746525 0.2461406666666668 0.8239625 0.2456750186997606 0.8592516599197904 0.7175970186997608 0.8627544099197904
0 0.7171603333333332 0.8585990000000001 0.25076182733232616 0.8579220050716706 0.2506709970910566 0.8931205515725289 0.7170695030920636 0.8937975465008584
0 0.7135520000000003 0.8931170000000003 0.2525626666666668 0.8924402500000002 0.2524708003193683 0.9276401627975835 0.7134601336527017 0.9283169127975837
0 0.7099433333333335 0.9276350000000001 0.25075833333333347 0.9256045000000002 0.25050805155671263 0.95744181649775 0.7096930515567127 0.9594723164977499
0 0.7045306666666669 0.96012225 0.25560766666666684 0.9548092499999999 0.25495707263904765 0.9857310409367114 0.7038800726390476 0.9910440409367114