0 0.4125 0.24722222222222232 0.259375 0.24722222222222232 0.259375 0.2750000000000001 0.4125 0.2750000000000001
0 0.7458333333333333 0.2509259259259261 0.5901041666666667 0.25092592592592605 0.5901041666666667 0.2796296296296298 0.7458333333333333 0.27962962962962984
0 0.9026041666666667 0.5000000000000002 0.7526041666666666 0.5000000000000002 0.7526041666666666 0.526851851851852 0.9026041666666667 0.526851851851852
0 0.5723958333333333 0.8222222222222223 0.425 0.8222222222222222 0.425 0.8453703703703704 0.5723958333333333 0.8453703703703705
0 0.9151041666666667 0.1537037037037039 0.759375 0.15370370370370387 0.759375 0.18055555555555575 0.9151041666666667 0.18055555555555577
0 0.8994791666666667 0.6824074074074076 0.7484375 0.6824074074074076 0.7484375 0.7092592592592595 0.8994791666666667 0.7092592592592595
0 0.9041666666666667 0.43981481481481505 0.7541666666666667 0.43981481481481505 0.7541666666666667 0.46574074074074095 0.9041666666666667 0.46574074074074095
0 0.4140625 0.7333333333333333 0.2671875 0.7333333333333333 0.2671875 0.7564814814814815 0.4140625 0.7564814814814815
0 0.41302083333333334 0.7037037037037037 0.26666666666666666 0.7037037037037037 0.26666666666666666 0.7268518518518519 0.41302083333333334 0.7268518518518519
0 0.7447916666666666 0.21944444444444458 0.5911458333333334 0.21944444444444455 0.5911458333333334 0.2481481481481483 0.7447916666666666 0.24814814814814837
0 0.41302083333333334 0.4037037037037038 0.26145833333333335 0.4037037037037038 0.26145833333333335 0.42962962962962975 0.41302083333333334 0.42962962962962975
0 0.5713541666666667 0.6148148148148149 0.4265625 0.6148148148148148 0.4265625 0.639814814814815 0.5713541666666667 0.6398148148148151
0 0.4109375 0.21666666666666676 0.259375 0.21666666666666673 0.259375 0.24444444444444455 0.4109375 0.24444444444444455
0 0.23854166666666668 0.11481481481481486 0.0890625 0.11481481481481484 0.0890625 0.1416666666666667 0.23854166666666668 0.14166666666666672
0 0.41302083333333334 0.8194444444444444 0.26927083333333335 0.8194444444444444 0.26927083333333335 0.8435185185185186 0.41302083333333334 0.8435185185185186
0 0.4125 0.3435185185185186 0.259375 0.3435185185185186 0.259375 0.37222222222222234 0.4125 0.37222222222222234
0 0.41302083333333334 0.7898148148148149 0.2671875 0.7898148148148149 0.2671875 0.8138888888888889 0.41302083333333334 0.8138888888888889
0 0.9005208333333333 0.5925925925925928 0.75 0.5925925925925928 0.75 0.6194444444444447 0.9005208333333333 0.6194444444444447
0 0.5708333333333333 0.7037037037037038 0.4244791666666667 0.7037037037037037 0.4244791666666667 0.726851851851852 0.5708333333333333 0.7268518518518521
0 0.24479166666666666 0.3703703703703704 0.09583333333333337 0.37037037037037035 0.09583333333333337 0.39722222222222225 0.24479166666666666 0.3972222222222223
0 0.2458333333333334 0.46481481481481485 0.09895833333333336 0.4648148148148148 0.09895833333333336 0.49074074074074076 0.2458333333333334 0.49074074074074076
0 0.7463541666666667 0.15462962962962976 0.5927083333333333 0.15462962962962973 0.5927083333333333 0.18240740740740755 0.7463541666666667 0.18240740740740757
0 0.24114583333333334 0.14814814814814817 0.08958333333333333 0.14814814814814814 0.08958333333333333 0.17222222222222225 0.24114583333333334 0.17222222222222228
0 0.2458333333333334 0.4333333333333334 0.10052083333333336 0.43333333333333335 0.10052083333333336 0.4592592592592593 0.2458333333333334 0.45925925925925937
0 0.5734375 0.789814814814815 0.4265625 0.7898148148148149 0.4265625 0.813888888888889 0.5734375 0.8138888888888891
0 0.4140625 0.5259259259259259 0.26354166666666673 0.5259259259259259 0.26354166666666673 0.5509259259259259 0.4140625 0.5509259259259259
0 0.9046875 0.4074074074074076 0.7567708333333333 0.4074074074074076 0.7567708333333333 0.4351851851851854 0.9046875 0.4351851851851854
0 0.7380208333333333 0.4379629629629631 0.5869791666666667 0.43796296296296305 0.5869791666666667 0.46481481481481496 0.7380208333333333 0.464814814814815
0 0.7421875 0.28425925925925943 0.5890625 0.2842592592592594 0.5890625 0.3111111111111113 0.7421875 0.31111111111111134
0 0.25000000000000006 0.7055555555555556 0.10416666666666673 0.7055555555555556 0.10416666666666673 0.7305555555555555 0.25000000000000006 0.7305555555555555
0 0.9036458333333334 0.4703703703703706 0.7520833333333333 0.4703703703703706 0.7520833333333333 0.49722222222222245 0.9036458333333334 0.49722222222222245
0 0.7369791666666666 0.49722222222222245 0.5864583333333333 0.49722222222222245 0.5864583333333333 0.5240740740740742 0.7369791666666666 0.5240740740740742
0 0.7328125 0.7657407407407409 0.5854166666666667 0.7657407407407409 0.5854166666666667 0.7935185185185187 0.7328125 0.7935185185185187
0 0.23958333333333334 0.24074074074074073 0.09583333333333337 0.24074074074074073 0.09583333333333337 0.2675925925925926 0.23958333333333334 0.2675925925925926
0 0.7369791666666666 0.5611111111111113 0.5859375 0.5611111111111113 0.5859375 0.5879629629629631 0.7369791666666666 0.5879629629629631
0 0.9020833333333333 0.5629629629629632 0.7505208333333333 0.5629629629629632 0.7505208333333333 0.5888888888888891 0.9020833333333333 0.5888888888888891
0 0.7473958333333334 0.11944444444444458 0.5927083333333333 0.11944444444444455 0.5927083333333333 0.1490740740740742 0.7473958333333334 0.14907407407407422
0 0.8953125 0.7138888888888891 0.7479166666666667 0.7138888888888891 0.7479166666666667 0.7388888888888892 0.8953125 0.7388888888888892
0 0.9140625 0.18703703703703722 0.7583333333333333 0.1870370370370372 0.7583333333333333 0.21574074074074093 0.9140625 0.21574074074074095
0 0.571875 0.7324074074074075 0.4265625 0.7324074074074074 0.4265625 0.7555555555555556 0.571875 0.7555555555555558
0 0.9010416666666666 0.5314814814814817 0.7494791666666667 0.5314814814814817 0.7494791666666667 0.5583333333333336 0.9010416666666666 0.5583333333333336
0 0.41041666666666665 0.37314814814814823 0.26145833333333335 0.37314814814814823 0.26145833333333335 0.400925925925926 0.41041666666666665 0.400925925925926
0 0.24010416666666667 0.27037037037037037 0.09531250000000004 0.27037037037037037 0.09531250000000004 0.2972222222222222 0.24010416666666667 0.2972222222222222
0 0.7453125 0.18703703703703717 0.5911458333333334 0.18703703703703714 0.5911458333333334 0.21481481481481496 0.7453125 0.21481481481481499
0 0.24427083333333333 0.33981481481481485 0.0963541666666667 0.3398148148148148 0.0963541666666667 0.37129629629629635 0.24427083333333333 0.3712962962962964
0 0.7427083333333333 0.3787037037037039 0.5869791666666667 0.3787037037037038 0.5869791666666667 0.4046296296296298 0.7427083333333333 0.40462962962962984
0 0.5744791666666667 0.3777777777777779 0.42604166666666665 0.3777777777777779 0.42604166666666665 0.4027777777777779 0.5744791666666667 0.4027777777777779
0 0.8942708333333333 0.7740740740740742 0.7453125 0.7740740740740742 0.7453125 0.7990740740740743 0.8942708333333333 0.7990740740740743
0 0.5729166666666666 0.6731481481481483 0.4265625 0.6731481481481482 0.4265625 0.6962962962962964 0.5729166666666666 0.6962962962962965
0 0.2453125 0.4018518518518519 0.09895833333333336 0.40185185185185185 0.09895833333333336 0.42870370370370375 0.2453125 0.4287037037037038
0 0.8979166666666667 0.6546296296296299 0.7494791666666667 0.6546296296296299 0.7494791666666667 0.6787037037037039 0.8979166666666667 0.6787037037037039
0 0.5723958333333333 0.6453703703703705 0.4244791666666667 0.6453703703703704 0.4244791666666667 0.6694444444444445 0.5723958333333333 0.6694444444444446
0 0.24322916666666666 0.3018518518518519 0.09270833333333336 0.30185185185185187 0.09270833333333336 0.33148148148148154 0.24322916666666666 0.3314814814814816
0 0.4109375 0.18425925925925934 0.25885416666666666 0.18425925925925932 0.25885416666666666 0.2148148148148149 0.4109375 0.21481481481481493
0 0.9083333333333333 0.22037037037037055 0.7588541666666667 0.22037037037037052 0.7588541666666667 0.2462962962962965 0.9083333333333333 0.2462962962962965
0 0.7375 0.527777777777778 0.5869791666666667 0.527777777777778 0.5869791666666667 0.5555555555555558 0.7375 0.5555555555555558
0 0.2505208333333334 0.7333333333333333 0.10625000000000005 0.7333333333333333 0.10625000000000005 0.7583333333333333 0.2505208333333334 0.7583333333333333
0 0.734375 0.7351851851851854 0.5859375 0.7351851851851854 0.5859375 0.7620370370370373 0.734375 0.7620370370370373
0 0.7348958333333333 0.5907407407407409 0.5854166666666667 0.5907407407407409 0.5854166666666667 0.6175925925925928 0.7348958333333333 0.6175925925925928
0 0.4125 0.46574074074074084 0.26250000000000007 0.46574074074074084 0.26250000000000007 0.4925925925925926 0.4125 0.4925925925925926
0 0.9052083333333333 0.377777777777778 0.7546875 0.377777777777778 0.7546875 0.4055555555555558 0.9052083333333333 0.4055555555555558
0 0.73125 0.7944444444444446 0.5833333333333334 0.7944444444444446 0.5833333333333334 0.8240740740740743 0.73125 0.8240740740740743
0 0.5692708333333333 0.587962962962963 0.4276041666666667 0.5879629629629629 0.4276041666666667 0.6111111111111113 0.5692708333333333 0.6111111111111113
0 0.5713541666666667 0.7611111111111112 0.4265625 0.7611111111111111 0.4265625 0.7842592592592593 0.5713541666666667 0.7842592592592594
0 0.7375 0.46851851851851867 0.5848958333333333 0.4685185185185186 0.5848958333333333 0.49537037037037057 0.7375 0.49537037037037057
0 0.73125 0.8259259259259262 0.5848958333333333 0.8259259259259262 0.5848958333333333 0.852777777777778 0.73125 0.852777777777778
0 0.7354166666666667 0.6500000000000002 0.584375 0.6500000000000002 0.584375 0.676851851851852 0.7354166666666667 0.676851851851852
0 0.41041666666666665 0.12314814814814823 0.25729166666666664 0.1231481481481482 0.25729166666666664 0.150925925925926 0.41041666666666665 0.15092592592592602
0 0.24635416666666674 0.49444444444444446 0.10052083333333336 0.49444444444444446 0.10052083333333336 0.5203703703703704 0.24635416666666674 0.5203703703703704
0 0.4114583333333333 0.675 0.26562500000000006 0.675 0.26562500000000006 0.6990740740740741 0.4114583333333333 0.6990740740740741
0 0.41354166666666664 0.7620370370370371 0.2671875 0.7620370370370371 0.2671875 0.7870370370370371 0.41354166666666664 0.7870370370370371
0 0.4140625 0.5842592592592593 0.26510416666666675 0.5842592592592593 0.26510416666666675 0.6092592592592593 0.4140625 0.6092592592592593
0 0.7395833333333334 0.40740740740740755 0.5864583333333333 0.4074074074074075 0.5864583333333333 0.43518518518518534 0.7395833333333334 0.4351851851851854
0 0.8942708333333333 0.801851851851852 0.7479166666666667 0.801851851851852 0.7479166666666667 0.8259259259259262 0.8942708333333333 0.8259259259259262
0 0.8942708333333333 0.8296296296296298 0.7447916666666666 0.8296296296296298 0.7447916666666666 0.853703703703704 0.8942708333333333 0.853703703703704
0 0.409375 0.1537037037037038 0.25677083333333334 0.15370370370370376 0.25677083333333334 0.1824074074074075 0.409375 0.18240740740740752
0 0.7307291666666667 0.8546296296296299 0.5838541666666667 0.8546296296296299 0.5838541666666667 0.8796296296296299 0.7307291666666667 0.8796296296296299
0 0.8942708333333333 0.739814814814815 0.7473958333333334 0.739814814814815 0.7473958333333334 0.7648148148148151 0.8942708333333333 0.7648148148148151
0 0.4125 0.49537037037037035 0.26302083333333337 0.49537037037037035 0.26302083333333337 0.5222222222222223 0.4125 0.5222222222222223
0 0.7354166666666667 0.6203703703703706 0.584375 0.6203703703703706 0.584375 0.6472222222222225 0.7354166666666667 0.6472222222222225
0 0.4125 0.43333333333333346 0.26302083333333337 0.43333333333333346 0.26302083333333337 0.4601851851851853 0.4125 0.4601851851851853
0 0.4140625 0.6148148148148148 0.26510416666666675 0.6148148148148148 0.26510416666666675 0.6398148148148148 0.4140625 0.6398148148148148
0 0.5729166666666666 0.49907407407407417 0.4265625 0.49907407407407406 0.4265625 0.5231481481481483 0.5729166666666666 0.5231481481481484
0 0.41302083333333334 0.5546296296296296 0.2619791666666667 0.5546296296296296 0.2619791666666667 0.5814814814814815 0.41302083333333334 0.5814814814814815
0 0.24687500000000007 0.524074074074074 0.10000000000000003 0.524074074074074 0.10000000000000003 0.55 0.24687500000000007 0.55
0 0.4140625 0.6453703703703704 0.26406250000000003 0.6453703703703704 0.26406250000000003 0.6703703703703704 0.4140625 0.6703703703703704
0 0.24791666666666673 0.5546296296296296 0.10208333333333336 0.5546296296296296 0.10208333333333336 0.5814814814814815 0.24791666666666673 0.5814814814814815
0 0.7348958333333333 0.6787037037037039 0.5833333333333334 0.6787037037037039 0.5833333333333334 0.7046296296296298 0.7348958333333333 0.7046296296296298
0 0.8973958333333333 0.6240740740740743 0.75 0.6240740740740743 0.75 0.6500000000000002 0.8973958333333333 0.6500000000000002
0 0.5765625 0.22222222222222232 0.42552083333333335 0.22222222222222232 0.42552083333333335 0.25092592592592605 0.5765625 0.25092592592592605
0 0.24166666666666667 0.20925925925925928 0.09270833333333334 0.20925925925925926 0.09270833333333335 0.23703703703703705 0.24166666666666667 0.23703703703703705
0 0.24947916666666672 0.7935185185185185 0.10729166666666673 0.7935185185185185 0.10729166666666673 0.8175925925925925 0.24947916666666672 0.8175925925925925
0 0.7354166666666667 0.7083333333333336 0.5833333333333334 0.7083333333333336 0.5833333333333334 0.7351851851851854 0.7354166666666667 0.7351851851851854
0 0.5729166666666666 0.525925925925926 0.4265625 0.5259259259259259 0.4265625 0.5500000000000002 0.5729166666666666 0.5500000000000002
0 0.9109375 0.25370370370370393 0.7604166666666666 0.25370370370370393 0.7604166666666666 0.2824074074074076 0.9109375 0.2824074074074076
0 0.5739583333333333 0.4064814814814816 0.42552083333333335 0.4064814814814816 0.42552083333333335 0.43425925925925934 0.5739583333333333 0.43425925925925934
0 0.24843750000000006 0.5851851851851851 0.1010416666666667 0.5851851851851851 0.1010416666666667 0.6129629629629629 0.24843750000000006 0.6129629629629629
0 0.5755208333333334 0.3462962962962964 0.428125 0.3462962962962964 0.428125 0.37407407407407417 0.5755208333333334 0.37407407407407417
0 0.9067708333333333 0.2842592592592595 0.7588541666666667 0.2842592592592595 0.7588541666666667 0.31111111111111134 0.9067708333333333 0.31111111111111134
0 0.9057291666666667 0.34722222222222243 0.7557291666666667 0.34722222222222243 0.7557291666666667 0.3740740740740743 0.9057291666666667 0.3740740740740743
0 0.7427083333333333 0.314814814814815 0.5885416666666666 0.31481481481481494 0.5885416666666666 0.34166666666666684 0.7427083333333333 0.3416666666666669
0 0.2489583333333334 0.675 0.10468750000000006 0.675 0.10468750000000006 0.6990740740740741 0.2489583333333334 0.6990740740740741
0 0.24843750000000006 0.6444444444444445 0.10364583333333337 0.6444444444444445 0.10364583333333338 0.6703703703703704 0.24843750000000006 0.6703703703703704
0 0.5739583333333333 0.4685185185185186 0.425 0.4685185185185186 0.425 0.49351851851851863 0.5739583333333333 0.49351851851851875
0 0.4114583333333333 0.2787037037037038 0.2609375 0.2787037037037038 0.2609375 0.30833333333333346 0.4114583333333333 0.30833333333333346
0 0.575 0.2537037037037038 0.4265625 0.2537037037037038 0.4265625 0.2814814814814816 0.575 0.2814814814814816
0 0.5713541666666667 0.851851851851852 0.42604166666666665 0.8518518518518519 0.4260416666666667 0.8750000000000001 0.5713541666666667 0.8750000000000002
0 0.8932291666666666 0.8601851851851854 0.7453125 0.8601851851851854 0.7453125 0.8824074074074076 0.8932291666666666 0.8824074074074076
0 0.571875 0.5574074074074075 0.4276041666666667 0.5574074074074075 0.4276041666666667 0.5824074074074075 0.571875 0.5824074074074076
0 0.7411458333333333 0.3472222222222224 0.5869791666666667 0.3472222222222223 0.5869791666666667 0.3740740740740742 0.7411458333333333 0.3740740740740743
0 0.9166666666666666 0.11944444444444463 0.7625 0.1194444444444446 0.7625 0.1500000000000002 0.9166666666666666 0.15000000000000022
0 0.240625 0.17685185185185187 0.09375 0.17685185185185184 0.09375 0.20370370370370372 0.240625 0.20370370370370375
0 0.575 0.19074074074074085 0.42604166666666665 0.19074074074074085 0.42604166666666665 0.2175925925925927 0.575 0.2175925925925927
0 0.5739583333333333 0.438888888888889 0.4265625 0.438888888888889 0.4265625 0.463888888888889 0.5739583333333333 0.463888888888889
0 0.25000000000000006 0.8203703703703704 0.10729166666666673 0.8203703703703704 0.10729166666666673 0.8453703703703703 0.25000000000000006 0.8453703703703703
0 0.9083333333333333 0.3138888888888891 0.7567708333333333 0.3138888888888891 0.7567708333333333 0.3425925925925928 0.9083333333333333 0.3425925925925928
0 0.2505208333333334 0.762962962962963 0.1067708333333334 0.762962962962963 0.1067708333333334 0.787962962962963 0.2505208333333334 0.787962962962963
0 0.2505208333333334 0.6157407407407407 0.10208333333333336 0.6157407407407407 0.10208333333333336 0.6398148148148148 0.2505208333333334 0.6398148148148148
0 0.41406250000000006 0.85 0.26927083333333335 0.85 0.2692708333333334 0.8740740740740741 0.4140625000000001 0.8740740740740741
0 0.25000000000000006 0.8490740740740741 0.10781250000000006 0.8490740740740741 0.10781250000000006 0.8759259259259259 0.25000000000000006 0.8759259259259259
0 0.5765625 0.12407407407407418 0.42604166666666665 0.12407407407407418 0.42604166666666665 0.15277777777777787 0.5765625 0.15277777777777787
0 0.5755208333333334 0.28518518518518526 0.42552083333333335 0.28518518518518526 0.42552083333333335 0.313888888888889 0.5755208333333334 0.313888888888889
0 0.5745098958333333 0.18726666666666666 0.5743682291666666 0.1590351851851852 0.4248418784756263 0.16140659540422697 0.424983545142293 0.1896380768857084
0 0.41481828634462403 0.31603036927604133 0.26090410085269006 0.3119753107847932 0.26067708333333334 0.3392083333333334 0.4145912688252673 0.34326339182458154
0 0.5751473958333333 0.31753055555555565 0.426878125 0.31753055555555565 0.426878125 0.34576296296296305 0.5751473958333333 0.34576296296296305
0 0.23888911240427732 0.08356104801406135 0.08625468750000001 0.08152777777777777 0.08613788780638448 0.1092388953737414 0.23877231271066182 0.11127216561002497
0 0.25543490019757326 0.8780655452803694 0.1090760416666667 0.8769231481481482 0.10900102933296578 0.9072962770239572 0.2553598878638723 0.9084386741561785
0 0.41433333333333344 0.8796462962962963 0.26833125000000013 0.8796462962962963 0.26833125000000013 0.9083824074074074 0.41433333333333344 0.9083824074074074
0 0.571943794938084 0.8832472124417263 0.4245390625 0.882237037037037 0.424482767561916 0.9081990838545702 0.5718875000000001 0.9092092592592594
0 0.7310404400989733 0.8859717844982942 0.5847864583333334 0.8819166666666669 0.5845345599010268 0.9106300673535581 0.7307885416666667 0.9146851851851853
0 0.8942958333333332 0.8895333333333334 0.7467029803251284 0.8875035082386198 0.7465910673470985 0.9132217994433235 0.8941839203553033 0.9152516245380371
0 0.9192512480730254 0.09225889936050156 0.7596434860302385 0.0907213774255168 0.7595635416666667 0.11695000000000015 0.9191713037094537 0.11848752193498492
0 0.7497119791666667 0.09289166666666679 0.5940561992671782 0.08784950908735063 0.5937874999999999 0.11406574074074087 0.7494432798994883 0.11910789832005704
0 0.41169526241068877 0.08986675463060774 0.25803738105036167 0.08631084791990946 0.25784003530633964 0.11326261180782035 0.41149791666666674 0.11681851851851863
0 0.5763526041666667 0.08996759259259272 0.42638177083333334 0.08996759259259271 0.42638177083333334 0.1187037037037038 0.5763526041666667 0.1187037037037038