0 0.7377692649739583 0.14046450000000002 0.29656496419270834 0.13969525 0.2964287968008312 0.18362592519510634 0.7376330975820812 0.18439517519510637
0 0.7342013020833332 0.18365550000000008 0.2983680397135417 0.18357875000000004 0.29835566390169616 0.2231097875082426 0.7341889262714877 0.22318653750824263
0 0.7306049459635418 0.22318625000000003 0.303062740234375 0.22307375 0.30304459024005176 0.26187319303474266 0.7305867959692184 0.2619856930347427
0 0.7237687560408492 0.260524490192572 0.29748406705729175 0.2581805 0.29710374701305364 0.2970864196624989 0.7233884359966112 0.2994304098550709
0 0.7204621868489584 0.2993195 0.3050874127604167 0.29548125 0.30450778116791105 0.33076554421162385 0.7198825552564526 0.3346037942116239
0 0.71877774609375 0.33372575000000004 0.3050614127604167 0.33372575 0.3050614127604167 0.3703282500000001 0.71877774609375 0.37032825000000014
0 0.7171270455729166 0.37252450000000004 0.3085829303385418 0.36898600000000004 0.30803280727410115 0.4047134598291543 0.716576922508476 0.4082519598291543
0 0.7154426048177084 0.4069307500000001 0.31032676692708344 0.40518975000000007 0.3100638523651183 0.4396023604816707 0.7151796902557432 0.4413433604816707
0 0.7117997903645833 0.44047225000000007 0.31173844531250006 0.43974025000000005 0.3116241304683144 0.47488339830252185 0.7116854755203977 0.47561539830252186
0 0.7107395041017327 0.47341833572810743 0.3123000449218751 0.47101475000000004 0.3119310955076423 0.5054174142718926 0.7103705546875 0.507821
0 0.7103591966145834 0.50635675 0.3132251848958334 0.5056247499999998 0.31311482446951944 0.5393039601719253 0.7102488361882694 0.5400359601719255
0 0.7076877330729169 0.5392990000000001 0.31425630208333344 0.5346455000000001 0.31353257955053804 0.5690633672699839 0.7069640105401215 0.5737168672699838
0 0.7032361218753679 0.5709790013890772 0.31830708268229174 0.56792 0.3178681209405762 0.5989906399717546 0.7027971601336523 0.6020496413608318
0 0.7036184361979166 0.6014402500000001 0.3193747083333334 0.6008307500000001 0.319287047202522 0.6319165946704615 0.7035307750671053 0.6325260946704615
0 0.699822712707808 0.6319135715806473 0.3202844596354168 0.62778475 0.31968334197969234 0.6588669284193529 0.6992215950520836 0.6629957500000002
0 0.696789320963542 0.663605 0.31807551367187514 0.65701225 0.31707564441901354 0.689320264712238 0.6957894517106804 0.695913014712238
0 0.6948888647413338 0.6962424653277386 0.3207653704427084 0.6888785000000001 0.31981894935341715 0.7159249446056367 0.6939424436520426 0.7232889099333752
0 0.6933060546875002 0.7222695000000001 0.3188892845052085 0.7154237500000001 0.3179577859254513 0.7440812948906135 0.692374556107743 0.7509270448906135
0 0.6900644016927084 0.7519645 0.3205898255208334 0.744671 0.31956878187736165 0.7737658019368487 0.6890433580492367 0.7810593019368488
0 0.6893265036602526 0.7795836195353739 0.32350145377604184 0.7731990000000001 0.3225965100116226 0.8023653804646261 0.6884215598958335 0.80875
0 0.6856442265625001 0.8087500000000001 0.32166121837816714 0.7998406213195489 0.32048236225837556 0.8269311213195489 0.6844653704427085 0.8358405000000001
0 0.6844613287760418 0.8353195000000001 0.32392539713541685 0.8278512500000001 0.32303893359790836 0.8519233018214577 0.6835748652385334 0.8593915518214577
0 0.682555408203125 0.8581475000000001 0.3297582877604167 0.85241675 0.3290362593699257 0.8774196491993622 0.681833379812634 0.8831503991993623