0 0.9767638046875002 0.24790276318359378 0.11272160416666671 0.23953410986328127 0.11108684395573605 0.2929386880799559 0.9751290444765696 0.3013073414002684
0 0.9794404357638888 0.2997411997070312 0.1191733645833334 0.2969609643554687 0.11864415735992709 0.3487720336301289 0.9789112285404824 0.3515522689816914
0 0.9687919255952627 0.39448304281170177 0.9675994060708761 0.3489613528275695 0.1400772777777778 0.3558205263671874 0.1412697973021644 0.40134221635131967
0 0.9614604411049529 0.43946956228664097 0.9591413469742852 0.3906567705311331 0.1356647265625 0.4030356420898437 0.13798382069316767 0.45184843384535156
0 0.9447589236337826 0.48184701850112965 0.9430183151041667 0.440976958984375 0.1556920934520547 0.451586475825804 0.15743270198167048 0.4924565353425587
0 0.9255308449406621 0.524150238370137 0.9236953625312149 0.48314902565959994 0.16285692274305555 0.49392585546875 0.16469240515250277 0.534927068179287
0 0.9148025860164446 0.5612661351691004 0.912270656560726 0.5243668208924536 0.15763871527777773 0.5407505795898438 0.16017064473349618 0.5776498938664907
0 0.9033597097109747 0.5995852928515142 0.9008975792755726 0.565183885863223 0.16334234201388886 0.5818861157226561 0.16580447244929092 0.6162875227109473
0 0.8880264792869462 0.6354873043810535 0.8847782776821356 0.5991890409867043 0.16772961111111112 0.6194916015625 0.17097781271592177 0.6557898649568492
0 0.8778366410836116 0.6657519213477696 0.8739417128828967 0.6321318647638513 0.1759147395833333 0.6577188002929688 0.1798096677840481 0.6913388568768871
0 0.8729495830155456 0.6999041275724075 0.8691862595486111 0.6685065102539063 0.17195576409256555 0.6949486310149122 0.17571908755949994 0.7263462483334134
0 0.8622806927195655 0.7318757247925121 0.8585475668402778 0.7021404545898438 0.19159115022753595 0.7286341936040684 0.1953242761068237 0.7583694638067368
0 0.849658477510453 0.7626630266414754 0.8465226690246248 0.7358641718973652 0.1931590347222222 0.760054029296875 0.1962948432080503 0.7868528840409853
0 0.8385972692170697 0.791623744449993 0.8355361614583332 0.7655845224609376 0.1918241878645497 0.7895280015285141 0.19488529562328613 0.8155672235175695
0 0.8294426516243467 0.8196267636596393 0.8256230199652776 0.7922229204101563 0.1986416333491873 0.8198738484012986 0.20246126500825642 0.8472776916507816