0 0.7646484375 0.12239583333333344 0.6279296875 0.12239583333333344 0.6279296875 0.15104166666666677 0.7646484375 0.15104166666666677
0 0.75390625 0.2727864583333334 0.62255859375 0.2727864583333334 0.62255859375 0.2988281250000001 0.75390625 0.29882812500000017
0 0.74951171875 0.3014322916666668 0.62109375 0.30143229166666674 0.62109375 0.3287760416666668 0.74951171875 0.3287760416666668
0 0.5771484375 0.33268229166666674 0.4228515625 0.33268229166666674 0.4228515625 0.36197916666666674 0.5771484375 0.3619791666666668
0 0.57568359375 0.3626302083333334 0.4228515625 0.3626302083333333 0.4228515625 0.39322916666666674 0.57568359375 0.3932291666666668
0 0.58056640625 0.20507812500000008 0.4208984375 0.20507812500000008 0.4208984375 0.2356770833333334 0.58056640625 0.2356770833333334
0 0.74560546875 0.3580729166666668 0.6171875 0.3580729166666668 0.6171875 0.38476562500000017 0.74560546875 0.38476562500000017
0 0.37158203125 0.2447916666666667 0.173828125 0.24479166666666666 0.173828125 0.27669270833333337 0.37158203125 0.2766927083333334
0 0.5751953125 0.39322916666666674 0.4248046875 0.3932291666666667 0.4248046875 0.42252604166666674 0.5751953125 0.4225260416666668
0 0.7607421875 0.1835937500000001 0.6259765625 0.18359375000000008 0.6259765625 0.2128906250000001 0.7607421875 0.21289062500000014
0 0.75439453125 0.24348958333333345 0.623046875 0.2434895833333334 0.623046875 0.2708333333333334 0.75439453125 0.2708333333333335
0 0.58056640625 0.13736979166666677 0.41552734375 0.13736979166666674 0.41552734375 0.1673177083333334 0.58056640625 0.1673177083333334
0 0.748046875 0.3307291666666668 0.62060546875 0.33072916666666674 0.62060546875 0.3567708333333335 0.748046875 0.3567708333333335
0 0.744140625 0.4134114583333335 0.6142578125 0.4134114583333335 0.6142578125 0.4388020833333335 0.744140625 0.4388020833333335
0 0.57763671875 0.2708333333333334 0.42236328125 0.2708333333333334 0.42236328125 0.3001302083333334 0.57763671875 0.3001302083333334
0 0.76220703125 0.15364583333333345 0.6259765625 0.15364583333333345 0.6259765625 0.18294270833333345 0.76220703125 0.18294270833333348
0 0.580078125 0.1712239583333334 0.42138671875 0.1712239583333334 0.42138671875 0.2024739583333334 0.580078125 0.2024739583333334
0 0.37158203125 0.2799479166666667 0.17578125 0.2799479166666667 0.17578125000000003 0.31184895833333337 0.37158203125 0.3118489583333334
0 0.57763671875 0.3020833333333334 0.4228515625 0.3020833333333334 0.4228515625 0.3313802083333334 0.57763671875 0.3313802083333334
0 0.5791015625 0.2376302083333334 0.421875 0.2376302083333334 0.421875 0.26757812500000006 0.5791015625 0.26757812500000006
0 0.36962890625 0.3815104166666667 0.18164062500000006 0.3815104166666667 0.18164062500000006 0.41015625 0.36962890625 0.41015625
0 0.37158203125 0.31445312500000006 0.17773437500000006 0.314453125 0.17773437500000006 0.3463541666666667 0.37158203125 0.3463541666666667
0 0.74560546875 0.3854166666666668 0.6162109375 0.3854166666666668 0.6162109375 0.4127604166666668 0.74560546875 0.4127604166666668
0 0.7587890625 0.2128906250000001 0.623046875 0.21289062500000008 0.623046875 0.24088541666666677 0.7587890625 0.24088541666666682
0 0.37353515625 0.3489583333333333 0.17968750000000006 0.3489583333333333 0.17968750000000006 0.380859375 0.37353515625 0.380859375
0 0.3720703125 0.2076822916666667 0.173828125 0.20768229166666666 0.173828125 0.2408854166666667 0.3720703125 0.24088541666666674
0 0.366445281102049 0.4394607382996316 0.3651349780213234 0.40683915056337794 0.18666845703125004 0.4195830078125001 0.18797876011197562 0.45220459554875375
0 0.36911523260158297 0.46883291136858213 0.3673881206103092 0.43757765479748323 0.18894158918060128 0.45510769915806776 0.190668701171875 0.48636295572916666
0 0.3717209637322355 0.502040323229984 0.369872596475756 0.4685907304237416 0.19140625000000003 0.4861227213541666 0.19325461725647955 0.519572314160409
0 0.3716631678579648 0.5320724208995665 0.36982584229498966 0.5016617963559035 0.1927808384995248 0.5206779171230037 0.1946181640625 0.5510885416666668
0 0.37028111009158865 0.5583388606716073 0.3681924055204167 0.5303695776375589 0.19292447902257803 0.553638464361785 0.19501318359374997 0.5816077473958333
0 0.36946681883251536 0.5901618021599032 0.36696763299689433 0.5607903797240773 0.19369881221125396 0.5870006478766742 0.19619799804687502 0.6163720703125001
0 0.36681951247827993 0.6215788523090674 0.364170350990882 0.5910214120506861 0.1963134849969771 0.6168921040124521 0.198962646484375 0.6474495442708333
0 0.3706858126784238 0.6517105447433967 0.36800488281250004 0.6231881510416666 0.19825657013407627 0.6515531271316033 0.20093750000000002 0.6800755208333334
0 0.3715805848177218 0.6813796353242839 0.36879238822071275 0.6526594486349346 0.19933411785611596 0.6819061153939843 0.20212231445312503 0.7106263020833334
0 0.37058132966537316 0.7099097333710914 0.3673454632068009 0.6797154677617585 0.20046628197892777 0.7115095104323338 0.2037021484375 0.7417037760416667
0 0.3715605219395059 0.7370860741915766 0.36794499163961836 0.7056129241767931 0.19574213571573743 0.74078108175605 0.199357666015625 0.7722542317708334
0 0.5673935198357196 0.6919850748793088 0.564468517738047 0.6673061435472114 0.42002177524607737 0.6977419671054026 0.42294677734375 0.7224208984375
0 0.5695046655370051 0.6661003625134426 0.5666105208777843 0.6404759372041927 0.42084291588765416 0.66974471531575 0.423737060546875 0.695369140625
0 0.5698607360726843 0.6414729975561438 0.5673059082031251 0.6156191406250001 0.42249937134919074 0.6410582524438564 0.42505419921875 0.6669121093750001
0 0.5675728994417122 0.6133276984506796 0.565034143697642 0.5876273406473602 0.4238325821465548 0.6124243166758473 0.426371337890625 0.6381246744791667
0 0.5684699253161669 0.5866981313879268 0.566252197265625 0.5612063802083335 0.42441703757445814 0.5831430144454067 0.4266347656250001 0.6086347656250002
0 0.5704382970497441 0.5571722863036824 0.5681998801905874 0.5312959811426888 0.4251866319689683 0.5532893849431731 0.427425048828125 0.5791656901041667
0 0.5728513190443661 0.5296202655134142 0.5705306629799367 0.5023364415788388 0.4264215314355705 0.5241273088779245 0.4287421874999999 0.5514111328124999
0 0.5728877014770057 0.5033836474498324 0.5712573242187501 0.4773033854166668 0.4265849547729943 0.49338165202933437 0.42821533203125 0.5194619140625
0 0.5715477769154825 0.47436738872809575 0.5699327881619322 0.4480441410636889 0.4268637710120746 0.4636487575439265 0.428478759765625 0.48997200520833334
0 0.5737627139420806 0.44698435824787075 0.5720192310274932 0.41782786672045863 0.4254181381791626 0.4334125188892545 0.42716162109375 0.46256901041666665
0 0.7321094199918663 0.6593180260271931 0.7298628630364464 0.6377025714605429 0.6018581793727051 0.6613539464750166 0.604104736328125 0.6829694010416668
0 0.7323384489746249 0.6374067088722726 0.7301972790749187 0.6139768325012194 0.6059462324440439 0.6341632225872802 0.60808740234375 0.6575930989583334
0 0.7319924505276197 0.6115452216528866 0.7298735998549357 0.5886967729659204 0.607959762608566 0.6087957570422006 0.61007861328125 0.6316442057291667
0 0.7327240852268314 0.5870447427529657 0.7307507933435605 0.5633705533309401 0.6109815421011042 0.5811181282863079 0.6129548339843751 0.6047923177083335
0 0.7325591585709997 0.5635615099899874 0.730883056640625 0.5393037109375 0.6112787320540004 0.5539954561558459 0.6129548339843751 0.5782532552083334
0 0.7353283764719619 0.5371781988624579 0.733744951746012 0.5142088699374624 0.61165095027405 0.5291719471166713 0.613234375 0.5521412760416667
0 0.7372428981076768 0.5103522421742349 0.7355451493454921 0.4854128174431056 0.6147534231128151 0.5000312783938706 0.6164511718749999 0.524970703125
0 0.7398604098603927 0.48500063954491845 0.7383852583407198 0.45966090528275677 0.6145470652772022 0.4724773230295051 0.616022216796875 0.49781705729166675
0 0.741610397539011 0.45967132955495504 0.7403693747495675 0.43446479265548116 0.6147811940074316 0.4454572000796928 0.6160222167968751 0.4706637369791667