0 0.7331165526774459 0.8633009422902989 0.22329057669063465 0.8537924908717162 0.2211731559576334 0.8897148112767299 0.7309991319444447 0.8992232626953126
0 0.7288351350235893 0.827723909169329 0.22689066520417434 0.8208880633365542 0.22534155448614074 0.8568788157883189 0.7272860243055557 0.8637146616210938
0 0.7270137374688235 0.795939188298968 0.22845024197660832 0.7884344121035827 0.22684982638888906 0.8220747661132812 0.7254133218811041 0.8295795423086666
0 0.725876851967695 0.7624175234306934 0.23375836895715166 0.7561012713851938 0.2323823850450123 0.790022270415438 0.7245008680555558 0.7963385224609376
0 0.7226440972222224 0.7310489443359375 0.23392436984358675 0.7242674126782634 0.23241666666666688 0.7586463920898437 0.7211363940453025 0.7654279237475178
0 0.7218331703753608 0.6987061013593567 0.23634507007337552 0.6933991191902967 0.23520008680555568 0.7265408476562499 0.720688187107541 0.7318478298253099
0 0.7254292534722222 0.6948777207031251 0.7253585981149779 0.6632102018348317 0.23652092450386686 0.6635552985145192 0.23659157986111115 0.6952228173828127
0 0.723314775705052 0.6332885862982395 0.240834201388889 0.6301232397460937 0.24015026051380536 0.663108672090557 0.7226308348299683 0.6662740186427027
0 0.7192591986904232 0.6024722014028813 0.23830519010932616 0.6008499317462594 0.23797698100223633 0.6316375565152532 0.7189309895833333 0.633259826171875
0 0.7189309895833331 0.5998284296875 0.7182886452434303 0.5675836866466129 0.24290800288231937 0.5705800572520815 0.2435503472222222 0.6028248002929687
0 0.7155560965604385 0.570680866026291 0.7152174479166667 0.5393410708007811 0.24738704580067264 0.5409405797744901 0.2477256944444444 0.572280375
0 0.7152174479166669 0.5106171665039062 0.24826085069444456 0.5106171665039062 0.24826085069444456 0.5398635317382813 0.7152174479166669 0.5398635317382813
0 0.7115039062499999 0.5085336430664064 0.7103801773581747 0.4802466903983266 0.2479934586081748 0.48605869283973285 0.2491171875 0.5143456455078126
0 0.7142890625 0.4787496264648437 0.7126910978726249 0.4485164502613459 0.24666288606706935 0.4563100957691584 0.24826085069444442 0.4865432719726562
0 0.7124322916666668 0.45107039990234377 0.7111398712684288 0.4202216141452435 0.24921669418509554 0.42634484363743097 0.25050911458333336 0.45719362939453123
0 0.7133606770833333 0.4224321079101562 0.7120441040754751 0.39158281938242634 0.25251415615880846 0.39778806059336386 0.25383072916666666 0.4286373491210937
0 0.7115039062500002 0.39161860400390625 0.7094441058983788 0.3628273950076571 0.2508425433983787 0.3732085532107821 0.25290234375000004 0.40199976220703126
0 0.708061144070531 0.36225389259893237 0.7059340277777778 0.3346990874023438 0.2483819982905801 0.3458749081823177 0.25050911458333336 0.3734297133789063
0 0.7050056423611112 0.33531931347656246 0.7028930013846931 0.3071047398124338 0.2511798937458042 0.31780661676555877 0.25329253472222224 0.34602119042968743
0 0.7050714764685428 0.30601245775651753 0.7022209201388888 0.2773457602539062 0.25183347144812374 0.2915161989817637 0.25468402777777777 0.320182896484375
0 0.7053346354166665 0.27807018994140625 0.7024842630973422 0.24971506371668045 0.24994910684734245 0.26410859594324293 0.25279947916666673 0.29246372216796873
0 0.7028916354046995 0.24965792214639268 0.6991022751539495 0.22131954337727078 0.25015421613813893 0.24031422621134685 0.25394357638888887 0.2686526049804687
0 0.7048420222083963 0.22039296862374222 0.7006033863640753 0.19205053706252667 0.25199270096123455 0.21327827254034692 0.25623133680555554 0.24162070410156247
0 0.7004522339091324 0.19212818829796952 0.6961779513888889 0.1638938564453125 0.25163500567420105 0.18518723064734302 0.2559092881944445 0.2134215625
0 0.6986173695685132 0.16505839416228735 0.6945277478968939 0.13950915636072303 0.24985395471726946 0.16203036913202942 0.25394357638888887 0.18757960693359374
0 0.6969409722222222 0.1407067890625 0.692035918493231 0.10929004747872383 0.25132628307656435 0.13106114025216137 0.25623133680555554 0.16247788183593753