0 0.7617161229891694 0.14639029714120755 0.7543914010416666 0.11054683740234372 0.20080634315666393 0.1463408703392612 0.20813106510416665 0.182184330078125
0 0.7671756920374967 0.18425961020180665 0.7601349756944445 0.14901733837890624 0.20995909381374134 0.18379493397187255 0.21699981015679354 0.21903720579477295
0 0.776368032709628 0.21920313928884397 0.7693375841581165 0.18539853139525558 0.22023858940972224 0.22153143261718752 0.22726903796123368 0.2553360405107759
0 0.8717170965212878 0.9305739154334252 0.8689143020833333 0.9047301909179687 0.37533201979815656 0.9216673575157937 0.37813481423611106 0.9475110820312501
0 0.8731401616953466 0.9007291320422489 0.8698936591526851 0.8739995297783425 0.36517176128472223 0.8933958994140625 0.3684182638273837 0.9201255016779689
0 0.869299902476247 0.8736182603208899 0.8661468436080484 0.8464136416997142 0.3604545963541667 0.8649583833007813 0.36360765522236527 0.892163001921957
0 0.8651186842814792 0.8450937268852295 0.8620387968750001 0.8171564106445313 0.352329665633931 0.8349358320459209 0.35540955304041005 0.8628731482866192
0 0.857756729336929 0.8127394922574072 0.8547686545138888 0.7848613549804687 0.3502804567246872 0.8019703216458395 0.3532685315477275 0.8298484589227779
0 0.8553556110346919 0.7814233294779904 0.8515462075480497 0.753371655512912 0.34159291840277783 0.7752832329101563 0.3454023218894201 0.8033349068752348
0 0.8493779352856213 0.7507583952622165 0.8459292740067725 0.723653154507736 0.331679265625 0.7443553608398439 0.33512792690384874 0.7714606015943244
0 0.8509149724273155 0.7188166922124027 0.8468062841431294 0.6903407394065352 0.3258671059027778 0.7141232119140626 0.32997579418696393 0.7425991647199301
0 0.8477365250010126 0.6885983065571657 0.8442238880208334 0.6597916044921875 0.3235851318801645 0.6798788910679945 0.3270977688603438 0.7086855931329726
0 0.8446893178015161 0.658122043642457 0.8404259623854541 0.6291739526529045 0.32136876041666657 0.6533615029296874 0.32563211583272866 0.6823095939192398
0 0.8396882722926899 0.6255899287341047 0.8348783012053924 0.5957457856619562 0.31382764409722225 0.6223168134765624 0.31863761518451983 0.6521609565487109
0 0.837046952740526 0.5934982926169303 0.8327103289930555 0.56347562109375 0.30729552472034094 0.5874888061657058 0.3116321484678114 0.617511477688886
0 0.8322787261332396 0.5618131231364923 0.8269245069444443 0.5285956728515625 0.29719331926580383 0.5556122576630081 0.30254753845459903 0.588829707947938
0 0.8290047848194035 0.5278907972255449 0.8234490868055554 0.49611352978515627 0.2874421252488274 0.5257644083331252 0.29299782326267554 0.5575416757735138
0 0.8227409726286116 0.49455901554178294 0.8173852352430556 0.4634001098632813 0.27876968995408524 0.492692918486123 0.2841254273396412 0.5238518241646247
0 0.8187111771355607 0.4610128958576015 0.8130763349287533 0.429778746076395 0.27107610503472224 0.46071705664062496 0.2767109472415296 0.4919512064218315
0 0.8138721599774488 0.42905670721737726 0.8083454679247476 0.3974134212646519 0.2655511024305556 0.4274094716796875 0.27107779448325675 0.4590527576324129
0 0.8082840792362236 0.39425797415183944 0.8025717058586466 0.3625672169612072 0.2520310138888889 0.39396640722656245 0.2577433872664659 0.4256571644171947
0 0.799223967247318 0.3615106665506499 0.7930527760416666 0.32824454687499993 0.2480165856033597 0.36023624189960757 0.25418777680901117 0.39350236157525753
0 0.7967711262087906 0.3275388464631651 0.7904771394830209 0.29361908755199284 0.23916016145833327 0.325987357421875 0.24545414818410302 0.3599071163330473
0 0.7873763468465715 0.2917397726121679 0.7814220668402777 0.25812858935546873 0.23534094456508095 0.2887374855996022 0.24129522457137487 0.32234866885630137
0 0.7793927860670722 0.25570172825997833 0.772985704861111 0.22295814257812496 0.22986130594681647 0.2565843864861153 0.2362683871527777 0.2893279721679687