0 0.7640625 0.12083333333333343 0.62734375 0.12083333333333342 0.62734375 0.1500000000000001 0.7640625 0.1500000000000001
0 0.5796875 0.20312500000000008 0.42109375 0.20312500000000006 0.42109375 0.23437500000000008 0.5796875 0.2343750000000001
0 0.578125 0.17083333333333342 0.41953125 0.1708333333333334 0.41953125 0.20104166666666676 0.578125 0.20104166666666679
0 0.578125 0.2364583333333334 0.421875 0.23645833333333338 0.421875 0.2656250000000001 0.578125 0.2656250000000001
0 0.57734375 0.2687500000000001 0.421875 0.2687500000000001 0.421875 0.2979166666666668 0.57734375 0.2979166666666668
0 0.57890625 0.30104166666666676 0.4234375 0.30104166666666676 0.4234375 0.33020833333333344 0.57890625 0.33020833333333344
0 0.3703125 0.20833333333333337 0.171875 0.20833333333333334 0.171875 0.23958333333333337 0.3703125 0.2395833333333334
0 0.37036953125 0.25118333333333337 0.17858984375000003 0.24565729166666667 0.1781083830119109 0.2753621032443339 0.36988807051191086 0.2808881449110006
0 0.369684375 0.28163125000000006 0.17987421875000004 0.28163125 0.17987421875000004 0.31287291666666667 0.369684375 0.3128729166666667
0 0.37429558936285023 0.7067769420900906 0.37195631414264796 0.6834588451413871 0.19329509977979775 0.7153225280512966 0.19563437499999997 0.738640625
0 0.37347262572967 0.6770852327984553 0.3711316436443 0.6547658690951329 0.19295120541462998 0.6879900112966778 0.19529218750000002 0.7103093750000001
0 0.37405650910878674 0.6487079753859898 0.3720828125 0.6266854166666668 0.1919481783912133 0.6553857746140104 0.19392187500000002 0.6774083333333334
0 0.37363694019472116 0.6198646696150966 0.3713219496387734 0.5947925729064395 0.19057875944405228 0.6244612366246766 0.19289375000000003 0.6495333333333335
0 0.3737293932260629 0.5866780520354106 0.3713171188178983 0.5604104248380438 0.18774085059183537 0.5903813311359666 0.19015312499999998 0.6166489583333333
0 0.37335978049772733 0.5601027073012852 0.37139765625 0.5330260416666667 0.1878480320022727 0.5566722926987148 0.18981015625 0.5837489583333333
0 0.37410604057287655 0.5272086898324552 0.37192159292689164 0.49857698604191814 0.187283521104015 0.5236203795427963 0.18946796874999997 0.5522520833333332
0 0.3741422107451503 0.4972973945363119 0.37242578125 0.47091354166666677 0.18569528925484965 0.4925098971303548 0.18741171875 0.5188937499999999
0 0.37313273902239424 0.46581109456912423 0.37149354077008023 0.4384747873278741 0.18645767674768604 0.4582001510920832 0.188096875 0.4855364583333333
0 0.37322990054775973 0.435978422030432 0.3719696290557547 0.4085925957014345 0.18512410350799496 0.4238787570043359 0.186384375 0.4512645833333334
0 0.37114996359308405 0.37223683693567566 0.3702262838351226 0.34306067822151765 0.1830622577420386 0.35359467461917526 0.18398593749999997 0.38277083333333334
0 0.3708079836563352 0.3392970611723065 0.3698354071080775 0.3086328315235946 0.18030234375000004 0.3193197916666667 0.18127492029825773 0.3499840213153786
0 0.3753686883435574 0.7344864074677916 0.3718905320731685 0.7064513436156242 0.19352731247961108 0.7457909778144993 0.19700546874999997 0.7738260416666667
0 0.5809746351504206 0.14130179485088454 0.42159140624999997 0.13784687500000006 0.421243036490173 0.16641768587271247 0.5806262653905936 0.16987260572359694
0 0.5806984349018905 0.35733555844380555 0.5798878499085123 0.3306528705880394 0.4236980087566217 0.33908814547756716 0.42450859375 0.3657708333333333
0 0.5778123805436913 0.3858443348943067 0.5769514658250557 0.3605971937605608 0.4255429915313643 0.3697757755329208 0.4264039062499999 0.3950229166666666
0 0.5756248591955877 0.41580939986121623 0.5744146604901446 0.38990531627134634 0.424652301294557 0.4023438330767968 0.42586250000000003 0.4282479166666667
0 0.5692514413309053 0.6910897387337039 0.5666752989537499 0.6705639775852915 0.41949573262284456 0.7034034055182542 0.42207187500000004 0.7239291666666667
0 0.569817399852343 0.6648223056811247 0.5677340538221185 0.6454202282637634 0.42080102896977534 0.6734687559159721 0.42288437500000003 0.6928708333333334
0 0.5710315407507413 0.6388339141046481 0.569103125 0.6181145833333334 0.42149736549925876 0.642537960895352 0.42342578125 0.6632572916666668
0 0.5712320158638637 0.6121728850866772 0.569103125 0.5895979166666667 0.42156720288613625 0.6143323232466561 0.42369609375 0.6369072916666667
0 0.5731521585054316 0.5851302805194277 0.57126953125 0.5632343750000002 0.4215431539945683 0.5861207611472391 0.42342578125 0.6080166666666666
0 0.5751452769087845 0.5576046931379162 0.57316484375 0.5343572916666667 0.42144534809121553 0.5573348901954173 0.4234257812500001 0.5805822916666667
0 0.5735227772239174 0.5304085412390831 0.5717044439769287 0.5062153815287428 0.4232316667530112 0.5260537152896597 0.42505 0.5502468749999999
0 0.5735956992433515 0.5005722021625741 0.57208125 0.47733645833333327 0.4235355507566485 0.4945486311707591 0.42505 0.517784375
0 0.5763731223536184 0.4739227701995297 0.5750241869092729 0.4507155550006346 0.4231596583056545 0.4664084098011049 0.42450859375 0.48961562499999994
0 0.5762691298600442 0.4446045128468681 0.5745203375077109 0.4171389255412178 0.42573870764766664 0.4339802460276831 0.42748749999999996 0.4614458333333334
0 0.7639937500000001 0.15978437500000015 0.6280771144444801 0.15440062498759374 0.6275226562500001 0.1792854166666668 0.7634392918055202 0.1846691666790732
0 0.7610156250000002 0.1904812500000001 0.6271034108721678 0.184182074592711 0.6264398437500001 0.20926041666666678 0.7603520578778324 0.2155595920739559
0 0.7348167426579346 0.6333066631791119 0.7331203709122457 0.6146511759259139 0.6047059720043111 0.635410137746802 0.6064023437499999 0.6540656249999999
0 0.7358203318875083 0.6089095265471195 0.7336499432566634 0.5876943966809508 0.6045030488691554 0.611182786800498 0.6066734375000001 0.6323979166666667
0 0.7387629397584572 0.5854610256452469 0.7371001464972327 0.5652574910752991 0.6063645504887755 0.5843860487633855 0.60802734375 0.6045895833333332
0 0.7387483622273248 0.5602198244265609 0.7370477798642059 0.5389576561833493 0.6076798863868811 0.5573524150901218 0.60938046875 0.5786145833333334
0 0.7407665720305896 0.5346078107494407 0.7390860901954406 0.5130765135844678 0.6093249869148508 0.5310812028350271 0.61100546875 0.5526125000000001
0 0.7392385793831697 0.5112155868847574 0.7379493212486131 0.4904136637567492 0.6113412106154434 0.5043637018719918 0.61263046875 0.525165625
0 0.7455967725453079 0.45668267486804726 0.7443499503360458 0.4352577050183413 0.6127375527907379 0.44887398848362736 0.6139843749999999 0.4702989583333333
0 0.7474658082047283 0.43213082674058595 0.746342221154357 0.4104374094726235 0.6142146941996287 0.4226034577320376 0.61533828125 0.44429687500000004
0 0.7489369645992277 0.40621901325056214 0.7479856234365371 0.3828567310985434 0.6157400650873093 0.3924304261813145 0.61669140625 0.41579270833333326
0 0.7509939504496191 0.3784601955752644 0.7500625785124598 0.35534968986852494 0.6171139405628406 0.3648749109599272 0.6180453124999999 0.3879854166666667
0 0.7529126451788379 0.3521358746818637 0.75233135121018 0.32869674373148006 0.6190890185313422 0.3345712857162831 0.6196703125 0.3580104166666667
0 0.7554399088011015 0.32536136037502783 0.7546580942349324 0.2987044153249211 0.6202424041838309 0.3057128466165599 0.62102421875 0.33236979166666664
0 0.75614140625 0.2756968750000001 0.62264921875 0.2756968750000001 0.62264921875 0.3002541666666668 0.75614140625 0.3002541666666668
0 0.7593906249999999 0.24680625000000012 0.6246706475840889 0.24558322078827147 0.62454453125 0.27028020833333344 0.759264508665911 0.27150323754506206
0 0.761015625 0.21791458333333344 0.6251168301255097 0.21499071957451374 0.6248148437500001 0.2399437500000001 0.7607136386244904 0.24286761375881977
0 0.7322413738523765 0.6611405724303675 0.7298492763881129 0.6390142110122397 0.6013024337857364 0.663720513581872 0.60369453125 0.6858468749999999
0 0.37238397817066365 0.40445451526861065 0.37148984375 0.37875833333333336 0.18325195932933633 0.390402776398056 0.18414609375 0.4160989583333333
0 0.7457960057655997 0.48428756632873404 0.7441750164295025 0.459669394287579 0.6118251044139027 0.4751620362921782 0.61344609375 0.4997802083333332