0 0.7444444444444445 0.18437500000000004 0.25833333333333336 0.184375 0.25833333333333336 0.2151041666666667 0.7444444444444445 0.21510416666666674
0 0.7407407407407407 0.33958333333333335 0.26574074074074083 0.33958333333333335 0.26574074074074083 0.3703125 0.7407407407407407 0.3703125
0 0.7361111111111112 0.24739583333333337 0.2564814814814816 0.24739583333333334 0.2564814814814816 0.27760416666666665 0.7361111111111112 0.27760416666666665
0 0.7416666666666667 0.21562500000000004 0.2574074074074074 0.215625 0.2574074074074075 0.24687500000000004 0.7416666666666667 0.24687500000000007
0 0.727777777777778 0.5171875 0.2722222222222223 0.5171875 0.2722222222222223 0.5479166666666667 0.727777777777778 0.5479166666666667
0 0.7287037037037039 0.45989583333333334 0.2675925925925927 0.45989583333333334 0.2675925925925927 0.48802083333333335 0.728703703703704 0.48802083333333335
0 0.7388888888888889 0.30833333333333335 0.2601851851851853 0.30833333333333335 0.2601851851851853 0.3390625 0.7388888888888889 0.3390625
0 0.7222222222222224 0.6869791666666667 0.275925925925926 0.6869791666666667 0.275925925925926 0.7151041666666667 0.7222222222222224 0.7151041666666667
0 0.7444444444444445 0.15052083333333335 0.26481481481481484 0.15052083333333333 0.26481481481481484 0.18281250000000002 0.7444444444444445 0.18281250000000007
0 0.7305555555555557 0.4890625 0.26944444444444454 0.4890625 0.26944444444444454 0.51875 0.7305555555555557 0.51875
0 0.7351851851851852 0.28072916666666664 0.25925925925925936 0.28072916666666664 0.25925925925925936 0.31145833333333334 0.7351851851851852 0.31145833333333334
0 0.7175925925925928 0.7427083333333333 0.2787037037037039 0.7427083333333333 0.2787037037037039 0.7682291666666666 0.7175925925925928 0.7682291666666666
0 0.7203703703703705 0.715625 0.2787037037037038 0.715625 0.27870370370370384 0.7432291666666667 0.7203703703703705 0.7432291666666667
0 0.7314814814814815 0.4328125 0.2685185185185186 0.4328125 0.2685185185185186 0.46145833333333336 0.7314814814814815 0.46145833333333336
0 0.727777777777778 0.6598958333333333 0.27685185185185196 0.6598958333333333 0.27685185185185196 0.6864583333333333 0.727777777777778 0.6864583333333333
0 0.7259259259259261 0.6041666666666666 0.2722222222222223 0.6041666666666666 0.2722222222222223 0.6302083333333334 0.7259259259259261 0.6302083333333334
0 0.7203703703703705 0.7947916666666667 0.28148148148148167 0.7947916666666667 0.28148148148148167 0.8208333333333333 0.7203703703703705 0.8208333333333333
0 0.7333333333333333 0.4005208333333333 0.26574074074074083 0.4005208333333333 0.26574074074074083 0.4296875 0.7333333333333333 0.4296875
0 0.7250000000000002 0.5458333333333333 0.2712962962962964 0.5458333333333333 0.2712962962962964 0.5755208333333334 0.7250000000000002 0.5755208333333334
0 0.7268518518518521 0.6317708333333333 0.27685185185185196 0.6317708333333333 0.27685185185185196 0.6583333333333333 0.7268518518518521 0.6583333333333333
0 0.7342592592592593 0.37135416666666665 0.2666666666666668 0.37135416666666665 0.2666666666666668 0.4005208333333333 0.7342592592592593 0.4005208333333333
0 0.7259259259259261 0.5760416666666667 0.2740740740740742 0.5760416666666667 0.2740740740740742 0.6020833333333333 0.7259259259259261 0.6020833333333333
0 0.7240740740740743 0.8208333333333333 0.289814814814815 0.8208333333333333 0.289814814814815 0.8453125 0.7240740740740743 0.8453125
0 0.7222222222222224 0.8442708333333333 0.29074074074074097 0.8442708333333333 0.29074074074074097 0.8723958333333334 0.7222222222222224 0.8723958333333334
0 0.7194444444444447 0.76875 0.28333333333333355 0.76875 0.28333333333333355 0.7979166666666667 0.7194444444444447 0.7979166666666667
0 0.7203703703703705 0.8713541666666667 0.29166666666666685 0.8713541666666667 0.29166666666666685 0.8994791666666667 0.7203703703703705 0.8994791666666667
0 0.7520385116990094 0.14455130607896496 0.7508722019556922 0.10856897862950471 0.24939999999999998 0.11371197916666667 0.2505663097433171 0.1496943066161269