0 0.6542968750000001 0.57666015625 0.26562500000000006 0.57666015625 0.26562500000000006 0.61572265625 0.6542968750000001 0.61572265625
0 0.6464843750000001 0.54248046875 0.26822916666666674 0.54248046875 0.26822916666666674 0.58349609375 0.6464843750000001 0.58349609375
0 0.6380208333333334 0.28320312500000006 0.2727864583333334 0.283203125 0.2727864583333334 0.31884765625000006 0.6380208333333334 0.3188476562500001
0 0.650390625 0.22070312500000003 0.2747395833333333 0.220703125 0.27473958333333337 0.25585937500000006 0.650390625 0.2558593750000001
0 0.650390625 0.31445312500000006 0.2649739583333334 0.314453125 0.2649739583333334 0.35107421875000006 0.650390625 0.3510742187500001
0 0.6490885416666666 0.19091796875000003 0.2779947916666667 0.19091796875 0.2779947916666667 0.22607421875000003 0.6490885416666666 0.22607421875000006
0 0.6601562500000001 0.64599609375 0.26432291666666674 0.64599609375 0.2643229166666668 0.68701171875 0.6601562500000001 0.68701171875
0 0.6477864583333334 0.25146484375000006 0.27213541666666674 0.25146484375 0.27213541666666674 0.28759765625000006 0.6477864583333334 0.2875976562500001
0 0.6516927083333334 0.44433593750000006 0.26627604166666674 0.4443359375 0.26627604166666674 0.48242187500000006 0.6516927083333335 0.4824218750000001
0 0.658203125 0.41210937500000006 0.26953125000000006 0.412109375 0.26953125000000006 0.44921875000000006 0.658203125 0.4492187500000001
0 0.6569010416666666 0.37988281250000006 0.26953125000000006 0.3798828125 0.26953125000000006 0.41699218750000006 0.6569010416666666 0.4169921875000001
0 0.6510416666666666 0.15917968750000003 0.2701822916666667 0.1591796875 0.2701822916666667 0.19531250000000003 0.6510416666666666 0.19531250000000006
0 0.6555989583333335 0.61083984375 0.2610677083333334 0.61083984375 0.2610677083333334 0.65185546875 0.6555989583333335 0.65185546875
0 0.658203125 0.34667968750000006 0.26953125000000006 0.3466796875 0.26953125000000006 0.38476562500000006 0.658203125 0.3847656250000001
0 0.6562500000000001 0.47656250000000006 0.26171875000000006 0.4765625 0.26171875000000006 0.5146484375 0.6562500000000001 0.5146484375
0 0.6569010416666669 0.509765625 0.2630208333333334 0.509765625 0.2630208333333334 0.548828125 0.6569010416666669 0.548828125
0 0.6601562500000001 0.716796875 0.25585937500000017 0.716796875 0.25585937500000017 0.76171875 0.6601562500000001 0.76171875
0 0.6660156250000001 0.7890625 0.2591145833333335 0.7890625 0.2591145833333335 0.8349609375 0.6660156250000001 0.8349609375
0 0.6523437500000001 0.68212890625 0.2610677083333335 0.68212890625 0.2610677083333335 0.72509765625 0.6523437500000001 0.72509765625
0 0.6614583333333335 0.75244140625 0.24869791666666682 0.75244140625 0.24869791666666682 0.796875 0.6614583333333335 0.796875
0 0.6575520833333334 0.12695312500000003 0.2805989583333333 0.126953125 0.2805989583333333 0.16406250000000003 0.6575520833333334 0.16406250000000006
0 0.6772093267790535 0.9779434194330842 0.6758687584635418 0.940308453125 0.24644234302585963 0.9489126175591512 0.2477829113413714 0.9865475838672354
0 0.6774699402495079 0.9474352154097516 0.6745058592560018 0.9005492291099574 0.2471049339804522 0.9157478784462995 0.25006901497395834 0.9626338647460937
0 0.6765365025337147 0.9025581129464472 0.6750843780072704 0.8643560611373202 0.24940790086418083 0.8734576947729042 0.25086002539062496 0.9116597465820312
0 0.6728800370391151 0.86476314534908 0.6717285120251346 0.8284056519409172 0.25031973410060276 0.835913328369181 0.2514712591145833 0.8722708217773438