0 0.9423828125 0.5950520833333335 0.68505859375 0.5950520833333335 0.68505859375 0.6354166666666669 0.9423828125 0.6354166666666669
0 0.30078125 0.19466145833333337 0.06445312500000003 0.19466145833333334 0.06445312500000003 0.23632812500000003 0.30078125 0.23632812500000008
0 0.61865234375 0.8053385416666666 0.3754882812500001 0.8053385416666666 0.3754882812500001 0.845703125 0.61865234375 0.845703125
0 0.943359375 0.4192708333333335 0.6884765625 0.4192708333333335 0.6884765625 0.4615885416666668 0.943359375 0.4615885416666668
0 0.931640625 0.8580729166666669 0.685546875 0.8580729166666666 0.685546875 0.8990885416666669 0.931640625 0.899088541666667
0 0.93798828125 0.6822916666666669 0.6865234375 0.6822916666666666 0.6865234375 0.7246093750000001 0.93798828125 0.7246093750000003
0 0.9365234375 0.7278645833333335 0.6865234375 0.7278645833333334 0.6865234375 0.7695312500000001 0.9365234375 0.7695312500000003
0 0.3061523437500001 0.6295572916666666 0.06640625000000006 0.6295572916666666 0.06640625000000006 0.6666666666666666 0.3061523437500001 0.6666666666666666
0 0.3046875 0.5 0.06787109375000006 0.5 0.06787109375000006 0.5390625 0.3046875 0.5390625
0 0.94384765625 0.4635416666666668 0.6923828125 0.4635416666666668 0.6923828125 0.5058593750000001 0.94384765625 0.5058593750000001
0 0.61962890625 0.1868489583333334 0.37353515625 0.1868489583333334 0.37353515625 0.22721354166666674 0.61962890625 0.22721354166666674
0 0.3041992187500001 0.6705729166666666 0.06787109375000006 0.6705729166666666 0.06787109375000006 0.708984375 0.3041992187500001 0.708984375
0 0.30419921875 0.2408854166666667 0.06542968750000003 0.24088541666666666 0.06542968750000003 0.28320312500000006 0.30419921875 0.28320312500000006
0 0.61962890625 0.7180989583333334 0.3759765625000001 0.7180989583333334 0.3759765625000001 0.7578125 0.61962890625 0.7578125
0 0.62158203125 0.5865885416666667 0.376953125 0.5865885416666666 0.37695312500000006 0.6276041666666667 0.62158203125 0.6276041666666669
0 0.3007812500000001 0.7571614583333334 0.06445312500000008 0.7571614583333334 0.06445312500000008 0.7955729166666666 0.3007812500000001 0.7955729166666666
0 0.62451171875 0.3684895833333334 0.3740234375 0.3684895833333333 0.3740234375 0.40820312500000006 0.62451171875 0.40820312500000017
0 0.61865234375 0.763671875 0.3745117187500001 0.763671875 0.3745117187500001 0.8020833333333334 0.61865234375 0.8020833333333334
0 0.3076171875 0.54296875 0.06787109375000006 0.54296875 0.06787109375000006 0.5826822916666666 0.3076171875 0.5826822916666666
0 0.3022460937500001 0.7135416666666666 0.06835937500000006 0.7135416666666666 0.06835937500000006 0.7532552083333334 0.3022460937500001 0.7532552083333334
0 0.62255859375 0.49804687500000006 0.376953125 0.498046875 0.376953125 0.5384114583333334 0.62255859375 0.5384114583333335
0 0.94482421875 0.37500000000000017 0.689453125 0.37500000000000017 0.689453125 0.4166666666666668 0.94482421875 0.4166666666666668
0 0.9423828125 0.5091145833333335 0.68896484375 0.5091145833333335 0.68896484375 0.5514322916666669 0.9423828125 0.5514322916666669
0 0.9462890625 0.33007812500000017 0.69140625 0.33007812500000017 0.69140625 0.37304687500000017 0.9462890625 0.37304687500000017
0 0.3027343750000001 0.8411458333333334 0.06933593750000008 0.8411458333333334 0.06933593750000008 0.8795572916666666 0.3027343750000001 0.8795572916666666
0 0.3046875 0.4576822916666667 0.06884765625000006 0.4576822916666667 0.06884765625000006 0.4967447916666667 0.3046875 0.4967447916666667
0 0.3056640625 0.4127604166666667 0.06933593750000003 0.4127604166666667 0.06933593750000003 0.453125 0.3056640625 0.453125
0 0.61962890625 0.4544270833333334 0.37890625 0.4544270833333333 0.37890625 0.49479166666666674 0.61962890625 0.4947916666666668
0 0.302734375 0.28320312500000006 0.06396484375000003 0.283203125 0.06396484375000003 0.32356770833333337 0.302734375 0.3235677083333334
0 0.6171875 0.8502604166666666 0.3754882812500001 0.8502604166666666 0.3754882812500001 0.888671875 0.6171875 0.888671875
0 0.3046875000000001 0.8001302083333334 0.06884765625000008 0.8001302083333334 0.06884765625000008 0.8385416666666666 0.3046875000000001 0.8385416666666666
0 0.62158203125 0.6751302083333334 0.3730468750000001 0.6751302083333334 0.3730468750000001 0.7135416666666666 0.62158203125 0.7135416666666666
0 0.302734375 0.32747395833333337 0.06591796875000003 0.3274739583333333 0.06591796875000003 0.3671875 0.302734375 0.3671875
0 0.95068359375 0.19335937500000014 0.6904296875 0.19335937500000014 0.6904296875 0.23632812500000014 0.95068359375 0.23632812500000014
0 0.30566406250000006 0.5852864583333334 0.06835937500000006 0.5852864583333334 0.06835937500000006 0.6256510416666666 0.3056640625000001 0.6256510416666666
0 0.623046875 0.5436197916666667 0.375 0.5436197916666666 0.375 0.5833333333333334 0.623046875 0.5833333333333335
0 0.62158203125 0.27734375000000006 0.3759765625 0.27734375000000006 0.3759765625 0.3216145833333334 0.62158203125 0.3216145833333334
0 0.95068359375 0.23828125000000014 0.69189453125 0.23828125000000014 0.69189453125 0.2825520833333335 0.95068359375 0.2825520833333335
0 0.93017578125 0.8144531250000001 0.68701171875 0.814453125 0.68701171875 0.8535156250000001 0.93017578125 0.8535156250000003
0 0.30322265625 0.37109375 0.06591796875000003 0.37109375 0.06591796875000003 0.4114583333333333 0.30322265625 0.4114583333333333
0 0.94189453125 0.5533854166666669 0.6845703125 0.5533854166666669 0.6845703125 0.5917968750000001 0.94189453125 0.5917968750000001
0 0.93603515625 0.7708333333333335 0.68603515625 0.7708333333333334 0.68603515625 0.8111979166666669 0.93603515625 0.811197916666667
0 0.62109375 0.6308593750000001 0.3779296875000001 0.630859375 0.3779296875000001 0.6705729166666666 0.62109375 0.6705729166666666
0 0.6220703125 0.41015625000000006 0.375 0.41015625 0.375 0.45182291666666674 0.6220703125 0.4518229166666668
0 0.93798828125 0.6399739583333335 0.685546875 0.6399739583333335 0.685546875 0.6809895833333335 0.93798828125 0.6809895833333336
0 0.94873046875 0.2825520833333335 0.69384765625 0.2825520833333335 0.69384765625 0.3274739583333335 0.94873046875 0.3274739583333335
0 0.62060546875 0.23046875000000008 0.37353515625 0.23046875000000008 0.37353515625 0.2727864583333334 0.62060546875 0.2727864583333334
0 0.6181640625 0.32291666666666674 0.3759765625 0.32291666666666674 0.3759765625 0.36393229166666674 0.6181640625 0.3639322916666668
0 0.93505859375 0.9010416666666669 0.68505859375 0.9010416666666666 0.68505859375 0.9401041666666669 0.93505859375 0.940104166666667
0 0.61865234375 0.8951822916666666 0.3764648437500001 0.8951822916666666 0.3764648437500001 0.9303385416666666 0.61865234375 0.9303385416666666
0 0.021484375000000014 0.13997395833333334 1.2856399502767624e-17 0.13997395833333334 1.3394574365674175e-17 0.15169270833333334 0.021484375000000014 0.15169270833333334
0 0.3062444980435541 0.885369053794309 0.0695664062500001 0.8794147135416667 0.06888636133144613 0.927469813393191 0.30556445312500014 0.9334241536458334