0 0.7366796666666667 0.14046450000000002 0.2954813333333334 0.13969525000000005 0.29534516225806845 0.18362651934481558 0.7365434955914018 0.18439576934481555
0 0.7327766666666666 0.1836555 0.296944 0.18357875000000004 0.29693162415433333 0.22310984150852364 0.7327642908209998 0.2231865915085236
0 0.7288736666666668 0.22318625000000003 0.30133233333333337 0.22307375000000002 0.30131418326492826 0.26187327223009393 0.7288555165982616 0.26198577223009395
0 0.7214469348771879 0.2605228355520025 0.2954813333333334 0.25818050000000003 0.2951009808446678 0.2970880790307844 0.7210665823885223 0.29943041458278685
0 0.7181403333333335 0.2993195000000001 0.30279533333333347 0.2954812500000001 0.30221561864899005 0.33076807277270587 0.7175606186489901 0.3346063227727059
0 0.716189 0.33372575000000004 0.3024726666666667 0.33372575 0.3024726666666667 0.3703282500000001 0.716189 0.37032825000000014
0 0.7142373333333336 0.3725245000000001 0.3057206666666668 0.36898600000000004 0.3051704696832599 0.4047158597400536 0.7136871363499268 0.40825435974005364
0 0.7122860000000002 0.40693075 0.3071836666666668 0.40518975000000007 0.30692073457548336 0.43960350763999373 0.7120230679088166 0.44134450763999367
0 0.708383 0.44047224999999995 0.3083273333333334 0.43974025 0.3082130152440303 0.4748838971015917 0.708268681910697 0.47561589710159163
0 0.7068003172776255 0.4734167259995232 0.3086463333333334 0.47101475 0.3082773493890412 0.5054190240004768 0.7064313333333333 0.507821
0 0.7064313333333335 0.50635675 0.3093030000000001 0.50562475 0.30919263641773026 0.5393044417168449 0.7063209697510636 0.540036441716845
0 0.7035043333333335 0.5392990000000001 0.3101090000000001 0.5346455000000001 0.30938514467754114 0.5690665238634173 0.7027804780108745 0.5737200238634172
0 0.6985707387348333 0.5709771239085955 0.3139016666666667 0.56792 0.3134626508061413 0.5989925550113945 0.6981317228743079 0.60204967891999
0 0.698953 0.6014402499999999 0.31471400000000016 0.6008307499999999 0.31462633671191437 0.6319169771695288 0.6988653367119143 0.6325264771695288
0 0.6948913333333336 0.63191325 0.3154146666666668 0.62778475 0.3148134475674065 0.6588695504346743 0.6942901142340733 0.6629980504346743
0 0.6916416666666665 0.6636049999999999 0.3129790000000001 0.6570122499999999 0.311978860797677 0.6893246234073965 0.6906415274643435 0.6959173734073966
0 0.6892904574765786 0.6962385757060019 0.31542166666666677 0.6888785 0.3144749567018859 0.7159290691387209 0.6883437475117978 0.7232891448447228
0 0.6877033333333334 0.7222695 0.31333966666666685 0.71542375 0.3124079039596664 0.7440853551117814 0.686771570626333 0.7509311051117814
0 0.6842313333333333 0.7519645 0.3148133333333334 0.744671 0.3137919771369995 0.7737702516456031 0.6832099771369995 0.7810637516456032
0 0.6830531887073553 0.779579674666689 0.3175036666666668 0.773199 0.31659847795931145 0.802369325333311 0.6821480000000001 0.80875
0 0.6793706666666669 0.8087500000000001 0.3154216666666668 0.8005252500000001 0.31433302370151767 0.8276225376584974 0.6782820237015178 0.8358472876584974
0 0.6779816666666668 0.8353195 0.31750366666666674 0.82785125 0.3166169183993989 0.8519271645130531 0.6770949183993991 0.859395414513053
0 0.6758986666666669 0.8581475 0.32314600000000016 0.85241675 0.32242378970339497 0.8774227971163725 0.6751764563700617 0.8831535471163725