0 0.6569010416666669 0.46484375000000006 0.3040364583333334 0.46484375 0.3040364583333334 0.50341796875 0.6569010416666669 0.50341796875
0 0.6536458333333334 0.43115234375000006 0.3040364583333334 0.43115234375 0.3040364583333334 0.47119140625000006 0.6536458333333335 0.4711914062500001
0 0.6302083333333334 0.15722656250000006 0.3138020833333333 0.15722656250000006 0.3138020833333333 0.18896484375000006 0.6302083333333334 0.18896484375000006
0 0.6360677083333334 0.24218750000000006 0.3079427083333334 0.24218750000000006 0.3079427083333334 0.27734375000000006 0.6360677083333334 0.2773437500000001
0 0.634765625 0.21240234375000006 0.3196614583333333 0.21240234375000006 0.31966145833333337 0.24707031250000006 0.634765625 0.24707031250000006
0 0.6510416666666666 0.39746093750000006 0.3235677083333334 0.3974609375 0.3235677083333334 0.43457031250000006 0.6510416666666666 0.4345703125000001
0 0.6328125 0.18359375000000006 0.3151041666666667 0.18359375000000006 0.3151041666666667 0.21679687500000006 0.6328125 0.21679687500000006
0 0.6575520833333335 0.49755859375000006 0.3059895833333334 0.49755859375 0.3059895833333334 0.5361328125 0.6575520833333335 0.5361328125
0 0.640625 0.30419921875000006 0.30468750000000006 0.30419921875 0.30468750000000006 0.33984375000000006 0.640625 0.3398437500000001
0 0.6497395833333334 0.36621093750000006 0.32226562500000006 0.3662109375 0.32226562500000006 0.40234375000000006 0.6497395833333334 0.4023437500000001
0 0.6373697916666666 0.27343750000000006 0.3040364583333334 0.2734375 0.3040364583333334 0.30908203125000006 0.6373697916666666 0.3090820312500001
0 0.6458333333333334 0.33447265625000006 0.31835937500000006 0.33447265625 0.31835937500000006 0.37109375000000006 0.6458333333333334 0.3710937500000001
0 0.6627604166666669 0.56396484375 0.30468750000000006 0.56396484375 0.30468750000000006 0.60693359375 0.6627604166666669 0.60693359375
0 0.6595052083333335 0.53125 0.31119791666666674 0.53125 0.31119791666666674 0.5703125 0.6595052083333335 0.5703125
0 0.67578125 0.671875 0.30859375000000006 0.671875 0.3085937500000001 0.716796875 0.67578125 0.716796875
0 0.669921875 0.63671875 0.30533854166666674 0.63671875 0.30533854166666674 0.6787109375 0.669921875 0.6787109375
0 0.6829427083333334 0.71142578125 0.3079427083333335 0.71142578125 0.3079427083333335 0.7587890625 0.6829427083333334 0.7587890625
0 0.66796875 0.6025390625 0.29687500000000006 0.6025390625 0.29687500000000006 0.64697265625 0.66796875 0.64697265625
0 0.6295572916666666 0.12548828125000006 0.310546875 0.12548828125000006 0.310546875 0.15966796875000006 0.6295572916666666 0.15966796875000006