0 0.8113735970276772 0.1098875865566163 0.8106794033260888 0.06858736362124865 0.21816710069444445 0.071738525390625 0.2188612943960329 0.11303874832599266
0 0.804340865204541 0.15001388205805938 0.8042065972222222 0.1102998046875 0.21979138797234835 0.11092496953284486 0.21992565595466704 0.15063904690340424
0 0.8042065972222222 0.14940991210937501 0.21980795677787066 0.14832131293925524 0.21956685537449777 0.1892743382556354 0.8039654958188494 0.19036293742575516
0 0.7944322916666668 0.18913110351562504 0.22305121527777783 0.18896264648437502 0.2230159110012416 0.22685129199859852 0.7943969873901306 0.22701974902984853
0 0.7922604166666667 0.2270187988281251 0.22793576388888892 0.22559521484375003 0.22763212983070386 0.26367911932943 0.7919567826084817 0.2651027033138051
0 0.7944322916666667 0.26662890625 0.22630729166666674 0.264059326171875 0.2257476310282568 0.3032111106331447 0.7938726310282568 0.30578069071126973
0 0.7868298611111112 0.30390576171875006 0.22535243055555565 0.29962792968750007 0.22449813485951145 0.33510615175376274 0.785975565415067 0.3393839837850127
0 0.7824861111111112 0.33873803710937506 0.22630729166666674 0.3336611328125 0.22519605269643092 0.37217951039595704 0.7813748721408753 0.3772564146928321
0 0.7824861111111112 0.37479248046875 0.22630729166666677 0.3684619140625 0.22509604513780657 0.402132407127022 0.781274864582251 0.408462973533272
0 0.7737977430555554 0.409513916015625 0.22861024305555558 0.40095849609374995 0.22676541593894312 0.43815527097018997 0.7719529159389429 0.446710690892065
0 0.7727118055555559 0.4443461914062501 0.2295638020833334 0.4371479492187501 0.22813002203221305 0.47137892821586386 0.7712780255044354 0.47857717040336384
0 0.7705394965277779 0.4785673828125001 0.22861024305555563 0.47062329101562506 0.22705267868434348 0.5042426477019408 0.7689819321565659 0.5121867394988158
0 0.7672812500000001 0.5135390625 0.22969618055555566 0.503150390625 0.2276792806267315 0.5361733943295502 0.7652643500711761 0.5465620662045503
0 0.7651093750000002 0.545927001953125 0.22630729166666683 0.5360556640625 0.2242890800130299 0.5709106580052938 0.7630911633463633 0.5807819958959188
0 0.7618511284722222 0.5801481933593751 0.23295442708333347 0.5703706054687501 0.23102612015991475 0.6033741316915195 0.7599228215488036 0.6131517195821446
0 0.761920777726905 0.6138104197155199 0.23404036458333344 0.601536376953125 0.23171844327015462 0.6331329853375796 0.7595988564137263 0.6454070280999744
0 0.7612946191060993 0.6461068446674134 0.23607595486111121 0.6322158203125001 0.23337465172723437 0.6645323154888368 0.7585933159722225 0.6784233398437501
0 0.7553350694444447 0.6778122558593751 0.23281987847222232 0.663353515625 0.22987710266960676 0.6970024020103195 0.752392293641829 0.7114611422446946
0 0.752969161963263 0.7108390503302124 0.22793576388888898 0.6944912109374999 0.22487154984229274 0.7256292113885374 0.7499049479166667 0.74197705078125
0 0.7520772569444447 0.7407548828125001 0.2296961805555557 0.729755126953125 0.22749707691526588 0.7627993192560905 0.7498781533041549 0.7737990751154655
0 0.7477330729166669 0.771920654296875 0.22793576388888903 0.75768212890625 0.2251230370710623 0.7901715236164548 0.7449203460988402 0.8044100490070798
0 0.7488708687831938 0.8027974116564135 0.23281987847222238 0.7860725097656249 0.22950977357791766 0.8183883793592115 0.7455607638888889 0.8351132812500001
0 0.7466471354166669 0.8364746093750001 0.22956380208333346 0.8172099609375001 0.22604007507925314 0.8471358292209998 0.7431234084125866 0.8664004776584998
0 0.7458982839753968 0.8670834733902156 0.22956380208333352 0.847431884765625 0.22596846949682575 0.8773213117660345 0.742302951388889 0.896972900390625
0 0.7437795449461191 0.8988697051216409 0.22956380208333352 0.87673779296875 0.22553105243440286 0.9063842463845839 0.7397467952971885 0.9285161585374748
0 0.7412165798611112 0.9256943359375 0.2351267361111113 0.90797265625 0.23196458081729388 0.9365453369054175 0.7380544245672939 0.9542670165929175
0 0.7390447048611113 0.953193603515625 0.2351267361111114 0.940360595703125 0.23235802946523773 0.9747601949279376 0.7362759982152377 0.9875932027404376