0 0.6778780587661437 0.19292413864473104 0.6729561606680631 0.15133032970015134 0.24010766536458328 0.18014159716796876 0.2450295634626639 0.22173540611254847
0 0.6756450965764348 0.2310214831366666 0.6705347747082281 0.19109941670597833 0.24832880338541666 0.221500015625 0.2534391252536235 0.26142208205568823
0 0.6759191707130542 0.26786690939505364 0.6712270566406248 0.23133162988281253 0.2585858418218058 0.2611408941933583 0.26327795589423497 0.2976761737055994
0 0.6830460581630263 0.301920246769414 0.6772693267490784 0.26365916030227154 0.26712387760416667 0.29849171289062504 0.2729006090181145 0.3367527993577675
0 0.6849015760762119 0.33458392095033745 0.6784784352492252 0.29682224897064735 0.27560147265625007 0.33536930273437504 0.2820246134832367 0.37313097471406514
0 0.6860001914724284 0.3698117159101316 0.6801074828844008 0.33420890710237244 0.2824802473958333 0.37122830517578126 0.2883729559838609 0.40683111398354044
0 0.6899163123313864 0.39915744490879745 0.6841453776031775 0.3669641187752708 0.29226864843750006 0.4064782387695313 0.29803958316570905 0.438671564903058
0 0.6937949354296067 0.4311978183467084 0.6875887649042557 0.39859841446345307 0.30112305273437495 0.4399838510742188 0.30732922325972595 0.4725832549574741
0 0.6924287567486251 0.4603956995475138 0.6866585501302082 0.4307858588867187 0.3090692238121499 0.4721760593873576 0.31483943043056684 0.5017859000481526
0 0.695681759719787 0.4895709321230962 0.6897888217860134 0.4600714226437498 0.31459362239583333 0.502231060546875 0.3204865603296068 0.5317305700262215
0 0.6971501856838259 0.5173457768786569 0.6906649789931745 0.4874389695988476 0.3208689231770833 0.5325454116210937 0.32735412986773477 0.562452218900903
0 0.6992855029565405 0.5474653642662641 0.6927405377604167 0.517407369140625 0.3299776108753791 0.5618390513121273 0.33652257607150293 0.5918970464377664
0 0.7019294377359776 0.5728305777240864 0.6951083351684768 0.5437999860694953 0.33639380238041583 0.591210011861034 0.3432149049479167 0.620240603515625
0 0.702389855076735 0.5989051292699924 0.6958521473739165 0.5726407364944406 0.34414973567708335 0.621885041015625 0.35068744337990204 0.6481494337911768
0 0.704931394198624 0.6275460675559081 0.6977748463541666 0.5987356704101563 0.3504511552805427 0.6472657796120607 0.357607703125 0.6760761767578125
0 0.7053377613774385 0.652167677055533 0.6983631796875002 0.6257219389648437 0.35463597690010756 0.6767135699699552 0.3616105585900459 0.7031593080606445
0 0.7074632330871792 0.6745059354038798 0.7008048701262807 0.6506225782980402 0.36259871386201814 0.7036592337144728 0.36925707682291664 0.7275425908203125
0 0.7095442638714403 0.6992876013621918 0.7021480367905117 0.6736577451744112 0.3706894154971965 0.7274619123669069 0.378085642578125 0.7530917685546876
0 0.7101331558200759 0.7242742043424188 0.7034529795275034 0.7009721547925035 0.37479314011367754 0.7539705803328972 0.38147331640625 0.7772726298828125
0 0.7131700141637379 0.7453584362962749 0.706382378341612 0.7225292549763104 0.38323938175599914 0.7765730042269106 0.390027017578125 0.799402185546875
0 0.7176463764173048 0.7672049246435725 0.71006261017201 0.7430124207615203 0.3866496074218749 0.8000398930664061 0.3942333736671697 0.8242323969484583
0 0.718365491153655 0.7931737006803202 0.71071023046875 0.7685017861328126 0.39257890802058953 0.8240264693869298 0.4002341687054945 0.8486983839344374