0 0.5345052083333334 0.353515625 0.2298177083333334 0.353515625 0.2298177083333334 0.380859375 0.5345052083333334 0.380859375
0 0.5384114583333334 0.3251953125 0.2278645833333334 0.3251953125 0.2278645833333334 0.35205078125 0.5384114583333334 0.35205078125
0 0.5427574222660931 0.2977240614079398 0.2167604166666667 0.289681640625 0.21533369365713953 0.3222120112474451 0.541330699256566 0.33025443203038485
0 0.5474154505423063 0.7204522276608792 0.5397870034538157 0.6917288258644207 0.2424529331198427 0.7361476919535416 0.2500813802083333 0.7648710937500001
0 0.5413085363136713 0.4031543294639981 0.5399665719299831 0.3735818692832061 0.22808739759547847 0.38154277419420807 0.22942936197916666 0.4111152343750001
0 0.5393395182291667 0.4288056640625 0.5372416689570073 0.39750620432471817 0.23057662989450725 0.4090679719028431 0.23267447916666661 0.4403674316406249
0 0.5410232879451918 0.4555170939516292 0.5388485533778234 0.42736228295570505 0.23757135918263164 0.44045236673845084 0.23974609375000003 0.468607177734375
0 0.5418768944691431 0.47931894345409254 0.5386765416045541 0.4514613014577341 0.23837093619791105 0.47086745565989163 0.2415712890625 0.49872509765625006
0 0.5426611904830175 0.505928839844961 0.5396957919532005 0.4782160971093857 0.2386058905326831 0.49633877093629963 0.24157128906250003 0.524051513671875
0 0.5440891895542208 0.5302337607569492 0.5403293282093832 0.5020373691604495 0.23597711782182906 0.5248658642628754 0.23973697916666667 0.5530622558593751
0 0.5436832048711616 0.5545856586435314 0.5399114583333333 0.528113037109375 0.24002154773300502 0.5521472515127186 0.2437932942708333 0.578619873046875
0 0.5440162725246446 0.578776388810073 0.5397906374636592 0.5529319448481191 0.23713373993901468 0.5807673724442963 0.24135937500000004 0.60661181640625
0 0.5428777476245242 0.6023171896708828 0.5377448605752653 0.5744480767989603 0.23784920930490774 0.6055173617374525 0.24298209635416668 0.633386474609375
0 0.5421962573104954 0.6266658145346011 0.5366560072242911 0.5995460668709323 0.23987544001796227 0.6336497835863313 0.24541569010416664 0.66076953125
0 0.543155580741823 0.6496379743449747 0.5369863492160042 0.622258200392383 0.2416803778491811 0.6596861440161583 0.247849609375 0.6870659179687499
0 0.5448809208476272 0.6736865792515431 0.5395021256240919 0.6486495867550244 0.24247081415146474 0.6845440621909813 0.247849609375 0.7095810546875
0 0.5443853382521836 0.6959660116698964 0.539021476987756 0.6739639470090024 0.2400518288397392 0.7149620466672312 0.24541569010416664 0.7369641113281251
0 0.7932168920655226 0.6827251686680784 0.7872821215703848 0.6590336644492735 0.5527605420048621 0.692079491874945 0.5586953124999999 0.71577099609375
0 0.7949331260393797 0.6601566531305001 0.7894449814608034 0.6375842012655437 0.5545118554214238 0.6697144133694186 0.56 0.692286865234375
0 0.7956355751440275 0.6385423619827724 0.7901925614616783 0.6159299233755714 0.5558613482968173 0.647658069205299 0.5613043619791666 0.6702705078125
0 0.7976451662544747 0.6177246462583746 0.7920391522465366 0.5927135784593698 0.5576553792212285 0.6222645669666201 0.5632613932291667 0.647275634765625
0 0.7972854269167985 0.5976830532994146 0.7935162760416666 0.576299072265625 0.5601445861040348 0.5994370638880854 0.5639137369791666 0.620821044921875
0 0.7993305798748631 0.5732193256605465 0.7945938971354205 0.5487637981767977 0.5552633172605574 0.5748384178287513 0.56 0.5992939453125001
0 0.7996996818191676 0.5523796275236076 0.7956631789931051 0.5274639535135703 0.5546588096739375 0.5494263670055878 0.5586953124999999 0.574342041015625
0 0.8016068994368015 0.5294172684888399 0.7983594673141421 0.5071242941263415 0.5613186486065072 0.5265473576687517 0.5645660807291666 0.54884033203125
0 0.8022948418875481 0.5078047279791584 0.7989506804981733 0.48353900277175227 0.5599172318397917 0.5020689915894688 0.5632613932291666 0.526334716796875
0 0.8047736921171197 0.4854331932743789 0.8013162193523061 0.4583930563892195 0.559151576714353 0.4758104490523407 0.5626090494791667 0.5028505859375001
0 0.8041290814136542 0.4635079317077468 0.8019960937500001 0.43924755859375003 0.5604760618155126 0.45119201946412824 0.5626090494791667 0.475452392578125
0 0.8085188802083333 0.29221289062500005 0.55667578125 0.292212890625 0.55667578125 0.32025439453125004 0.8085188802083333 0.3202543945312501
0 0.8053455745924754 0.32123309221923635 0.560754872016119 0.32072756241703737 0.5606523437500001 0.348631103515625 0.8052430463263566 0.34913663331782396
0 0.8052574869791668 0.347163330078125 0.5619715351843299 0.3470907483880704 0.5619567057291667 0.3750507812500001 0.8052426575240036 0.37512336294005466
0 0.8076009069970831 0.395872163681913 0.8064925932471381 0.3684445663740188 0.5601960482292216 0.37404286167648076 0.5613043619791666 0.401470458984375
0 0.8076016680379392 0.41692424132409023 0.8056772109223954 0.3904414570913139 0.5613369361136228 0.40042908100159874 0.5632613932291667 0.4269118652343751
0 0.8075409942459829 0.4403401188997148 0.8047837785634168 0.412311139620991 0.5611565212966004 0.42579182150252604 0.5639137369791666 0.4538208007812499