0 0.9626835208333338 0.13122982666015634 0.24094346093750005 0.08939115673828128 0.23178746304786524 0.1393662575883205 0.9535275229436989 0.18120492751019557
0 0.9504522855902778 0.18029926611328126 0.2349353602430556 0.14280894873046876 0.22664720012249331 0.19285893705909765 0.9421641254697156 0.23034925444191015
0 0.9324788281249999 0.22826141015625 0.228185671875 0.19360147216796872 0.22119335071245672 0.238557932347141 0.9254865069624566 0.2732178703354223
0 0.9171008776041667 0.27644846875000006 0.22537172656250004 0.24127483154296875 0.21825496004471387 0.28555880379700305 0.9099841110863804 0.32073244100403436
0 0.9059877803819444 0.31832894677734375 0.22026267795138899 0.2889122524414062 0.2145824623971339 0.330807624394587 0.9003075648276894 0.3602243187305245
0 0.8884845017361109 0.36321469042968757 0.22696835937500007 0.3345428237304688 0.22123714481495682 0.376381332667516 0.8827532871760677 0.4050531993667348
0 0.8758197708333335 0.40583884082031263 0.2328440659722223 0.3781135922851563 0.22679614105509463 0.42249188186766895 0.8697718459162059 0.4502171304028253
0 0.8598296380208333 0.4439150107421876 0.23280044444444453 0.42276469824218754 0.2287430259496935 0.46082443945242724 0.8557722195260822 0.4819747519524273
0 0.8482417647569443 0.4826105834960937 0.22278331944444454 0.46498352783203123 0.21966505976950412 0.49999223048896996 0.8451235050820041 0.5176192861530324
0 0.8368546909722222 0.5203385449218749 0.2275625321180556 0.5008120107421874 0.22343948302820874 0.5415185313240174 0.8327316418823753 0.5610450655037049
0 0.8278523723958334 0.5545619946289062 0.2308295193102573 0.5416471609403358 0.2284497022569446 0.5764560981445312 0.8254725553425207 0.5893709318331016
0 0.8196505425347224 0.5913132290039063 0.22482555468750012 0.5775718852539061 0.22222643814756302 0.6131703121632356 0.8170514259947852 0.6269116559132357
0 0.8110318958333335 0.6245406684570313 0.22037288802083344 0.613593115234375 0.21817466432468716 0.6511194980827724 0.8088336721371872 0.6620670513054286
0 0.8024132109375003 0.6577683525390626 0.2218280581597224 0.6486106977539063 0.22018301215787406 0.681610000081115 0.800768164935652 0.6907676548662713
0 0.7917111032986114 0.6895991201171876 0.2236714845365858 0.6862514471022538 0.2231539296875002 0.7140381508789063 0.7911935484495257 0.7173858238938401
0 0.7858810633680557 0.7196895698242187 0.21715261111111123 0.7156456401367187 0.21643826686424975 0.7474329638545515 0.7851667191211942 0.7514768935420515
0 0.7738171478349719 0.7781063350498827 0.7733261918242204 0.7484037135525244 0.21684595544758173 0.7513140459831105 0.2173369114583333 0.7810166674804687
0 0.7595193242761669 0.8060494252896911 0.7591562781462761 0.7795538608910283 0.2207688965784425 0.7818880098200871 0.22113194270833333 0.80838357421875
0 0.7652180301715941 0.8344199371160066 0.7646440774695791 0.8060030520152879 0.21596304035354053 0.80950947769225 0.21653699305555554 0.8379263627929687
0 0.746305483154176 0.8575101069922592 0.7455551918920906 0.8364506051349602 0.21583777256944442 0.842421935546875 0.2165880638315298 0.8634814374041739
0 0.7471176459323852 0.8879213140349832 0.745878161240051 0.8616694882095337 0.2108793668701658 0.8696619305222069 0.2121188515625 0.8959137563476564