0 0.35520833333333346 0.64296875 0.17916666666666678 0.64296875 0.17916666666666678 0.65703125 0.35520833333333346 0.65703125
0 0.6052083333333333 0.38515625000000003 0.41770833333333346 0.38515625 0.41770833333333346 0.40390625 0.6052083333333333 0.40390625
0 0.3562500000000001 0.62421875 0.18020833333333344 0.62421875 0.18020833333333344 0.640625 0.3562500000000001 0.640625
0 0.5979166666666667 0.5390625 0.4229166666666668 0.5390625 0.4229166666666668 0.55546875 0.5979166666666667 0.55546875
0 0.5927083333333333 0.63046875 0.41458333333333347 0.63046875 0.41458333333333347 0.64453125 0.5927083333333333 0.64453125
0 0.6020833333333333 0.4640625 0.4218750000000001 0.4640625 0.4218750000000001 0.48125 0.6020833333333333 0.48125
0 0.59375 0.61171875 0.4166666666666668 0.61171875 0.4166666666666668 0.6265625 0.59375 0.6265625
0 0.6010416666666667 0.503125 0.4218750000000001 0.503125 0.4218750000000001 0.51953125 0.6010416666666667 0.51953125
0 0.8510416666666667 0.471875 0.6625 0.471875 0.6625 0.48984375 0.8510416666666667 0.48984375
0 0.6083333333333333 0.36484375 0.4270833333333334 0.36484375 0.4270833333333334 0.384375 0.6083333333333333 0.3843750000000001
0 0.8395833333333333 0.565625 0.6572916666666667 0.565625 0.6572916666666667 0.5828125 0.8395833333333333 0.5828125
0 0.8364583333333333 0.584375 0.6614583333333334 0.584375 0.6614583333333334 0.6015625 0.8364583333333333 0.6015625
0 0.6052083333333333 0.42578125 0.4197916666666668 0.42578125 0.4197916666666668 0.44375 0.6052083333333333 0.44375
0 0.596875 0.57578125 0.4166666666666668 0.57578125 0.4166666666666668 0.59296875 0.596875 0.59296875
0 0.6 0.52109375 0.4291666666666668 0.52109375 0.4291666666666668 0.5390625 0.6 0.5390625
0 0.596875 0.5578125 0.41770833333333346 0.5578125 0.41770833333333346 0.57421875 0.596875 0.57421875
0 0.83125 0.6546875 0.6458333333333334 0.6546875 0.6458333333333334 0.671875 0.83125 0.671875
0 0.3562500000000001 0.60625 0.18020833333333344 0.60625 0.18020833333333344 0.62265625 0.3562500000000001 0.62265625
0 0.875 0.3109375000000001 0.6729166666666667 0.3109375000000001 0.6729166666666667 0.33281250000000007 0.875 0.33281250000000007
0 0.6020833333333333 0.48359375 0.4229166666666668 0.48359375 0.4229166666666668 0.5015625 0.6020833333333333 0.5015625
0 0.3593750000000001 0.4984375 0.17604166666666674 0.4984375 0.17604166666666674 0.515625 0.3593750000000001 0.515625
0 0.5916666666666667 0.6484375 0.4114583333333334 0.6484375 0.4114583333333334 0.66328125 0.5916666666666667 0.66328125
0 0.3572916666666668 0.42265625 0.17187500000000006 0.42265625 0.17187500000000006 0.440625 0.3572916666666668 0.440625
0 0.3572916666666668 0.5171875 0.1770833333333334 0.5171875 0.1770833333333334 0.53203125 0.3572916666666668 0.53203125
0 0.35833333333333345 0.553125 0.17916666666666678 0.553125 0.17916666666666678 0.5703125 0.35833333333333345 0.5703125
0 0.6041666666666666 0.44453125 0.4229166666666668 0.44453125 0.4229166666666668 0.4625 0.6041666666666666 0.4625
0 0.35833333333333345 0.534375 0.17812500000000006 0.534375 0.1781250000000001 0.5515625 0.35833333333333345 0.5515625
0 0.3593750000000001 0.47890625 0.17604166666666674 0.47890625 0.17604166666666674 0.49609375 0.3593750000000001 0.49609375
0 0.840625 0.546875 0.6572916666666667 0.546875 0.6572916666666667 0.56484375 0.840625 0.56484375
0 0.59375 0.59375 0.41770833333333346 0.59375 0.41770833333333346 0.61015625 0.59375 0.61015625
0 0.35833333333333345 0.403125 0.17604166666666674 0.403125 0.17604166666666674 0.421875 0.35833333333333345 0.421875
0 0.834375 0.63671875 0.65 0.63671875 0.65 0.65390625 0.834375 0.65390625
0 0.35833333333333345 0.4421875 0.17395833333333338 0.4421875 0.17395833333333338 0.45859375 0.35833333333333345 0.45859375
0 0.6125 0.32578125 0.41354166666666664 0.32578125 0.41354166666666664 0.34453125000000007 0.6125 0.34453125000000007
0 0.35833333333333345 0.384375 0.1770833333333334 0.384375 0.1770833333333334 0.40234375 0.35833333333333345 0.40234375
0 0.834375 0.60234375 0.6635416666666667 0.60234375 0.6635416666666667 0.61875 0.834375 0.61875
0 0.8770833333333333 0.2914062500000001 0.6770833333333334 0.2914062500000001 0.6770833333333334 0.30937500000000007 0.8770833333333333 0.30937500000000007
0 0.8625 0.3945312500000001 0.6708333333333333 0.3945312500000001 0.6708333333333333 0.41328125 0.8625 0.41328125
0 0.609375 0.3453125 0.415625 0.3453125 0.4156250000000001 0.36406250000000007 0.609375 0.36406250000000007
0 0.36041666666666666 0.3453125 0.17395833333333338 0.3453125 0.17395833333333338 0.3625 0.36041666666666666 0.3625
0 0.84375 0.528125 0.6572916666666667 0.528125 0.6572916666666667 0.546875 0.84375 0.546875
0 0.875 0.3335937500000001 0.6708333333333333 0.3335937500000001 0.6708333333333333 0.3531250000000001 0.875 0.3531250000000001
0 0.3562500000000001 0.5890625 0.18020833333333344 0.5890625 0.18020833333333344 0.60546875 0.3562500000000001 0.60546875
0 0.6145833333333334 0.30312500000000003 0.415625 0.303125 0.415625 0.321875 0.6145833333333334 0.3218750000000001
0 0.3604166666666668 0.36484375 0.16875000000000007 0.36484375 0.16875000000000007 0.38359375 0.3604166666666668 0.38359375
0 0.8583333333333333 0.4328125 0.6645833333333333 0.4328125 0.6645833333333333 0.4515625 0.8583333333333333 0.4515625
0 0.8697916666666666 0.3531250000000001 0.6697916666666667 0.3531250000000001 0.6697916666666667 0.3726562500000001 0.8697916666666666 0.3726562500000001
0 0.6072916666666667 0.4046875 0.4187500000000001 0.4046875 0.4187500000000001 0.4234375 0.6072916666666667 0.4234375
0 0.8604166666666667 0.4140625 0.6645833333333333 0.4140625 0.6645833333333333 0.4328125 0.8604166666666667 0.4328125
0 0.8677083333333333 0.3726562500000001 0.66875 0.3726562500000001 0.66875 0.3929687500000001 0.8677083333333333 0.3929687500000001
0 0.35833333333333345 0.57109375 0.17812500000000012 0.57109375 0.17812500000000012 0.5875 0.35833333333333345 0.5875
0 0.846875 0.509375 0.659375 0.509375 0.659375 0.52734375 0.846875 0.52734375
0 0.8333333333333334 0.6203125 0.6635416666666667 0.6203125 0.6635416666666667 0.63671875 0.8333333333333334 0.63671875
0 0.3593750000000001 0.459375 0.17395833333333338 0.459375 0.17395833333333338 0.478125 0.3593750000000001 0.478125
0 0.85625 0.45234375 0.6635416666666667 0.45234375 0.6635416666666667 0.47109375 0.85625 0.47109375
0 0.8510416666666667 0.490625 0.6583333333333333 0.490625 0.6583333333333333 0.50859375 0.8510416666666667 0.50859375