0 0.93359375 0.6015625000000001 0.740234375 0.6015625000000001 0.740234375 0.6276041666666669 0.93359375 0.6276041666666669
0 0.93505859375 0.6308593750000001 0.73828125 0.6308593750000001 0.73828125 0.6582031250000001 0.93505859375 0.6582031250000001
0 0.521484375 0.7252604166666666 0.3261718750000001 0.7252604166666666 0.3261718750000001 0.75 0.521484375 0.75
0 0.52197265625 0.6087239583333334 0.3212890625000001 0.6087239583333334 0.3212890625000001 0.6341145833333334 0.52197265625 0.6341145833333335
0 0.93017578125 0.7161458333333335 0.73974609375 0.7161458333333334 0.73974609375 0.7421875000000001 0.93017578125 0.7421875000000003
0 0.93505859375 0.5149739583333335 0.7451171875 0.5149739583333335 0.7451171875 0.5410156250000001 0.93505859375 0.5410156250000001
0 0.30419921875 0.578125 0.11767578125000006 0.578125 0.11767578125000006 0.603515625 0.30419921875 0.603515625
0 0.3085937500000001 0.6067708333333334 0.11718750000000006 0.6067708333333334 0.11718750000000006 0.6328125 0.3085937500000001 0.6328125
0 0.93896484375 0.5436197916666669 0.74365234375 0.5436197916666669 0.74365234375 0.5709635416666669 0.93896484375 0.5709635416666669
0 0.3120117187500001 0.6627604166666666 0.12158203125000006 0.6627604166666666 0.12158203125000006 0.6888020833333334 0.3120117187500001 0.6888020833333334
0 0.5185546875 0.7819010416666666 0.3286132812500001 0.7819010416666666 0.3286132812500001 0.8072916666666666 0.5185546875 0.8072916666666666
0 0.92529296875 0.7721354166666669 0.736328125 0.7721354166666666 0.736328125 0.7975260416666669 0.92529296875 0.797526041666667
0 0.52197265625 0.6953125 0.3271484375000001 0.6953125 0.3271484375000001 0.7213541666666666 0.52197265625 0.7213541666666666
0 0.3061523437500001 0.748046875 0.12548828125000006 0.748046875 0.12548828125000006 0.7734375 0.3061523437500001 0.7734375
0 0.72607421875 0.4583333333333335 0.5302734375 0.4583333333333335 0.5302734375 0.48437500000000017 0.72607421875 0.48437500000000017
0 0.3081054687500001 0.7194010416666666 0.12451171875000006 0.7194010416666666 0.12451171875000006 0.7447916666666666 0.3081054687500001 0.7447916666666666
0 0.96044921875 0.08723958333333347 0.75732421875 0.08723958333333344 0.75732421875 0.11653645833333347 0.96044921875 0.11653645833333348
0 0.94091796875 0.3971354166666668 0.74951171875 0.3971354166666668 0.74951171875 0.4251302083333335 0.94091796875 0.4251302083333335
0 0.9296875 0.6881510416666669 0.73681640625 0.6881510416666666 0.73681640625 0.7135416666666669 0.9296875 0.713541666666667
0 0.720703125 0.6308593750000001 0.53125 0.6308593750000001 0.53125 0.6562500000000001 0.720703125 0.6562500000000001
0 0.72509765625 0.6015625000000001 0.53564453125 0.6015625000000001 0.53564453125 0.6276041666666669 0.72509765625 0.6276041666666669
0 0.72265625 0.6588541666666669 0.53515625 0.6588541666666669 0.53515625 0.6842447916666666 0.72265625 0.6842447916666666
0 0.3085937500000001 0.7760416666666666 0.12695312500000006 0.7760416666666666 0.12695312500000006 0.8014322916666666 0.3085937500000001 0.8014322916666666
0 0.5185546875 0.6373697916666667 0.3247070312500001 0.6373697916666666 0.3247070312500001 0.6647135416666667 0.5185546875 0.6647135416666669
0 0.72314453125 0.6868489583333334 0.5341796875 0.6868489583333334 0.5341796875 0.7122395833333334 0.72314453125 0.7122395833333334
0 0.71923828125 0.7434895833333334 0.53515625 0.7434895833333334 0.53515625 0.7682291666666666 0.71923828125 0.7682291666666666
0 0.7265625 0.5162760416666669 0.53466796875 0.5162760416666669 0.53466796875 0.5436197916666669 0.7265625 0.5436197916666669
0 0.30810546875 0.490234375 0.11669921875000006 0.490234375 0.11669921875000006 0.5169270833333334 0.30810546875 0.5169270833333334
0 0.30322265625 0.548828125 0.12109375000000006 0.548828125 0.12109375000000006 0.5755208333333334 0.30322265625 0.5755208333333334
0 0.94482421875 0.36718750000000017 0.751953125 0.36718750000000017 0.751953125 0.39648437500000017 0.94482421875 0.39648437500000017
0 0.93603515625 0.4856770833333335 0.7470703125 0.4856770833333335 0.7470703125 0.5130208333333335 0.93603515625 0.5130208333333335
0 0.72119140625 0.7135416666666666 0.5390625 0.7135416666666666 0.5390625 0.740234375 0.72119140625 0.740234375
0 0.72802734375 0.42968750000000017 0.53369140625 0.42968750000000017 0.53369140625 0.4563802083333335 0.72802734375 0.4563802083333335
0 0.72705078125 0.48828125000000017 0.53564453125 0.48828125000000017 0.53564453125 0.5149739583333335 0.72705078125 0.5149739583333335
0 0.5166015625 0.5501302083333334 0.31884765625 0.5501302083333334 0.31884765625 0.5761718750000001 0.5166015625 0.5761718750000001
0 0.7353515625 0.18489583333333345 0.5400390625 0.1848958333333334 0.5400390625 0.2148437500000001 0.7353515625 0.21484375000000014
0 0.72216796875 0.5462239583333335 0.53466796875 0.5462239583333335 0.53466796875 0.5716145833333335 0.72216796875 0.5716145833333335
0 0.5185546875 0.5774739583333334 0.31982421875 0.5774739583333334 0.31982421875 0.6041666666666667 0.5185546875 0.6041666666666669
0 0.52294921875 0.5188802083333334 0.31982421875 0.5188802083333334 0.31982421875 0.5468750000000001 0.52294921875 0.5468750000000001
0 0.3120117187500001 0.8046875 0.12402343750000008 0.8046875 0.12402343750000008 0.8326822916666666 0.3120117187500001 0.8326822916666666
0 0.9267578125 0.7441406250000001 0.7373046875 0.744140625 0.7373046875 0.7688802083333335 0.9267578125 0.7688802083333336
0 0.9384765625 0.4557291666666668 0.748046875 0.4557291666666668 0.748046875 0.48437500000000017 0.9384765625 0.48437500000000017
0 0.3037109375 0.51953125 0.12060546875000006 0.51953125 0.12060546875000006 0.5455729166666666 0.3037109375 0.5455729166666666
0 0.73583984375 0.2167968750000001 0.537109375 0.21679687500000008 0.537109375 0.24544270833333345 0.73583984375 0.24544270833333348
0 0.517578125 0.7532552083333334 0.3232421875000001 0.7532552083333334 0.3232421875000001 0.7786458333333334 0.517578125 0.7786458333333334
0 0.740234375 0.08854166666666675 0.5380859375 0.08854166666666674 0.5380859375 0.1191406250000001 0.740234375 0.11914062500000011
0 0.73291015625 0.2779947916666668 0.5390625 0.27799479166666674 0.5390625 0.3066406250000001 0.73291015625 0.30664062500000017
0 0.94970703125 0.2747395833333335 0.75634765625 0.2747395833333335 0.75634765625 0.3040364583333335 0.94970703125 0.3040364583333335
0 0.94921875 0.3059895833333335 0.75732421875 0.3059895833333335 0.75732421875 0.3346354166666668 0.94921875 0.3346354166666668
0 0.3090820312500001 0.6341145833333334 0.11962890625000006 0.6341145833333334 0.11962890625000006 0.66015625 0.3090820312500001 0.66015625
0 0.306640625 0.31054687500000006 0.10302734375000003 0.310546875 0.10302734375000003 0.3391927083333333 0.306640625 0.3391927083333333
0 0.95068359375 0.21223958333333348 0.76025390625 0.21223958333333348 0.76025390625 0.24218750000000014 0.95068359375 0.24218750000000014
0 0.953125 0.18164062500000014 0.76171875 0.18164062500000014 0.76171875 0.21093750000000014 0.953125 0.21093750000000014
0 0.7314453125 0.24739583333333345 0.541015625 0.2473958333333334 0.541015625 0.2766927083333334 0.7314453125 0.2766927083333335
0 0.732421875 0.3085937500000001 0.53759765625 0.30859375000000006 0.53759765625 0.3372395833333335 0.732421875 0.3372395833333335
0 0.9384765625 0.4270833333333335 0.751953125 0.4270833333333335 0.751953125 0.45507812500000017 0.9384765625 0.45507812500000017
0 0.947265625 0.3365885416666668 0.7548828125 0.3365885416666668 0.7548828125 0.3658854166666668 0.947265625 0.3658854166666668
0 0.734375 0.15364583333333343 0.5380859375 0.1536458333333334 0.5380859375 0.18294270833333345 0.734375 0.18294270833333348
0 0.51806640625 0.48828125000000006 0.31982421875 0.48828125 0.31982421875 0.5162760416666667 0.51806640625 0.5162760416666669
0 0.30126953125 0.3977864583333333 0.10937500000000003 0.3977864583333333 0.10937500000000003 0.42578125 0.30126953125 0.42578125
0 0.95703125 0.11914062500000012 0.76025390625 0.11914062500000011 0.76025390625 0.15039062500000014 0.95703125 0.15039062500000014
0 0.30419921875 0.4615885416666667 0.11425781250000006 0.4615885416666667 0.11425781250000006 0.48828125 0.30419921875 0.48828125
0 0.728515625 0.3684895833333335 0.53515625 0.3684895833333335 0.53515625 0.3971354166666668 0.728515625 0.3971354166666668
0 0.3090820312500001 0.6907552083333334 0.12304687500000006 0.6907552083333334 0.12304687500000006 0.716796875 0.3090820312500001 0.716796875
0 0.72900390625 0.3997395833333335 0.53564453125 0.3997395833333335 0.53564453125 0.42773437500000017 0.72900390625 0.42773437500000017
0 0.93212890625 0.6601562500000001 0.7392578125 0.6601562500000001 0.7392578125 0.6861979166666669 0.93212890625 0.686197916666667
0 0.30615234375 0.3704427083333333 0.10839843750000003 0.3704427083333333 0.10839843750000003 0.3990885416666667 0.30615234375 0.3990885416666667
0 0.7216796875 0.5735677083333335 0.53564453125 0.5735677083333335 0.53564453125 0.5996093750000001 0.7216796875 0.5996093750000001
0 0.9501953125 0.24348958333333348 0.7587890625 0.24348958333333348 0.7587890625 0.2721354166666668 0.9501953125 0.2721354166666668
0 0.72998046875 0.3385416666666668 0.53564453125 0.3385416666666668 0.53564453125 0.36718750000000017 0.72998046875 0.36718750000000017
0 0.30517578125 0.431640625 0.11279296875000003 0.431640625 0.11279296875000004 0.4596354166666667 0.30517578125 0.4596354166666667
0 0.95703125 0.15039062500000014 0.76171875 0.1503906250000001 0.76171875 0.18033854166666682 0.95703125 0.18033854166666682
0 0.74462890625 0.05598958333333345 0.53515625 0.055989583333333426 0.53515625 0.08463541666666675 0.74462890625 0.08463541666666678
0 0.30029296875 0.3411458333333333 0.10351562500000003 0.3411458333333333 0.10351562500000003 0.369140625 0.30029296875 0.369140625
0 0.93310546875 0.5735677083333335 0.74267578125 0.5735677083333335 0.74267578125 0.6002604166666669 0.93310546875 0.6002604166666669
0 0.73828125 0.1210937500000001 0.5322265625 0.12109375000000007 0.5322265625 0.15104166666666677 0.73828125 0.15104166666666677
0 0.52001953125 0.6660156250000001 0.3266601562500001 0.666015625 0.3266601562500001 0.693359375 0.52001953125 0.693359375
0 0.720703125 0.7708333333333334 0.53564453125 0.7708333333333334 0.53564453125 0.7955729166666666 0.720703125 0.7955729166666666
0 0.72216796875 0.7981770833333334 0.5380859375 0.7981770833333334 0.5380859375 0.8216145833333334 0.72216796875 0.8216145833333334
0 0.521484375 0.4602864583333334 0.31884765625 0.4602864583333333 0.31884765625 0.4856770833333334 0.521484375 0.4856770833333335
0 0.9248046875 0.8007812500000001 0.7353515625 0.80078125 0.7353515625 0.8255208333333335 0.9248046875 0.8255208333333336
0 0.30712890625 0.28059895833333337 0.09814453125000003 0.2805989583333333 0.09814453125000003 0.3072916666666667 0.30712890625 0.30729166666666674
0 0.5185546875 0.8118489583333334 0.3276367187500001 0.8118489583333334 0.3276367187500001 0.8391927083333334 0.5185546875 0.8391927083333334