0 0.768104631814321 0.0952407527718923 0.7674893497888173 0.053094048623122926 0.13964400868055557 0.05599411767578126 0.1402592907060592 0.09814082182455063
0 0.7586639896527774 0.13343181089331418 0.7577464835616632 0.0946061861820019 0.1495607847222222 0.09915367626953123 0.1504782908133363 0.13797930098084352
0 0.7563213961668257 0.17551004337776263 0.755875381076389 0.1384522060546875 0.15127701290783366 0.14075460992462058 0.15172302799827037 0.1778124472476957
0 0.7602896069061204 0.21367416422988006 0.7597163351014298 0.1756981934778085 0.14817821354166663 0.17861911767578126 0.14875148534635724 0.21659508842785283
0 0.7558753810763889 0.21704901953125005 0.15827117032596047 0.2162039320690334 0.15810301533547536 0.2538280913836271 0.7557072260859038 0.25467317884584373
0 0.7510248368055557 0.2573737744140626 0.16214248350694452 0.25367794140625005 0.16141091965159693 0.290559859067159 0.7502932729502081 0.29425569207497154
0 0.7471442265624999 0.29503480371093743 0.16834901996527782 0.2925164213867187 0.16787237109803377 0.32717788378902496 0.7466675776952559 0.3296962661132437
0 0.7403533767361111 0.3299666665039063 0.1722278862847223 0.3278637255859375 0.17181916573634437 0.3628009765895392 0.7399446561877333 0.364903917507508
0 0.6996091501736115 0.8765433823242189 0.2187760347222224 0.8646213237304688 0.21659427167904266 0.8924630239465973 0.6974273871304316 0.9043850825403473
0 0.7025193897569446 0.8497985292968752 0.21334509809027796 0.8414926469726562 0.21203983581406277 0.865815845864231 0.7012141274807294 0.8741217281884499
0 0.7083403046875001 0.825237009765625 0.2125694991319446 0.8153093139648437 0.2110228307100552 0.8397478259992915 0.7067936362656106 0.8496755218000728
0 0.7064 0.7974007353515624 0.2071389973958334 0.7895624999999998 0.20593697035741043 0.8137877705173528 0.705197972961577 0.8216260058689154
0 0.7112505442708336 0.7701102939453124 0.2048113289930557 0.7616335786132812 0.20336655757230604 0.788944976176677 0.709805772850084 0.7974216915087082
0 0.7170710243055558 0.7412147060546875 0.20558736371527797 0.7332683823242188 0.2043168981689838 0.759142971088179 0.7158005587592616 0.7670892948186477
0 0.7141607847222223 0.7134110292968752 0.20485664496527795 0.7041323530273439 0.20326875631145913 0.7317099412585513 0.7125728960684036 0.7409886175280825
0 0.7161010894097223 0.6850289213867188 0.20325969531250013 0.6765379902343749 0.20185136030636308 0.7034520232362268 0.7146927544035853 0.7119429543885707
0 0.7238618732638892 0.6561007353515625 0.19938082812500013 0.6499183823242187 0.19837595658478996 0.676891527916252 0.722857001723679 0.6830738809435958
0 0.7277420477430557 0.6239306372070313 0.1955019609375001 0.6167526962890626 0.19425106539305922 0.6461003780562016 0.7264911521986148 0.6532783189741703
0 0.7209516336805558 0.5950026962890627 0.19472592621527793 0.5883875 0.19364465923371366 0.6156024361762974 0.7198703666989915 0.6222176324653601
0 0.7277420477430555 0.5627997548828126 0.19084705902777788 0.559149509765625 0.19022343272538705 0.588172142035727 0.7271184214406647 0.5918223871529146
0 0.7267721137152781 0.5317536762695313 0.1869681918402779 0.5264203432617187 0.18598908133816852 0.5577758696930857 0.7257930032131686 0.5631092027008983
0 0.7335629626736112 0.49958357861328123 0.1838649236111112 0.4967460786132812 0.1833825700117816 0.5263125090133138 0.7330806090742816 0.5291500090133139
0 0.7335629626736112 0.4668348037109375 0.17998605642361126 0.4644534311523438 0.17957607820599267 0.49460823140433857 0.7331529844559926 0.4969896039629323
0 0.7393834418402778 0.434086029296875 0.17963398697916674 0.43190294140625 0.17925799265693845 0.46240637998236206 0.7390074475180496 0.46458946787298705
0 0.7422936822916668 0.3997 0.17843442274305563 0.397686029296875 0.1780674163087632 0.4301974763458901 0.7419266758573744 0.4322114470490151
0 0.7452039218750001 0.36531397070312505 0.1699006536458334 0.36190220605468754 0.16926605244244 0.39576039476474967 0.7445693206716067 0.3991721594131872