0 0.7005208333333334 0.48925781250000006 0.2747395833333334 0.4892578125 0.2747395833333334 0.53466796875 0.7005208333333334 0.53466796875
0 0.6868489583333334 0.18603515625000003 0.26171875 0.18603515625 0.26171875000000006 0.23095703125000003 0.6868489583333334 0.23095703125000006
0 0.7154947916666666 0.71240234375 0.2727864583333335 0.71240234375 0.2727864583333335 0.76123046875 0.7154947916666666 0.76123046875
0 0.69140625 0.27246093750000006 0.26367187500000006 0.2724609375 0.26367187500000006 0.31640625000000006 0.69140625 0.3164062500000001
0 0.6959635416666666 0.40136718750000006 0.2688802083333334 0.4013671875 0.2688802083333334 0.44726562500000006 0.6959635416666666 0.4472656250000001
0 0.7213541666666666 0.8037109375 0.2721354166666668 0.8037109375 0.2721354166666668 0.853515625 0.7213541666666666 0.853515625
0 0.7005208333333334 0.533203125 0.27408854166666674 0.533203125 0.27408854166666674 0.57958984375 0.7005208333333334 0.57958984375
0 0.6848958333333334 0.14941406250000003 0.26171875 0.1494140625 0.26171875 0.19238281250000003 0.6848958333333334 0.19238281250000006
0 0.7063802083333334 0.62109375 0.27213541666666674 0.62109375 0.27213541666666674 0.66845703125 0.7063802083333334 0.66845703125
0 0.693359375 0.31542968750000006 0.2649739583333334 0.3154296875 0.2649739583333334 0.36132812500000006 0.693359375 0.3613281250000001
0 0.703125 0.5791015625 0.27604166666666674 0.5791015625 0.27604166666666674 0.62451171875 0.703125 0.62451171875
0 0.6953125 0.35986328125000006 0.26757812500000006 0.35986328125 0.26757812500000006 0.40380859375000006 0.6953125 0.4038085937500001
0 0.697265625 0.44580078125000006 0.27213541666666674 0.44580078125 0.27213541666666674 0.49121093750000006 0.697265625 0.4912109375000001
0 0.7083333333333334 0.66845703125 0.2747395833333334 0.66845703125 0.2747395833333334 0.71484375 0.7083333333333334 0.71484375
0 0.6868489583333334 0.23242187500000003 0.2610677083333334 0.232421875 0.2610677083333334 0.27636718750000006 0.6868489583333334 0.2763671875000001
0 0.724609375 0.76220703125 0.2760416666666668 0.76220703125 0.2760416666666668 0.80859375 0.724609375 0.80859375
0 0.68359375 0.10693359375000004 0.2584635416666667 0.10693359375000003 0.2584635416666667 0.15087890625000003 0.68359375 0.15087890625000006
0 0.7337239583333336 0.9111328125 0.27539062500000017 0.9111328125 0.27539062500000017 0.95458984375 0.7337239583333336 0.95458984375
0 0.7193823665364584 0.9065822299804688 0.7190901176811754 0.8566167310713374 0.276563981613467 0.8580726729658685 0.27685623046875 0.9080381718749999