0 0.29765625000000007 0.7375 0.1023437500000001 0.7375 0.1023437500000001 0.76875 0.29765625000000007 0.76875
0 0.2968750000000001 0.8395833333333333 0.1023437500000001 0.8395833333333333 0.1023437500000001 0.871875 0.2968750000000001 0.871875
0 0.79765625 0.6708333333333335 0.60390625 0.6708333333333333 0.60390625 0.7020833333333335 0.79765625 0.7020833333333336
0 0.54765625 0.7 0.3593750000000001 0.7 0.3593750000000001 0.7322916666666667 0.54765625 0.7322916666666667
0 0.2984375000000001 0.5635416666666667 0.10234375000000004 0.5635416666666667 0.10234375000000004 0.596875 0.2984375000000001 0.596875
0 0.796875 0.6354166666666667 0.60546875 0.6354166666666666 0.60546875 0.6666666666666667 0.796875 0.6666666666666669
0 0.79453125 0.8072916666666667 0.6046875 0.8072916666666666 0.6046875 0.8395833333333335 0.79453125 0.8395833333333336
0 0.796875 0.7041666666666668 0.6046875 0.7041666666666667 0.6046875 0.7364583333333334 0.796875 0.7364583333333335
0 0.7953125 0.8416666666666668 0.603125 0.8416666666666667 0.603125 0.8729166666666668 0.7953125 0.8729166666666669
0 0.2984375000000001 0.528125 0.10234375000000004 0.528125 0.10234375000000004 0.5604166666666667 0.2984375000000001 0.5604166666666667
0 0.55 0.4208333333333334 0.35703125 0.42083333333333334 0.35703125 0.45312500000000006 0.55 0.4531250000000001
0 0.2984375000000001 0.703125 0.10234375000000004 0.703125 0.10234375000000007 0.734375 0.2984375000000001 0.734375
0 0.3 0.3541666666666667 0.10078125000000004 0.3541666666666667 0.10078125000000004 0.3854166666666667 0.3 0.3854166666666667
0 0.55 0.5583333333333333 0.36015625000000007 0.5583333333333333 0.36015625000000007 0.5916666666666667 0.55 0.5916666666666667
0 0.80078125 0.4979166666666668 0.60625 0.4979166666666668 0.60625 0.5302083333333335 0.80078125 0.5302083333333335
0 0.79453125 0.7729166666666668 0.60546875 0.7729166666666667 0.60546875 0.8052083333333334 0.79453125 0.8052083333333335
0 0.55078125 0.5947916666666667 0.3593750000000001 0.5947916666666667 0.3593750000000001 0.628125 0.55078125 0.628125
0 0.8 0.4635416666666668 0.609375 0.4635416666666668 0.609375 0.49583333333333346 0.8 0.49583333333333346
0 0.54765625 0.8385416666666666 0.3593750000000001 0.8385416666666666 0.3593750000000001 0.8697916666666666 0.54765625 0.8697916666666666
0 0.2968750000000001 0.875 0.1023437500000001 0.875 0.1023437500000001 0.9072916666666667 0.2968750000000001 0.9072916666666667
0 0.2968750000000001 0.80625 0.1023437500000001 0.80625 0.1023437500000001 0.8385416666666666 0.2968750000000001 0.8385416666666666
0 0.54765625 0.871875 0.3593750000000001 0.871875 0.3593750000000001 0.9041666666666667 0.54765625 0.9041666666666667
0 0.80703125 0.2885416666666668 0.6078125 0.2885416666666668 0.6078125 0.32083333333333347 0.80703125 0.32083333333333347
0 0.2968750000000001 0.6666666666666666 0.10234375000000004 0.6666666666666666 0.10234375000000004 0.6989583333333333 0.2968750000000001 0.6989583333333333
0 0.5484375 0.6645833333333333 0.3593750000000001 0.6645833333333333 0.3593750000000001 0.6958333333333333 0.5484375 0.6958333333333333
0 0.8015625 0.42812500000000014 0.60859375 0.42812500000000014 0.60859375 0.4604166666666668 0.8015625 0.4604166666666668
0 0.8 0.5343750000000002 0.60703125 0.534375 0.60703125 0.5656250000000002 0.8 0.5656250000000003
0 0.29765625000000007 0.6333333333333333 0.10234375000000004 0.6333333333333333 0.10234375000000004 0.6645833333333333 0.29765625000000007 0.6645833333333333
0 0.796875 0.6020833333333334 0.6078125 0.6020833333333333 0.6078125 0.6333333333333334 0.796875 0.6333333333333335
0 0.55 0.8041666666666667 0.3578125000000001 0.8041666666666667 0.3578125000000001 0.8354166666666667 0.55 0.8354166666666667
0 0.29921875 0.425 0.10000000000000005 0.425 0.10000000000000005 0.4583333333333333 0.29921875 0.4583333333333333
0 0.5515625 0.525 0.3570312500000001 0.525 0.3570312500000001 0.5572916666666666 0.5515625 0.5572916666666666
0 0.54921875 0.45625000000000004 0.3578125 0.45625 0.35781250000000003 0.4885416666666667 0.54921875 0.48854166666666676
0 0.2968750000000001 0.4947916666666667 0.10156250000000004 0.4947916666666667 0.10156250000000004 0.5270833333333333 0.2968750000000001 0.5270833333333333
0 0.29921875000000003 0.459375 0.10000000000000005 0.459375 0.10000000000000005 0.49166666666666664 0.2992187500000001 0.49166666666666664
0 0.54921875 0.734375 0.3585937500000001 0.734375 0.3585937500000001 0.7666666666666667 0.54921875 0.7666666666666667
0 0.7953125 0.8770833333333334 0.603125 0.8770833333333333 0.603125 0.9093750000000002 0.7953125 0.9093750000000003
0 0.29765625000000007 0.771875 0.1023437500000001 0.771875 0.1023437500000001 0.803125 0.29765625000000007 0.803125
0 0.3 0.390625 0.10078125000000004 0.390625 0.10078125000000004 0.421875 0.3 0.421875
0 0.80546875 0.32187500000000013 0.609375 0.32187500000000013 0.609375 0.3562500000000001 0.80546875 0.3562500000000001
0 0.55 0.3843750000000001 0.3578125 0.384375 0.3578125 0.41666666666666674 0.55 0.4166666666666668
0 0.5515625 0.49062500000000003 0.3578125000000001 0.490625 0.3578125000000001 0.5218750000000001 0.5515625 0.5218750000000001
0 0.796875 0.7406250000000001 0.60234375 0.740625 0.60234375 0.7718750000000001 0.796875 0.7718750000000002
0 0.80546875 0.35833333333333345 0.60703125 0.35833333333333345 0.60703125 0.3906250000000001 0.80546875 0.3906250000000001
0 0.55 0.6302083333333334 0.3593750000000001 0.6302083333333334 0.3593750000000001 0.6614583333333334 0.55 0.6614583333333334
0 0.3000000000000001 0.5989583333333334 0.10078125000000004 0.5989583333333334 0.10078125000000004 0.6302083333333334 0.3000000000000001 0.6302083333333334
0 0.7984375 0.5687500000000001 0.60859375 0.56875 0.60859375 0.6010416666666668 0.7984375 0.6010416666666669
0 0.80859375 0.25208333333333344 0.60859375 0.25208333333333344 0.60859375 0.2843750000000001 0.80859375 0.2843750000000001
0 0.803125 0.3937500000000001 0.60859375 0.3937500000000001 0.60859375 0.4270833333333334 0.803125 0.4270833333333334
0 0.55078125 0.3479166666666667 0.35625 0.34791666666666665 0.35625 0.38125000000000003 0.55078125 0.38125000000000014
0 0.54921875 0.7697916666666667 0.3578125000000001 0.7697916666666667 0.3578125000000001 0.8020833333333334 0.54921875 0.8020833333333334
0 0.55234375 0.27812500000000007 0.35625 0.278125 0.35625 0.31041666666666673 0.55234375 0.3104166666666668
0 0.5515625 0.3135416666666667 0.35703125 0.31354166666666666 0.35703125 0.34687500000000004 0.5515625 0.3468750000000001
0 0.29765625000000007 0.9104166666666667 0.1023437500000001 0.9104166666666667 0.1023437500000001 0.940625 0.29765625000000007 0.940625
0 0.79453125 0.9104166666666668 0.60078125 0.9104166666666667 0.60078125 0.9406250000000002 0.79453125 0.9406250000000003
0 0.55 0.909375 0.3578125000000001 0.909375 0.3578125000000001 0.9395833333333333 0.55 0.9395833333333333