0 0.4900351848958333 0.1899994790039063 0.07824305555555558 0.17939869775390624 0.07598706360072958 0.2071269674123331 0.4877791929410073 0.21772774866233316
0 0.4890079112890946 0.21643481521900382 0.08252638888888893 0.20815390625 0.08081886950797418 0.2346739046350305 0.48730039190817986 0.24295481360403431
0 0.4880787039930554 0.24281041650390622 0.08328101822916673 0.23596093749999997 0.08200446233351462 0.2598316494144431 0.4868021480974034 0.2666811284183494
0 0.9737324071180554 0.19018802099609378 0.5639087960069444 0.18261796875000003 0.562355848407031 0.2092190907077112 0.972179459518142 0.21678914295380494
0 0.9704115737847222 0.21784322900390626 0.5605875 0.21167682275390629 0.5593218365020625 0.23829195580344034 0.9691459102867847 0.24445836205344032
0 0.9697472222222223 0.2447283852539063 0.5612518515625001 0.23975859375000005 0.5602561965116668 0.26565281918579714 0.968751567171389 0.2706226106897034
0 0.900002777777778 0.7631359375 0.5405319444444446 0.7626635415039063 0.5404434494611814 0.7839704850646819 0.8999142827945147 0.7844428810607756
0 0.47447882616512227 0.7744510480614544 0.4736948765247752 0.754465618962944 0.11471157378472219 0.75892109375 0.11549552342506934 0.7789065228485105
0 0.4848180555555557 0.2673705727539063 0.08356631982968162 0.26127204170062285 0.08226215316301497 0.28842204170062286 0.483513888888889 0.2945205727539063
0 0.48350795942072416 0.2945767657169861 0.08467500000000007 0.28769088525390624 0.08328544981363069 0.3131563057739101 0.4821184092343548 0.32004218623699
0 0.9557981484375 0.324659375 0.5498953706597223 0.31833046875 0.5487410206419051 0.3417552707371293 0.9546437984196827 0.3480841769871293
0 0.9498203706597221 0.3478299477539063 0.5485438748601557 0.34470301000435855 0.5478808110043744 0.3716260995185108 0.9491573068039408 0.37475303726805853
0 0.48416620399305565 0.31905885400390627 0.08588935156250008 0.3143401040039063 0.08495439868066357 0.3393086283142102 0.4832312511112191 0.3440273783142102
0 0.9451708333333335 0.3735940102539063 0.5436574680628345 0.3690878788907482 0.5428075896744111 0.3930484959026963 0.9443209549449103 0.39755462726585444
0 0.48541180013728713 0.3448024360389357 0.0876865737847223 0.33850416650390625 0.08641552154247595 0.36390046073430965 0.48414074789504075 0.3701987302693391
0 0.9405208333333334 0.3989846352539063 0.5438106484375 0.3950585937500001 0.5430849226272505 0.4182611634799314 0.9397951075230839 0.42218720498383766
0 0.9365356484375003 0.42325390625000003 0.5425909816255943 0.41977312591797694 0.5419229044928522 0.4436969317744945 0.9358675713047582 0.4471777121065176
0 0.48220972222222236 0.3704239584960938 0.08784583333333341 0.36538671875 0.08680168567485115 0.39125165972140896 0.48116557456374015 0.39628889946750273
0 0.9338787039930556 0.4482929687500001 0.5427819444444446 0.44334010400390633 0.5418810802794674 0.46584785565371256 0.9329778398280784 0.4708007203998063
0 0.48183304649058784 0.395457300865379 0.08781933079804832 0.39035100227422326 0.08684166666666676 0.4142203125 0.4808553823592063 0.41932661109115577
0 0.47875601822916664 0.4193348959960937 0.08636342621527787 0.41459921874999994 0.08540126438970551 0.4398242596646127 0.4777938564035943 0.44455993691070644
0 0.47865710923654325 0.4439182469053613 0.09075416666666676 0.4413265625 0.09027389782832948 0.46407074969017326 0.478176840398206 0.46666243409553454
0 0.4754896956833655 0.46879818016086006 0.08879768489583345 0.46590859375000004 0.08826956299231757 0.48827049610397044 0.4749615737798496 0.49116008251483045
0 0.4734837960069447 0.49057500000000004 0.08945000000000011 0.48826718750000003 0.08898942456620217 0.512517355251027 0.4730232205731467 0.5148251677510272
0 0.47670129746259143 0.515080414208743 0.09325509288194457 0.5120752602539063 0.09269352662771621 0.5347469439150282 0.47613973120836306 0.5377520978698649
0 0.9290041876748248 0.49573965759332106 0.5386898151041669 0.4896588540039063 0.5375814453993001 0.5121692568907702 0.9278958179699581 0.5182500604801848
0 0.4762522332446593 0.537022361268105 0.0981009262152779 0.5364723959960938 0.09799637786645199 0.5592177432240826 0.47614768489583337 0.5597677084960938
0 0.4761476848958335 0.5814145834960939 0.4759470134733865 0.5569619278669768 0.09895118014005308 0.5579408341169768 0.0991518515625 0.5823934897460938
0 0.9299358034120111 0.46963886647052977 0.5426950810515787 0.46606816390128253 0.5419824071180558 0.4905229165039062 0.9292231294784883 0.49409361907315347
0 0.9259078706597224 0.5200020834960939 0.5422675928819447 0.5150054687500001 0.5413747746552678 0.53669531296306 0.9250150524330455 0.5416919277091538
0 0.9212583333333336 0.5412815102539064 0.543749043851015 0.5368276312548309 0.5428208333333334 0.5617208334960938 0.9203301228156521 0.5661747124951693
0 0.9186409409642751 0.5663212620754285 0.5375111111111112 0.5621914062500001 0.536807207473225 0.5827454044284777 0.9179370373263889 0.5868752602539062
0 0.9167419784714311 0.5868611524529618 0.5388393515625 0.5829341147460938 0.5380418175355133 0.6072174935431319 0.9159444444444443 0.6111445312499999
0 0.9166087960069446 0.6114958334960938 0.5419824071180557 0.6070111977539063 0.5410655692926617 0.6312442862408365 0.9156919581815506 0.635728921983024
0 0.9146162039930557 0.6350401040039062 0.5416977757588577 0.6313000101056975 0.5410078706597224 0.653065364746094 0.9139262988939204 0.6568054586443027
0 0.9126231484375003 0.6559682290039063 0.5386611111111113 0.6529786459960938 0.5381109487977748 0.6747533766562274 0.9120729861241637 0.6777429596640399
0 0.9073092595486112 0.6783690102539064 0.535135097842751 0.6753614059183174 0.5346041666666669 0.69614921875 0.906778328372527 0.699156823085589
0 0.9026597222222227 0.6985497397460939 0.534675926215278 0.6959338540039064 0.5341885958555079 0.7176247976434212 0.9021723918624525 0.7202406833856088
0 0.8986745373263891 0.7198294272460939 0.5389962026953204 0.7170900189367525 0.5384703706597224 0.7389348959960939 0.8981487052907914 0.7416743043054352
0 0.8991802068092656 0.742267419007626 0.5347467595486112 0.7396184897460937 0.5342410900657345 0.7616304979845614 0.8986745373263889 0.7642794272460938
0 0.4789490737847222 0.6029036459960936 0.47866649619866564 0.5821884089168298 0.09942453732638887 0.5838252602539062 0.09970711491244542 0.6045404973331701
0 0.48012582712616236 0.6263439863750697 0.479548942540328 0.6025535441145746 0.10203287065972222 0.60545 0.10260975524555656 0.6292404422604951
0 0.47960138888888904 0.650578125 0.4793218764835427 0.627090560582608 0.10397989887911219 0.628503863628016 0.10425941128445851 0.651991428045408
0 0.48146657633348305 0.6692728023013007 0.4808447291114288 0.647737809844569 0.10629722222222224 0.6511598959960938 0.10691906944427654 0.6726948884528255
0 0.47807735929919015 0.693083559309134 0.47762812021420653 0.6694640133421663 0.11006094581084971 0.6716760267869386 0.11051018489583332 0.6952955727539063
0 0.4750365737847222 0.7143520834960938 0.4743388535008884 0.6923236847789981 0.1105467241606107 0.6959695177868105 0.11124444444444445 0.7179979165039062
0 0.47177592621527775 0.7558111977539063 0.47171851976500423 0.7356297353597469 0.10984668892437892 0.7359554279598964 0.10990409537465243 0.7561368903540558
0 0.47392255437851855 0.7326882127604318 0.47373240711805564 0.7132513022460939 0.1100223270374215 0.7143771073898056 0.11021247429788442 0.7338140179041436
0 0.49587731510416677 0.15995104150390624 0.07383009288194448 0.15152083349609374 0.07197044385924502 0.18097853081456342 0.4940176660814673 0.1894087388223759
0 0.9823675928819442 0.1591919272460938 0.5641074071180555 0.15344713525390627 0.5628392179270659 0.1826618276885948 0.9810994036909546 0.18840661968078232
0 0.4711240737847222 0.7983489584960939 0.4702648739896795 0.7766061792516222 0.11781018489583334 0.7810130209960937 0.11866938469087605 0.8027558002405654
0 0.8953532404513891 0.7840640625 0.5393254626736113 0.7836903647460938 0.5392498330541903 0.8064885545251184 0.895277610831968 0.8068622522790246
0 0.9564625000000001 0.2963015625 0.5532166666666668 0.2918875 0.5522527556924882 0.3197495706260017 0.9554985890258217 0.32416363312600166
0 0.9631046293402777 0.27124010400390625 0.5546518454203672 0.26718563894670044 0.553911782786813 0.29077530696307774 0.9623645667067235 0.29482977202028354