0 0.7439544824676725 0.9355291893668829 0.16794800650882685 0.9135080844333543 0.16352698611111127 0.9500975302734375 0.7395334620699568 0.9721186352069661
0 0.7458385746020352 0.8984026201876374 0.16468914531211068 0.8762881626827602 0.16061588368055574 0.910156890625 0.7417653129704802 0.9322713481298772
0 0.7499139173219481 0.8604660652645025 0.1715255613299453 0.8394613670602501 0.16753097734133074 0.8742646094129353 0.7459193333333336 0.8952693076171877
0 0.7544393971663444 0.8247139666789863 0.16625958810655483 0.8062526480554715 0.16287930639159948 0.8403283918257038 0.751059115451389 0.8587897104492187
0 0.7558421587455362 0.787364123604179 0.1764970477662704 0.771705999982855 0.17366302096517894 0.8048837274528949 0.7530081319444447 0.8205418510742188
0 0.7659301079137264 0.7501613413240152 0.17232274634461142 0.7314839235750344 0.16873137239583355 0.7675989658203125 0.7623387339649484 0.7862763835692933
0 0.7642028892516972 0.7130222019882856 0.18255173237115097 0.6958647884552323 0.17929317187500018 0.7308175600585937 0.7609443287555464 0.747974973591647
0 0.7588858775509472 0.6775390661924442 0.1836858497106214 0.6605291689644377 0.18063362413194456 0.6931863647460937 0.7558336519722704 0.7101962619741002
0 0.8029165519978769 0.07416818983255487 0.23783191358895822 0.06444486553569811 0.2357381857638889 0.10294515625000003 0.8008228241728076 0.11266848054685678
0 0.8008235449246003 0.11221786270579548 0.22726380160144607 0.10817624253934643 0.2264887002532347 0.14298004633745728 0.8000484435763888 0.1470216665039063
0 0.7991677773472969 0.15013160220225272 0.2236213845829078 0.13917160065879441 0.22157994965277783 0.17309116894531254 0.797126342417167 0.18405117048877084
0 0.7909427363958443 0.18550274026566338 0.22777685421990995 0.1775787700033897 0.22639572285878792 0.20863677387835142 0.7895616050347223 0.2165607441406251
0 0.7904498972185006 0.22123464189514858 0.21773844386984903 0.2102108869784742 0.2158940868055556 0.240528595703125 0.7886055401542071 0.25155235061979936
0 0.7983391844832417 0.254657250045171 0.21853585497396988 0.24539861330308455 0.216843918754617 0.27892314353135106 0.7966472482638888 0.2881817802734375
0 0.7877204954857661 0.28961120192779805 0.2142552243549246 0.2799394760610141 0.21254819327888075 0.31196451192618485 0.7860134644097222 0.3216362377929688
0 0.7848238298291181 0.3246874732904033 0.2074573864470584 0.3149499408712322 0.20580998283321816 0.3458562888698914 0.7831764262152778 0.35559382128906253
0 0.7832449392971224 0.36036207125519865 0.20706320553772797 0.3492116581134936 0.20518008828921688 0.380000329045795 0.7813618220486113 0.39115074218750007
0 0.7778828144398617 0.39546307030772704 0.20856532464400315 0.38263032289569276 0.20627420572916674 0.41479117626953127 0.7755916955250253 0.42762392368156554
0 0.7751770992078867 0.43099489727753837 0.2029823990857339 0.416976697276904 0.20052008506944455 0.4487776455078125 0.7727147851915972 0.4627958455084469
0 0.7742527886558395 0.46332708075145385 0.19808345720925974 0.4504066571693703 0.19575442534722232 0.48326864794921875 0.7719237567938021 0.4961890715313023
0 0.7729917439541656 0.49642720093352305 0.19836273345775007 0.48560116837500233 0.19642146432997326 0.5182035270117918 0.7710504748263889 0.5290295595703125
0 0.7706683173057498 0.5333445424621116 0.19195992083789054 0.5205654859575187 0.18962388217797424 0.554037825819626 0.7683322786458334 0.5668168823242189
0 0.770017424594585 0.568581645390536 0.18616642851839577 0.5544203308117165 0.1836211879515887 0.5876229500696181 0.767472184027778 0.6017842646484376
0 0.7643112500161477 0.6046977146699059 0.18972076902627494 0.590549829349196 0.18717750078096074 0.6232314901675715 0.7617679817708335 0.6373793754882814
0 0.7650918625707929 0.6418929892213596 0.18218921872771598 0.624170674271526 0.17903520225694455 0.6569941513671875 0.7619378461000215 0.6747164663170212