0 0.8321016814236111 0.9121893081054686 0.8313163114678802 0.8659905247481646 0.20926132969704683 0.8693364602950396 0.21004669965277778 0.9155352436523436
0 0.8386148619791667 0.8688006225585939 0.8380836228710322 0.824650026706553 0.22127396788194448 0.8269983056640625 0.221805206990079 0.8711489015161035
0 0.8279523776041668 0.8291173891601563 0.8276849154203325 0.7847588419546464 0.22279704009488713 0.7859128398192792 0.2230645022787214 0.8302713870247891
0 0.8203500442708332 0.7867515004882812 0.8201486637831059 0.7435476382311595 0.22223217899951525 0.7444294591485593 0.22243355948724255 0.787633321405681
0 0.8175443133680556 0.7469911254882813 0.8171779044460813 0.7043062009391345 0.2271368479256442 0.705908777577691 0.22750325684761843 0.7485937021268377
0 0.8147385842013889 0.7072307509765626 0.8145720434886674 0.6679369104739664 0.2313898386275564 0.6687189798099039 0.23155637934027784 0.7080128203125001
0 0.8103888446180556 0.6683697392578127 0.8098470722351239 0.6251082287478655 0.23334909827679043 0.6273925544314592 0.2338908706597222 0.6706540649414064
0 0.8021234270833335 0.6306868081054688 0.8013314013388004 0.5913954606856798 0.23018052981102258 0.5950382853927111 0.23097255555555554 0.6343296328125001
0 0.8040973480902778 0.5961455024414063 0.8037773851081084 0.5584507863791286 0.23849474982658136 0.5599689897728639 0.2388147128087509 0.5976637058351416
0 0.7954974453125 0.5584832602539064 0.7952023194266764 0.5213341190304814 0.24246886803778755 0.5227234935422002 0.24276399392361117 0.5598726347656251
0 0.7877946391731653 0.49354224517665946 0.2506928854166668 0.4915079140625001 0.2502578381879392 0.5278505471119437 0.7873595919444376 0.5298848782261031
0 0.7879803567708332 0.4931081279296875 0.7876434946718387 0.4583721599943925 0.2475856413732276 0.46002929573657997 0.24792250347222222 0.49476526367187496
0 0.7840668931003266 0.43159207035954517 0.2515597552083334 0.4268947099609375 0.25063668465968064 0.4600041243715142 0.7831438225516738 0.4647014847701219
0 0.7809700141786604 0.3967937912324486 0.25172396874427316 0.39620233894220935 0.25160685213505724 0.42936134067851073 0.7808528975694444 0.42995279296875
0 0.7789076912671796 0.3669410028279224 0.2566584487664516 0.3654497112835125 0.2563650422214941 0.39796069527199635 0.7786142847222223 0.39945198681640626
0 0.7763811654177245 0.3380058634593621 0.25778028645833345 0.33332012646484377 0.25685699577449655 0.36565259377082326 0.7754578747338876 0.3703383307653416
0 0.7709629519043769 0.3073209365754135 0.2608284331597223 0.30151697705078123 0.25966524034538785 0.33386569703235985 0.7697997590900425 0.3396696565569921
0 0.7803099846597722 0.2815145968336647 0.260277671610577 0.2736529360569089 0.25886410937500004 0.30323823876953127 0.7788964224241952 0.3110998995462871
0 0.7733912466076229 0.25187396832770503 0.25352820519656993 0.247567419835964 0.25280081883200256 0.2753498230902903 0.7726638602430556 0.2796563715820313
0 0.7714317195029057 0.22464696119202865 0.26564893897257774 0.21626672317300855 0.26412785590277793 0.24531401660156252 0.7699106364331059 0.2536942546205826
0 0.7661406799953707 0.19631467110599327 0.2655481549690382 0.1883848581257267 0.26405579181394523 0.21819341748848345 0.7646483168402778 0.22612323046875002
0 0.7616678081714523 0.17149076359605936 0.2699178651843375 0.16183172079012828 0.2682436993739964 0.1888000319011002 0.7599936423611112 0.19845907470703128
0 0.7563771390320605 0.14424746379369124 0.2691658498403537 0.13147914594343227 0.2666004548611111 0.162452123046875 0.7538117440528178 0.175220440897134
0 0.7582222870142608 0.11834521377928593 0.2719580190972223 0.10755121533203128 0.27004772935978677 0.13478037900189144 0.7563119972768253 0.1455743774491461
0 0.752554363435703 0.09642302773103921 0.27727903112296587 0.08363216883438195 0.27505410416666665 0.10979027978515628 0.7503294364794038 0.12258113868181354
0 0.7529820370993886 0.06875144270466652 0.2765931980482382 0.05669528537103739 0.2742864543516275 0.08553540565465219 0.7506752934027778 0.09759156298828131