0 0.67431640625 0.732421875 0.5 0.732421875 0.5 0.7591145833333334 0.67431640625 0.7591145833333334
0 0.6708984375 0.7623697916666666 0.5 0.7623697916666666 0.5 0.7897135416666666 0.6708984375 0.7897135416666666
0 0.6728515625 0.6705729166666666 0.4956054687500001 0.6705729166666666 0.4956054687500001 0.6979166666666666 0.6728515625 0.6979166666666666
0 0.673828125 0.701171875 0.4975585937500001 0.701171875 0.4975585937500001 0.7291666666666666 0.673828125 0.7291666666666666
0 0.89208984375 0.7727864583333334 0.72314453125 0.7727864583333334 0.72314453125 0.7994791666666666 0.89208984375 0.7994791666666666
0 0.6845703125 0.35937500000000017 0.5126953125 0.35937500000000017 0.5126953125 0.3893229166666668 0.6845703125 0.3893229166666668
0 0.67578125 0.5787760416666669 0.505859375 0.5787760416666669 0.505859375 0.6067708333333335 0.67578125 0.6067708333333335
0 0.68408203125 0.39257812500000017 0.51220703125 0.39257812500000017 0.51220703125 0.42187500000000017 0.68408203125 0.42187500000000017
0 0.22070312500000006 0.7311197916666666 0.04101562500000007 0.7311197916666666 0.04101562500000007 0.759765625 0.22070312500000006 0.759765625
0 0.67578125 0.6087239583333335 0.50634765625 0.6087239583333335 0.50634765625 0.6360677083333335 0.67578125 0.6360677083333335
0 0.6767578125 0.5481770833333335 0.505859375 0.5481770833333335 0.505859375 0.5761718750000001 0.6767578125 0.5761718750000001
0 0.6796875 0.4876302083333335 0.50927734375 0.4876302083333335 0.50927734375 0.5149739583333335 0.6796875 0.5149739583333335
0 0.4545898437500001 0.6998697916666666 0.2788085937500001 0.6998697916666666 0.2788085937500001 0.7278645833333334 0.4545898437500001 0.7278645833333334
0 0.22119140625000006 0.69921875 0.04052734375000007 0.69921875 0.04052734375000007 0.728515625 0.22119140625000006 0.728515625
0 0.681640625 0.4557291666666668 0.509765625 0.4557291666666668 0.509765625 0.48437500000000017 0.681640625 0.48437500000000017
0 0.4560546875 0.5722656250000001 0.279296875 0.572265625 0.279296875 0.6015625000000001 0.4560546875 0.6015625000000001
0 0.22167968750000006 0.6666666666666666 0.040039062500000056 0.6666666666666666 0.04003906250000006 0.6966145833333334 0.22167968750000006 0.6966145833333334
0 0.68310546875 0.4244791666666668 0.51171875 0.4244791666666668 0.51171875 0.4537760416666668 0.68310546875 0.4537760416666668
0 0.45703125 0.5410156250000001 0.27978515625 0.541015625 0.27978515625 0.5703125000000001 0.45703125 0.5703125000000001
0 0.4550781250000001 0.66796875 0.2797851562500001 0.66796875 0.2797851562500001 0.697265625 0.4550781250000001 0.697265625
0 0.67431640625 0.6399739583333335 0.50537109375 0.6399739583333335 0.50537109375 0.6673177083333334 0.67431640625 0.6673177083333334
0 0.22216796875000006 0.5397135416666666 0.039550781250000056 0.5397135416666666 0.039550781250000056 0.5690104166666666 0.22216796875000006 0.5690104166666666
0 0.4580078125 0.5078125000000001 0.2802734375 0.5078125 0.2802734375 0.5377604166666667 0.4580078125 0.5377604166666669
0 0.22216796875000006 0.634765625 0.039550781250000056 0.634765625 0.039550781250000056 0.6647135416666666 0.22216796875000006 0.6647135416666666
0 0.4545898437500001 0.73046875 0.2783203125000001 0.73046875 0.2783203125000001 0.7591145833333334 0.4545898437500001 0.7591145833333334
0 0.4550781250000001 0.6048177083333334 0.2797851562500001 0.6048177083333334 0.2797851562500001 0.6341145833333334 0.4550781250000001 0.6341145833333335
0 0.22216796875000006 0.5709635416666666 0.039550781250000056 0.5709635416666666 0.039550781250000056 0.6009114583333334 0.22216796875000006 0.6009114583333334
0 0.6845703125 0.3287760416666668 0.5126953125 0.32877604166666674 0.5126953125 0.3587239583333335 0.6845703125 0.3587239583333335
0 0.22216796875000006 0.6041666666666666 0.039550781250000056 0.6041666666666666 0.039550781250000056 0.6334635416666666 0.22216796875000006 0.6334635416666666
0 0.22167968750000006 0.3776041666666667 0.04003906250000003 0.3776041666666667 0.040039062500000035 0.4088541666666667 0.22167968750000006 0.4088541666666667
0 0.677734375 0.5182291666666669 0.5087890625 0.5182291666666669 0.5087890625 0.5455729166666669 0.677734375 0.5455729166666669
0 0.21972656250000006 0.76171875 0.04248046875000007 0.76171875 0.04248046875000007 0.7903645833333334 0.21972656250000006 0.7903645833333334
0 0.4531250000000001 0.7630208333333334 0.2773437500000001 0.7630208333333334 0.2773437500000001 0.7903645833333334 0.4531250000000001 0.7903645833333334
0 0.90234375 0.5240885416666669 0.73046875 0.5240885416666669 0.73046875 0.5527343750000001 0.90234375 0.5527343750000001
0 0.45751953125 0.47656250000000006 0.279296875 0.4765625 0.279296875 0.5058593750000001 0.45751953125 0.5058593750000001
0 0.22216796875000006 0.5071614583333334 0.04003906250000004 0.5071614583333334 0.04003906250000005 0.537109375 0.22216796875000006 0.537109375
0 0.89990234375 0.6184895833333335 0.72705078125 0.6184895833333335 0.72705078125 0.6477864583333335 0.89990234375 0.6477864583333335
0 0.45751953125 0.44531250000000006 0.279296875 0.4453125 0.279296875 0.47460937500000006 0.45751953125 0.47460937500000017
0 0.4555664062500001 0.6367187500000001 0.2802734375000001 0.63671875 0.2802734375000001 0.6653645833333334 0.4555664062500001 0.6653645833333335
0 0.8984375 0.6497395833333335 0.72705078125 0.6497395833333335 0.72705078125 0.6783854166666666 0.8984375 0.6783854166666666
0 0.90234375 0.5540364583333335 0.7294921875 0.5540364583333335 0.7294921875 0.5839843750000001 0.90234375 0.5839843750000001
0 0.90478515625 0.4602864583333335 0.73193359375 0.4602864583333335 0.73193359375 0.4908854166666668 0.90478515625 0.4908854166666668
0 0.22265625000000006 0.3444010416666667 0.04003906250000003 0.3444010416666667 0.04003906250000003 0.375 0.22265625000000006 0.375
0 0.22460937500000006 0.310546875 0.03808593750000003 0.310546875 0.03808593750000003 0.3430989583333333 0.22460937500000006 0.3430989583333333
0 0.9033203125 0.4915364583333335 0.7314453125 0.4915364583333335 0.7314453125 0.5221354166666669 0.9033203125 0.5221354166666669
0 0.8955078125 0.6809895833333334 0.7265625 0.6809895833333334 0.7265625 0.7102864583333334 0.8955078125 0.7102864583333334
0 0.22167968750000006 0.4427083333333333 0.04003906250000004 0.4427083333333333 0.04003906250000004 0.47265625 0.22167968750000006 0.47265625
0 0.22119140625000006 0.474609375 0.04052734375000004 0.474609375 0.04052734375000004 0.5045572916666666 0.22119140625000006 0.5045572916666666
0 0.90087890625 0.5865885416666669 0.72802734375 0.5865885416666669 0.72802734375 0.6158854166666669 0.90087890625 0.6158854166666669
0 0.45751953125 0.31315104166666674 0.279296875 0.31315104166666674 0.279296875 0.34375000000000006 0.45751953125 0.34375000000000017
0 0.8935546875 0.7421875 0.7255859375 0.7421875 0.7255859375 0.76953125 0.8935546875 0.76953125
0 0.4536132812500001 0.7962239583333334 0.2729492187500001 0.7962239583333334 0.2729492187500001 0.8216145833333334 0.4536132812500001 0.8216145833333334
0 0.22119140625000006 0.4108072916666667 0.04052734375000004 0.4108072916666667 0.04052734375000004 0.4407552083333333 0.22119140625000006 0.4407552083333333
0 0.45703125 0.41210937500000006 0.27880859375 0.412109375 0.27880859375 0.4427083333333334 0.45703125 0.4427083333333335
0 0.9111328125 0.33398437500000017 0.740234375 0.33398437500000017 0.740234375 0.36523437500000017 0.9111328125 0.36523437500000017
0 0.89501953125 0.7122395833333334 0.7265625 0.7122395833333334 0.7265625 0.740234375 0.89501953125 0.740234375
0 0.9072265625 0.4290364583333335 0.73388671875 0.4290364583333335 0.73388671875 0.4596354166666668 0.9072265625 0.4596354166666668
0 0.45654296875 0.34570312500000006 0.279296875 0.345703125 0.279296875 0.37695312500000006 0.45654296875 0.37695312500000017
0 0.90966796875 0.39648437500000017 0.7353515625 0.39648437500000017 0.7353515625 0.42773437500000017 0.90966796875 0.42773437500000017
0 0.8916015625 0.8053385416666666 0.72021484375 0.8053385416666666 0.72021484375 0.830078125 0.8916015625 0.830078125
0 0.45654296875 0.38085937500000006 0.27880859375 0.380859375 0.27880859375 0.41080729166666674 0.45654296875 0.4108072916666668
0 0.91015625 0.36523437500000017 0.73828125 0.36523437500000017 0.73828125 0.3971354166666668 0.91015625 0.3971354166666668
0 0.21972656250000006 0.794921875 0.03662109375000007 0.794921875 0.03662109375000007 0.822265625 0.21972656250000006 0.822265625
0 0.45703125 0.2805989583333334 0.2734375 0.2805989583333334 0.2734375 0.30924479166666674 0.45703125 0.30924479166666674
0 0.66943359375 0.794921875 0.4985351562500001 0.794921875 0.4985351562500001 0.8203125 0.66943359375 0.8203125
0 0.91357421875 0.3001302083333335 0.73828125 0.3001302083333335 0.73828125 0.33007812500000017 0.91357421875 0.33007812500000017
0 0.22065313080423313 0.278683633086104 0.035013183593750025 0.2729606119791667 0.03444330474264197 0.3058235283722294 0.22008325195312506 0.31154654947916677
0 0.6964908760305024 0.29716564162846776 0.506856201171875 0.29097851562500004 0.5062552177194976 0.3237253088923657 0.695889892578125 0.32991243489583344