0 0.3955078125 0.2630208333333334 0.28759765625 0.2630208333333334 0.28759765625 0.28190104166666674 0.3955078125 0.28190104166666674
0 0.68798828125 0.34765625000000017 0.58056640625 0.34765625000000017 0.58056640625 0.3658854166666668 0.68798828125 0.3658854166666668
0 0.54296875 0.5058593750000001 0.435546875 0.505859375 0.435546875 0.5234375000000001 0.54296875 0.5234375000000001
0 0.6943359375 0.22395833333333345 0.58203125 0.2239583333333334 0.58203125 0.24283854166666677 0.6943359375 0.24283854166666682
0 0.39599609375 0.28320312500000006 0.2880859375 0.28320312500000006 0.2880859375 0.3020833333333334 0.39599609375 0.3020833333333334
0 0.3974609375 0.384765625 0.28857421875 0.384765625 0.28857421875 0.4029947916666667 0.3974609375 0.4029947916666667
0 0.544921875 0.26171875000000006 0.43408203125 0.26171875000000006 0.43408203125 0.27994791666666674 0.544921875 0.27994791666666674
0 0.68896484375 0.3066406250000001 0.5810546875 0.30664062500000006 0.5810546875 0.3255208333333334 0.68896484375 0.3255208333333335
0 0.69091796875 0.2864583333333334 0.5810546875 0.2864583333333334 0.5810546875 0.3046875000000001 0.69091796875 0.30468750000000017
0 0.54248046875 0.4661458333333334 0.435546875 0.4661458333333333 0.435546875 0.48307291666666674 0.54248046875 0.4830729166666668
0 0.69287109375 0.24348958333333345 0.58203125 0.2434895833333334 0.58203125 0.2630208333333334 0.69287109375 0.2630208333333335
0 0.39501953125 0.32421875000000006 0.287109375 0.32421875000000006 0.287109375 0.3430989583333333 0.39501953125 0.3430989583333333
0 0.68701171875 0.3873697916666668 0.580078125 0.3873697916666668 0.580078125 0.4055989583333335 0.68701171875 0.4055989583333335
0 0.54345703125 0.42578125000000006 0.4345703125 0.42578125 0.4345703125 0.44401041666666674 0.54345703125 0.4440104166666668
0 0.54345703125 0.38541666666666674 0.435546875 0.3854166666666667 0.435546875 0.4036458333333334 0.54345703125 0.4036458333333335
0 0.5439453125 0.32421875000000006 0.43505859375 0.32421875000000006 0.43505859375 0.3430989583333334 0.5439453125 0.3430989583333335
0 0.3974609375 0.4251302083333333 0.2880859375 0.4251302083333333 0.2880859375 0.4427083333333333 0.3974609375 0.4427083333333333
0 0.6865234375 0.4075520833333335 0.5791015625 0.4075520833333335 0.5791015625 0.4251302083333335 0.6865234375 0.4251302083333335
0 0.396484375 0.46484375 0.2900390625 0.46484375 0.2900390625 0.482421875 0.396484375 0.482421875
0 0.68408203125 0.48632812500000017 0.57861328125 0.48632812500000017 0.57861328125 0.5039062500000001 0.68408203125 0.5039062500000001
0 0.3984375 0.50390625 0.29052734375 0.50390625 0.29052734375 0.521484375 0.3984375 0.521484375
0 0.3984375 0.4055989583333333 0.28955078125 0.4055989583333333 0.28955078125 0.4231770833333333 0.3984375 0.4231770833333333
0 0.68408203125 0.4479166666666668 0.578125 0.4479166666666668 0.578125 0.4654947916666668 0.68408203125 0.4654947916666668
0 0.3974609375 0.3645833333333333 0.28759765625 0.3645833333333333 0.28759765625 0.3828125 0.3974609375 0.3828125
0 0.68505859375 0.5065104166666669 0.578125 0.5065104166666669 0.578125 0.5240885416666669 0.68505859375 0.5240885416666669
0 0.39599609375 0.22070312500000008 0.2822265625 0.22070312500000008 0.2822265625 0.24088541666666674 0.39599609375 0.24088541666666674
0 0.68994140625 0.3274739583333334 0.58203125 0.3274739583333334 0.58203125 0.34570312500000017 0.68994140625 0.34570312500000017
0 0.54345703125 0.36588541666666674 0.4345703125 0.3658854166666667 0.4345703125 0.3841145833333334 0.54345703125 0.3841145833333335
0 0.396484375 0.4446614583333333 0.2890625 0.4446614583333333 0.2890625 0.462890625 0.396484375 0.462890625
0 0.68359375 0.4674479166666668 0.5791015625 0.4674479166666668 0.5791015625 0.4856770833333335 0.68359375 0.4856770833333335
0 0.54296875 0.44531250000000006 0.4345703125 0.4453125 0.4345703125 0.46289062500000006 0.54296875 0.46289062500000017
0 0.6845703125 0.4290364583333335 0.578125 0.4290364583333335 0.578125 0.4466145833333335 0.6845703125 0.4466145833333335
0 0.3984375 0.484375 0.29052734375 0.484375 0.29052734375 0.501953125 0.3984375 0.501953125
0 0.546875 0.21679687500000008 0.43408203125 0.21679687500000008 0.43408203125 0.2376302083333334 0.546875 0.2376302083333334
0 0.396484375 0.3444010416666667 0.287109375 0.3444010416666667 0.287109375 0.36328125 0.396484375 0.36328125
0 0.5419921875 0.4856770833333334 0.435546875 0.4856770833333333 0.435546875 0.5032552083333334 0.5419921875 0.5032552083333335
0 0.3955078125 0.30338541666666674 0.287109375 0.30338541666666674 0.287109375 0.3216145833333334 0.3955078125 0.3216145833333334
0 0.54345703125 0.34375000000000006 0.435546875 0.34375 0.435546875 0.36328125000000006 0.54345703125 0.36328125000000017
0 0.5458984375 0.28125000000000006 0.43359375 0.28125000000000006 0.43359375 0.30078125000000006 0.5458984375 0.30078125000000006
0 0.546875 0.19596354166666674 0.43408203125 0.19596354166666674 0.43408203125 0.2141927083333334 0.546875 0.2141927083333334
0 0.6923828125 0.2649739583333334 0.5810546875 0.2649739583333334 0.5810546875 0.2845052083333334 0.6923828125 0.2845052083333335
0 0.544921875 0.24023437500000008 0.43310546875 0.24023437500000008 0.43310546875 0.25976562500000006 0.544921875 0.25976562500000006
0 0.5439453125 0.4055989583333334 0.4345703125 0.4055989583333333 0.4345703125 0.42382812500000006 0.5439453125 0.42382812500000017
0 0.689453125 0.3684895833333335 0.57958984375 0.3684895833333335 0.57958984375 0.38476562500000017 0.689453125 0.38476562500000017
0 0.6962890625 0.20247395833333345 0.58349609375 0.2024739583333334 0.58349609375 0.2207031250000001 0.6962890625 0.22070312500000014
0 0.396484375 0.2415364583333334 0.283203125 0.2415364583333334 0.283203125 0.26171875000000006 0.396484375 0.26171875000000006
0 0.54541015625 0.30273437500000006 0.4345703125 0.30273437500000006 0.4345703125 0.32226562500000006 0.54541015625 0.32226562500000006
0 0.68408203125 0.5260416666666669 0.57568359375 0.5260416666666669 0.57568359375 0.5429687500000001 0.68408203125 0.5429687500000001
0 0.39892578125 0.5234375 0.29248046875 0.5234375 0.29248046875 0.5403645833333334 0.39892578125 0.5403645833333334
0 0.54345703125 0.5260416666666667 0.43408203125 0.5260416666666666 0.43408203125 0.5410156250000001 0.54345703125 0.5410156250000001
0 0.39453125 0.1985677083333334 0.27880859375 0.1985677083333334 0.27880859375 0.2180989583333334 0.39453125 0.2180989583333334