0 0.9320849463581956 0.7661594340033964 0.09380867960869099 0.7170058875050448 0.08357746875000019 0.7722141909179687 0.9218537354995048 0.8213677374163203
0 0.9154270993138875 0.7121121250712596 0.11710611420143094 0.6709000526075573 0.10928604353337684 0.7188302063448915 0.9076070286458334 0.7600422788085939
0 0.9132890111210893 0.663612413034669 0.1346252663717689 0.627297209091003 0.12726863372290195 0.6772069816032089 0.9059323784722224 0.713522185546875
0 0.9080025365944435 0.6197648199654018 0.15668989345266762 0.5838034609603121 0.15028069539989108 0.6261710106238166 0.9015933385416671 0.6621323696289063
0 0.8950586194815757 0.5773932986335377 0.16779249427253384 0.5455772715502155 0.1619260032631803 0.5880070608073029 0.8891921284722222 0.6198230878906251
0 0.8928097880872876 0.539445633292572 0.1931617286667216 0.5050318087126869 0.18702092881944454 0.5445335908203126 0.8866689882400106 0.5789474154001977
0 0.8808452389331669 0.5008923339097233 0.20281314430065198 0.4714756046621062 0.19725506074942956 0.512010214111758 0.8752871553819446 0.541426943359375
0 0.8768127276059614 0.4674496449451571 0.217266775621442 0.44184083825336434 0.21297359749464728 0.4768256610816448 0.8725195494791668 0.5024344677734376
0 0.8751029476788071 0.4361728566753732 0.22262493800127325 0.40803744175567563 0.21811881684027792 0.44110182861328123 0.8705968265178119 0.4692372435329788
0 0.8765572052786245 0.404025363769289 0.23961524926273992 0.3756418719288947 0.23496373350694455 0.4086692109375001 0.8719056895228291 0.4370527027778944
0 0.8724157916011845 0.3734672101660621 0.2572617947175695 0.3471636696122008 0.2534350751649962 0.37548028415317003 0.8685890720486112 0.40178382470703133
0 0.871743999200657 0.34893047593824483 0.26985694125222526 0.3221724420180109 0.26611548524305567 0.34880092968750004 0.8680025431914874 0.375558963607734
0 0.8762517203403497 0.31389472164727766 0.279983953557399 0.29048032148673397 0.2758986898142718 0.32339756419492505 0.8721664565972226 0.3468119643554688