0 0.7944968457031248 0.08379530322265627 0.19303466731770832 0.07019447216796876 0.19068445030234918 0.12865643195774673 0.7921466286877658 0.14225726301243424
0 0.787594892578125 0.13891247314453134 0.19695709895833335 0.12554535888671875 0.19469125337001117 0.1818619566505559 0.7853290469898028 0.19522907090836847
0 0.7777051842447918 0.19611996289062497 0.20087987565104168 0.18089600390625 0.1983900350890145 0.23396132132849248 0.7752153436827647 0.24918528031286746
0 0.7695110436197917 0.2479505581054688 0.20062541731770836 0.23288751562500004 0.19817101486875077 0.28502866044039654 0.767056641170834 0.30009170292086534
0 0.764304658203125 0.2976908334960939 0.20485045898437504 0.2817463681640625 0.20220779745173165 0.3339040940068273 0.7616619966704815 0.34984855933885867
0 0.7548180084635416 0.3462345952148438 0.2089995976562501 0.33222822216796877 0.20687522569705388 0.3787949346283582 0.7526936365043455 0.39280130767523325
0 0.7511562571614583 0.3938467543945313 0.21553977994791676 0.37789797998046876 0.21318925844994177 0.42230108780348197 0.7488057356634834 0.43824986221754453
0 0.7446573509114583 0.4403004462890626 0.21349947395833338 0.42171801953125004 0.2105881117414331 0.46852816221646704 0.7417459886945581 0.4871105889742796
0 0.742690833984375 0.4825357021484375 0.21716993164062506 0.4709403271484375 0.21530168685885087 0.5185682345665508 0.7408225892026007 0.5301636095665507
0 0.736001244140625 0.5254127241210936 0.21727644726562503 0.5093552666015624 0.2148337840183263 0.553741301708735 0.7335585808933263 0.5697987592282663
0 0.7307177330729168 0.5681201967773438 0.21959321158854173 0.550902716796875 0.21700316029361555 0.594152907054711 0.7281276817779907 0.6113703870351799
0 0.7255878222656252 0.6075359340820312 0.22218168945312514 0.5927034331054688 0.2199401248895931 0.6354969417298849 0.7233462577020932 0.6503294427064473
0 0.7214593209743642 0.6503116384120147 0.21926446679687508 0.6286877465820314 0.2158651426209323 0.6730949585803269 0.7180599967984213 0.6947188504103101
0 0.717690006880971 0.6880779590272282 0.22377484049479177 0.6732594555664064 0.2218438863481961 0.7094622841368344 0.7157590527343752 0.7242807875976562
0 0.717914728515625 0.7251612480468749 0.22704251106770848 0.7091551025390624 0.22485797770565263 0.7468396149306514 0.7157301951535691 0.7628457604384639
0 0.7063482503405939 0.7606063330154241 0.22506315234375016 0.7459139360351562 0.22304460643023974 0.7831077675705135 0.7043297044270836 0.7978001645507814
0 0.7062589140625003 0.7951417915039064 0.22761321223958353 0.7805740468750001 0.22556353741616827 0.8184557361145828 0.704209239239085 0.8330234807434891
0 0.702691998697917 0.8329734750976564 0.23122047330729179 0.8171204785156251 0.22911301041123666 0.8523759532081092 0.7005845358018618 0.8682289497901405
0 0.7003414791666668 0.8640646411132814 0.23419209570312516 0.8525333320312501 0.23264533383343744 0.887704961186253 0.6987947172969791 0.8992362702682842
0 0.695129129557292 0.8984671665039063 0.23445210937500016 0.885724607421875 0.23272235338950323 0.9209006729751241 0.693399373571795 0.9336432320571555
0 0.6899164466145834 0.9328696835937501 0.23110565429687516 0.9188214267578126 0.2293740499232103 0.9506327978030903 0.6881848422409186 0.9646810546390278
0 0.6829953587239586 0.9651954687500001 0.2345930585937502 0.9481353154296877 0.23250398767479882 0.979021240399287 0.6809062878050072 0.9960813937195994