0 0.7367431355429505 0.8449796762353621 0.19498628870347562 0.8253294208395636 0.19057680246608083 0.8637947323971704 0.7323336493055557 0.8834449877929689
0 0.736832375057511 0.8075922921522184 0.20288164647074755 0.7904856906644109 0.19920199537157013 0.8268260435317237 0.7331527239583335 0.8439326450195312
0 0.7356652917646387 0.7695155889733295 0.2056219547865132 0.7566229483322778 0.20267235138993037 0.7949917451011359 0.7327156883680558 0.8078843857421876
0 0.7360210775733551 0.7335605573232052 0.20352921785724296 0.7220876556829051 0.20107886337416583 0.7580720065628249 0.733570723090278 0.769544908203125
0 0.7356613799871679 0.6988297909485379 0.20910570652649257 0.6899569559213867 0.2072598256712695 0.7246171195626927 0.7338154991319447 0.7334899545898439
0 0.7400040076195018 0.6664228873916122 0.2145065905721833 0.6571978478412894 0.21270057253601504 0.6897492338871773 0.7381979895833335 0.6989742734375001
0 0.7347886154312088 0.6297760572873193 0.2196819638040014 0.6247596079780713 0.21861319646307056 0.659483544831377 0.733719848090278 0.6644999941406251
0 0.7316800743663046 0.5967960577789663 0.22002335821969715 0.5948789381285324 0.21962982291589284 0.6281110707792537 0.7312865390625002 0.6300281904296875
0 0.7393081347393538 0.5661383363892522 0.2270474815480251 0.5650186977515385 0.22683950219061588 0.5951264551122863 0.7391001553819446 0.59624609375
0 0.7341343663071256 0.533891357664221 0.23147560019359592 0.5334515517349501 0.23138894221980374 0.5647891540316666 0.7340477083333333 0.5652289599609376
0 0.7329381035597864 0.5036546942265225 0.23911568566759023 0.5008168955110407 0.2385682730800261 0.5309572979642058 0.7323906909722223 0.5337950966796876
0 0.7317199956597221 0.11676439013671877 0.7273791590063441 0.09117115513293167 0.28807116942301086 0.11474673667590041 0.29241200607638884 0.1403399716796875
0 0.7318472439236111 0.14284358349609375 0.7284411361083886 0.12107499539988065 0.28213713958061076 0.14317050174753693 0.2855432473958333 0.16493908984375003
0 0.7318916510416668 0.16623911279296882 0.7285299925449223 0.1437943423006563 0.28396604896853334 0.16486207081628124 0.2873277074652778 0.18730684130859376
0 0.7368017508680555 0.19265498291015634 0.7336677720406181 0.16868102665962267 0.27513539704061807 0.18764683720649764 0.2782693758680555 0.2116207934570313
0 0.730806921875 0.2191551250000001 0.7276476178749564 0.19484263845426117 0.2742236473888454 0.21348545681363615 0.27738295138888885 0.23779794335937507
0 0.7370909644097222 0.2459180991210938 0.7339024052839925 0.22024007984999 0.27125778896454805 0.23841721852186495 0.27444634809027785 0.26409523779296873
0 0.7365372777777777 0.27200422314453127 0.7336021170646625 0.24610769808838676 0.26954712834938477 0.2627496741626055 0.2724822890625 0.28864619921875
0 0.7360419314236111 0.29998442578125006 0.7333288097283335 0.2721771573494264 0.26457350677694463 0.2866482789314575 0.26728662847222223 0.3144555473632812
0 0.7328448689236111 0.3287581840820312 0.7306192482846013 0.30065717310144446 0.2587848316179347 0.31248115796472575 0.2610104522569444 0.3405821689453125
0 0.7371445468749999 0.35748137841796884 0.7355640682870184 0.3275104260496803 0.26020050318285176 0.33544199343249276 0.26178098177083337 0.3654129458007813
0 0.7366258420138889 0.38469478173828126 0.7347532255474608 0.35505184599012335 0.25480783665857193 0.3646450681580921 0.25668045312499993 0.39428800390625
0 0.7354840989583333 0.4138089541015625 0.7340492716040005 0.38459538951205074 0.2511776136178894 0.39209937291048824 0.25261244097222213 0.4213129375
0 0.7329572361111111 0.4422157827148438 0.7315014776090218 0.41415465590812617 0.24551113212291067 0.42213197426750115 0.24696689062500005 0.4501931010742188
0 0.7379858810763887 0.4724658764648437 0.7371399687720397 0.4445807926219604 0.2425984166887064 0.44932759584461657 0.24344432899305554 0.4772126796874999
0 0.7403366041666666 0.5042763208007812 0.7399628511290933 0.47254982787080674 0.2362550620665934 0.47442735570283806 0.2366288151041667 0.5061538486328124