0 0.9300614129887838 0.12190554836462726 0.9257902647569445 0.065438255859375 0.19250724357168872 0.0829877402858596 0.19677839180352805 0.13945503279111185
0 0.9178406499014107 0.18320750101455752 0.9159754583333333 0.12254317578124999 0.19845536554393006 0.12952339710120955 0.20032055711200747 0.19018772233451708
0 0.9068386533768287 0.2329643562781562 0.9066422526041666 0.17961176318359376 0.20381349979171876 0.180430382962474 0.20400990056438065 0.23378297605703643
0 0.8988900477430557 0.23251518261718757 0.21274808548271357 0.23240644777116717 0.21272191053235248 0.28466726018513244 0.8988638727926946 0.2847759950311528
0 0.8964451553819445 0.2812282392578125 0.21567138281250003 0.2797234086914063 0.21532554507357035 0.3292265374255279 0.8960993176430149 0.3307313679919341
0 0.882743552951389 0.3279843168945312 0.22844860243055568 0.32091176220703127 0.22681477763296495 0.368735970730431 0.8811097281537983 0.37580852541793097
0 0.8747346883680555 0.3767526518554687 0.22897359375000004 0.36230069042968743 0.22583395501778808 0.4066891234843874 0.8715950496358434 0.42114108491016866
0 0.8737547751736111 0.4202319350585938 0.23548167013888893 0.4012919873046875 0.23185414601028043 0.4399716903889771 0.8701272510450027 0.4589116381428834
0 0.8652205868712594 0.45866625226989 0.24797325000000006 0.43788540136718757 0.2436659296217963 0.4783661119879226 0.8609132664930557 0.49914696289062505
0 0.8630546241319443 0.4962143100585937 0.2537704470486111 0.47027646484374996 0.24882862410559087 0.507006237515714 0.8581128011889241 0.5329440827305577
0 0.864140771701389 0.5334900805664062 0.2584073506944445 0.5054220126953125 0.2527693535525993 0.5439200796249882 0.8585027745595438 0.571988147496082
0 0.864043967013889 0.5682111005859376 0.25564296961805566 0.5399983515625001 0.2501817211036535 0.5772616680448139 0.858582718499487 0.6054744170682514
0 0.8607232022569445 0.60369071875 0.2686929097222223 0.5722439526367188 0.26305782024834745 0.6058110515295385 0.8550881127830697 0.6372578176428197
0 0.8518842335069446 0.6392606723632812 0.2682101961805557 0.6040202265625 0.2623741741944971 0.6346039920483388 0.846048211520886 0.6698444378491201
0 0.8439179470486114 0.671087353515625 0.27609769704861126 0.632206638671875 0.26894219898975763 0.665271108035842 0.8367624489897578 0.704151822879592
0 0.8405196649305559 0.70532508203125 0.28314431423611125 0.6666221220703125 0.27636282994564176 0.6975231830841196 0.8337381806400863 0.7362261430450572
0 0.831256791666667 0.7340654580078125 0.2873530112847223 0.6948687573242187 0.28081680218573674 0.7235662236926266 0.8247205825676814 0.7627629243762204
0 0.8315576529722376 0.7628535385171059 0.295061201388889 0.7231299619140625 0.2884373340069295 0.751435746150863 0.8249337855902781 0.7911593227539063
0 0.8292580303819447 0.7905210302734375 0.30046032812500006 0.7523101411132812 0.2942408728180418 0.7795434129121049 0.8230385750749863 0.8177543020722612
0 0.8284440381944447 0.8164192421875001 0.30288971961805583 0.7769971982421875 0.2963662490890273 0.8045142708428796 0.8219205676654162 0.8439363147881922
0 0.8290523932291669 0.8430686601562501 0.30794507725694475 0.8006318295898439 0.30124123190576796 0.8266785633185079 0.8223485478779902 0.8691153938849141
0 0.8269005251736113 0.8695766313476564 0.31037403385416695 0.8253188940429688 0.3026817460530066 0.8537244943508397 0.819208237372451 0.8979822316555274