0 0.7648148148148151 0.53125 0.25185185185185194 0.53125 0.25185185185185194 0.5609375 0.7648148148148151 0.5609375
0 0.7675925925925928 0.6270833333333333 0.25555555555555565 0.6270833333333333 0.25555555555555565 0.6578125 0.7675925925925928 0.6578125
0 0.752777777777778 0.840625 0.25925925925925947 0.840625 0.25925925925925947 0.8677083333333333 0.752777777777778 0.8677083333333333
0 0.7666666666666668 0.5953125 0.2564814814814816 0.5953125 0.2564814814814816 0.6244791666666667 0.7666666666666668 0.6244791666666667
0 0.7648148148148148 0.36666666666666664 0.24166666666666678 0.36666666666666664 0.24166666666666678 0.3984375 0.7648148148148148 0.3984375
0 0.7546296296296299 0.8130208333333333 0.26111111111111135 0.8130208333333333 0.26111111111111135 0.8395833333333333 0.7546296296296299 0.8395833333333333
0 0.7601851851851854 0.6604166666666667 0.2527777777777779 0.6604166666666667 0.2527777777777779 0.6895833333333333 0.7601851851851854 0.6895833333333333
0 0.7620370370370372 0.4630208333333333 0.24814814814814826 0.4630208333333333 0.24814814814814826 0.49583333333333335 0.7620370370370373 0.49583333333333335
0 0.762962962962963 0.3302083333333333 0.23981481481481493 0.3302083333333333 0.23981481481481493 0.36666666666666664 0.762962962962963 0.36666666666666664
0 0.7675925925925928 0.5630208333333333 0.25462962962962976 0.5630208333333333 0.25462962962962976 0.5927083333333333 0.7675925925925928 0.5927083333333333
0 0.762962962962963 0.39895833333333336 0.24444444444444455 0.39895833333333336 0.24444444444444455 0.43020833333333336 0.762962962962963 0.43020833333333336
0 0.7638888888888891 0.496875 0.2500000000000001 0.496875 0.2500000000000001 0.5276041666666667 0.7638888888888891 0.5276041666666667
0 0.7555555555555558 0.7239583333333334 0.25462962962962976 0.7239583333333334 0.25462962962962976 0.7536458333333333 0.7555555555555558 0.7536458333333333
0 0.7537037037037039 0.7838541666666666 0.25740740740740764 0.7838541666666666 0.25740740740740764 0.8119791666666667 0.7537037037037039 0.8119791666666667
0 0.7583333333333335 0.690625 0.2564814814814816 0.690625 0.2564814814814816 0.7208333333333333 0.7583333333333335 0.7208333333333333
0 0.7546296296296299 0.7536458333333333 0.2583333333333335 0.7536458333333333 0.2583333333333335 0.7807291666666667 0.7546296296296299 0.7807291666666667
0 0.7620370370370371 0.4322916666666667 0.24907407407407417 0.4322916666666667 0.24907407407407417 0.4635416666666667 0.7620370370370371 0.4635416666666667
0 0.7490740740740743 0.8984375 0.2638888888888891 0.8984375 0.2638888888888891 0.9296875 0.7490740740740743 0.9296875
0 0.7490740740740743 0.86875 0.2629629629629632 0.86875 0.2629629629629632 0.8984375 0.7490740740740743 0.8984375
0 0.7700583333333333 0.07301562499999999 0.7672009259259259 0.03163385416666666 0.2193099027302427 0.043604079707424234 0.22216731013765012 0.08498585054075755
0 0.7740218144243907 0.11112214875631572 0.7722018518518519 0.07381927083333335 0.22169855594597973 0.08231743457701765 0.22351851851851853 0.11962031250000002
0 0.7756735235602376 0.1472497248049274 0.7743453703703703 0.1119869791666667 0.22168249801599502 0.11857321668649115 0.22301065120586233 0.15383596232475186
0 0.7719578829529172 0.18165693039057526 0.769918928776763 0.14599734906288878 0.23005271249051257 0.15576437700564685 0.23209166666666667 0.19142395833333337
0 0.7709578138033368 0.21864952501302465 0.7693435185185186 0.18298697916666665 0.22976348249295958 0.1907150583203087 0.23137777777777782 0.2263776041666667
0 0.769662963031021 0.2560472039674484 0.7686296296296297 0.21994947916666668 0.22772728806107498 0.22484867221884494 0.22876062146246628 0.2609463970196267
0 0.7667813676616256 0.2909885927858787 0.7657718730703301 0.2560587522186541 0.22757500000000006 0.26098020833333335 0.22858449459129562 0.295910048900558
0 0.7677165980311784 0.3262860242702885 0.7672009259259258 0.29054791666666674 0.2339541281513332 0.29298244815955293 0.23446980025658576 0.3287205557631747