0 0.3404947916666667 0.42041015625 0.23437500000000008 0.42041015625 0.23437500000000008 0.4326171875 0.3404947916666667 0.4326171875
0 0.48437500000000017 0.50146484375 0.3802083333333335 0.50146484375 0.3802083333333335 0.51318359375 0.48437500000000017 0.51318359375
0 0.779296875 0.4516601562500001 0.666015625 0.4516601562500001 0.6660156250000001 0.4628906250000001 0.779296875 0.4628906250000001
0 0.47851562500000017 0.6015625 0.3756510416666668 0.6015625 0.3756510416666668 0.6123046875 0.47851562500000017 0.6123046875
0 0.7786458333333334 0.4741210937500001 0.6647135416666669 0.4741210937500001 0.6647135416666669 0.4858398437500001 0.7786458333333334 0.4858398437500001
0 0.4830729166666668 0.53564453125 0.37890625000000017 0.53564453125 0.37890625000000017 0.546875 0.4830729166666668 0.546875
0 0.7721354166666666 0.59912109375 0.6614583333333335 0.59912109375 0.6614583333333335 0.61083984375 0.7721354166666666 0.61083984375
0 0.490234375 0.341796875 0.3795572916666667 0.341796875 0.3795572916666667 0.353515625 0.490234375 0.353515625
0 0.4876302083333333 0.376953125 0.3802083333333333 0.376953125 0.3802083333333333 0.388671875 0.4876302083333333 0.388671875
0 0.3411458333333333 0.39794921875 0.23502604166666674 0.39794921875 0.23502604166666674 0.4091796875 0.3411458333333333 0.4091796875
0 0.6289062500000001 0.55126953125 0.5188802083333335 0.55126953125 0.5188802083333335 0.56298828125 0.6289062500000001 0.56298828125
0 0.3411458333333335 0.5771484375 0.23697916666666674 0.5771484375 0.23697916666666674 0.587890625 0.3411458333333335 0.587890625
0 0.4798177083333335 0.6123046875 0.3776041666666668 0.6123046875 0.3776041666666668 0.6240234375 0.4798177083333335 0.6240234375
0 0.7779947916666666 0.4975585937500001 0.6647135416666669 0.4975585937500001 0.6647135416666669 0.5087890625 0.7779947916666666 0.5087890625
0 0.48046875000000017 0.52392578125 0.3776041666666668 0.52392578125 0.3776041666666668 0.53515625 0.48046875000000017 0.53515625
0 0.33984375000000006 0.44287109375 0.23502604166666674 0.44287109375 0.23502604166666674 0.45458984375 0.33984375000000017 0.45458984375
0 0.6269531250000001 0.59716796875 0.5182291666666669 0.59716796875 0.5182291666666669 0.60888671875 0.6269531250000001 0.60888671875
0 0.6256510416666669 0.6201171875 0.5175781250000001 0.6201171875 0.5175781250000001 0.63134765625 0.6256510416666669 0.63134765625
0 0.48632812500000006 0.4462890625 0.3795572916666667 0.4462890625 0.37955729166666674 0.4580078125 0.48632812500000017 0.4580078125
0 0.7734375 0.5537109375 0.6627604166666669 0.5537109375 0.6627604166666669 0.5654296875 0.7734375 0.5654296875
0 0.4791666666666668 0.58984375 0.3776041666666668 0.58984375 0.3776041666666668 0.60107421875 0.4791666666666668 0.60107421875
0 0.7727864583333334 0.57666015625 0.6627604166666669 0.57666015625 0.6627604166666669 0.587890625 0.7727864583333334 0.587890625
0 0.34179687500000017 0.49951171875 0.23632812500000008 0.49951171875 0.23632812500000008 0.5107421875 0.34179687500000017 0.5107421875
0 0.490234375 0.35400390625 0.3802083333333333 0.35400390625 0.3802083333333333 0.36572265625 0.490234375 0.36572265625
0 0.3404947916666668 0.5322265625 0.23502604166666674 0.5322265625 0.23502604166666674 0.5439453125 0.3404947916666668 0.5439453125
0 0.3424479166666667 0.37451171875 0.23437500000000008 0.37451171875 0.23437500000000008 0.38623046875 0.3424479166666667 0.38623046875
0 0.6282552083333335 0.57470703125 0.5182291666666669 0.57470703125 0.5182291666666669 0.5859375 0.6282552083333335 0.5859375
0 0.4837239583333335 0.45751953125 0.3795572916666668 0.45751953125 0.3795572916666668 0.46923828125 0.4837239583333335 0.46923828125
0 0.4856770833333333 0.3896484375 0.3782552083333333 0.3896484375 0.3782552083333333 0.4013671875 0.4856770833333333 0.4013671875
0 0.3404947916666668 0.52197265625 0.2337239583333334 0.52197265625 0.2337239583333334 0.533203125 0.3404947916666668 0.533203125
0 0.4817708333333335 0.57958984375 0.3776041666666668 0.57958984375 0.3776041666666668 0.59033203125 0.4817708333333335 0.59033203125
0 0.7701822916666666 0.62255859375 0.6608072916666669 0.62255859375 0.6608072916666669 0.6337890625 0.7701822916666666 0.6337890625
0 0.48046875000000017 0.5458984375 0.37695312500000017 0.5458984375 0.37695312500000017 0.55712890625 0.48046875000000017 0.55712890625
0 0.4876302083333333 0.400390625 0.3802083333333333 0.400390625 0.3802083333333333 0.412109375 0.4876302083333333 0.412109375
0 0.6236979166666669 0.63134765625 0.5149739583333335 0.63134765625 0.5149739583333335 0.64404296875 0.6236979166666669 0.64404296875
0 0.7708333333333334 0.6103515625 0.6601562500000001 0.6103515625 0.6601562500000001 0.6220703125 0.7708333333333334 0.6220703125
0 0.4830729166666668 0.47998046875 0.3795572916666668 0.47998046875 0.3795572916666668 0.49169921875 0.4830729166666668 0.49169921875
0 0.33984375 0.3642578125 0.23242187500000008 0.3642578125 0.23242187500000008 0.3759765625 0.33984375 0.3759765625
0 0.3411458333333333 0.38720703125 0.23437500000000008 0.38720703125 0.23437500000000008 0.3984375 0.3411458333333333 0.3984375
0 0.486328125 0.42431640625 0.3782552083333333 0.42431640625 0.3782552083333333 0.435546875 0.486328125 0.435546875
0 0.3391927083333335 0.587890625 0.2356770833333334 0.587890625 0.2356770833333334 0.59912109375 0.3391927083333335 0.59912109375
0 0.4837239583333335 0.46875 0.3795572916666668 0.46875 0.3795572916666668 0.48046875 0.4837239583333335 0.48046875
0 0.7786458333333334 0.4619140625000001 0.6640625000000001 0.4619140625000001 0.6640625000000001 0.4741210937500001 0.7786458333333334 0.4741210937500001
0 0.6315104166666669 0.5283203125 0.5208333333333335 0.5283203125 0.5208333333333335 0.53955078125 0.6315104166666669 0.53955078125
0 0.3404947916666668 0.47705078125 0.23632812500000008 0.47705078125 0.23632812500000008 0.48876953125 0.3404947916666668 0.48876953125
0 0.3411458333333335 0.6103515625 0.23828125000000008 0.6103515625 0.23828125000000008 0.62158203125 0.3411458333333335 0.62158203125
0 0.6263020833333335 0.58544921875 0.5169270833333335 0.58544921875 0.5169270833333335 0.59716796875 0.6263020833333335 0.59716796875
0 0.7734375 0.58642578125 0.6614583333333335 0.58642578125 0.6614583333333335 0.59912109375 0.7734375 0.59912109375
0 0.4798177083333335 0.5693359375 0.37695312500000017 0.5693359375 0.37695312500000017 0.580078125 0.4798177083333335 0.580078125
0 0.33984375000000017 0.5986328125 0.23893229166666674 0.5986328125 0.23893229166666674 0.609375 0.33984375000000017 0.609375
0 0.3411458333333335 0.51025390625 0.23632812500000008 0.51025390625 0.23632812500000008 0.52197265625 0.3411458333333335 0.52197265625
0 0.6263020833333335 0.60888671875 0.5182291666666669 0.60888671875 0.5182291666666669 0.6201171875 0.6263020833333335 0.6201171875
0 0.3404947916666668 0.45458984375 0.23502604166666674 0.45458984375 0.23502604166666674 0.46630859375 0.3404947916666668 0.46630859375
0 0.6295572916666669 0.5048828125 0.5195312500000001 0.5048828125 0.5195312500000001 0.51611328125 0.6295572916666669 0.51611328125
0 0.7766927083333334 0.4399414062500001 0.6666666666666666 0.4399414062500001 0.6666666666666666 0.4516601562500001 0.7766927083333334 0.4516601562500001
0 0.48828125 0.36572265625 0.3802083333333333 0.36572265625 0.3802083333333333 0.37744140625 0.48828125 0.37744140625
0 0.4856770833333333 0.4345703125 0.3782552083333333 0.4345703125 0.3782552083333333 0.4462890625 0.4856770833333333 0.4462890625
0 0.48046875000000017 0.62451171875 0.3763020833333335 0.62451171875 0.3763020833333335 0.63623046875 0.48046875000000017 0.63623046875
0 0.3391927083333335 0.48876953125 0.23502604166666674 0.48876953125 0.23502604166666674 0.49951171875 0.3391927083333335 0.49951171875
0 0.3404947916666667 0.40869140625 0.2337239583333334 0.40869140625 0.2337239583333334 0.42041015625 0.3404947916666667 0.42041015625
0 0.775390625 0.52001953125 0.6640625000000001 0.52001953125 0.6640625000000001 0.53173828125 0.775390625 0.53173828125
0 0.77734375 0.4858398437500001 0.6653645833333335 0.4858398437500001 0.6653645833333335 0.4980468750000001 0.77734375 0.4980468750000001
0 0.7701822916666666 0.6328125 0.6582031250000001 0.6328125 0.6582031250000001 0.6455078125 0.7701822916666666 0.6455078125
0 0.486328125 0.41259765625 0.3782552083333333 0.41259765625 0.3782552083333333 0.42431640625 0.486328125 0.42431640625
0 0.6302083333333335 0.53955078125 0.5195312500000001 0.53955078125 0.5195312500000001 0.5517578125 0.6302083333333335 0.5517578125
0 0.7760416666666666 0.50830078125 0.6640625000000001 0.50830078125 0.6640625000000001 0.52001953125 0.7760416666666666 0.52001953125
0 0.775390625 0.53173828125 0.6634114583333335 0.53173828125 0.6634114583333335 0.5439453125 0.775390625 0.5439453125
0 0.3404947916666667 0.43212890625 0.23502604166666674 0.43212890625 0.23502604166666674 0.44384765625 0.3404947916666667 0.44384765625
0 0.6308593750000001 0.49218750000000006 0.5195312500000001 0.4921875 0.5195312500000001 0.50634765625 0.6308593750000001 0.50634765625
0 0.33984375000000017 0.54443359375 0.23502604166666674 0.54443359375 0.23502604166666674 0.5556640625 0.33984375000000017 0.5556640625
0 0.3411458333333335 0.46630859375 0.23632812500000008 0.46630859375 0.23632812500000008 0.4775390625 0.3411458333333335 0.4775390625
0 0.3424479166666668 0.5556640625 0.2376302083333334 0.5556640625 0.2376302083333334 0.56689453125 0.3424479166666668 0.56689453125
0 0.48242187500000017 0.55810546875 0.37890625000000017 0.55810546875 0.37890625000000017 0.5693359375 0.48242187500000017 0.5693359375
0 0.6269531250000001 0.56298828125 0.5169270833333335 0.56298828125 0.5169270833333335 0.57470703125 0.6269531250000001 0.57470703125
0 0.4817708333333335 0.49169921875 0.3802083333333335 0.49169921875 0.3802083333333335 0.5029296875 0.4817708333333335 0.5029296875
0 0.7727864583333334 0.56591796875 0.6634114583333335 0.56591796875 0.6634114583333335 0.5771484375 0.7727864583333334 0.5771484375
0 0.783203125 0.4296875000000001 0.666015625 0.4296875000000001 0.666015625 0.4418945312500001 0.783203125 0.4418945312500001
0 0.4811197916666668 0.51318359375 0.3776041666666668 0.51318359375 0.3776041666666668 0.5244140625 0.4811197916666668 0.5244140625
0 0.3411458333333335 0.56640625 0.2376302083333334 0.56640625 0.2376302083333334 0.5771484375 0.3411458333333335 0.5771484375
0 0.33984375000000017 0.6220703125 0.23697916666666674 0.6220703125 0.23697916666666674 0.63330078125 0.33984375000000017 0.63330078125
0 0.6308593750000001 0.51708984375 0.5208333333333335 0.51708984375 0.5208333333333335 0.5283203125 0.6308593750000001 0.5283203125
0 0.7747395833333334 0.54248046875 0.6627604166666669 0.54248046875 0.6627604166666669 0.55419921875 0.7747395833333334 0.55419921875
0 0.33984375 0.35205078125 0.23111979166666674 0.35205078125 0.23111979166666674 0.36376953125 0.33984375 0.36376953125