0 0.9348189618055556 0.07819475976562507 0.12296736111111113 0.043743072753906265 0.11550848274656328 0.09935715012843502 0.9273600834410077 0.1338088371401538
0 0.9083936744791669 0.1327230493164063 0.1256040355902778 0.1026521220703125 0.11837428754504521 0.16220002404970119 0.9011639264339342 0.19227095129579497
0 0.8951844071180557 0.1884332172851563 0.12154905989583338 0.1612537587890625 0.11530547472964546 0.21748460227103722 0.8889408219518677 0.24466406076713101
0 0.8763488020833335 0.2413251713867188 0.12550337934027783 0.21168964257812503 0.11891062628116655 0.2645402178622851 0.8697560490242222 0.29417574667087887
0 0.8658307239583334 0.28947925781250006 0.12625780034722225 0.26103030712890624 0.12052140073930888 0.3082147901971841 0.86009432435042 0.3366637408807779
0 0.846806420138889 0.33382958251953126 0.12715854427083342 0.3094297236328125 0.12190191925815198 0.3584848935085026 0.8415497951262076 0.38288475239522135
0 0.8351780876736111 0.3793729233398438 0.12711821701388898 0.3530445810546875 0.12156468295275379 0.4003010164689829 0.829624553612476 0.4266293587541392
0 0.8253185190972223 0.42329102734375 0.13013139062500004 0.3986963940429687 0.12521473483059736 0.44266839507956823 0.8204018633028196 0.46726302838034955
0 0.8129746788194444 0.46368152490234377 0.13678311024305562 0.44261892919921875 0.13276467332104255 0.48343771375912303 0.8089562418974314 0.504500309462248
0 0.7997839505208334 0.49976712792968747 0.1479515425347223 0.4791632324218749 0.14370456234837917 0.5216752678278391 0.7955369703344902 0.5422791633356517
0 0.7919381753472223 0.5355540502929688 0.14080488020833345 0.518909224609375 0.13766512083427684 0.5577718441754483 0.7887984159731657 0.574416669859042
0 0.7811071440972223 0.5677795249023438 0.14115554253472234 0.557835162109375 0.1392017300288928 0.5976182151642491 0.7791533315913928 0.6075625779572179
0 0.773114592013889 0.6027192509765624 0.14796470406240264 0.5898776216434344 0.1454011493055557 0.6293643979492187 0.770551037257042 0.6422060272823468
0 0.7603705503472225 0.6352790361328124 0.14505232506247312 0.6311433725527498 0.14426413531753923 0.6682481993743794 0.7595823606022885 0.6723838629544421
0 0.7522155321180556 0.6724927744140625 0.1466415972222224 0.66256662890625 0.1449441551464985 0.6953328647936431 0.7505180900423318 0.7052590103014557
0 0.7440791953125001 0.7025952583007814 0.14799371180555573 0.6950533559570312 0.1466156779437552 0.7295147295457486 0.7427011614506996 0.7370566318894988
0 0.7294224019097224 0.7375855791015625 0.14713665625000016 0.7252771831054687 0.14497129210007775 0.7576895461164284 0.7272570377598 0.7699979421125221
0 0.7254189340277779 0.7633385937500001 0.15091989670138906 0.7585962299804688 0.14999807540383725 0.7939296952752363 0.724497112730226 0.7986720590447676
0 0.7144601944444448 0.7969423906250002 0.15389338715277798 0.7916347490234376 0.1532002008168709 0.8147991372979255 0.7137670081085377 0.8201067788994881
0 0.7054554956597227 0.8185529663085938 0.15356818494204724 0.8137907079469138 0.1527812073758878 0.8426472881554411 0.7046685180935631 0.8474095465171211
0 0.702077244791667 0.8463022387695314 0.1616701469839498 0.8421270796182262 0.1610936401100881 0.8657371647536429 0.7015007379178053 0.8699123239049481
0 0.6941490772569446 0.8680267314453125 0.1518868515625002 0.8647257094726563 0.1512744986939725 0.8965535920619935 0.693536724388417 0.8998546140346497