0 0.875 0.7447916666666666 0.748046875 0.7447916666666666 0.748046875 0.765625 0.875 0.765625
0 0.54345703125 0.7291666666666666 0.4165039062500001 0.7291666666666666 0.4165039062500001 0.75 0.54345703125 0.75
0 0.71044921875 0.7115885416666666 0.58203125 0.7115885416666666 0.58203125 0.734375 0.71044921875 0.734375
0 0.87451171875 0.767578125 0.74658203125 0.767578125 0.74658203125 0.7877604166666666 0.87451171875 0.7877604166666666
0 0.703125 0.8697916666666666 0.576171875 0.8697916666666666 0.576171875 0.890625 0.703125 0.890625
0 0.708984375 0.734375 0.580078125 0.734375 0.580078125 0.7565104166666666 0.708984375 0.7565104166666666
0 0.3764648437500001 0.7923177083333334 0.24853515625000006 0.7923177083333334 0.24853515625000006 0.8125 0.3764648437500001 0.8125
0 0.3759765625000001 0.8151041666666666 0.24902343750000006 0.8151041666666666 0.24902343750000006 0.8352864583333334 0.3759765625000001 0.8352864583333334
0 0.3759765625000001 0.7018229166666666 0.24902343750000006 0.7018229166666666 0.24902343750000006 0.7220052083333334 0.3759765625000001 0.7220052083333334
0 0.3769531250000001 0.7701822916666666 0.24804687500000006 0.7701822916666666 0.24804687500000006 0.7903645833333334 0.3769531250000001 0.7903645833333334
0 0.54345703125 0.7513020833333334 0.4155273437500001 0.7513020833333334 0.4155273437500001 0.7727864583333334 0.54345703125 0.7727864583333334
0 0.55029296875 0.4778645833333334 0.4208984375 0.4778645833333333 0.4208984375 0.4993489583333334 0.55029296875 0.4993489583333335
0 0.548828125 0.5006510416666667 0.42041015625 0.5006510416666666 0.42041015625 0.5221354166666667 0.548828125 0.5221354166666669
0 0.20947265625000006 0.7669270833333334 0.07714843750000008 0.7669270833333334 0.07714843750000008 0.7877604166666666 0.20947265625000006 0.7877604166666666
0 0.70361328125 0.8483072916666666 0.578125 0.8483072916666666 0.578125 0.8684895833333334 0.70361328125 0.8684895833333334
0 0.54443359375 0.6621093750000001 0.4184570312500001 0.662109375 0.4184570312500001 0.6829427083333334 0.54443359375 0.6829427083333334
0 0.5439453125 0.7740885416666666 0.4155273437500001 0.7740885416666666 0.4155273437500001 0.7955729166666666 0.5439453125 0.7955729166666666
0 0.71240234375 0.689453125 0.5830078125 0.689453125 0.5830078125 0.7115885416666666 0.71240234375 0.7115885416666666
0 0.20800781250000006 0.560546875 0.07568359375000006 0.560546875 0.07568359375000006 0.58203125 0.20800781250000006 0.58203125
0 0.71240234375 0.6660156250000001 0.58349609375 0.6660156250000001 0.58349609375 0.6888020833333334 0.71240234375 0.6888020833333334
0 0.21093750000000006 0.7447916666666666 0.07617187500000006 0.7447916666666666 0.07617187500000007 0.765625 0.21093750000000006 0.765625
0 0.86962890625 0.8802083333333334 0.74365234375 0.8802083333333334 0.74365234375 0.8990885416666666 0.86962890625 0.8990885416666666
0 0.53857421875 0.8639322916666666 0.4145507812500001 0.8639322916666666 0.4145507812500001 0.8834635416666666 0.53857421875 0.8834635416666666
0 0.70751953125 0.7578125 0.580078125 0.7578125 0.580078125 0.779296875 0.70751953125 0.779296875
0 0.20654296875000006 0.7897135416666666 0.07763671875000008 0.7897135416666666 0.07763671875000008 0.810546875 0.20654296875000006 0.810546875
0 0.3759765625000001 0.859375 0.24658203125000006 0.859375 0.24658203125000006 0.8802083333333334 0.3759765625000001 0.8802083333333334
0 0.21142578125000006 0.7220052083333334 0.07519531250000006 0.7220052083333334 0.07519531250000006 0.744140625 0.21142578125000006 0.744140625
0 0.5478515625 0.5462239583333334 0.42138671875 0.5462239583333334 0.42138671875 0.5670572916666667 0.5478515625 0.5670572916666669
0 0.5439453125 0.7076822916666666 0.4174804687500001 0.7076822916666666 0.4174804687500001 0.7278645833333334 0.5439453125 0.7278645833333334
0 0.3764648437500001 0.8372395833333334 0.24804687500000006 0.8372395833333334 0.24804687500000006 0.8580729166666666 0.3764648437500001 0.8580729166666666
0 0.5419921875 0.796875 0.4155273437500001 0.796875 0.4155273437500001 0.8177083333333334 0.5419921875 0.8177083333333334
0 0.8740234375 0.7897135416666666 0.74609375 0.7897135416666666 0.74609375 0.810546875 0.8740234375 0.810546875
0 0.87646484375 0.7220052083333334 0.75 0.7220052083333334 0.75 0.7434895833333334 0.87646484375 0.7434895833333334
0 0.3784179687500001 0.6549479166666666 0.2504882812500001 0.6549479166666666 0.2504882812500001 0.6744791666666666 0.3784179687500001 0.6744791666666666
0 0.20654296875000006 0.8587239583333334 0.07861328125000008 0.8587239583333334 0.07861328125000008 0.8782552083333334 0.20654296875000006 0.8782552083333334
0 0.54931640625 0.5234375000000001 0.421875 0.5234375 0.421875 0.5449218750000001 0.54931640625 0.5449218750000001
0 0.873046875 0.8111979166666666 0.74609375 0.8111979166666666 0.74609375 0.8333333333333334 0.873046875 0.8333333333333334
0 0.20751953125000006 0.8125 0.07861328125000008 0.8125 0.07861328125000008 0.8333333333333334 0.20751953125000006 0.8333333333333334
0 0.87158203125 0.857421875 0.7451171875 0.857421875 0.7451171875 0.8776041666666666 0.87158203125 0.8776041666666666
0 0.5400390625 0.841796875 0.4150390625000001 0.841796875 0.4150390625000001 0.8619791666666666 0.5400390625 0.8619791666666666
0 0.3779296875 0.5611979166666666 0.25 0.5611979166666666 0.25 0.5813802083333334 0.3779296875 0.5813802083333334
0 0.3784179687500001 0.6080729166666666 0.24853515625000006 0.6080729166666666 0.24853515625000006 0.6282552083333334 0.3784179687500001 0.6282552083333334
0 0.21044921875000006 0.69921875 0.07470703125000006 0.69921875 0.07470703125000006 0.7200520833333334 0.21044921875000006 0.7200520833333334
0 0.87744140625 0.6979166666666666 0.74951171875 0.6979166666666666 0.74951171875 0.720703125 0.87744140625 0.720703125
0 0.3769531250000001 0.7467447916666666 0.24804687500000006 0.7467447916666666 0.24804687500000006 0.767578125 0.3769531250000001 0.767578125
0 0.20800781250000006 0.6302083333333334 0.07617187500000006 0.6302083333333334 0.07617187500000006 0.650390625 0.20800781250000006 0.650390625
0 0.3798828125 0.5364583333333334 0.24902343750000006 0.5364583333333334 0.24902343750000006 0.5572916666666666 0.3798828125 0.5572916666666666
0 0.20800781250000006 0.537109375 0.07519531250000006 0.537109375 0.07519531250000006 0.5579427083333334 0.20800781250000006 0.5579427083333334
0 0.20849609375000006 0.6067708333333334 0.07617187500000006 0.6067708333333334 0.07617187500000006 0.6276041666666666 0.20849609375000006 0.6276041666666666
0 0.38037109375 0.5130208333333334 0.24804687500000006 0.5130208333333334 0.24804687500000006 0.5345052083333334 0.38037109375 0.5345052083333334
0 0.88671875 0.5592447916666669 0.7548828125 0.5592447916666669 0.7548828125 0.5826822916666669 0.88671875 0.5826822916666669
0 0.541015625 0.8860677083333334 0.4160156250000001 0.8860677083333334 0.4160156250000001 0.9049479166666666 0.541015625 0.9049479166666666
0 0.54736328125 0.5696614583333334 0.41943359375 0.5696614583333334 0.41943359375 0.5911458333333334 0.54736328125 0.5911458333333335
0 0.705078125 0.8268229166666666 0.57861328125 0.8268229166666666 0.57861328125 0.8470052083333334 0.705078125 0.8470052083333334
0 0.38134765625 0.4889322916666667 0.24804687500000006 0.4889322916666667 0.24804687500000006 0.5110677083333334 0.38134765625 0.5110677083333334
0 0.5478515625 0.5924479166666667 0.41748046875 0.5924479166666666 0.41748046875000006 0.6145833333333334 0.5478515625 0.6145833333333335
0 0.88037109375 0.6536458333333335 0.75244140625 0.6536458333333335 0.75244140625 0.6751302083333334 0.88037109375 0.6751302083333334
0 0.54052734375 0.8190104166666666 0.4155273437500001 0.8190104166666666 0.4155273437500001 0.8391927083333334 0.54052734375 0.8391927083333334
0 0.70556640625 0.7799479166666666 0.57958984375 0.7799479166666666 0.57958984375 0.8020833333333334 0.70556640625 0.8020833333333334
0 0.5439453125 0.685546875 0.4179687500000001 0.685546875 0.4179687500000001 0.705078125 0.5439453125 0.705078125
0 0.54541015625 0.6386718750000001 0.4165039062500001 0.638671875 0.4165039062500001 0.6608072916666667 0.54541015625 0.6608072916666669
0 0.20751953125000006 0.583984375 0.07617187500000006 0.583984375 0.07617187500000006 0.6048177083333334 0.20751953125000006 0.6048177083333334
0 0.20849609375000006 0.6529947916666666 0.07617187500000006 0.6529947916666666 0.07617187500000006 0.673828125 0.20849609375000006 0.673828125
0 0.88330078125 0.6289062500000001 0.75439453125 0.6289062500000001 0.75439453125 0.6503906250000001 0.88330078125 0.6503906250000001
0 0.54638671875 0.6158854166666667 0.4189453125000001 0.6158854166666666 0.4189453125000001 0.6367187500000001 0.54638671875 0.6367187500000001
0 0.3774414062500001 0.7239583333333334 0.24853515625000006 0.7239583333333334 0.24853515625000006 0.744140625 0.3774414062500001 0.744140625
0 0.8876953125 0.5839843750000001 0.75439453125 0.5839843750000001 0.75439453125 0.6054687500000001 0.8876953125 0.6054687500000001
0 0.86962890625 0.90234375 0.73828125 0.90234375 0.73828125 0.921875 0.86962890625 0.921875
0 0.20947265625000006 0.6770833333333334 0.07519531250000006 0.6770833333333334 0.07519531250000006 0.697265625 0.20947265625000006 0.697265625
0 0.20703125000000006 0.8346354166666666 0.07861328125000008 0.8346354166666666 0.07861328125000008 0.85546875 0.20703125000000006 0.85546875
0 0.37841796875000006 0.5846354166666666 0.24853515625000006 0.5846354166666666 0.24853515625000006 0.60546875 0.3784179687500001 0.60546875
0 0.87255859375 0.833984375 0.74462890625 0.833984375 0.74462890625 0.8548177083333334 0.87255859375 0.8548177083333334
0 0.3789062500000001 0.630859375 0.24951171875000006 0.630859375 0.24951171875000006 0.65234375 0.3789062500000001 0.65234375
0 0.55029296875 0.45312500000000006 0.4208984375 0.453125 0.4208984375 0.47460937500000006 0.55029296875 0.47460937500000017
0 0.705078125 0.802734375 0.5771484375 0.802734375 0.5771484375 0.8248697916666666 0.705078125 0.8248697916666666
0 0.20751953125000006 0.5143229166666666 0.07373046875000006 0.5143229166666666 0.07373046875000006 0.5345052083333334 0.20751953125000006 0.5345052083333334
0 0.3769531250000001 0.6770833333333334 0.2509765625000001 0.6770833333333334 0.2509765625000001 0.6979166666666666 0.3769531250000001 0.6979166666666666
0 0.20751953125000006 0.880859375 0.07910156250000008 0.880859375 0.07910156250000008 0.900390625 0.20751953125000006 0.900390625
0 0.8798828125 0.67578125 0.7509765625 0.67578125 0.7509765625 0.6979166666666666 0.8798828125 0.6979166666666666
0 0.88623046875 0.6061197916666669 0.7548828125 0.6061197916666669 0.7548828125 0.6269531250000001 0.88623046875 0.6269531250000001
0 0.38330078125 0.4661458333333333 0.24902343750000006 0.4661458333333333 0.24902343750000006 0.486328125 0.38330078125 0.486328125
0 0.89013671875 0.5351562500000001 0.7529296875 0.5351562500000001 0.7529296875 0.5572916666666669 0.89013671875 0.5572916666666669
0 0.70263671875 0.892578125 0.5751953125 0.892578125 0.5751953125 0.912109375 0.70263671875 0.912109375
0 0.70947265625 0.6438802083333335 0.58349609375 0.6438802083333335 0.58349609375 0.6640625000000001 0.70947265625 0.6640625000000001
0 0.3759765625000001 0.8834635416666666 0.2500000000000001 0.8834635416666666 0.2500000000000001 0.9016927083333334 0.3759765625000001 0.9016927083333334