0 0.86279296875 0.6282552083333335 0.6416015625 0.6282552083333335 0.6416015625 0.6640625000000001 0.86279296875 0.6640625000000001
0 0.87548828125 0.4576822916666668 0.650390625 0.4576822916666668 0.650390625 0.49609375000000017 0.87548828125 0.49609375000000017
0 0.8681640625 0.5950520833333335 0.6396484375 0.5950520833333335 0.6396484375 0.6302083333333335 0.8681640625 0.6302083333333335
0 0.849609375 0.7623697916666666 0.63720703125 0.7623697916666666 0.63720703125 0.7975260416666666 0.849609375 0.7975260416666666
0 0.3559570312500001 0.630859375 0.10791015625000006 0.630859375 0.10791015625000006 0.6712239583333334 0.3559570312500001 0.6712239583333334
0 0.884765625 0.3444010416666668 0.65185546875 0.3444010416666668 0.65185546875 0.38476562500000017 0.884765625 0.38476562500000017
0 0.84912109375 0.79296875 0.63330078125 0.79296875 0.63330078125 0.828125 0.84912109375 0.828125
0 0.62451171875 0.4817708333333334 0.388671875 0.4817708333333333 0.388671875 0.5208333333333334 0.62451171875 0.5208333333333335
0 0.6201171875 0.5898437500000001 0.38623046875 0.58984375 0.38623046875000006 0.6276041666666667 0.6201171875 0.6276041666666669
0 0.62890625 0.29101562500000006 0.3857421875 0.29101562500000006 0.3857421875 0.33463541666666674 0.62890625 0.3346354166666668
0 0.6181640625 0.8326822916666666 0.3872070312500001 0.8326822916666666 0.3872070312500001 0.8697916666666666 0.6181640625 0.8697916666666666
0 0.6259765625 0.3684895833333334 0.384765625 0.3684895833333333 0.384765625 0.41015625000000006 0.6259765625 0.41015625000000017
0 0.89501953125 0.2324218750000001 0.6591796875 0.23242187500000008 0.6591796875 0.2727864583333334 0.89501953125 0.2727864583333335
0 0.86328125 0.6621093750000001 0.640625 0.6621093750000001 0.640625 0.6985677083333334 0.86328125 0.6985677083333334
0 0.6240234375 0.5188802083333334 0.3896484375 0.5188802083333334 0.3896484375 0.5572916666666667 0.6240234375 0.5572916666666669
0 0.61865234375 0.6621093750000001 0.3881835937500001 0.662109375 0.3881835937500001 0.6998697916666666 0.61865234375 0.6998697916666666
0 0.85205078125 0.7298177083333334 0.64111328125 0.7298177083333334 0.64111328125 0.7649739583333334 0.85205078125 0.7649739583333334
0 0.3544921875000001 0.7740885416666666 0.11083984375000008 0.7740885416666666 0.11083984375000008 0.8125 0.3544921875000001 0.8125
0 0.85009765625 0.8268229166666666 0.634765625 0.8268229166666666 0.634765625 0.861328125 0.85009765625 0.861328125
0 0.875 0.5611979166666669 0.64306640625 0.5611979166666669 0.64306640625 0.5970052083333335 0.875 0.5970052083333335
0 0.35400390625000006 0.5950520833333334 0.10888671875000006 0.5950520833333334 0.10888671875000006 0.6360677083333334 0.3540039062500001 0.6360677083333334
0 0.86865234375 0.5260416666666669 0.64697265625 0.5260416666666669 0.64697265625 0.5644531250000001 0.86865234375 0.5644531250000001
0 0.61279296875 0.7311197916666666 0.3857421875000001 0.7311197916666666 0.3857421875000001 0.76953125 0.61279296875 0.76953125
0 0.3505859375000001 0.84375 0.11132812500000008 0.84375 0.11132812500000008 0.8821614583333334 0.3505859375000001 0.8821614583333334
0 0.6298828125 0.44596354166666674 0.39208984375 0.4459635416666667 0.39208984375 0.48437500000000006 0.6298828125 0.48437500000000017
0 0.36083984375 0.5208333333333334 0.10742187500000006 0.5208333333333334 0.10742187500000006 0.5625 0.36083984375 0.5625
0 0.3559570312500001 0.8098958333333334 0.10693359375000008 0.8098958333333334 0.10693359375000008 0.84765625 0.3559570312500001 0.84765625
0 0.87890625 0.4192708333333335 0.646484375 0.4192708333333335 0.646484375 0.45703125000000017 0.87890625 0.45703125000000017
0 0.6318359375 0.3313802083333334 0.38623046875 0.3313802083333334 0.38623046875 0.37304687500000006 0.6318359375 0.37304687500000017
0 0.6201171875 0.697265625 0.3862304687500001 0.697265625 0.3862304687500001 0.734375 0.6201171875 0.734375
0 0.63134765625 0.2532552083333334 0.38330078125 0.2532552083333334 0.38330078125 0.29492187500000006 0.63134765625 0.29492187500000006
0 0.88720703125 0.3079427083333334 0.6552734375 0.3079427083333334 0.6552734375 0.3463541666666668 0.88720703125 0.3463541666666668
0 0.35791015625 0.33203125000000006 0.09960937500000003 0.33203125 0.09960937500000003 0.375 0.35791015625 0.375
0 0.62109375 0.6256510416666667 0.3857421875000001 0.6256510416666666 0.3857421875000001 0.6627604166666667 0.62109375 0.6627604166666669
0 0.62744140625 0.5546875000000001 0.390625 0.5546875 0.390625 0.5924479166666667 0.62744140625 0.5924479166666669
0 0.857421875 0.6966145833333334 0.63427734375 0.6966145833333334 0.63427734375 0.732421875 0.857421875 0.732421875
0 0.3564453125000001 0.7376302083333334 0.10791015625000006 0.7376302083333334 0.10791015625000007 0.7786458333333334 0.3564453125000001 0.7786458333333334
0 0.35888671875 0.560546875 0.10791015625000006 0.560546875 0.10791015625000006 0.6009114583333334 0.35888671875 0.6009114583333334
0 0.61767578125 0.765625 0.3862304687500001 0.765625 0.3862304687500001 0.802734375 0.61767578125 0.802734375
0 0.36083984375 0.4088541666666667 0.09912109375000003 0.4088541666666667 0.09912109375000003 0.451171875 0.36083984375 0.451171875
0 0.875 0.4908854166666668 0.64501953125 0.4908854166666668 0.64501953125 0.5292968750000001 0.875 0.5292968750000001
0 0.3603515625 0.4850260416666667 0.10400390625000006 0.4850260416666667 0.10400390625000006 0.5240885416666666 0.3603515625 0.5240885416666666
0 0.8779296875 0.3821614583333335 0.6513671875 0.3821614583333335 0.6513671875 0.4212239583333335 0.8779296875 0.4212239583333335
0 0.890625 0.2695312500000001 0.66015625 0.26953125000000006 0.66015625 0.3111979166666668 0.890625 0.3111979166666668
0 0.3564453125000001 0.6692708333333334 0.10839843750000006 0.6692708333333334 0.10839843750000006 0.7096354166666666 0.3564453125000001 0.7096354166666666
0 0.3564453125000001 0.7018229166666666 0.10742187500000006 0.7018229166666666 0.10742187500000006 0.740234375 0.3564453125000001 0.740234375
0 0.6240234375 0.40820312500000006 0.3837890625 0.408203125 0.3837890625 0.44726562500000006 0.6240234375 0.44726562500000017
0 0.90087890625 0.19270833333333345 0.65771484375 0.1927083333333334 0.65771484375 0.2343750000000001 0.90087890625 0.23437500000000014
0 0.3603515625 0.4479166666666667 0.10107421875000003 0.4479166666666667 0.10107421875000004 0.4876302083333333 0.3603515625 0.4876302083333333
0 0.61767578125 0.8001302083333334 0.3847656250000001 0.8001302083333334 0.3847656250000001 0.8359375 0.61767578125 0.8359375
0 0.359375 0.3704427083333333 0.09472656250000003 0.3704427083333333 0.09472656250000003 0.4127604166666667 0.359375 0.4127604166666667
0 0.630859375 0.2122395833333334 0.384765625 0.2122395833333334 0.384765625 0.2552083333333334 0.630859375 0.2552083333333334
0 0.6142578125 0.8684895833333334 0.3837890625000001 0.8684895833333334 0.3837890625000001 0.90625 0.6142578125 0.90625
0 0.3652343750000001 0.8704427083333334 0.11914062500000008 0.8704427083333334 0.11914062500000008 0.9225260416666666 0.3652343750000001 0.9225260416666666
0 0.84521484375 0.8606770833333334 0.63232421875 0.8606770833333334 0.63232421875 0.8938802083333334 0.84521484375 0.8938802083333334
0 0.36328125 0.2897135416666667 0.09228515625000003 0.2897135416666667 0.09228515625000003 0.33138020833333337 0.36328125 0.3313802083333334