0 1.0101308971616314 0.1783187679875632 0.07071137065972224 0.117392765625 0.05747487535467794 0.181969334129711 0.996894401856587 0.24289533649227418
0 1.0084201065351355 0.24624987165672035 0.05904156250000003 0.18751359277343752 0.04718653605076458 0.24814261495425635 0.9965650800859002 0.3068788938375392
0 0.997930557729188 0.3159110892053802 0.05159983767361116 0.25674295898437494 0.04012605529850656 0.3148069328085215 0.9864567753540836 0.37397506302952677
0 0.7943523177083335 0.8732180834960936 0.01699539756944462 0.8414545034179687 0.011983907175670192 0.8802608697356504 0.789340827314559 0.9120244498137754
0 0.8203635859375003 0.8321032294921876 0.02445827690972238 0.794268091796875 0.0184170129611338 0.8344785430805215 0.8143223219889116 0.8723136807758342
0 0.8376992352430558 0.7869178217773436 0.022150570312500156 0.7512432016601562 0.016319570687831013 0.7934204838111459 0.8318682356183866 0.8290951039283333
0 0.8498297196180558 0.7414244907226564 0.02653083333333349 0.7002702031250001 0.019540316293555335 0.7445185237035643 0.8428392025782776 0.7856728113012206
0 0.8707364947916667 0.6973665947265626 0.03422150520833348 0.6563194829101563 0.027700471473963904 0.698368187761122 0.8642154610572971 0.7394152995775283
0 0.8819582378472224 0.6508301499023438 0.03242790798611123 0.6062281669921875 0.024719224280825305 0.6526850429394108 0.8742495541419365 0.697287025849567
0 0.9813777118055557 0.3747994008789063 0.05207452604166675 0.3195801337890625 0.040741809361295775 0.3799257703634154 0.9700449951251847 0.43514503745325916
0 0.9596292317708337 0.4332388261718751 0.05497124131944453 0.3800450185546875 0.04415981545904354 0.4382220253770862 0.9488178059104325 0.4914158329942738
0 0.9035091206597224 0.5933927578125001 0.0385152549848024 0.552492787006431 0.031041015090635442 0.6025079992407315 0.8960348807655555 0.6434079700468006
0 0.918099465645916 0.5412977728069748 0.047036102007637276 0.49629359169020026 0.038285143306166135 0.5498852964222882 0.9093485069444449 0.5948894775390626
0 0.9445909088541666 0.48875919042968763 0.04582750607638902 0.44204410791015625 0.03722809187601503 0.4943923594756416 0.9359914946537926 0.5411074419951729
0 1.011941980807866 0.09897371170208012 0.08257439409722223 0.04106321923828125 0.0687480053131107 0.11127081188147274 0.9981155920237543 0.16918130434527162
0 0.7892768168402781 0.9149785087890625 0.014942162326389057 0.883780708984375 0.009803334239900256 0.9241372440862832 0.7841379887537893 0.9553350438909707