0 0.646484375 0.853515625 0.4863281250000001 0.853515625 0.4863281250000001 0.8756510416666666 0.646484375 0.8756510416666666
0 0.4726562500000001 0.7506510416666666 0.3115234375000001 0.7506510416666666 0.3115234375000001 0.7721354166666666 0.4726562500000001 0.7721354166666666
0 0.4746093750000001 0.7265625 0.3115234375000001 0.7265625 0.3115234375000001 0.7486979166666666 0.4746093750000001 0.7486979166666666
0 0.64697265625 0.8287760416666666 0.4868164062500001 0.8287760416666666 0.4868164062500001 0.849609375 0.64697265625 0.849609375
0 0.4721679687500001 0.6276041666666667 0.3120117187500001 0.6276041666666666 0.3120117187500001 0.6497395833333334 0.4721679687500001 0.6497395833333335
0 0.47167968750000006 0.6022135416666667 0.31298828125 0.6022135416666666 0.31298828125000006 0.6250000000000001 0.4716796875000001 0.6250000000000001
0 0.66162109375 0.4075520833333335 0.490234375 0.4075520833333335 0.490234375 0.4309895833333335 0.66162109375 0.4309895833333335
0 0.294921875 0.52734375 0.12402343750000006 0.52734375 0.12402343750000006 0.55078125 0.294921875 0.55078125
0 0.65869140625 0.5611979166666669 0.48876953125 0.5611979166666669 0.48876953125 0.5826822916666669 0.65869140625 0.5826822916666669
0 0.646484375 0.7825520833333334 0.4848632812500001 0.7825520833333334 0.4848632812500001 0.8046875 0.646484375 0.8046875
0 0.8544921875 0.3567708333333335 0.6884765625 0.3567708333333335 0.6884765625 0.38281250000000017 0.8544921875 0.38281250000000017
0 0.64794921875 0.7578125 0.4882812500000001 0.7578125 0.4882812500000001 0.7799479166666666 0.64794921875 0.7799479166666666
0 0.2880859375000001 0.6510416666666666 0.12988281250000006 0.6510416666666666 0.12988281250000006 0.673828125 0.2880859375000001 0.673828125
0 0.64599609375 0.8053385416666666 0.4868164062500001 0.8053385416666666 0.4868164062500001 0.8274739583333334 0.64599609375 0.8274739583333334
0 0.84716796875 0.5123697916666669 0.67919921875 0.5123697916666669 0.67919921875 0.5410156250000001 0.84716796875 0.5410156250000001
0 0.8525390625 0.38281250000000017 0.6875 0.38281250000000017 0.6875 0.4088541666666668 0.8525390625 0.4088541666666668
0 0.83935546875 0.5917968750000001 0.67431640625 0.5917968750000001 0.67431640625 0.6152343750000001 0.83935546875 0.6152343750000001
0 0.29248046875 0.552734375 0.12841796875000006 0.552734375 0.12841796875000006 0.5748697916666666 0.29248046875 0.5748697916666666
0 0.833984375 0.7174479166666666 0.6669921875 0.7174479166666666 0.6669921875 0.7434895833333334 0.833984375 0.7434895833333334
0 0.65576171875 0.6106770833333335 0.4912109375000001 0.6106770833333335 0.4912109375000001 0.6334635416666669 0.65576171875 0.6334635416666669
0 0.4721679687500001 0.8001302083333334 0.3105468750000001 0.8001302083333334 0.3105468750000001 0.8209635416666666 0.4721679687500001 0.8209635416666666
0 0.474609375 0.5260416666666667 0.3076171875 0.5260416666666666 0.3076171875 0.5494791666666667 0.474609375 0.5494791666666669
0 0.65771484375 0.48437500000000017 0.4931640625 0.48437500000000017 0.4931640625 0.5078125000000001 0.65771484375 0.5078125000000001
0 0.4697265625000001 0.8483072916666666 0.3105468750000001 0.8483072916666666 0.3105468750000001 0.8684895833333334 0.4697265625000001 0.8684895833333334
0 0.85107421875 0.4622395833333335 0.681640625 0.4622395833333335 0.681640625 0.4876302083333335 0.85107421875 0.4876302083333335
0 0.4716796875000001 0.8235677083333334 0.3139648437500001 0.8235677083333334 0.3139648437500001 0.84375 0.4716796875000001 0.84375
0 0.85205078125 0.43554687500000017 0.68359375 0.43554687500000017 0.68359375 0.4622395833333335 0.85205078125 0.4622395833333335
0 0.2910156250000001 0.6256510416666666 0.13037109375000006 0.6256510416666666 0.13037109375000006 0.6484375 0.2910156250000001 0.6484375
0 0.82568359375 0.865234375 0.66259765625 0.865234375 0.66259765625 0.8880208333333334 0.82568359375 0.8880208333333334
0 0.65625 0.6354166666666669 0.4887695312500001 0.6354166666666669 0.4887695312500001 0.6575520833333335 0.65625 0.6575520833333335
0 0.857421875 0.3033854166666668 0.69091796875 0.3033854166666668 0.69091796875 0.3313802083333335 0.857421875 0.3313802083333335
0 0.4736328125 0.5774739583333334 0.30908203125 0.5774739583333334 0.30908203125 0.6002604166666667 0.4736328125 0.6002604166666669
0 0.6591796875 0.4596354166666668 0.49267578125 0.4596354166666668 0.49267578125 0.4830729166666668 0.6591796875 0.4830729166666668
0 0.47265625 0.47460937500000006 0.3095703125 0.474609375 0.3095703125 0.49869791666666674 0.47265625 0.4986979166666668
0 0.65576171875 0.5104166666666669 0.48974609375 0.5104166666666669 0.48974609375 0.5338541666666669 0.65576171875 0.5338541666666669
0 0.2900390625000001 0.6985677083333334 0.13183593750000006 0.6985677083333334 0.13183593750000006 0.720703125 0.2900390625000001 0.720703125
0 0.83837890625 0.6165364583333335 0.67236328125 0.6165364583333335 0.67236328125 0.6425781250000001 0.83837890625 0.6425781250000001
0 0.65185546875 0.6848958333333334 0.4882812500000001 0.6848958333333334 0.4882812500000001 0.7057291666666666 0.65185546875 0.7057291666666666
0 0.4736328125 0.5006510416666667 0.3095703125 0.5006510416666666 0.3095703125 0.5247395833333334 0.4736328125 0.5247395833333335
0 0.65478515625 0.5852864583333335 0.49072265625 0.5852864583333335 0.49072265625000006 0.6087239583333335 0.65478515625 0.6087239583333335
0 0.29443359375 0.5013020833333334 0.12451171875000006 0.5013020833333334 0.12451171875000006 0.525390625 0.29443359375 0.525390625
0 0.4726562500000001 0.7018229166666666 0.3085937500000001 0.7018229166666666 0.3085937500000001 0.724609375 0.4726562500000001 0.724609375
0 0.4711914062500001 0.7747395833333334 0.3105468750000001 0.7747395833333334 0.3105468750000001 0.796875 0.4711914062500001 0.796875
0 0.2890625 0.5774739583333334 0.13085937500000006 0.5774739583333334 0.13085937500000006 0.5989583333333334 0.2890625 0.5989583333333334
0 0.2900390625000001 0.7473958333333334 0.13427734375000006 0.7473958333333334 0.13427734375000006 0.7682291666666666 0.2900390625000001 0.7682291666666666
0 0.2895507812500001 0.7955729166666666 0.13427734375000006 0.7955729166666666 0.13427734375000006 0.8170572916666666 0.2895507812500001 0.8170572916666666
0 0.650390625 0.7337239583333334 0.4877929687500001 0.7337239583333334 0.4877929687500001 0.7552083333333334 0.650390625 0.7552083333333334
0 0.29248046875000006 0.6009114583333334 0.12939453125000006 0.6009114583333334 0.12939453125000006 0.6236979166666666 0.2924804687500001 0.6236979166666666
0 0.837890625 0.6692708333333334 0.6708984375 0.6692708333333334 0.6708984375 0.693359375 0.837890625 0.693359375
0 0.83349609375 0.7434895833333334 0.6669921875 0.7434895833333334 0.6669921875 0.7682291666666666 0.83349609375 0.7682291666666666
0 0.837890625 0.6927083333333334 0.66943359375 0.6927083333333334 0.66943359375 0.7174479166666666 0.837890625 0.7174479166666666
0 0.84375 0.5416666666666669 0.67822265625 0.5416666666666669 0.67822265625 0.5644531250000001 0.84375 0.5644531250000001
0 0.2915039062500001 0.6751302083333334 0.13281250000000006 0.6751302083333334 0.13281250000000006 0.697265625 0.2915039062500001 0.697265625
0 0.658203125 0.4322916666666668 0.49267578125 0.4322916666666668 0.49267578125 0.45703125000000017 0.658203125 0.45703125000000017
0 0.8310546875 0.7942708333333334 0.66162109375 0.7942708333333334 0.66162109375 0.8170572916666666 0.8310546875 0.8170572916666666
0 0.2919921875000001 0.771484375 0.13330078125000006 0.771484375 0.13330078125000006 0.7923177083333334 0.2919921875000001 0.7923177083333334
0 0.2900390625000001 0.8196614583333334 0.13476562500000006 0.8196614583333334 0.13476562500000006 0.8404947916666666 0.2900390625000001 0.8404947916666666
0 0.8291015625 0.8404947916666666 0.66357421875 0.8404947916666666 0.66357421875 0.8639322916666666 0.8291015625 0.8639322916666666
0 0.2910156250000001 0.84375 0.13671875000000006 0.84375 0.13671875000000006 0.86328125 0.2910156250000001 0.86328125
0 0.650390625 0.708984375 0.4868164062500001 0.708984375 0.4868164062500001 0.7317708333333334 0.650390625 0.7317708333333334
0 0.47412109375 0.44921875000000006 0.30859375 0.44921875 0.30859375 0.47460937500000006 0.47412109375 0.47460937500000017
0 0.84912109375 0.4895833333333335 0.6787109375 0.4895833333333335 0.6787109375 0.5130208333333335 0.84912109375 0.5130208333333335
0 0.86328125 0.24609375000000014 0.68994140625 0.24609375000000014 0.68994140625 0.2766927083333335 0.86328125 0.2766927083333335
0 0.2924804687500001 0.7239583333333334 0.13134765625000006 0.7239583333333334 0.13134765625000006 0.7447916666666666 0.2924804687500001 0.7447916666666666
0 0.658203125 0.5371093750000001 0.4912109375 0.5371093750000001 0.4912109375 0.5598958333333335 0.658203125 0.5598958333333335
0 0.4716796875000001 0.6510416666666667 0.3110351562500001 0.6510416666666666 0.3110351562500001 0.6751302083333334 0.4716796875000001 0.6751302083333334
0 0.4736328125 0.5527343750000001 0.31005859375 0.552734375 0.31005859375 0.5748697916666667 0.4736328125 0.5748697916666669
0 0.859375 0.2747395833333335 0.69287109375 0.2747395833333335 0.69287109375 0.30664062500000017 0.859375 0.30664062500000017
0 0.4721679687500001 0.8717447916666666 0.3139648437500001 0.8717447916666666 0.3139648437500001 0.8912760416666666 0.4721679687500001 0.8912760416666666
0 0.65380859375 0.6608072916666669 0.4892578125000001 0.6608072916666669 0.4892578125000001 0.6829427083333334 0.65380859375 0.6829427083333334
0 0.4736328125000001 0.6770833333333334 0.3110351562500001 0.6770833333333334 0.3110351562500001 0.69921875 0.4736328125000001 0.69921875
0 0.83740234375 0.6438802083333335 0.67041015625 0.6438802083333335 0.67041015625 0.66796875 0.83740234375 0.66796875
0 0.853515625 0.4095052083333335 0.6826171875 0.4095052083333335 0.6826171875 0.4342447916666668 0.853515625 0.4342447916666668
0 0.8427734375 0.5670572916666669 0.67578125 0.5670572916666669 0.67578125 0.5911458333333335 0.8427734375 0.5911458333333335
0 0.83251953125 0.7682291666666666 0.6640625 0.7682291666666666 0.6640625 0.7916666666666666 0.83251953125 0.7916666666666666
0 0.857421875 0.3307291666666668 0.68798828125 0.3307291666666668 0.68798828125 0.3561197916666668 0.857421875 0.3561197916666668
0 0.64794921875 0.87890625 0.4848632812500001 0.87890625 0.4848632812500001 0.9069010416666666 0.64794921875 0.9069010416666666
0 0.2924804687500001 0.8658854166666666 0.13623046875000006 0.8658854166666666 0.13623046875000006 0.8873697916666666 0.2924804687500001 0.8873697916666666
0 0.29296875 0.4778645833333333 0.12255859375000006 0.4778645833333333 0.12255859375000006 0.4993489583333333 0.29296875 0.4993489583333333
0 0.82568359375 0.8893229166666666 0.6630859375 0.8893229166666666 0.6630859375 0.916015625 0.82568359375 0.916015625
0 0.4765625 0.42252604166666674 0.306640625 0.4225260416666667 0.306640625 0.44531250000000006 0.4765625 0.44531250000000017
0 0.869569046177631 0.22676516339085342 0.6893343749019881 0.21515221539291973 0.688261962890625 0.2447415364583335 0.8684966341662679 0.2563544844562672
0 0.83056640625 0.818359375 0.6630859375 0.818359375 0.6630859375 0.8404947916666666 0.83056640625 0.8404947916666666