0 0.9013671875 0.4290364583333335 0.71435546875 0.4290364583333335 0.71435546875 0.4583333333333335 0.9013671875 0.4583333333333335
0 0.9033203125 0.45898437500000017 0.71142578125 0.45898437500000017 0.71142578125 0.4869791666666668 0.9033203125 0.4869791666666668
0 0.23095703125000006 0.6087239583333334 0.035156250000000056 0.6087239583333334 0.035156250000000056 0.634765625 0.23095703125000006 0.634765625
0 0.68994140625 0.5774739583333335 0.50146484375 0.5774739583333335 0.50146484375 0.6028645833333335 0.68994140625 0.6028645833333335
0 0.89990234375 0.5761718750000001 0.70654296875 0.5761718750000001 0.70654296875 0.6028645833333335 0.89990234375 0.6028645833333335
0 0.46533203125 0.4583333333333334 0.2646484375 0.4583333333333333 0.2646484375 0.48437500000000006 0.46533203125 0.48437500000000017
0 0.69091796875 0.4622395833333335 0.49951171875 0.4622395833333335 0.49951171875 0.4895833333333335 0.69091796875 0.4895833333333335
0 0.69482421875 0.3424479166666668 0.50390625 0.3424479166666668 0.50390625 0.3697916666666668 0.69482421875 0.3697916666666668
0 0.89501953125 0.693359375 0.70703125 0.693359375 0.70703125 0.7200520833333334 0.89501953125 0.7200520833333334
0 0.23486328125000006 0.6380208333333334 0.038085937500000056 0.6380208333333334 0.038085937500000056 0.6647135416666666 0.23486328125000006 0.6647135416666666
0 0.68798828125 0.6927083333333334 0.4985351562500001 0.6927083333333334 0.4985351562500001 0.71875 0.68798828125 0.71875
0 0.8974609375 0.6640625000000001 0.70849609375 0.6640625000000001 0.70849609375 0.6901041666666666 0.8974609375 0.6901041666666666
0 0.68701171875 0.6640625000000001 0.4985351562500001 0.6640625000000001 0.4985351562500001 0.689453125 0.68701171875 0.689453125
0 0.23828125000000006 0.7565104166666666 0.04101562500000007 0.7565104166666666 0.04101562500000007 0.783203125 0.23828125000000006 0.783203125
0 0.9033203125 0.5475260416666669 0.7099609375 0.5475260416666669 0.7099609375 0.5742187500000001 0.9033203125 0.5742187500000001
0 0.23242187500000006 0.7272135416666666 0.03662109375000007 0.7272135416666666 0.03662109375000007 0.7526041666666666 0.23242187500000006 0.7526041666666666
0 0.89404296875 0.75 0.7099609375 0.75 0.7099609375 0.7760416666666666 0.89404296875 0.7760416666666666
0 0.69970703125 0.0683593750000001 0.49462890625 0.06835937500000007 0.49462890625 0.09830729166666675 0.69970703125 0.09830729166666678
0 0.4638671875000001 0.7845052083333334 0.2705078125000001 0.7845052083333334 0.2705078125000001 0.810546875 0.4638671875000001 0.810546875
0 0.6884765625 0.7506510416666666 0.4985351562500001 0.7506510416666666 0.4985351562500001 0.7760416666666666 0.6884765625 0.7760416666666666
0 0.90771484375 0.2819010416666668 0.71875 0.2819010416666668 0.71875 0.3098958333333335 0.90771484375 0.3098958333333335
0 0.689453125 0.779296875 0.4985351562500001 0.779296875 0.4985351562500001 0.8053385416666666 0.689453125 0.8053385416666666
0 0.90185546875 0.3704427083333335 0.71630859375 0.3704427083333335 0.71630859375 0.39843750000000017 0.90185546875 0.39843750000000017
0 0.89501953125 0.78125 0.70703125 0.78125 0.70703125 0.806640625 0.89501953125 0.806640625
0 0.69580078125 0.2819010416666668 0.5048828125 0.28190104166666674 0.5048828125 0.3098958333333334 0.69580078125 0.3098958333333335
0 0.23437500000000006 0.4889322916666667 0.03906250000000004 0.4889322916666667 0.03906250000000004 0.5162760416666666 0.23437500000000006 0.5162760416666666
0 0.462890625 0.48632812500000006 0.267578125 0.486328125 0.267578125 0.5130208333333334 0.462890625 0.5130208333333335
0 0.46630859375 0.5149739583333334 0.2724609375 0.5149739583333334 0.2724609375 0.5423177083333334 0.46630859375 0.5423177083333335
0 0.6962890625 0.3111979166666668 0.49853515625 0.31119791666666674 0.49853515625 0.3385416666666668 0.6962890625 0.3385416666666668
0 0.46484375 0.5436197916666667 0.2734375 0.5436197916666666 0.2734375 0.5709635416666667 0.46484375 0.5709635416666669
0 0.6923828125 0.4908854166666668 0.4990234375 0.4908854166666668 0.4990234375 0.5175781250000001 0.6923828125 0.5175781250000001
0 0.23095703125000006 0.4609375 0.04003906250000004 0.4609375 0.04003906250000004 0.4876302083333333 0.23095703125000006 0.4876302083333333
0 0.693359375 0.37109375000000017 0.501953125 0.37109375000000017 0.501953125 0.3997395833333335 0.693359375 0.3997395833333335
0 0.90234375 0.4876302083333335 0.71484375 0.4876302083333335 0.71484375 0.5156250000000001 0.90234375 0.5156250000000001
0 0.689453125 0.5488281250000001 0.5029296875 0.5488281250000001 0.5029296875 0.5748697916666669 0.689453125 0.5748697916666669
0 0.23632812500000006 0.3697916666666667 0.03662109375000003 0.3697916666666667 0.036621093750000035 0.3984375 0.23632812500000006 0.3984375
0 0.68994140625 0.7220052083333334 0.50048828125 0.7220052083333334 0.50048828125 0.7486979166666666 0.68994140625 0.7486979166666666
0 0.90380859375 0.3111979166666668 0.7177734375 0.3111979166666668 0.7177734375 0.3391927083333335 0.90380859375 0.3391927083333335
0 0.23486328125000006 0.548828125 0.036621093750000056 0.548828125 0.036621093750000056 0.576171875 0.23486328125000006 0.576171875
0 0.23876953125000006 0.5787760416666666 0.038574218750000056 0.5787760416666666 0.038574218750000056 0.6061197916666666 0.23876953125000006 0.6061197916666666
0 0.90380859375 0.3997395833333335 0.71923828125 0.3997395833333335 0.71923828125 0.4283854166666668 0.90380859375 0.4283854166666668
0 0.46875 0.5761718750000001 0.271484375 0.576171875 0.271484375 0.6028645833333334 0.46875 0.6028645833333335
0 0.69482421875 0.2519531250000001 0.50439453125 0.25195312500000006 0.50439453125 0.2805989583333334 0.69482421875 0.2805989583333335
0 0.90576171875 0.3411458333333335 0.7177734375 0.3411458333333335 0.7177734375 0.3697916666666668 0.90576171875 0.3697916666666668
0 0.6923828125 0.5188802083333335 0.50048828125 0.5188802083333335 0.50048828125 0.5468750000000001 0.6923828125 0.5468750000000001
0 0.904296875 0.5182291666666669 0.7099609375 0.5182291666666669 0.7099609375 0.5449218750000001 0.904296875 0.5449218750000001
0 0.8955078125 0.72265625 0.70361328125 0.72265625 0.70361328125 0.7493489583333334 0.8955078125 0.7493489583333334
0 0.68994140625 0.6054687500000001 0.5 0.6054687500000001 0.5 0.6321614583333335 0.68994140625 0.6321614583333335
0 0.4638671875000001 0.7252604166666666 0.2705078125000001 0.7252604166666666 0.2705078125000001 0.7513020833333334 0.4638671875000001 0.7513020833333334
0 0.23974609375000006 0.4296875 0.04101562500000004 0.4296875 0.04101562500000004 0.4583333333333333 0.23974609375000006 0.4583333333333333
0 0.23339843750000006 0.51953125 0.03955078125000004 0.51953125 0.03955078125000005 0.546875 0.23339843750000006 0.546875
0 0.90673828125 0.25000000000000017 0.72216796875 0.25000000000000017 0.72216796875 0.2786458333333335 0.90673828125 0.2786458333333335
0 0.4682617187500001 0.75390625 0.2705078125000001 0.75390625 0.2705078125000001 0.7805989583333334 0.4682617187500001 0.7805989583333334
0 0.69189453125 0.8079427083333334 0.4990234375000001 0.8079427083333334 0.4990234375000001 0.8385416666666666 0.69189453125 0.8385416666666666
0 0.90966796875 0.22005208333333348 0.7197265625 0.22005208333333348 0.7197265625 0.24869791666666682 0.90966796875 0.24869791666666682
0 0.69580078125 0.43164062500000017 0.5009765625 0.43164062500000017 0.5009765625 0.4596354166666668 0.69580078125 0.4596354166666668
0 0.8984375 0.6054687500000001 0.70849609375 0.6054687500000001 0.70849609375 0.6328125000000001 0.8984375 0.6328125000000001
0 0.4648437500000001 0.6354166666666667 0.2709960937500001 0.6354166666666666 0.2709960937500001 0.6634114583333334 0.4648437500000001 0.6634114583333335
0 0.9013671875 0.6360677083333335 0.7080078125 0.6360677083333335 0.7080078125 0.6627604166666669 0.9013671875 0.6627604166666669
0 0.69775390625 0.16080729166666677 0.501953125 0.16080729166666674 0.501953125 0.19010416666666677 0.69775390625 0.19010416666666682
0 0.6943359375 0.4010416666666668 0.50048828125 0.4010416666666668 0.50048828125 0.4290364583333335 0.6943359375 0.4290364583333335
0 0.69775390625 0.13020833333333343 0.50244140625 0.1302083333333334 0.50244140625 0.15885416666666677 0.69775390625 0.15885416666666677
0 0.6982421875 0.09895833333333343 0.50146484375 0.09895833333333341 0.50146484375 0.12825520833333343 0.6982421875 0.12825520833333345
0 0.6884765625 0.6334635416666669 0.4980468750000001 0.6334635416666669 0.4980468750000001 0.6608072916666669 0.6884765625 0.6608072916666669
0 0.4609375000000001 0.6048177083333334 0.2670898437500001 0.6048177083333334 0.2670898437500001 0.6328125000000001 0.4609375000000001 0.6328125000000001
0 0.4643554687500001 0.6946614583333334 0.2724609375000001 0.6946614583333334 0.2724609375000001 0.7220052083333334 0.4643554687500001 0.7220052083333334
0 0.4648437500000001 0.6653645833333334 0.2656250000000001 0.6653645833333334 0.2656250000000001 0.6920572916666666 0.4648437500000001 0.6920572916666666
0 0.6982421875 0.22200520833333345 0.50390625 0.2220052083333334 0.50390625 0.2506510416666668 0.6982421875 0.2506510416666668
0 0.9091796875 0.19205729166666682 0.72314453125 0.19205729166666682 0.72314453125 0.22135416666666682 0.9091796875 0.22135416666666682
0 0.23339843750000006 0.3977864583333333 0.03466796875000004 0.3977864583333333 0.03466796875000004 0.4251302083333333 0.23339843750000006 0.4251302083333333
0 0.23583984375000006 0.787109375 0.04248046875000007 0.787109375 0.04248046875000007 0.814453125 0.23583984375000006 0.814453125
0 0.23486328125000006 0.6953125 0.04101562500000007 0.6953125 0.04101562500000007 0.7233072916666666 0.23486328125000006 0.7233072916666666
0 0.23583984375000006 0.6673177083333334 0.038085937500000056 0.6673177083333334 0.03808593750000006 0.6940104166666666 0.23583984375000006 0.6940104166666666
0 0.6962890625 0.19270833333333345 0.5029296875 0.1927083333333334 0.5029296875 0.22200520833333345 0.6962890625 0.22200520833333348
0 0.4638671875000001 0.8131510416666666 0.2675781250000001 0.8131510416666666 0.2675781250000001 0.8450520833333334 0.4638671875000001 0.8450520833333334
0 0.912109375 0.1002604166666668 0.72607421875 0.10026041666666678 0.72607421875 0.13085937500000014 0.912109375 0.13085937500000014
0 0.91259765625 0.07031250000000012 0.7255859375 0.07031250000000011 0.7255859375 0.10091145833333347 0.91259765625 0.10091145833333348
0 0.91259765625 0.16601562500000014 0.7255859375 0.1660156250000001 0.7255859375 0.19531250000000014 0.91259765625 0.19531250000000014
0 0.91064453125 0.13085937500000014 0.7255859375 0.1308593750000001 0.7255859375 0.16145833333333345 0.91064453125 0.16145833333333348
0 0.23925781250000006 0.8177083333333334 0.03906250000000007 0.8177083333333334 0.039062500000000076 0.8430989583333334 0.23925781250000006 0.8430989583333334
0 0.24658203125000006 0.3359375 0.03613281250000003 0.3359375 0.03613281250000003 0.3704427083333333 0.24658203125000006 0.3704427083333333
0 0.9188521671815522 0.04175176648732979 0.719908203125 0.03594205729166678 0.71940159210735 0.066783059082643 0.9183455561639021 0.072592768278306
0 0.89306640625 0.8118489583333334 0.7041015625 0.8118489583333334 0.7041015625 0.8365885416666666 0.89306640625 0.8365885416666666