0 0.93212890625 0.7102864583333335 0.763671875 0.7102864583333334 0.763671875 0.7324218750000001 0.93212890625 0.7324218750000003
0 0.38818359375 0.5716145833333334 0.22314453125000006 0.5716145833333334 0.22314453125000006 0.5950520833333334 0.38818359375 0.5950520833333334
0 0.56640625 0.6243489583333334 0.4052734375000001 0.6243489583333334 0.4052734375000001 0.6477864583333334 0.56640625 0.6477864583333335
0 0.9287109375 0.7604166666666669 0.76318359375 0.7604166666666666 0.76318359375 0.7819010416666669 0.9287109375 0.781901041666667
0 0.20214843750000006 0.6705729166666666 0.038574218750000056 0.6705729166666666 0.03857421875000006 0.6946614583333334 0.20214843750000006 0.6946614583333334
0 0.57373046875 0.32096354166666674 0.40087890625 0.32096354166666674 0.40087890625 0.34570312500000006 0.57373046875 0.34570312500000017
0 0.9423828125 0.5078125000000001 0.7705078125 0.5078125000000001 0.7705078125 0.5312500000000001 0.9423828125 0.5312500000000001
0 0.927734375 0.7350260416666669 0.7646484375 0.7350260416666666 0.7646484375 0.7578125000000001 0.927734375 0.7578125000000003
0 0.74560546875 0.6790364583333334 0.57861328125 0.6790364583333334 0.57861328125 0.7024739583333334 0.74560546875 0.7024739583333334
0 0.74609375 0.6035156250000001 0.58544921875 0.6035156250000001 0.58544921875 0.6269531250000001 0.74609375 0.6269531250000001
0 0.56396484375 0.6510416666666667 0.4057617187500001 0.6510416666666666 0.4057617187500001 0.673828125 0.56396484375 0.673828125
0 0.564453125 0.748046875 0.4023437500000001 0.748046875 0.4023437500000001 0.7701822916666666 0.564453125 0.7701822916666666
0 0.748046875 0.6542968750000001 0.57861328125 0.6542968750000001 0.57861328125 0.6770833333333334 0.748046875 0.6770833333333334
0 0.3891601562500001 0.6484375 0.22314453125000006 0.6484375 0.22314453125000006 0.669921875 0.3891601562500001 0.669921875
0 0.38720703125 0.388671875 0.21630859375000006 0.388671875 0.21630859375000006 0.4140625 0.38720703125 0.4140625
0 0.947265625 0.4290364583333335 0.7705078125 0.4290364583333335 0.7705078125 0.4544270833333335 0.947265625 0.4544270833333335
0 0.7431640625 0.7037760416666666 0.58154296875 0.7037760416666666 0.58154296875 0.7265625 0.7431640625 0.7265625
0 0.75146484375 0.5781250000000001 0.58154296875 0.5781250000000001 0.58154296875 0.6022135416666669 0.75146484375 0.6022135416666669
0 0.57177734375 0.5260416666666667 0.40673828125 0.5260416666666666 0.40673828125 0.5494791666666667 0.57177734375 0.5494791666666669
0 0.939453125 0.5325520833333335 0.767578125 0.5325520833333335 0.767578125 0.5566406250000001 0.939453125 0.5566406250000001
0 0.3896484375 0.5455729166666666 0.22167968750000006 0.5455729166666666 0.22167968750000006 0.5690104166666666 0.3896484375 0.5690104166666666
0 0.744140625 0.728515625 0.58154296875 0.728515625 0.58154296875 0.7513020833333334 0.744140625 0.7513020833333334
0 0.20312500000000006 0.5208333333333334 0.03320312500000004 0.5208333333333334 0.03320312500000005 0.5442708333333334 0.20312500000000006 0.5442708333333334
0 0.56591796875 0.5013020833333334 0.40576171875 0.5013020833333334 0.40576171875 0.5247395833333334 0.56591796875 0.5247395833333335
0 0.56591796875 0.5996093750000001 0.4033203125 0.599609375 0.40332031250000006 0.6230468750000001 0.56591796875 0.6230468750000001
0 0.5732421875 0.39843750000000006 0.40673828125 0.3984375 0.40673828125 0.42252604166666674 0.5732421875 0.4225260416666668
0 0.93505859375 0.6093750000000001 0.76806640625 0.6093750000000001 0.76806640625 0.6328125000000001 0.93505859375 0.6328125000000001
0 0.20361328125000006 0.3658854166666667 0.025878906250000035 0.3658854166666667 0.025878906250000035 0.3899739583333333 0.20361328125000006 0.3899739583333333
0 0.3881835937500001 0.6979166666666666 0.22021484375000006 0.6979166666666666 0.22021484375000006 0.7194010416666666 0.3881835937500001 0.7194010416666666
0 0.57177734375 0.3723958333333334 0.404296875 0.3723958333333333 0.404296875 0.39648437500000006 0.57177734375 0.39648437500000017
0 0.5712890625 0.47526041666666674 0.40478515625 0.4752604166666667 0.40478515625 0.49869791666666674 0.5712890625 0.4986979166666668
0 0.38720703125 0.3365885416666667 0.21679687500000006 0.3365885416666667 0.21679687500000006 0.3619791666666667 0.38720703125 0.3619791666666667
0 0.19775390625000006 0.4205729166666667 0.02929687500000004 0.4205729166666667 0.02929687500000004 0.443359375 0.19775390625000006 0.443359375
0 0.93017578125 0.6855468750000001 0.7666015625 0.685546875 0.7666015625 0.7083333333333335 0.93017578125 0.7083333333333336
0 0.56591796875 0.5755208333333334 0.40478515625 0.5755208333333334 0.40478515625 0.5963541666666667 0.56591796875 0.5963541666666669
0 0.3857421875 0.443359375 0.22070312500000006 0.443359375 0.22070312500000006 0.4661458333333333 0.3857421875 0.4661458333333333
0 0.20458984375000006 0.6471354166666666 0.036621093750000056 0.6471354166666666 0.036621093750000056 0.6686197916666666 0.20458984375000006 0.6686197916666666
0 0.20068359375000006 0.4713541666666667 0.03222656250000004 0.4713541666666667 0.03222656250000004 0.4947916666666667 0.20068359375000006 0.4947916666666667
0 0.20263671875000006 0.546875 0.034667968750000056 0.546875 0.034667968750000056 0.5703125 0.20263671875000006 0.5703125
0 0.3891601562500001 0.7473958333333334 0.22265625000000006 0.7473958333333334 0.22265625000000006 0.7682291666666666 0.3891601562500001 0.7682291666666666
0 0.3901367187500001 0.6725260416666666 0.22216796875000006 0.6725260416666666 0.22216796875000006 0.6953125 0.3901367187500001 0.6953125
0 0.38671875 0.4947916666666667 0.22070312500000006 0.4947916666666667 0.22070312500000006 0.5182291666666666 0.38671875 0.5182291666666666
0 0.20214843750000006 0.6256510416666666 0.038085937500000056 0.6256510416666666 0.038085937500000056 0.6484375 0.20214843750000006 0.6484375
0 0.95068359375 0.3743489583333335 0.7734375 0.3743489583333335 0.7734375 0.3990885416666668 0.95068359375 0.3990885416666668
0 0.3896484375000001 0.6223958333333334 0.22265625000000006 0.6223958333333334 0.22265625000000006 0.6458333333333334 0.3896484375000001 0.6458333333333334
0 0.20410156250000006 0.6959635416666666 0.03808593750000007 0.6959635416666666 0.03808593750000007 0.7194010416666666 0.20410156250000006 0.7194010416666666
0 0.57177734375 0.2942708333333334 0.40185546875 0.2942708333333334 0.40185546875 0.31705729166666674 0.57177734375 0.31705729166666674
0 0.9384765625 0.6354166666666669 0.765625 0.6354166666666669 0.765625 0.6582031250000001 0.9384765625 0.6582031250000001
0 0.3876953125 0.4694010416666667 0.21777343750000006 0.4694010416666667 0.21777343750000006 0.4928385416666667 0.3876953125 0.4928385416666667
0 0.57177734375 0.4505208333333334 0.40380859375 0.4505208333333333 0.40380859375 0.4739583333333334 0.57177734375 0.4739583333333335
0 0.56591796875 0.5520833333333334 0.4052734375 0.5520833333333334 0.4052734375 0.5742187500000001 0.56591796875 0.5742187500000001
0 0.94677734375 0.45507812500000017 0.7744140625 0.45507812500000017 0.7744140625 0.47851562500000017 0.94677734375 0.47851562500000017
0 0.3901367187500001 0.7220052083333334 0.22021484375000006 0.7220052083333334 0.22021484375000006 0.744140625 0.3901367187500001 0.744140625
0 0.9375 0.5833333333333335 0.76611328125 0.5833333333333335 0.76611328125 0.6067708333333335 0.9375 0.6067708333333335
0 0.39013671875 0.5208333333333334 0.22167968750000006 0.5208333333333334 0.22167968750000006 0.5436197916666666 0.39013671875 0.5436197916666666
0 0.38720703125000006 0.595703125 0.22265625000000006 0.595703125 0.22265625000000006 0.6204427083333334 0.3872070312500001 0.6204427083333334
0 0.19726562500000006 0.4453125 0.02978515625000004 0.4453125 0.02978515625000004 0.4694010416666667 0.19726562500000006 0.4694010416666667
0 0.56396484375 0.724609375 0.4018554687500001 0.724609375 0.4018554687500001 0.74609375 0.56396484375 0.74609375
0 0.7529296875 0.5273437500000001 0.58642578125 0.5273437500000001 0.58642578125 0.5507812500000001 0.7529296875 0.5507812500000001
0 0.74951171875 0.5533854166666669 0.58544921875 0.5533854166666669 0.58544921875 0.5781250000000001 0.74951171875 0.5781250000000001
0 0.20117187500000006 0.5716145833333334 0.033691406250000056 0.5716145833333334 0.033691406250000056 0.5950520833333334 0.20117187500000006 0.5950520833333334
0 0.56396484375 0.6998697916666666 0.4042968750000001 0.6998697916666666 0.4042968750000001 0.7233072916666666 0.56396484375 0.7233072916666666
0 0.57568359375 0.42447916666666674 0.40478515625 0.4244791666666667 0.40478515625 0.4485677083333334 0.57568359375 0.4485677083333335
0 0.19873046875000006 0.4947916666666667 0.03222656250000004 0.4947916666666667 0.03222656250000004 0.5182291666666666 0.19873046875000006 0.5182291666666666
0 0.38720703125 0.4173177083333333 0.21777343750000006 0.4173177083333333 0.21777343750000006 0.44140625 0.38720703125 0.44140625
0 0.94140625 0.48046875000000017 0.76953125 0.48046875000000017 0.76953125 0.5052083333333335 0.94140625 0.5052083333333335
0 0.94580078125 0.40234375000000017 0.7734375 0.40234375000000017 0.7734375 0.4283854166666668 0.94580078125 0.4283854166666668
0 0.20214843750000006 0.3912760416666667 0.026855468750000035 0.3912760416666667 0.026855468750000035 0.4153645833333333 0.20214843750000006 0.4153645833333333
0 0.3886718750000001 0.7721354166666666 0.22509765625000006 0.7721354166666666 0.22509765625000006 0.796875 0.3886718750000001 0.796875
0 0.20507812500000006 0.7213541666666666 0.03857421875000007 0.7213541666666666 0.03857421875000007 0.7434895833333334 0.20507812500000006 0.7434895833333334
0 0.20263671875000006 0.59765625 0.036132812500000056 0.59765625 0.036132812500000056 0.6204427083333334 0.20263671875000006 0.6204427083333334
0 0.74609375 0.6302083333333335 0.58154296875 0.6302083333333335 0.58154296875 0.6529947916666669 0.74609375 0.6529947916666669
0 0.93212890625 0.6601562500000001 0.77001953125 0.6601562500000001 0.77001953125 0.6835937500000001 0.93212890625 0.6835937500000003
0 0.56396484375 0.67578125 0.4033203125000001 0.67578125 0.4033203125000001 0.6979166666666666 0.56396484375 0.6979166666666666
0 0.38818359375 0.3645833333333333 0.21386718750000006 0.3645833333333333 0.21386718750000006 0.388671875 0.38818359375 0.388671875
0 0.7421875 0.7532552083333334 0.58056640625 0.7532552083333334 0.58056640625 0.7760416666666666 0.7421875 0.7760416666666666
0 0.93603515625 0.5579427083333335 0.76806640625 0.5579427083333335 0.76806640625 0.5826822916666669 0.93603515625 0.5826822916666669
0 0.20263671875000006 0.7467447916666666 0.04101562500000007 0.7467447916666666 0.04101562500000007 0.7688802083333334 0.20263671875000006 0.7688802083333334
0 0.5732421875 0.3470052083333334 0.40673828125 0.3470052083333333 0.40673828125 0.3723958333333334 0.5732421875 0.3723958333333335
0 0.75537109375 0.5039062500000001 0.58251953125 0.5039062500000001 0.58251953125 0.5247395833333335 0.75537109375 0.5247395833333335
0 0.3896484375 0.31184895833333337 0.21337890625000006 0.3118489583333333 0.21337890625000006 0.3346354166666667 0.3896484375 0.3346354166666667
0 0.56591796875 0.7734375 0.4008789062500001 0.7734375 0.4008789062500001 0.7981770833333334 0.56591796875 0.7981770833333334
0 0.74169921875 0.7805989583333334 0.57861328125 0.7805989583333334 0.57861328125 0.8046875 0.74169921875 0.8046875
0 0.20507812500000006 0.7727864583333334 0.04296875000000007 0.7727864583333334 0.04296875000000007 0.7981770833333334 0.20507812500000006 0.7981770833333334
0 0.9296875 0.7851562500000001 0.76123046875 0.78515625 0.76123046875 0.8138020833333335 0.9296875 0.8138020833333336