0 0.6967190396051796 0.8093655168775312 0.25363366375000895 0.8091369575025772 0.2535845269226072 0.8392767697266085 0.6966699027777778 0.8395053291015625
0 0.696431685452128 0.7817311834292513 0.2571086875697396 0.7811343088885475 0.25698782503427847 0.8092816669632026 0.696310822916667 0.8098785415039064
0 0.6964112658861157 0.7512455191933858 0.25888913320309587 0.7493361719056689 0.25847773450448025 0.7791640985130645 0.6959998671875002 0.7810734458007813
0 0.6911518663194447 0.7237611347656251 0.26156039741467696 0.7225641176646909 0.2613216977618992 0.7496692875865659 0.6909131666666668 0.7508663046875002
0 0.6933351365255793 0.6956506085262755 0.2624828408113624 0.6940127279089837 0.26215147135416683 0.7215933271484375 0.6930037670683837 0.7232312077657292
0 0.6746449427083333 0.2268520502929688 0.6745525576987713 0.2044558720036138 0.2995672972821045 0.20494529778486376 0.2996596822916666 0.22734147607421876
0 0.6751976710069445 0.24786588574218757 0.6745726858191796 0.2234444036624468 0.2978405677636241 0.2264949344241655 0.29846555295138893 0.2509164165039063
0 0.6763000633680555 0.27057938574218754 0.6760511631150469 0.2464845872543413 0.29389355547615814 0.24773366537934127 0.29414245572916664 0.27182846386718745
0 0.6750461215277778 0.2915754824218751 0.6747396489327058 0.26985733543569906 0.29146580717742615 0.2715686234600788 0.29177227977249826 0.29328677044625484
0 0.692230720232141 0.6678334786761388 0.26427559838836007 0.6670806667389138 0.2641322739895526 0.6928603106213687 0.6920873958333336 0.6936131225585938
0 0.688909418402778 0.6407220458984374 0.26820136041543335 0.6369314506153272 0.26740128819444464 0.6650276552734377 0.6881093461817893 0.6688182505565479
0 0.6879105799145583 0.61290776908047 0.2672107360171388 0.6122167221962673 0.2670787107900806 0.6376479199126723 0.6877785546875 0.638338966796875
0 0.6850171145833333 0.6108654858398438 0.6849865674037203 0.5861190889088114 0.26952162995821943 0.5862813590355577 0.2695521771378323 0.6110277559665901
0 0.6847061795643543 0.5600166315786705 0.2706640644585983 0.5593396224946035 0.27052738923452185 0.5857871374003079 0.6845695043402779 0.586464146484375
0 0.6842270060763889 0.5586755620117188 0.6841501597438256 0.534247804014041 0.2730893955161003 0.534656961607896 0.27316624184866345 0.5590847196055737
0 0.6807893038194445 0.5335671567382814 0.6805534476052343 0.5084726014828603 0.27489899058423783 0.5096789398085554 0.275134846798448 0.5347734950639764
0 0.6804152699652778 0.5067948242187501 0.6801061095217886 0.48407790802999306 0.2774502466745663 0.4858117664284306 0.2777594071180556 0.5085286826171876
0 0.6825449380155595 0.4597021158021256 0.27887896179525185 0.4587553122621055 0.2787105758630259 0.4814703326904486 0.6823765520833335 0.4824171362304687
0 0.6767502812499999 0.31429463037109373 0.6763803184296324 0.29259352801606003 0.29006006669352136 0.2946773893441851 0.29043002951388885 0.3163784916992188
0 0.6768732227864124 0.33665706357349323 0.6767187456597222 0.3153108818359374 0.2869672598524765 0.3162033172858817 0.2871217369791667 0.3375494990234375
0 0.6759934453125 0.33868414453125006 0.2859570663795409 0.33798904288581844 0.28582347610176306 0.3617069686670684 0.6758598550347222 0.36240207031250005
0 0.6793606284722222 0.38547797265625 0.6793489111352558 0.3624015097646596 0.28393748172411293 0.36246503612148256 0.2839491990610793 0.38554149901307294
0 0.6800497679639963 0.40987149849791016 0.6799090370176092 0.3869719514238249 0.2821026423175017 0.38774548564075856 0.28224337326388893 0.4106450327148438
0 0.6796431206597221 0.4346132290039062 0.6795788567832569 0.41019874157921454 0.28337373451412384 0.41052871917032213 0.28343799839058903 0.4349432065950138
0 0.6808370546875 0.4349638056640625 0.2823589576576989 0.43478251405167906 0.28232438274570626 0.45882796244314794 0.6808024797755075 0.4590092540555314
0 0.6982495558333754 0.842533171048461 0.2557580885416668 0.838691626953125 0.25489015471432525 0.8703239251849622 0.6973816220060338 0.8741654692802981
0 0.6741763090277777 0.20312821142578122 0.6734099212998751 0.1803131256250813 0.30061539352209743 0.1842753678125813 0.30138178125 0.2070904536132812