0 0.8642578125 0.6250000000000001 0.6435546875 0.6250000000000001 0.6435546875 0.6555989583333335 0.8642578125 0.6555989583333335
0 0.875 0.4544270833333335 0.650390625 0.4544270833333335 0.650390625 0.4876302083333335 0.875 0.4876302083333335
0 0.86962890625 0.5917968750000001 0.6416015625 0.5917968750000001 0.6416015625 0.6217447916666669 0.86962890625 0.6217447916666669
0 0.85302734375 0.7591145833333334 0.64111328125 0.7591145833333334 0.64111328125 0.7890625 0.85302734375 0.7890625
0 0.3579101562500001 0.6399739583333334 0.11035156250000006 0.6399739583333334 0.11035156250000006 0.6744791666666666 0.3579101562500001 0.6744791666666666
0 0.8828125 0.3404947916666668 0.650390625 0.3404947916666668 0.650390625 0.3756510416666668 0.8828125 0.3756510416666668
0 0.85302734375 0.7897135416666666 0.6376953125 0.7897135416666666 0.6376953125 0.8196614583333334 0.85302734375 0.8196614583333334
0 0.6240234375 0.48437500000000006 0.388671875 0.484375 0.388671875 0.5182291666666667 0.6240234375 0.5182291666666669
0 0.62109375 0.5924479166666667 0.3876953125 0.5924479166666666 0.38769531250000006 0.6250000000000001 0.62109375 0.6250000000000001
0 0.62646484375 0.29361979166666674 0.3837890625 0.29361979166666674 0.3837890625 0.3313802083333334 0.62646484375 0.3313802083333334
0 0.62255859375 0.8352864583333334 0.3920898437500001 0.8352864583333334 0.3920898437500001 0.8671875 0.62255859375 0.8671875
0 0.62451171875 0.37174479166666674 0.3837890625 0.3717447916666667 0.3837890625 0.4075520833333334 0.62451171875 0.4075520833333335
0 0.8916015625 0.2285156250000001 0.65625 0.22851562500000008 0.65625 0.2636718750000001 0.8916015625 0.26367187500000017
0 0.86572265625 0.6588541666666669 0.6435546875 0.6588541666666669 0.6435546875 0.6901041666666666 0.86572265625 0.6901041666666666
0 0.62451171875 0.5214843750000001 0.390625 0.521484375 0.390625 0.5546875000000001 0.62451171875 0.5546875000000001
0 0.62109375 0.6647135416666667 0.3911132812500001 0.6647135416666666 0.3911132812500001 0.697265625 0.62109375 0.697265625
0 0.85498046875 0.7265625 0.64453125 0.7265625 0.64453125 0.7565104166666666 0.85498046875 0.7565104166666666
0 0.3579101562500001 0.783203125 0.11474609375000008 0.783203125 0.11474609375000008 0.8157552083333334 0.3579101562500001 0.8157552083333334
0 0.85400390625 0.82421875 0.63916015625 0.82421875 0.63916015625 0.853515625 0.85400390625 0.853515625
0 0.87548828125 0.5579427083333335 0.64404296875 0.5579427083333335 0.64404296875 0.5885416666666669 0.87548828125 0.5885416666666669
0 0.35546875000000006 0.6041666666666666 0.11083984375000006 0.6041666666666666 0.11083984375000006 0.6393229166666666 0.3554687500000001 0.6393229166666666
0 0.869140625 0.5227864583333335 0.64794921875 0.5227864583333335 0.64794921875 0.5559895833333335 0.869140625 0.5559895833333335
0 0.61572265625 0.7337239583333334 0.3891601562500001 0.7337239583333334 0.3891601562500001 0.7669270833333334 0.61572265625 0.7669270833333334
0 0.3554687500000001 0.8528645833333334 0.11669921875000008 0.8528645833333334 0.11669921875000008 0.8854166666666666 0.3554687500000001 0.8854166666666666
0 0.62890625 0.4485677083333334 0.3916015625 0.4485677083333333 0.3916015625 0.4817708333333334 0.62890625 0.4817708333333335
0 0.36083984375 0.5299479166666666 0.10791015625000006 0.5299479166666666 0.10791015625000006 0.5657552083333334 0.36083984375 0.5657552083333334
0 0.3603515625000001 0.8190104166666666 0.11181640625000008 0.8190104166666666 0.11181640625000008 0.8509114583333334 0.3603515625000001 0.8509114583333334
0 0.8779296875 0.4153645833333335 0.64599609375 0.4153645833333335 0.64599609375 0.4479166666666668 0.8779296875 0.4479166666666668
0 0.62939453125 0.33398437500000006 0.38427734375 0.333984375 0.38427734375 0.36979166666666674 0.62939453125 0.3697916666666668
0 0.62255859375 0.6998697916666666 0.3891601562500001 0.6998697916666666 0.3891601562500001 0.7317708333333334 0.62255859375 0.7317708333333334
0 0.62841796875 0.25651041666666674 0.380859375 0.25651041666666674 0.380859375 0.2923177083333334 0.62841796875 0.2923177083333334
0 0.884765625 0.3046875000000001 0.6533203125 0.30468750000000006 0.6533203125 0.33789062500000017 0.884765625 0.33789062500000017
0 0.35546875 0.3411458333333333 0.09765625000000003 0.3411458333333333 0.09765625000000003 0.3782552083333333 0.35546875 0.3782552083333333
0 0.623046875 0.6282552083333334 0.3881835937500001 0.6282552083333334 0.3881835937500001 0.6601562500000001 0.623046875 0.6601562500000001
0 0.6279296875 0.5566406250000001 0.3916015625 0.556640625 0.3916015625 0.5891927083333334 0.6279296875 0.5891927083333335
0 0.85986328125 0.693359375 0.63720703125 0.693359375 0.63720703125 0.7239583333333334 0.85986328125 0.7239583333333334
0 0.3593750000000001 0.7467447916666666 0.11132812500000006 0.7467447916666666 0.11132812500000007 0.7819010416666666 0.3593750000000001 0.7819010416666666
0 0.35986328125 0.5696614583333334 0.10937500000000006 0.5696614583333334 0.10937500000000006 0.6041666666666666 0.35986328125 0.6041666666666666
0 0.62109375 0.7682291666666666 0.3901367187500001 0.7682291666666666 0.3901367187500001 0.8001302083333334 0.62109375 0.8001302083333334
0 0.35986328125 0.41796875 0.09863281250000003 0.41796875 0.09863281250000004 0.4544270833333333 0.35986328125 0.4544270833333333
0 0.87451171875 0.4876302083333335 0.64501953125 0.4876302083333335 0.64501953125 0.5208333333333335 0.87451171875 0.5208333333333335
0 0.35986328125 0.494140625 0.10400390625000006 0.494140625 0.10400390625000006 0.52734375 0.35986328125 0.52734375
0 0.87646484375 0.3782552083333335 0.650390625 0.3782552083333335 0.650390625 0.41210937500000017 0.87646484375 0.41210937500000017
0 0.8876953125 0.2656250000000001 0.65771484375 0.26562500000000006 0.65771484375 0.3020833333333334 0.8876953125 0.3020833333333335
0 0.3588867187500001 0.6783854166666666 0.11132812500000006 0.6783854166666666 0.11132812500000006 0.712890625 0.3588867187500001 0.712890625
0 0.3593750000000001 0.7109375 0.11083984375000006 0.7109375 0.11083984375000006 0.7434895833333334 0.3593750000000001 0.7434895833333334
0 0.623046875 0.4114583333333334 0.38330078125 0.4114583333333333 0.38330078125 0.4446614583333334 0.623046875 0.4446614583333335
0 0.89697265625 0.1894531250000001 0.654296875 0.18945312500000008 0.654296875 0.22526041666666677 0.89697265625 0.22526041666666682
0 0.359375 0.45703125 0.10058593750000006 0.45703125 0.10058593750000006 0.4908854166666667 0.359375 0.4908854166666667
0 0.62158203125 0.802734375 0.3891601562500001 0.802734375 0.3891601562500001 0.8333333333333334 0.62158203125 0.8333333333333334
0 0.35791015625 0.3795572916666667 0.09375000000000003 0.3795572916666667 0.09375000000000003 0.416015625 0.35791015625 0.416015625
0 0.62744140625 0.21549479166666674 0.3818359375 0.21549479166666674 0.3818359375 0.25260416666666674 0.62744140625 0.25260416666666674
0 0.619140625 0.87109375 0.3891601562500001 0.87109375 0.3891601562500001 0.9036458333333334 0.619140625 0.9036458333333334
0 0.3701171875000001 0.8795572916666666 0.12451171875000008 0.8795572916666666 0.12451171875000008 0.92578125 0.3701171875000001 0.92578125
0 0.85009765625 0.8580729166666666 0.6376953125 0.8580729166666666 0.6376953125 0.8860677083333334 0.85009765625 0.8860677083333334
0 0.3603515625 0.2994791666666667 0.08984375000000003 0.2994791666666667 0.08984375000000003 0.3346354166666667 0.3603515625 0.3346354166666667