0 0.7801333157107941 0.040822536896387984 0.7684907310134049 -0.01400266408943051 0.011066839409722222 0.0368897705078125 0.022709424107111315 0.09171497149363099
0 0.789929859102253 0.0928353829714392 0.7780490254676653 0.042662102223569524 0.03855906944444444 0.09806745800781248 0.05043990307903215 0.14824073875568217
0 0.7895493557147015 0.14240914052258116 0.7777714779650573 0.09407855276025581 0.051193421875000006 0.15010231835937501 0.0629712996246442 0.19843290612170036
0 0.7996050790407977 0.19178652852506733 0.788918179068331 0.14820932506957077 0.08181528819444443 0.20307744189453128 0.0925021881669113 0.24665464535002785
0 0.7998844050224995 0.2372966141120281 0.7894154066878682 0.19636536614221403 0.10214027690972222 0.25198470556640623 0.11260927524435344 0.2929159535362203
0 0.8087885670689099 0.28202248058387647 0.7979129536440236 0.24171011391127709 0.11983549479166664 0.2995916206054687 0.1307111082165529 0.33990398727806803
0 0.8128587736130761 0.3251945909734137 0.801018946294957 0.2841034326312417 0.13586034461805557 0.3447445576171875 0.1477001719361747 0.38583571595935945
0 0.8183643676359345 0.3620172028667823 0.8062991018559931 0.32364104710672603 0.15631668315972222 0.3882990205078125 0.16838194893966366 0.4266751762678687
0 0.8206782240153587 0.40220106237564346 0.8094727851467054 0.36591087573598136 0.1736456588541667 0.4280297783203126 0.18485109772282005 0.46431996495997463
0 0.8273011935363663 0.4430561558227968 0.8144940194295942 0.4028212282553063 0.19056058159722222 0.46566082714843754 0.2033677557039942 0.505895754715928
0 0.8307401927856366 0.47607711070680475 0.819398555464477 0.4426174621370537 0.2107569244791667 0.5078945976562501 0.22209856180032636 0.5413542462260011
0 0.8325216178692507 0.5114220280008756 0.819769820788181 0.4752914855705619 0.22339415451388886 0.541889591796875 0.23614595159495855 0.5780201342271887
0 0.8333899017835683 0.5463189899408599 0.8231150968083836 0.5161730754461804 0.24137543142361118 0.5789093686523439 0.2516502363987958 0.6090552831470234
0 0.86606662170488 0.7837455433828836 0.8528617864583332 0.7532404404296875 0.3463300466978978 0.8226169121835227 0.3595348819444445 0.8531220151367188
0 0.8575355134617751 0.7508650349826821 0.8453608178435699 0.723888356586117 0.3344609120206836 0.7968425925995287 0.3466356076388889 0.8238192709960938
0 0.8578662143571746 0.7268538776401577 0.84568140625 0.6975757998046875 0.3218123872053254 0.7665590896449985 0.33399719531250005 0.7958371674804687
0 0.8532914083734071 0.6985365576536279 0.8422476032986109 0.670535427734375 0.306274495272426 0.7374208124635597 0.3173183003472222 0.7654219423828126
0 0.8537807879513668 0.6697671048480203 0.8402743663194445 0.6364644277343751 0.2928676261111332 0.7067095787457298 0.3063740477430556 0.740012255859375
0 0.8481271743978964 0.6379165971077834 0.8363925991041073 0.6080213316517802 0.2833052328659331 0.6767129508525905 0.2950398081597222 0.7066082163085937
0 0.8467731115547197 0.6078390144213661 0.8352833940972223 0.5774652216796876 0.269837786797438 0.6451430184743641 0.2813275042549354 0.6755168112160426
0 0.8390957656823862 0.5779296771251338 0.8270557864583333 0.5453668598632814 0.25538512407455827 0.6122466226795539 0.267425103298611 0.6448094399414063