0 0.8759259259259261 0.6338541666666667 0.5009259259259261 0.6338541666666667 0.5009259259259261 0.6546875 0.8759259259259261 0.6546875
0 0.887962962962963 0.36666666666666675 0.5037037037037037 0.36666666666666664 0.5037037037037037 0.3895833333333334 0.887962962962963 0.38958333333333345
0 0.4703703703703705 0.6317708333333333 0.09814814814814828 0.6317708333333333 0.09814814814814828 0.6552083333333333 0.4703703703703705 0.6552083333333333
0 0.4777777777777778 0.2869791666666667 0.09074074074074079 0.2869791666666667 0.0907407407407408 0.3109375 0.4777777777777778 0.3109375
0 0.475 0.3380208333333333 0.09444444444444453 0.3380208333333333 0.09444444444444453 0.35989583333333336 0.475 0.35989583333333336
0 0.4703703703703705 0.3880208333333333 0.10000000000000007 0.3880208333333333 0.10000000000000007 0.4119791666666667 0.4703703703703705 0.4119791666666667
0 0.4712962962962964 0.36354166666666665 0.08981481481481489 0.36354166666666665 0.08981481481481489 0.38697916666666665 0.4712962962962964 0.38697916666666665
0 0.8861111111111111 0.39062500000000006 0.5120370370370371 0.390625 0.5120370370370371 0.41406250000000006 0.8861111111111111 0.4140625000000001
0 0.46759259259259267 0.5104166666666666 0.09444444444444455 0.5104166666666666 0.09444444444444455 0.5338541666666666 0.46759259259259267 0.5338541666666666
0 0.475 0.31302083333333336 0.08425925925925934 0.31302083333333336 0.08425925925925934 0.3375 0.475 0.3375
0 0.8925925925925926 0.26562500000000006 0.5083333333333333 0.26562500000000006 0.5083333333333333 0.28906250000000006 0.8925925925925926 0.2890625000000001
0 0.8814814814814816 0.5140625000000001 0.5046296296296299 0.5140625 0.5046296296296299 0.5354166666666667 0.8814814814814816 0.5354166666666667
0 0.47129629629629644 0.7052083333333333 0.09259259259259275 0.7052083333333333 0.09259259259259275 0.7265625 0.4712962962962965 0.7265625
0 0.4685185185185186 0.4625 0.09907407407407418 0.4625 0.09907407407407418 0.48489583333333336 0.4685185185185186 0.48489583333333336
0 0.8750000000000002 0.7536458333333333 0.5046296296296299 0.7536458333333333 0.5046296296296299 0.7755208333333333 0.8750000000000002 0.7755208333333333
0 0.4675925925925928 0.8 0.10277777777777797 0.8 0.10277777777777797 0.8197916666666667 0.4675925925925928 0.8197916666666667
0 0.4722222222222223 0.4875 0.09351851851851863 0.4875 0.09351851851851863 0.5098958333333333 0.4722222222222223 0.5098958333333333
0 0.8907407407407407 0.2411458333333334 0.5074074074074074 0.2411458333333334 0.5074074074074074 0.2645833333333334 0.8907407407407407 0.2645833333333334
0 0.8888888888888888 0.34062500000000007 0.5074074074074074 0.340625 0.5074074074074074 0.3635416666666667 0.8888888888888888 0.36354166666666676
0 0.463888888888889 0.4401041666666667 0.09722222222222232 0.4401041666666667 0.09722222222222232 0.46145833333333336 0.463888888888889 0.46145833333333336
0 0.8935185185185185 0.2906250000000001 0.5092592592592593 0.290625 0.5092592592592593 0.3135416666666667 0.8935185185185185 0.3135416666666668
0 0.8805555555555555 0.44010416666666674 0.5055555555555555 0.4401041666666667 0.5055555555555555 0.46354166666666674 0.8805555555555555 0.4635416666666668
0 0.46481481481481485 0.23697916666666669 0.08981481481481486 0.23697916666666666 0.08981481481481486 0.259375 0.4648148148148149 0.2593750000000001
0 0.8935185185185185 0.31510416666666674 0.5074074074074074 0.3151041666666667 0.5074074074074074 0.3395833333333334 0.8935185185185185 0.33958333333333346
0 0.47314814814814826 0.5848958333333333 0.09351851851851865 0.5848958333333333 0.09351851851851865 0.60625 0.47314814814814826 0.60625
0 0.8814814814814816 0.5614583333333333 0.5037037037037039 0.5614583333333333 0.5037037037037039 0.5817708333333333 0.8814814814814816 0.5817708333333333
0 0.4703703703703705 0.6817708333333333 0.09166666666666683 0.6817708333333333 0.09166666666666683 0.7026041666666667 0.4703703703703705 0.7026041666666667
0 0.47407407407407426 0.609375 0.0916666666666668 0.609375 0.0916666666666668 0.6302083333333334 0.47407407407407426 0.6302083333333334
0 0.46574074074074084 0.5354166666666667 0.09537037037037048 0.5354166666666667 0.0953703703703705 0.5588541666666667 0.46574074074074084 0.5588541666666667
0 0.8814814814814816 0.5375 0.5055555555555558 0.5375 0.5055555555555558 0.5572916666666666 0.8814814814814816 0.5572916666666666
0 0.8833333333333333 0.4145833333333334 0.5092592592592593 0.41458333333333336 0.5092592592592593 0.4385416666666667 0.8833333333333333 0.4385416666666668
0 0.8814814814814815 0.46718750000000003 0.5046296296296297 0.4671875 0.5046296296296298 0.4854166666666667 0.8814814814814816 0.4854166666666668
0 0.4731481481481484 0.7520833333333333 0.10185185185185201 0.7520833333333333 0.10185185185185201 0.7744791666666667 0.4731481481481484 0.7744791666666667
0 0.4712962962962964 0.5609375 0.09814814814814828 0.5609375 0.09814814814814828 0.5822916666666667 0.4712962962962964 0.5822916666666667
0 0.4675925925925928 0.7291666666666666 0.09907407407407423 0.7291666666666666 0.09907407407407423 0.75 0.4675925925925928 0.75
0 0.46574074074074084 0.2635416666666667 0.0870370370370371 0.2635416666666667 0.0870370370370371 0.2869791666666667 0.46574074074074084 0.2869791666666667
0 0.877777777777778 0.8036458333333333 0.5055555555555558 0.8036458333333333 0.5055555555555558 0.8229166666666666 0.877777777777778 0.8229166666666666
0 0.4666666666666668 0.4140625 0.08888888888888896 0.4140625 0.08888888888888898 0.4348958333333333 0.4666666666666668 0.4348958333333333
0 0.8814814814814816 0.6822916666666666 0.5037037037037039 0.6822916666666666 0.5037037037037039 0.7005208333333334 0.8814814814814816 0.7005208333333334
0 0.4768518518518521 0.6567708333333333 0.09074074074074087 0.6567708333333333 0.09074074074074089 0.6802083333333333 0.4768518518518521 0.6802083333333333
0 0.8805555555555558 0.609375 0.49814814814814834 0.609375 0.49814814814814834 0.6317708333333333 0.8805555555555558 0.6317708333333333
0 0.8796296296296299 0.5848958333333333 0.4990740740740743 0.5848958333333333 0.4990740740740743 0.6057291666666667 0.8796296296296299 0.6057291666666667
0 0.8731481481481483 0.778125 0.5037037037037039 0.778125 0.5037037037037039 0.8 0.8731481481481483 0.8
0 0.8805555555555558 0.6583333333333333 0.5037037037037039 0.6583333333333333 0.5037037037037039 0.6791666666666667 0.8805555555555558 0.6791666666666667
0 0.8851851851851854 0.7052083333333333 0.5046296296296299 0.7052083333333333 0.5046296296296299 0.7265625 0.8851851851851854 0.7265625
0 0.8768518518518521 0.7302083333333333 0.5046296296296299 0.7302083333333333 0.5046296296296299 0.7510416666666667 0.8768518518518521 0.7510416666666667
0 0.47222222222222243 0.7755208333333333 0.10277777777777794 0.7755208333333333 0.10277777777777795 0.7979166666666667 0.47222222222222243 0.7979166666666667
0 0.8814814814814816 0.48906250000000007 0.49814814814814834 0.4890625 0.49814814814814834 0.5119791666666668 0.8814814814814816 0.5119791666666668
0 0.8935185185185185 0.21302083333333338 0.5120370370370371 0.21302083333333338 0.5120370370370371 0.2380208333333334 0.8935185185185185 0.2380208333333334
0 0.4666666666666667 0.21250000000000002 0.08981481481481486 0.2125 0.08981481481481486 0.23333333333333336 0.4666666666666667 0.2333333333333334
0 0.4736022198158986 0.18838349501250304 0.08997730848971966 0.1874089934903669 0.08982231089604337 0.20671508181119724 0.4734472222222223 0.20768958333333337
0 0.8956408710561076 0.18826003301775437 0.5061462962962965 0.18640156250000003 0.5058278567921127 0.20751785793116065 0.8953224315519239 0.209376328448915
0 0.4708731481481484 0.8243286458333333 0.09932314814814834 0.8233630208333333 0.09913679877918276 0.84605026497238 0.47068679877918285 0.84701588997238
0 0.8781822826590483 0.8455708734849962 0.8780818231718766 0.8257092416864705 0.5060148148148147 0.8263046875 0.5061152743019864 0.8461663192985255