0 0.48646515569558374 0.7529895294469987 0.48400679752604164 0.7166643715820312 0.10245387880962457 0.7311893318811262 0.10491223697916667 0.7675144897460937
0 0.49662405753794614 0.7873731112797616 0.4934835130521715 0.7492361857139145 0.09592932791005863 0.7676514572466527 0.09906987239583336 0.8057883828124999
0 0.49224775876138266 0.7181250160779413 0.4890243419566264 0.6810013127189531 0.10280875181503542 0.6998646052347617 0.10603216861979166 0.7369883085937499
0 0.48825096484375 0.6862207719726564 0.48613451240949185 0.6524406828329288 0.1031659824615752 0.6659375612508974 0.10528243489583333 0.6997176503906251
0 0.4876174804687501 0.6530767817382812 0.48513794470036337 0.618880882904871 0.10749409639307166 0.6342837403267461 0.10997363216145835 0.6684796391601563
0 0.4870326640625 0.6209011020507811 0.4846467571519846 0.5876055215797299 0.10808752082385957 0.6027838077125425 0.110473427734375 0.6360793881835937
0 0.4856630520833334 0.5914856821289064 0.4839183288486459 0.5593296078686398 0.10819082103614582 0.5707968515209835 0.10993554427083335 0.60295292578125
0 0.468702181640625 0.30566176025390623 0.46716182544503093 0.27541399716531584 0.11911912817940594 0.28538371689187836 0.120659484375 0.31563147998046875
0 0.4681203131510417 0.33238882861328123 0.4670818524524725 0.30471424458343405 0.12174484398893089 0.31200335639984034 0.12278330468750003 0.3396779404296875
0 0.47115474609374997 0.35833595214843755 0.4700817846365139 0.33100990797815344 0.12393923711047222 0.33865503786096596 0.12501219856770834 0.36598108203125007
0 0.4701221386546359 0.389199136378285 0.4694262272135416 0.36043618554687507 0.12059742514744726 0.36518358090687136 0.12129333658854165 0.3939465317382813
0 0.4842458053385417 0.5610472045898438 0.48272159088566946 0.5298066210418143 0.10894616119816947 0.5400645624480643 0.11047037565104169 0.5713051459960938
0 0.4801402311197917 0.5317034414062499 0.4786540819490035 0.4990736878690351 0.1146042681469202 0.5084004725370038 0.11609041731770835 0.5410302260742187
0 0.4814747265624999 0.5015322119140625 0.47994038888352014 0.47076318828458696 0.11151324174810352 0.4810974959017745 0.11304757942708334 0.51186651953125
0 0.47824917578125 0.4714804130859376 0.47650588110825726 0.44071861206647234 0.11265304972804892 0.45231725903912856 0.11439634440104167 0.4830790600585938
0 0.4799672428385417 0.4441536596679688 0.47889960315173025 0.41606646234218914 0.11544052958402189 0.4238377743539078 0.11650816927083334 0.4519249716796875
0 0.4728919199218749 0.41619144873046876 0.47184569536974014 0.38909715837948494 0.11891709706244853 0.39676294109432864 0.11996332161458334 0.42385723144531245
0 0.8272138567708334 0.30241552343750006 0.8263993700610605 0.27438194212875683 0.49230278477460226 0.2798420344139131 0.4931172714843752 0.3078756157226563
0 0.8271320032552083 0.32784917529296886 0.8257193042677379 0.2999108080081807 0.49586281208023797 0.3092928241214619 0.49727551106770845 0.3372311914062501
0 0.8343361959635417 0.35489949853515623 0.8332200635910071 0.3249740170478777 0.4990503658854167 0.33198476171874997 0.5001664982579512 0.3619102432060285
0 0.8369221100260417 0.38207077734374995 0.8361021271709007 0.35539939038250357 0.5004259489236348 0.3612043903319291 0.501245931778776 0.38787577729317546
0 0.8441493307291669 0.4096156723632813 0.8428416192936624 0.38030685961512334 0.502358732421875 0.38885224218750003 0.5036664438573796 0.41816105493565797
0 0.8467355703125 0.4367869428710937 0.8452279042263039 0.4061198640694086 0.5062411158854166 0.41549414697265613 0.5077487819716128 0.44616122577434125
0 0.8540085325520832 0.4653212333984375 0.8530220176869614 0.4361392615069311 0.5061883391927083 0.44273453466796875 0.5071748540578301 0.47191650655947515
0 0.8552752636718749 0.49252706250000006 0.8537675989313186 0.4622300211702278 0.5088667011718749 0.4718843349609375 0.5103743659124315 0.5021813762907098
0 0.862617634765625 0.5225450590820314 0.8610947349930314 0.490269857059165 0.5081187128576147 0.49963835754744623 0.5096416126302085 0.5319135595703126
0 0.8686174811197916 0.552103287109375 0.8672170039120418 0.5224229835848746 0.5109986435946486 0.5318776570515574 0.5123991208023986 0.5615579605760578
0 0.9048716321614583 0.7774847602539063 0.9021126460335832 0.7404186405559959 0.5230574181689998 0.7562893890911522 0.5258164042968749 0.7933555087890625
0 0.896731306640625 0.744515880859375 0.8942154204432206 0.707429954259191 0.5211573372395834 0.7216657202148438 0.5236732234369877 0.7587516468150278
0 0.8917976289062501 0.7094820747070313 0.8896084590750654 0.674871030003154 0.5202509537760417 0.6880122050781251 0.5224401236072266 0.7226232497820024
0 0.8857286998697916 0.6784401323242187 0.884208617805473 0.6457930400399285 0.5193906256179731 0.6553478334969598 0.5209107076822916 0.68799492578125
0 0.8815465735677082 0.6453675854492188 0.8799705563487635 0.6135891729151086 0.5171212503591803 0.6237114351221398 0.5186972675781251 0.65548984765625
0 0.8767741126302083 0.6137962685546876 0.8749633987810785 0.5816550537104969 0.5146515172706617 0.5930730170894031 0.5164622311197915 0.6252142319335938
0 0.8756392180989582 0.5830909604492187 0.8737189015278494 0.5515135826426101 0.515029027178891 0.5637834088144851 0.5169493437499999 0.5953607866210937