0 0.8081665392231946 0.9513818021548707 0.17319263697824128 0.9148633638003916 0.16588789115782474 0.9550511275634898 0.8008617934027781 0.9915695659179689
0 0.8075817151811507 0.9086004973944974 0.1821241022076106 0.8728957571895328 0.17484089570701566 0.9132639848926918 0.8002985086805557 0.9489687250976564
0 0.8113790089500833 0.8679368312740722 0.19188153362033222 0.8371697885474831 0.1861174092188603 0.8738922839335671 0.8056148845486114 0.9046593266601561
0 0.8167965178106648 0.8269870360004898 0.19422151577925378 0.7974574034507159 0.1886827699652779 0.8344053344726563 0.8112577719966888 0.8639349670224302
0 0.8187664357825398 0.7842276207699741 0.19635421073869505 0.7596483278667487 0.19144256054643322 0.7990016328780247 0.8138547855902779 0.8235809257812501
0 0.8185815773581051 0.7462978022700707 0.19971072136460072 0.7208823739451543 0.19492703289538463 0.7577385726516462 0.813797888888889 0.7831540009765626
0 0.8159166734688648 0.7054605317589456 0.20852595809064073 0.6841243603604491 0.20447216309399835 0.7206382831913474 0.8118628784722223 0.7419744545898439
0 0.8244856608138218 0.6678433082590896 0.21623501655586486 0.6473170299831789 0.21239390001287664 0.6833313237748707 0.8206445442708337 0.7038576020507814
0 0.8214737964842902 0.6274636859386442 0.21740216215956934 0.6094204367777174 0.21384056272389051 0.6471484402921983 0.8179121970486114 0.6651916894531251
0 0.820746355693495 0.5890198180459468 0.22386413905747235 0.5739771757274771 0.22081599516953304 0.612245991958874 0.8176982118055558 0.6272886342773437
0 0.8241645033912552 0.5534471837235877 0.23649182126912857 0.5386437739883461 0.2337691841973179 0.5728423915342895 0.8214418663194446 0.5876458012695311
0 0.8242384044101255 0.5159370334603517 0.23196917262108277 0.502884684993743 0.22948827689151308 0.5385038780958914 0.8217575086805557 0.5515562265625001
0 0.8351459956058038 0.47909961825621 0.23702042373312018 0.4678450463895323 0.23495432309259426 0.5025874545005098 0.8330798949652779 0.5138420263671876
0 0.8352723856644992 0.44479131168069125 0.24785148227614984 0.43421854004463045 0.24599700633387295 0.46681923080534554 0.8334179097222223 0.47739200244140634
0 0.8354991794437889 0.40903412334766565 0.2531429397845215 0.4028469432142144 0.2521075016601771 0.43368345023764254 0.8344637413194446 0.4398706303710938
0 0.8350303719240199 0.3729456661869344 0.24951593611473108 0.36724498142687617 0.24847937413194454 0.4009310952148438 0.8339938099412333 0.4066317799749021
0 0.8337035729323914 0.33908792254621156 0.2608577814862912 0.3354266765034382 0.26022378732638896 0.366812904296875 0.8330695787724891 0.37047415033964837
0 0.8375606693194318 0.30657908546979207 0.2629624990004637 0.30294070135295076 0.2623312116254764 0.3344855065081588 0.8369293819444447 0.3381238906250001
0 0.8406739676892044 0.27096521006652563 0.2679409385436674 0.2692188110024214 0.26762711755585195 0.3017826634358958 0.8403601467013888 0.30352906250000006
0 0.8431941371527779 0.26820258935546887 0.8430408391490325 0.23603507333441157 0.27014866901014345 0.2368989205023802 0.27030196701388887 0.2690664365234375
0 0.8478469895835287 0.20470293398364575 0.27406239641526353 0.20452187441185582 0.27403210995673505 0.23489020654149137 0.8478167031250001 0.2350712661132813
0 0.8497025729166666 0.20140680761718746 0.8494614625300652 0.1731752292826106 0.2813850710370097 0.1747103147318294 0.2816261814236111 0.20294189306640628
0 0.8516602073746 0.04726736929505106 0.3013493057338449 0.04709679199952587 0.30131660443563385 0.08047760727478738 0.8516275060763889 0.08064818457031257
0 0.8563806119791666 0.10743611376953122 0.8563787288770093 0.0824558608692349 0.29316905555513334 0.08246929446293652 0.29317093865729055 0.10744954736323284
0 0.8499023055555557 0.13945436718750007 0.8495957059765303 0.10948064713142928 0.29156604451819695 0.11128671158455421 0.2918726440972222 0.141260431640625
0 0.8486186649305555 0.1704747236328125 0.8482450925489268 0.14057660029814037 0.28232696320864914 0.14281392744657784 0.2827005355902778 0.17271205078124996