0 0.9325521138495522 0.8310093395111935 1.603655480014115e-16 0.7990360029296874 -0.0077341207939965895 0.8704101868559937 0.9248179930555556 0.9023835234375
0 0.9116770610491987 0.7645880341694984 1.4802973661668753e-16 0.7289766147460938 -0.007747643277461765 0.7917342272199693 0.9039294177717367 0.827345646643374
0 0.9189249157986114 0.7017090678710938 1.4802973661668753e-16 0.6668220810546875 -0.007018124519703011 0.7253122248531207 0.9119067912789082 0.760199211669527
0 0.9207719184076684 0.6398504224906338 0.004017123827881022 0.6080705830481736 -0.0016933200879398142 0.6601920241930023 0.9150614744918476 0.6919718636354625
0 0.9179959765625001 0.5800561982421875 0.011739983160178066 0.5497068184263664 0.006110200520833466 0.6028977690429688 0.9123661939231555 0.6332471488587899
0 0.9187781690312313 0.5170131272336965 0.015214102415936947 0.4978180142227847 0.011414989808316912 0.5544022556414321 0.9149790564236113 0.5735973686523439
0 0.9233344067521494 0.46609218764644195 0.0431328725850168 0.43529885566212484 0.03737277430555566 0.4873943764648436 0.9175743084726881 0.5181877084491607
0 0.9298328845486112 0.4096869096679687 0.055728970646106046 0.3823545762952889 0.050685698784722316 0.4333867172851562 0.9247896126872275 0.460719050657836
0 0.9372366303472651 0.3544963298629522 0.06884782449677902 0.3283418122964459 0.06388642274305563 0.3804633178710938 0.9322752285935417 0.4066178354376001
0 0.9373865265978567 0.30020691327226773 0.09637676858545537 0.27925886343274 0.0924018461542653 0.3297518603167223 0.9334116041666667 0.35069991015625007
0 0.937742045922676 0.2523943996474925 0.0980550497910806 0.22927958138352414 0.09390193576388896 0.2770155625 0.9335889318954842 0.30013038076396836
0 0.941394667534722 0.20465222753906248 0.11647219041737829 0.18193878286437018 0.1123190303819445 0.22966465283203127 0.9372415074992883 0.2523780975067236
0 0.958447263888889 0.15182980371093757 0.12412993699151732 0.13546929478808897 0.1214439461805556 0.17880880810546879 0.9557612730779272 0.19516931702831739
0 0.9466538309811744 0.10705451815736008 0.13722691576395846 0.08804748007726627 0.13384591927083334 0.13360425488281252 0.9432728344880493 0.15261129296290632
0 0.9500248552527272 0.06257937781954659 0.14946958205683916 0.04490626582262077 0.14682224305555555 0.08284937402343752 0.9473775162514436 0.10052248602036333
0 0.9558299895117633 0.010429983594721776 0.16522139423962073 -0.002512858999232358 0.16320123003472223 0.03653197558593752 0.9538098253068648 0.049474818179891654