0 0.4648148148148149 0.2635416666666667 0.06759259259259265 0.2635416666666667 0.06759259259259265 0.28854166666666664 0.4648148148148149 0.28854166666666664
0 0.46574074074074084 0.31614583333333335 0.07037037037037044 0.31614583333333335 0.07037037037037044 0.3411458333333333 0.46574074074074084 0.3411458333333333
0 0.4611111111111112 0.4890625 0.08240740740740751 0.4890625 0.08240740740740751 0.5125 0.4611111111111112 0.5125
0 0.8805555555555558 0.6791666666666667 0.49722222222222245 0.6791666666666667 0.49722222222222245 0.7015625 0.8805555555555558 0.7015625
0 0.8861111111111113 0.559375 0.49814814814814834 0.559375 0.49814814814814834 0.5822916666666667 0.8861111111111113 0.5822916666666667
0 0.46203703703703713 0.6317708333333333 0.08796296296296309 0.6317708333333333 0.08796296296296309 0.6546875 0.46203703703703713 0.6546875
0 0.46574074074074084 0.365625 0.07500000000000008 0.365625 0.07500000000000008 0.390625 0.46574074074074084 0.390625
0 0.4638888888888889 0.21145833333333336 0.06759259259259265 0.21145833333333333 0.06759259259259265 0.23750000000000002 0.4638888888888889 0.23750000000000007
0 0.46574074074074084 0.4421875 0.0787037037037038 0.4421875 0.0787037037037038 0.46510416666666665 0.46574074074074084 0.46510416666666665
0 0.8851851851851854 0.6067708333333334 0.5009259259259261 0.6067708333333334 0.5009259259259261 0.6296875 0.8851851851851854 0.6296875
0 0.8842592592592595 0.5104166666666667 0.49537037037037057 0.5104166666666666 0.49537037037037057 0.5333333333333333 0.8842592592592595 0.5333333333333333
0 0.4685185185185186 0.41770833333333335 0.07407407407407415 0.41770833333333335 0.07407407407407417 0.4421875 0.4685185185185186 0.4421875
0 0.8842592592592595 0.4864583333333334 0.49814814814814834 0.4864583333333333 0.49814814814814834 0.509375 0.8842592592592595 0.5093750000000001
0 0.4601851851851853 0.6791666666666667 0.08888888888888904 0.6791666666666667 0.08888888888888904 0.7010416666666667 0.4601851851851853 0.7010416666666667
0 0.8805555555555558 0.6552083333333333 0.5000000000000002 0.6552083333333333 0.5000000000000002 0.6776041666666667 0.8805555555555558 0.6776041666666667
0 0.8768518518518521 0.7026041666666667 0.49722222222222245 0.7026041666666667 0.49722222222222245 0.7234375 0.8768518518518521 0.7234375
0 0.45925925925925937 0.6088541666666667 0.08703703703703716 0.6088541666666667 0.08703703703703716 0.6302083333333334 0.45925925925925937 0.6302083333333334
0 0.4629629629629631 0.5375 0.08333333333333344 0.5375 0.08333333333333345 0.5609375 0.4629629629629631 0.5609375
0 0.8842592592592595 0.6307291666666667 0.5000000000000002 0.6307291666666667 0.5000000000000002 0.6536458333333334 0.8842592592592595 0.6536458333333334
0 0.4601851851851853 0.65625 0.08796296296296309 0.65625 0.0879629629629631 0.6786458333333333 0.4601851851851853 0.6786458333333333
0 0.4712962962962964 0.3927083333333333 0.07407407407407415 0.3927083333333333 0.07407407407407415 0.4166666666666667 0.4712962962962964 0.4166666666666667
0 0.45740740740740754 0.7234375 0.09444444444444461 0.7234375 0.09444444444444461 0.7447916666666666 0.4574074074074076 0.7447916666666666
0 0.8851851851851854 0.5833333333333334 0.5000000000000002 0.5833333333333334 0.5000000000000002 0.60625 0.8851851851851854 0.60625
0 0.46203703703703713 0.5869791666666667 0.08703703703703716 0.5869791666666667 0.08703703703703716 0.6083333333333333 0.46203703703703713 0.6083333333333333
0 0.4648148148148149 0.3416666666666667 0.07129629629629637 0.3416666666666667 0.07129629629629637 0.36666666666666664 0.4648148148148149 0.36666666666666664
0 0.8759259259259261 0.7255208333333333 0.4990740740740743 0.7255208333333333 0.4990740740740743 0.7463541666666667 0.8759259259259261 0.7463541666666667
0 0.46574074074074084 0.28958333333333336 0.07037037037037042 0.28958333333333336 0.07037037037037043 0.315625 0.46574074074074084 0.315625
0 0.8851851851851854 0.5354166666666667 0.49722222222222245 0.5354166666666667 0.49722222222222245 0.5583333333333333 0.8851851851851854 0.5583333333333333
0 0.46203703703703713 0.5619791666666667 0.08518518518518532 0.5619791666666667 0.08518518518518532 0.5848958333333333 0.46203703703703713 0.5848958333333333
0 0.4583333333333334 0.7010416666666667 0.0907407407407409 0.7010416666666667 0.0907407407407409 0.7223958333333333 0.4583333333333334 0.7223958333333333
0 0.8750000000000002 0.7489583333333333 0.4990740740740743 0.7489583333333333 0.4990740740740743 0.7692708333333333 0.8750000000000002 0.7692708333333333
0 0.4601851851851854 0.7901041666666667 0.10185185185185204 0.7901041666666667 0.10185185185185204 0.8125 0.4601851851851854 0.8125
0 0.4592592592592595 0.7447916666666666 0.09444444444444461 0.7447916666666666 0.09444444444444461 0.7666666666666667 0.4592592592592595 0.7666666666666667
0 0.4657407407407408 0.23802083333333338 0.06759259259259265 0.23802083333333332 0.06759259259259265 0.2635416666666667 0.46574074074074084 0.26354166666666673
0 0.8703703703703706 0.7921875 0.4990740740740743 0.7921875 0.4990740740740743 0.8130208333333333 0.8703703703703706 0.8130208333333333
0 0.463888888888889 0.5145833333333333 0.08240740740740751 0.5145833333333333 0.08240740740740751 0.5375 0.463888888888889 0.5375
0 0.8722222222222225 0.7708333333333334 0.49814814814814834 0.7708333333333334 0.49814814814814834 0.790625 0.8722222222222225 0.790625
0 0.4611111111111112 0.46510416666666665 0.0787037037037038 0.46510416666666665 0.0787037037037038 0.48854166666666665 0.4611111111111112 0.48854166666666665
0 0.46111111111111114 0.18281250000000002 0.06388888888888894 0.1828125 0.06388888888888894 0.20989583333333336 0.46111111111111114 0.2098958333333334
0 0.4592592592592595 0.8140625 0.10185185185185204 0.8140625 0.10185185185185204 0.8364583333333333 0.4592592592592595 0.8364583333333333
0 0.4601851851851854 0.7666666666666667 0.09722222222222238 0.7666666666666667 0.09722222222222239 0.790625 0.4601851851851854 0.790625
0 0.8685185185185187 0.815625 0.4990740740740743 0.815625 0.4990740740740743 0.8364583333333333 0.8685185185185187 0.8364583333333333
0 0.8922178326788518 0.19698243922926942 0.8905629629629631 0.17047708333333336 0.4815136240789408 0.1785578193074448 0.4831684937948295 0.20506317520338085
0 0.8931187329418698 0.22457608860928865 0.8915029381079372 0.19786596847316354 0.4839129088697711 0.20566748403054158 0.4855287037037037 0.2323776041666667
0 0.8955139653437875 0.25182169387077097 0.8938495312847275 0.22544411412496324 0.4832342592592594 0.23364218750000004 0.4848986933183193 0.2600197672458078
0 0.8955347993135441 0.2777881914491178 0.8943749999999998 0.2529614583333333 0.4827191245534127 0.2590462069920035 0.4838789238669569 0.28387294010778796
0 0.8936361549469604 0.30350727903922664 0.8918216991346785 0.27492232630266134 0.48537777777777774 0.2830854166666666 0.48719223359005964 0.3116703694032319
0 0.8924939374489458 0.33020333435763305 0.8910388888888888 0.30406875 0.48704660364571484 0.311185472229108 0.4885016522057719 0.33732005658674097
0 0.8902851612932143 0.35631291550629773 0.8891333333333334 0.33032968749999997 0.4861325810392165 0.3359822506458638 0.4872844089990974 0.3619654786521616
0 0.8929659312385027 0.3819951538450308 0.8919925925925924 0.356590625 0.4848956822137435 0.36152572187526427 0.4858690208596537 0.3869302507202951
0 0.8921861175356751 0.4063166362199346 0.8910388888888889 0.38172968749999997 0.4872407343161768 0.38769117628006544 0.488387962962963 0.41227812500000005
0 0.8934557431543394 0.43419561693455067 0.8929453703703705 0.40796562500000005 0.4887571122555014 0.4104540129902227 0.4892674850394705 0.43668400492477333
0 0.8920782191553942 0.45775369081574574 0.8915157407407407 0.4339338541666667 0.49049387468345607 0.43693011894509476 0.4910563530981095 0.4607499555941738
0 0.8893217071566827 0.4818428899182231 0.8886564814814815 0.45831875 0.4913629261699596 0.4618735225912512 0.49202815184516074 0.48539766250947436