0 0.5567708333333333 0.1351851851851853 0.396875 0.1351851851851853 0.396875 0.16944444444444454 0.5567708333333333 0.16944444444444454
0 0.8026041666666667 0.6685185185185187 0.6494791666666667 0.6685185185185187 0.6494791666666667 0.6981481481481484 0.8026041666666667 0.6981481481481484
0 0.7942708333333334 0.8379629629629631 0.6447916666666667 0.8379629629629631 0.6447916666666667 0.8694444444444447 0.7942708333333334 0.8694444444444447
0 0.384375 0.4138888888888889 0.22760416666666666 0.41388888888888886 0.2276041666666667 0.4518518518518519 0.384375 0.45185185185185195
0 0.803125 0.6388888888888891 0.6515625 0.6388888888888891 0.6515625 0.6685185185185187 0.803125 0.6685185185185187
0 0.390625 0.6888888888888889 0.23645833333333338 0.6888888888888889 0.23645833333333338 0.7231481481481481 0.390625 0.7231481481481481
0 0.8177083333333334 0.27222222222222237 0.6598958333333333 0.2722222222222223 0.6598958333333333 0.3083333333333335 0.8177083333333334 0.30833333333333357
0 0.5567708333333333 0.10092592592592603 0.39739583333333334 0.100925925925926 0.39739583333333334 0.13703703703703715 0.5567708333333333 0.13703703703703715
0 0.3729166666666667 0.08425925925925933 0.2125 0.08425925925925931 0.2125 0.12037037037037045 0.3729166666666667 0.12037037037037047
0 0.80625 0.5814814814814817 0.653125 0.5814814814814817 0.653125 0.6101851851851854 0.80625 0.6101851851851854
0 0.7953125 0.8129629629629632 0.6453125 0.8129629629629632 0.6453125 0.8407407407407409 0.7953125 0.8407407407407409
0 0.37447916666666664 0.11666666666666674 0.21302083333333333 0.11666666666666672 0.21302083333333333 0.1546296296296297 0.37447916666666664 0.15462962962962973
0 0.8005208333333333 0.727777777777778 0.6484375 0.727777777777778 0.6484375 0.7555555555555558 0.8005208333333333 0.7555555555555558
0 0.3880208333333333 0.7768518518518519 0.23645833333333338 0.7768518518518519 0.23645833333333338 0.8111111111111111 0.3880208333333333 0.8111111111111111
0 0.80625 0.551851851851852 0.6526041666666667 0.551851851851852 0.6526041666666667 0.5833333333333336 0.80625 0.5833333333333336
0 0.5515625 0.5740740740740742 0.39947916666666666 0.5740740740740741 0.39947916666666666 0.6055555555555556 0.5515625 0.6055555555555557
0 0.8192708333333333 0.23981481481481498 0.6609375 0.23981481481481493 0.6609375 0.2731481481481483 0.8192708333333333 0.27314814814814836
0 0.37916666666666665 0.2444444444444445 0.22083333333333333 0.24444444444444444 0.22083333333333333 0.2870370370370371 0.37916666666666665 0.28703703703703715
0 0.5583333333333333 0.16851851851851862 0.3984375 0.16851851851851862 0.3984375 0.2027777777777779 0.5583333333333333 0.2027777777777779
0 0.55625 0.2351851851851853 0.3963541666666667 0.2351851851851853 0.3963541666666667 0.2722222222222223 0.55625 0.2722222222222223
0 0.7994791666666666 0.7555555555555558 0.6489583333333333 0.7555555555555558 0.6489583333333333 0.7833333333333335 0.7994791666666666 0.7833333333333335
0 0.55625 0.2027777777777779 0.39947916666666666 0.2027777777777779 0.39947916666666666 0.23611111111111122 0.55625 0.23611111111111122
0 0.8208333333333333 0.2055555555555557 0.6619791666666667 0.2055555555555557 0.6619791666666667 0.24259259259259275 0.8208333333333333 0.2425925925925928
0 0.3776041666666667 0.14814814814814822 0.21510416666666668 0.1481481481481482 0.21510416666666668 0.18888888888888897 0.3776041666666667 0.188888888888889
0 0.38645833333333335 0.8055555555555556 0.23541666666666672 0.8055555555555556 0.23541666666666672 0.8416666666666667 0.38645833333333335 0.8416666666666667
0 0.8229166666666666 0.14259259259259274 0.6630208333333333 0.14259259259259274 0.6630208333333333 0.17777777777777792 0.8229166666666666 0.17777777777777792
0 0.3885416666666667 0.7481481481481481 0.23593750000000005 0.7481481481481481 0.23593750000000005 0.7805555555555556 0.3885416666666667 0.7805555555555556
0 0.8125 0.40000000000000013 0.6552083333333333 0.4000000000000001 0.6552083333333333 0.4296296296296298 0.8125 0.42962962962962986
0 0.8223958333333333 0.17500000000000016 0.6630208333333333 0.17500000000000016 0.6630208333333333 0.20925925925925942 0.8223958333333333 0.20925925925925942
0 0.8166666666666667 0.30648148148148163 0.6572916666666667 0.3064814814814816 0.6572916666666667 0.3388888888888891 0.8166666666666667 0.3388888888888891
0 0.8244791666666667 0.11018518518518536 0.6651041666666667 0.11018518518518534 0.6651041666666667 0.14537037037037054 0.8244791666666667 0.14537037037037054
0 0.8135416666666667 0.3685185185185187 0.6567708333333333 0.36851851851851863 0.6567708333333333 0.40000000000000013 0.8135416666666667 0.4000000000000002
0 0.8125 0.42870370370370386 0.6546875 0.4287037037037038 0.6546875 0.4620370370370372 0.8125 0.46203703703703725
0 0.8104166666666667 0.46018518518518536 0.6536458333333334 0.4601851851851853 0.6536458333333334 0.49166666666666686 0.8104166666666667 0.49166666666666686
0 0.5489583333333333 0.7777777777777779 0.4005208333333333 0.7777777777777778 0.4005208333333333 0.8120370370370371 0.5489583333333333 0.8120370370370372
0 0.3869791666666667 0.8351851851851851 0.23645833333333338 0.8351851851851851 0.23645833333333338 0.8694444444444445 0.38697916666666676 0.8694444444444445
0 0.8041666666666667 0.6092592592592595 0.6520833333333333 0.6092592592592595 0.6520833333333333 0.6398148148148151 0.8041666666666667 0.6398148148148151
0 0.5510416666666667 0.5453703703703705 0.39791666666666664 0.5453703703703704 0.39791666666666664 0.5777777777777778 0.5510416666666667 0.577777777777778
0 0.38645833333333335 0.3805555555555556 0.22604166666666667 0.38055555555555554 0.22604166666666667 0.42037037037037045 0.38645833333333335 0.42037037037037045
0 0.378125 0.18055555555555564 0.2140625 0.1805555555555556 0.2140625 0.2222222222222223 0.378125 0.22222222222222232
0 0.8067708333333333 0.5212962962962965 0.653125 0.5212962962962965 0.653125 0.552777777777778 0.8067708333333333 0.552777777777778
0 0.815625 0.3388888888888891 0.65625 0.338888888888889 0.65625 0.3694444444444446 0.815625 0.36944444444444463
0 0.5552083333333333 0.2675925925925927 0.39791666666666664 0.2675925925925927 0.39791666666666664 0.3000000000000001 0.5552083333333333 0.3000000000000001
0 0.5494791666666666 0.8055555555555557 0.39895833333333336 0.8055555555555556 0.39895833333333336 0.8407407407407409 0.5494791666666666 0.8407407407407409
0 0.5489583333333333 0.7194444444444446 0.39791666666666664 0.7194444444444444 0.39791666666666664 0.751851851851852 0.5489583333333333 0.7518518518518521
0 0.8005208333333333 0.6981481481481484 0.65 0.6981481481481484 0.65 0.727777777777778 0.8005208333333333 0.727777777777778
0 0.55 0.7500000000000001 0.4 0.75 0.4 0.7814814814814816 0.55 0.7814814814814817
0 0.5515625 0.6324074074074075 0.4 0.6324074074074074 0.4 0.663888888888889 0.5515625 0.6638888888888891
0 0.553125 0.5120370370370372 0.4005208333333333 0.5120370370370371 0.4005208333333333 0.5481481481481483 0.553125 0.5481481481481484
0 0.3802083333333333 0.27870370370370373 0.22291666666666668 0.27870370370370373 0.22291666666666668 0.3231481481481482 0.3802083333333333 0.32314814814814824
0 0.5494791666666666 0.6907407407407409 0.39947916666666666 0.6907407407407408 0.39947916666666666 0.7250000000000001 0.5494791666666666 0.7250000000000002
0 0.5520833333333334 0.6055555555555556 0.39947916666666666 0.6055555555555555 0.39947916666666666 0.6361111111111112 0.5520833333333334 0.6361111111111113
0 0.8098958333333334 0.49166666666666686 0.6510416666666666 0.49166666666666686 0.6510416666666666 0.5231481481481484 0.8098958333333334 0.5231481481481484
0 0.5536458333333333 0.3925925925925927 0.39947916666666666 0.3925925925925927 0.39947916666666666 0.42407407407407416 0.5536458333333333 0.42407407407407416
0 0.5541666666666667 0.36203703703703716 0.39947916666666666 0.36203703703703716 0.39947916666666666 0.39444444444444454 0.5541666666666667 0.39444444444444454
0 0.7979166666666667 0.7851851851851854 0.6484375 0.7851851851851854 0.6484375 0.8129629629629632 0.7979166666666667 0.8129629629629632
0 0.5546875 0.33055555555555566 0.39895833333333336 0.33055555555555566 0.39895833333333336 0.363888888888889 0.5546875 0.363888888888889
0 0.38385416666666666 0.35000000000000003 0.225 0.35 0.225 0.38703703703703707 0.38385416666666666 0.3870370370370371
0 0.55 0.664814814814815 0.4 0.6648148148148149 0.4 0.6925925925925926 0.55 0.6925925925925928
0 0.38177083333333334 0.31388888888888894 0.22291666666666668 0.3138888888888889 0.22291666666666668 0.35740740740740745 0.38177083333333334 0.3574074074074075
0 0.553125 0.42222222222222233 0.4005208333333333 0.42222222222222233 0.4005208333333333 0.4583333333333334 0.553125 0.4583333333333334
0 0.5489583333333333 0.8361111111111112 0.4010416666666667 0.8361111111111111 0.40104166666666674 0.8694444444444446 0.5489583333333333 0.8694444444444447
0 0.5526041666666667 0.45370370370370383 0.39947916666666666 0.45370370370370383 0.39947916666666666 0.48796296296296304 0.5526041666666667 0.48796296296296315
0 0.5552083333333333 0.30092592592592604 0.3984375 0.30092592592592604 0.3984375 0.3351851851851853 0.5552083333333333 0.3351851851851853
0 0.5515625 0.4824074074074075 0.39947916666666666 0.4824074074074074 0.39947916666666666 0.5157407407407408 0.5515625 0.5157407407407409
0 0.3791779661458333 0.22241829722222223 0.2164723395833333 0.22062631944444444 0.216372149103267 0.24937721360584006 0.379077775665767 0.2511691913836179
0 0.38616892708333334 0.4751903675925927 0.3858671549511291 0.4437367244977212 0.22705411510416665 0.448552312037037 0.22735588723637093 0.4800059551319085
0 0.3880936021635396 0.5654184644652244 0.38763947840013635 0.5326672328590137 0.22921209479166665 0.539609987037037 0.22966621855506988 0.5723612186432476
0 0.3903176644690797 0.6886836603978415 0.3902212790063697 0.6603539976977394 0.23411466718749996 0.6620325944444444 0.23421105265020994 0.6903622571445465
0 0.3895769695144867 0.750161427754565 0.38952600989583336 0.7195789694444444 0.23701406092059904 0.7203821489060974 0.23706502053925244 0.7509646072162179
0 0.37649731034214745 0.08049838824852112 0.37619416075132145 0.04955359840452371 0.209209153534174 0.05472373330415072 0.20951230312499997 0.08566852314814814
0 0.5583808193364953 0.07072441514151923 0.3977125812499999 0.06330616481481491 0.3972480227139201 0.09510593180148548 0.5579162608004153 0.1025241821281898
0 0.8261293697916667 0.08161233796296315 0.663680778125 0.07565918333333349 0.6633065361030918 0.10793492900584094 0.8257551277697585 0.11388808363547058
0 0.7935189880208333 0.8719838925925928 0.6462344380208335 0.8649417990740743 0.6457487203338889 0.8970483954664363 0.7930332703338886 0.9040904889849548
0 0.5471656885416666 0.866163599074074 0.39905502343750004 0.8659070935185185 0.3990386610780966 0.8957671366471996 0.5471493261822632 0.8960236422027553
0 0.3863694125 0.8705049444444445 0.23565444687500003 0.8650223953703704 0.2353111686814361 0.894847021874831 0.38602613430643606 0.9003295709489051
0 0.38972637447916664 0.6235696379629629 0.38930287150236054 0.5943973714387197 0.23187353593749999 0.601620525925926 0.2322970389143061 0.6307927924501692
0 0.3880481557291667 0.5058255611111112 0.38779466743708324 0.4746884352114554 0.228501271875 0.4787870027777777 0.2287547601670834 0.5099241286774335
0 0.38823866379363803 0.5363863858238376 0.3880641901491528 0.5071888329971667 0.22906493385416665 0.5101916814814815 0.22923940749865188 0.5393892343081524
0 0.38911291875000004 0.5972364083333334 0.388663994233898 0.5649377678713245 0.23194837031249999 0.5718220129629631 0.23239729482860202 0.604120653424972
0 0.3893996322916667 0.6568479018518518 0.38898419114354194 0.6250808910686412 0.23368710937270862 0.63149965495753 0.23410255052083334 0.6632666657407407