0 0.7314453626760511 0.34267655171962086 0.7298291444034558 0.3166426815242111 0.3145114661458333 0.32480073876953125 0.31612768441842853 0.350834608964941
0 0.730585657376534 0.37022713884210473 0.729066349826389 0.3457542958984375 0.31892236848700795 0.3538107264812761 0.320441676037153 0.37828356942494334
0 0.7326758367524439 0.39691060655712196 0.7313734362097223 0.37270514123382026 0.3226848251517229 0.37966288965716705 0.3239872256944445 0.40386835498046875
0 0.7328247965641486 0.4226292130455271 0.7316404241065316 0.39916031234176347 0.3273583411458333 0.4056157412109375 0.32854271360345016 0.42908464191470114
0 0.7364916788194446 0.6581016674804687 0.7358064286110493 0.6354072188443454 0.366638265625 0.6389341650390626 0.36732351583339523 0.661628613675186
0 0.7344297899305556 0.6354027963867188 0.7341138565813646 0.6142595133517003 0.3607483831106486 0.6160247472392254 0.3610643164598397 0.637168030274244
0 0.7294467403349629 0.4480301893329026 0.728658150173611 0.42588638378906246 0.3289103147752717 0.43039071450513644 0.32969890493662357 0.4525345200489766
0 0.7282589921149543 0.4755577978465484 0.7273582065972222 0.45013631054687503 0.3337009939344228 0.45454981639377584 0.3346017794521548 0.4799713036934492
0 0.7308376362847222 0.49651943896484374 0.7293167789573297 0.47488319355747044 0.3400263020833333 0.483541349609375 0.3415471594107258 0.5051775950167483
0 0.7319774737540541 0.5191451434005004 0.7304326786759197 0.49824332801278925 0.3434580251736111 0.5072926166992188 0.3450028202517456 0.52819443208693
0 0.7331103092420622 0.5446116952894331 0.7320164458656245 0.5233454158512993 0.3487571840277777 0.5295828974609375 0.3498510474042154 0.5508491768990712
0 0.7350908740129429 0.61240552912721 0.7342684062500001 0.5929790791015624 0.35860871626483504 0.5980113624743525 0.3594311840277778 0.6174378125000001
0 0.733337790058686 0.5901184277666613 0.7320082492390619 0.5681187014103763 0.3555113671875001 0.5753180107421875 0.35684090800712415 0.5973177370984725
0 0.7323152881944446 0.5682789365234375 0.7313606692708334 0.5471936865234374 0.3521514145212911 0.5526258804552848 0.35310603344490216 0.5737111304552851
0 0.7315172871337353 0.3140397265409069 0.7298408671875 0.2870361342773437 0.31072041381453636 0.29526888918460087 0.3123968337607718 0.32227248144816406