0 0.6503906250000001 0.43798828125000006 0.25455729166666674 0.43798828125 0.25455729166666674 0.47705078125000006 0.6503906250000001 0.4770507812500001
0 0.6673177083333334 0.18261718750000003 0.24739583333333334 0.1826171875 0.24739583333333337 0.22900390625000003 0.6673177083333334 0.22900390625000006
0 0.662109375 0.27050781250000006 0.24869791666666674 0.2705078125 0.24869791666666674 0.31542968750000006 0.662109375 0.3154296875000001
0 0.6575520833333334 0.35693359375000006 0.25195312500000006 0.35693359375 0.25195312500000006 0.39892578125000006 0.6575520833333334 0.3989257812500001
0 0.6360677083333335 0.7744140625 0.27343750000000017 0.7744140625 0.27343750000000017 0.806640625 0.6360677083333335 0.806640625
0 0.6692708333333334 0.13623046875000003 0.2506510416666667 0.13623046875 0.2506510416666667 0.18310546875000003 0.6692708333333334 0.18310546875000006
0 0.6419270833333335 0.66650390625 0.26171875000000006 0.66650390625 0.2617187500000001 0.70166015625 0.6419270833333335 0.70166015625
0 0.6588541666666666 0.31445312500000006 0.2513020833333334 0.314453125 0.2513020833333334 0.35839843750000006 0.6588541666666666 0.3583984375000001
0 0.6438802083333335 0.5927734375 0.26041666666666674 0.5927734375 0.26041666666666674 0.62890625 0.6438802083333335 0.62890625
0 0.6367187500000001 0.73828125 0.2643229166666668 0.73828125 0.2643229166666668 0.77490234375 0.6367187500000001 0.77490234375
0 0.6497395833333335 0.51611328125 0.2571614583333334 0.51611328125 0.2571614583333334 0.55615234375 0.6497395833333335 0.55615234375
0 0.6516927083333335 0.47802734375000006 0.25585937500000006 0.47802734375 0.25585937500000006 0.51611328125 0.6516927083333335 0.51611328125
0 0.6477864583333335 0.55419921875 0.2532552083333334 0.55419921875 0.2532552083333334 0.591796875 0.6477864583333335 0.591796875
0 0.6419270833333335 0.62939453125 0.25976562500000006 0.62939453125 0.25976562500000006 0.666015625 0.6419270833333335 0.666015625
0 0.654296875 0.39697265625000006 0.25065104166666674 0.39697265625 0.25065104166666674 0.43798828125000006 0.654296875 0.4379882812500001
0 0.6347656250000001 0.80908203125 0.2649739583333335 0.80908203125 0.2649739583333335 0.84423828125 0.6347656250000001 0.84423828125
0 0.6386718750000001 0.7021484375 0.2708333333333335 0.7021484375 0.2708333333333335 0.73779296875 0.6386718750000001 0.73779296875
0 0.6640625 0.22705078125000003 0.25000000000000006 0.22705078125 0.25000000000000006 0.26904296875000006 0.6640625 0.2690429687500001
0 0.6744791666666666 0.08837890625000004 0.24934895833333334 0.08837890625000003 0.24934895833333334 0.13574218750000003 0.6744791666666666 0.13574218750000006