0 0.46093750000000017 0.56005859375 0.10481770833333341 0.56005859375 0.10481770833333343 0.59423828125 0.46093750000000017 0.59423828125
0 0.4602864583333335 0.59326171875 0.10677083333333344 0.59326171875 0.10677083333333344 0.62744140625 0.4602864583333335 0.62744140625
0 0.45507812500000017 0.6962890625 0.13606770833333345 0.6962890625 0.13606770833333345 0.72802734375 0.45507812500000017 0.72802734375
0 0.4576822916666668 0.66357421875 0.13736979166666677 0.66357421875 0.13736979166666677 0.6953125 0.4576822916666668 0.6953125
0 0.96484375 0.33593750000000006 0.5787760416666666 0.3359375 0.5787760416666666 0.37695312500000006 0.96484375 0.3769531250000001
0 0.9153645833333334 0.70654296875 0.5683593750000001 0.70654296875 0.5683593750000001 0.74267578125 0.9153645833333334 0.74267578125
0 0.9401041666666666 0.53076171875 0.5670572916666669 0.53076171875 0.5670572916666669 0.5673828125 0.9401041666666666 0.5673828125
0 0.9583333333333334 0.37695312500000006 0.5729166666666666 0.376953125 0.5729166666666666 0.41650390625000006 0.9583333333333334 0.4165039062500001
0 0.4622395833333335 0.48779296875 0.09570312500000007 0.48779296875 0.09570312500000007 0.52490234375 0.4622395833333335 0.52490234375
0 0.9498697916666666 0.45410156250000006 0.5690104166666669 0.4541015625 0.5690104166666669 0.49316406250000006 0.9498697916666666 0.4931640625000001
0 0.943359375 0.49218750000000006 0.5690104166666669 0.4921875 0.5690104166666669 0.5302734375 0.943359375 0.5302734375
0 0.9108072916666666 0.74365234375 0.5735677083333335 0.74365234375 0.5735677083333335 0.77587890625 0.9108072916666666 0.77587890625
0 0.9049479166666666 0.8095703125 0.5572916666666669 0.8095703125 0.5572916666666669 0.83984375 0.9049479166666666 0.83984375
0 0.46484375 0.3349609375 0.08268229166666673 0.3349609375 0.08268229166666673 0.37548828125 0.46484375 0.37548828125
0 0.4583333333333335 0.6279296875 0.10937500000000011 0.6279296875 0.10937500000000011 0.662109375 0.4583333333333335 0.662109375
0 0.4615885416666668 0.5234375 0.10221354166666674 0.5234375 0.10221354166666674 0.55908203125 0.4615885416666668 0.55908203125
0 0.90625 0.84033203125 0.5559895833333335 0.84033203125 0.5559895833333335 0.87060546875 0.90625 0.87060546875
0 0.4641927083333333 0.4140625 0.08789062500000007 0.4140625 0.08789062500000007 0.45166015625 0.4641927083333333 0.45166015625
0 0.9205729166666666 0.6708984375 0.5657552083333335 0.6708984375 0.5657552083333335 0.7080078125 0.9205729166666666 0.7080078125
0 0.4557291666666668 0.826171875 0.13671875000000014 0.826171875 0.13671875000000014 0.85400390625 0.4557291666666668 0.85400390625
0 0.931640625 0.60302734375 0.5611979166666669 0.60302734375 0.5611979166666669 0.638671875 0.931640625 0.638671875
0 0.9075520833333334 0.7734375 0.5638020833333335 0.7734375 0.5638020833333335 0.806640625 0.9075520833333334 0.806640625
0 0.4635416666666667 0.3759765625 0.08658854166666674 0.3759765625 0.08658854166666674 0.4140625 0.4635416666666667 0.4140625
0 0.9361979166666666 0.56689453125 0.5638020833333335 0.56689453125 0.5638020833333335 0.603515625 0.9361979166666666 0.603515625
0 0.4544270833333335 0.73046875 0.1347656250000001 0.73046875 0.1347656250000001 0.76025390625 0.4544270833333335 0.76025390625
0 0.4544270833333335 0.7626953125 0.13411458333333345 0.7626953125 0.13411458333333345 0.7919921875 0.4544270833333335 0.7919921875
0 0.45507812500000017 0.79443359375 0.13606770833333348 0.79443359375 0.13606770833333348 0.8232421875 0.45507812500000017 0.8232421875
0 0.9563802083333334 0.41699218750000006 0.5703125 0.4169921875 0.5703125000000001 0.45410156250000006 0.9563802083333334 0.4541015625000001
0 0.9251302083333334 0.638671875 0.5638020833333335 0.638671875 0.5638020833333335 0.673828125 0.9251302083333334 0.673828125
0 0.46354166666666674 0.45166015625 0.10742187500000007 0.45166015625 0.10742187500000007 0.486328125 0.4635416666666668 0.486328125
0 0.46225325520833344 0.856819580078125 0.12678938802083348 0.8548383789062501 0.12648772632356203 0.8835699827708172 0.461951593511062 0.885551183942692
0 0.903375 0.871677734375 0.5547041015625 0.87068701171875 0.5545439685610091 0.9023875748332179 0.9032148669985091 0.9033782974894679
0 0.4745298713953971 0.29222546519734627 0.07696537356584066 0.29022418410311535 0.07657547612877698 0.3337926642182692 0.4741399739583334 0.3357939453125001
0 0.9762412109374999 0.29465820312500013 0.5760452310206953 0.2875953895344312 0.5747223143540287 0.32976018445630617 0.9749182942708333 0.3368229980468751