0 0.8039411049166982 0.9039219487802785 0.17205211446677593 0.8958555684137557 0.1702616770833335 0.9402334208984373 0.8021506675332559 0.9482998012649602
0 0.8006208771086073 0.8584984293195826 0.17604285270160258 0.8515623616750452 0.17448162229438433 0.8960444772773374 0.7990596467013891 0.9029805449218749
0 0.7986610216938081 0.8155678884139822 0.18512005164700163 0.8057292702826693 0.18275115625000024 0.8524705288085939 0.7962921262968067 0.8623091469399068
0 0.80344983830318 0.7752094228992856 0.18763940191742978 0.7653740673142034 0.18552440711805573 0.8072738081054688 0.8013348435038059 0.817109163690551
0 0.7964121727002086 0.7363029118069367 0.19797831813385297 0.7235969037613541 0.1951655407986113 0.7655136376953126 0.7935993953649669 0.7782196457408952
0 0.7974373484163046 0.6991519330535274 0.19933370431564473 0.6840056965568714 0.19597913888888907 0.7259191103515625 0.7940827829895489 0.7410653468482186
0 0.7970011886648899 0.6595207565024811 0.2090073586209661 0.6438531737550517 0.2055451319444446 0.6849654311523437 0.7935389619883684 0.7006330138997731
0 0.7944089836254746 0.6238083697968854 0.2104562587342308 0.6099355697926455 0.20750290184486742 0.649270152632479 0.7914556267361113 0.6631429526367189
0 0.7878203481003875 0.5887491587326309 0.22063836521114968 0.5726033496478645 0.21727447916666678 0.6099927880859375 0.7844564620559046 0.6261385971707039
0 0.7914917439070979 0.5542267099084242 0.22453516094397974 0.5357750221330443 0.2208636536458335 0.5714696743164064 0.7878202366089516 0.5899213620917862
0 0.7858347354533533 0.5222859377993876 0.23034114625164057 0.5012567908243913 0.2262035789930557 0.5358385844726562 0.7816971681947683 0.5568677314476524
0 0.7857946747213863 0.48934484960316066 0.23720003609124884 0.46907554417158903 0.23337345685597377 0.5018449416387409 0.7819680954861112 0.5221142470703125
0 0.7859177608720596 0.45582513267496105 0.24439581947513764 0.43580178658580915 0.24043314714474492 0.4697106021530357 0.7819550885416668 0.48973394824218763
0 0.7851160681455485 0.42458752695536517 0.2466123324652778 0.403511478515625 0.24248280723554505 0.4368959657211127 0.7809865429158157 0.45797201416085287
0 0.7876416585583963 0.39359002497004825 0.2564066065250721 0.3697571165018538 0.2517425121527779 0.40265152343750005 0.7829775641861022 0.4264844319056945
0 0.7896718974867609 0.3658939830486725 0.2647045355902778 0.3394096767578125 0.2596562608081474 0.3710711953369169 0.7846236227046305 0.3975555016277769
0 0.7875727612437824 0.3356844063903975 0.2648993938228927 0.31147181853958156 0.26041172656250006 0.34212353955078123 0.7830850939833898 0.36633612740159716
0 0.7877816435616358 0.305585089610477 0.2639184154341189 0.280671400683117 0.25912749565972226 0.31254593359375 0.7829907237872392 0.33745962252110995
0 0.7872625806640206 0.274870673670574 0.2727188619067695 0.2503250548408688 0.2677584973885824 0.2832258914242011 0.7823022161458334 0.3077715102539063
0 0.784347972865346 0.24835799468157183 0.2796360460069445 0.22250913525390628 0.27463126932215415 0.25342859809186574 0.7793431961805557 0.2792774575195313
0 0.7786366835483924 0.21982072435399674 0.28739595897558406 0.196593823150049 0.282525430809136 0.22918681315152112 0.7737661553819444 0.2524137143554689
0 0.7828804846394036 0.19672618520036436 0.28862643402777777 0.16937549511718752 0.28369015756097343 0.19760000944991224 0.7779442081725993 0.22495069953308908
0 0.7829201904835749 0.17115415626483832 0.2913270693389011 0.14270456747411506 0.28637221045254835 0.1697943892366205 0.7779653315972221 0.19824397802734378
0 0.7809668951803987 0.14611539478089164 0.2962184943732578 0.11841189376648084 0.2913710011025815 0.14524951363402674 0.7761194019097224 0.17295301464843754
0 0.7854980712734924 0.11970257217657085 0.30502825607638895 0.09089687353515627 0.29924171431678537 0.12143566463983549 0.7797115295138889 0.15024136328125007
0 0.7815202130109304 0.09730220718133553 0.307723527382932 0.06763618798648936 0.30290803125000004 0.09197048681640627 0.7767047168779985 0.12163650601125245
0 0.7889454536061002 0.06955539870008329 0.31323913852540497 0.038745969644055404 0.3067523394331936 0.07043659194006592 0.782458654513889 0.10124602099609381