0 0.7121377011119986 0.19712256069073833 0.7116813333333334 0.15617775 0.27405409918802237 0.15892149012275497 0.2745104669666875 0.1998663008134933
0 0.7073866040989918 0.23728557954182758 0.7069326666666669 0.1972395 0.281183659803502 0.1999541394834612 0.28163759723582693 0.24000021902528876
0 0.7045586666666667 0.23731875000000005 0.2829713333333334 0.23669925000000003 0.2828666099533402 0.27678706825876986 0.7044539432866733 0.2774065682587699
0 0.6950613333333333 0.27739800000000003 0.28297133333333335 0.27407275 0.2824346361676523 0.31148549744473253 0.6945246361676523 0.3148107474447326
0 0.6962486666666666 0.3139147500000001 0.2900900000000001 0.3101117500000001 0.28946648939900527 0.3475689895012732 0.6956251560656718 0.3513719895012732
0 0.6914999999999999 0.35043150000000006 0.29009000000000007 0.34214625 0.2887431018421812 0.37885248627659485 0.690153101842181 0.3871377362765949
0 0.6867513333333335 0.3869482500000001 0.2926196666666667 0.3807137500000001 0.29166568706027773 0.4146373019096258 0.6857973537269445 0.4208718019096258
0 0.6820026666666666 0.41990225000000003 0.29720900000000006 0.40888475 0.29548529561931874 0.44274811941244496 0.6802789622859854 0.453765619412445
0 0.6795523333333335 0.4512845 0.2969440000000001 0.4402965 0.29533637361289794 0.4717843803770397 0.6779447069462314 0.48277238037703973
0 0.6785763333333336 0.48349475 0.30291433333333345 0.46885375 0.3007286837217467 0.5003986817818592 0.6763906837217468 0.5150396817818591
0 0.6750320598044316 0.5150279299033967 0.30193866666666674 0.49959975 0.2996286068622351 0.5310228200966033 0.6727220000000002 0.546451
0 0.6722627441192754 0.546719527258591 0.30404266666666674 0.52745025 0.3014105892140581 0.5557422227414092 0.6696306666666668 0.5750115000000001
0 0.6700937990123922 0.575035106752434 0.30642100000000005 0.5564980000000002 0.30364453432094135 0.5871376432475665 0.6673173333333334 0.6056747500000003
0 0.6688596666666667 0.6045175000000002 0.3040426666666668 0.5838080000000001 0.3010555371732115 0.6134073402294995 0.6658725371732115 0.6341168402294995
0 0.6617740585591164 0.630630744185154 0.3102766666666668 0.6108817500000001 0.3073372747742173 0.6403095058148462 0.6588346666666668 0.6600585000000001
0 0.6602663333333335 0.66113 0.3113216666666668 0.6368285 0.3079695936801368 0.6639029396393828 0.6569142603468036 0.6882044396393828
0 0.6565856666666668 0.6870887500000001 0.31500233333333344 0.6633392500000002 0.3117646226676843 0.6895333067534898 0.6533479560010177 0.7132828067534898
0 0.6529046666666668 0.71470425 0.31342866666666674 0.686453 0.3099198120008591 0.710169976060279 0.6493958120008593 0.738421226060279
0 0.6484876666666667 0.74066275 0.3156360000000001 0.71045675 0.31193093861733595 0.7334222260372496 0.6447826052840026 0.7636282260372497
0 0.6462793333333336 0.7655167500000002 0.3178433333333335 0.7328052500000002 0.31349892522842 0.7573412315796975 0.6419349252284201 0.7900527315796975
0 0.6442189360005811 0.7871372215883863 0.3200503333333334 0.7576367499999999 0.3162210639994189 0.7813057784116136 0.6403896666666666 0.8108062500000001
0 0.6418623333333334 0.81412 0.3201556666666668 0.77987675 0.3153688288640321 0.805173010394816 0.6370754955306986 0.839416260394816