0 0.793524724609375 0.8579009223632812 0.26717888932291683 0.8441156210937499 0.2647359245367817 0.8965836395746981 0.7910817598232399 0.9103689408442294
0 0.7802067413536181 0.6340501151176013 0.28926894870140657 0.6237457269953436 0.2876533242187501 0.6670436645507811 0.7785911168709617 0.6773480526730389
0 0.7748413906250001 0.5905822998046876 0.2909631073501722 0.5821228367465904 0.28964294583450784 0.6245987698460319 0.7735212291093356 0.6330582329041291
0 0.7882793861110402 0.810400008103797 0.2664744109433143 0.7975235130483728 0.26437855022289897 0.8452979409797321 0.786183525390625 0.8581744360351563
0 0.7831759695621353 0.7655390546110835 0.26856314961485683 0.7528402920676429 0.2665689951568883 0.7982972657768719 0.7811818151041668 0.8109960283203125
0 0.7825529623483262 0.7176743850305596 0.2780377128958181 0.7099034818012493 0.2767283169537421 0.7577220220636586 0.7812435664062503 0.7654929252929689
0 0.7800484624240468 0.6782972518843886 0.2859688096522932 0.6661446250639897 0.2841162578125001 0.70851084375 0.7781959105842536 0.7206634705703988
0 0.7720509160372528 0.5500253336745073 0.2969991223958335 0.5422545190429687 0.2958100318794143 0.5831440242356491 0.7708618255208336 0.5909148388671878
0 0.7686988849375945 0.5121752942024307 0.3021911654462642 0.5046361421591639 0.3010836685295029 0.5431841008864207 0.7675913880208333 0.5507232529296876
0 0.7676335697111097 0.4743514239266146 0.3016128769531251 0.4652488725585938 0.300274162224695 0.5038013801147511 0.7662948549826796 0.5129039314827719
0 0.766725979420393 0.4372456760575063 0.3072636627604167 0.43223241699218756 0.3065443845118988 0.4693132262862439 0.7660067011718752 0.47432648535156263
0 0.7638496506404034 0.4009815067106012 0.30765284199091053 0.3921467506772906 0.30637976106770837 0.42912413769531255 0.7625765697172012 0.4379588937286231
0 0.7606831012148106 0.364034932539601 0.3132465854507334 0.35600702548361457 0.3121383540275896 0.39075120622526355 0.7595748697916669 0.39877911328125
0 0.7612060835522794 0.3268292192726464 0.31771404807420295 0.3213885055615058 0.31691542090213193 0.3580066691013594 0.7604074563802082 0.36344738281250005
0 0.7582675328302299 0.29632160725151946 0.32054634850658564 0.2879397251311803 0.3193443925781251 0.32324723486328133 0.7570655769017693 0.33162911698362046
0 0.7599877395219559 0.2626123751277471 0.32511340364583335 0.2527412861328125 0.32369964053629646 0.2877759441816462 0.7585739764124191 0.2976470331765808
0 0.75713076321279 0.2294723446932536 0.3272894590120589 0.22276554792089087 0.3264141684555188 0.2543205176807623 0.75625547265625 0.261027314453125
0 0.7559250390625002 0.1963895400390626 0.330764330078125 0.1887614721679688 0.32972627698685636 0.22130620172258939 0.7548869859712316 0.22893426959368318
0 0.755526030451016 0.165296520890076 0.33165789892082637 0.15824794017488614 0.3307410403645834 0.18926166699218755 0.754609171894773 0.1963102477073774
0 0.7557988160601479 0.13323890116552786 0.33730636803804365 0.12531854668458264 0.3362120820312499 0.15784197949218753 0.754704530053354 0.16576233397313278
0 0.7548131584064395 0.10266881004586621 0.33776818614614146 0.09275800083282892 0.3364152688802084 0.12478140820312505 0.7534602411405064 0.13469221741616233
0 0.7539258872348729 0.07657950413428576 0.34485514604958833 0.06789613113151187 0.34387229071575715 0.09394099467300743 0.7529430319010416 0.10262436767578131
0 0.7528764735394651 0.04765893692962573 0.3440612376154035 0.03962965316538664 0.3430785336071886 0.06777428166544848 0.7518937695312501 0.07580356542968757