0 0.60625 0.13888888888888903 0.446875 0.138888888888889 0.446875 0.16851851851851865 0.60625 0.16851851851851868
0 0.3484375 0.6638888888888889 0.1958333333333334 0.6638888888888889 0.1958333333333334 0.6888888888888889 0.3484375 0.6888888888888889
0 0.35156250000000006 0.8333333333333334 0.20260416666666672 0.8333333333333334 0.20260416666666672 0.8601851851851852 0.3515625000000001 0.8601851851851852
0 0.7734375 0.4222222222222224 0.6166666666666667 0.42222222222222233 0.6166666666666667 0.4555555555555557 0.7734375 0.45555555555555577
0 0.346875 0.6333333333333333 0.1958333333333334 0.6333333333333333 0.1958333333333334 0.6583333333333333 0.346875 0.6583333333333333
0 0.7614583333333333 0.6972222222222224 0.6078125 0.6972222222222224 0.6078125 0.7268518518518521 0.7614583333333333 0.7268518518518521
0 0.3421875 0.2666666666666667 0.184375 0.26666666666666666 0.184375 0.2981481481481482 0.3421875 0.2981481481481483
0 0.60625 0.10370370370370383 0.4473958333333333 0.10370370370370381 0.4473958333333333 0.13518518518518532 0.60625 0.13518518518518535
0 0.7916666666666666 0.09351851851851868 0.63125 0.09351851851851865 0.63125 0.12500000000000017 0.7916666666666666 0.12500000000000017
0 0.3463541666666667 0.5768518518518518 0.19322916666666673 0.5768518518518518 0.19322916666666673 0.600925925925926 0.3463541666666667 0.600925925925926
0 0.3515625 0.8074074074074075 0.20156250000000006 0.8074074074074075 0.20156250000000006 0.8305555555555556 0.3515625 0.8305555555555556
0 0.790625 0.12500000000000017 0.6291666666666667 0.12500000000000017 0.6291666666666667 0.1583333333333335 0.790625 0.1583333333333335
0 0.3494791666666667 0.7231481481481481 0.19739583333333338 0.7231481481481481 0.19739583333333338 0.7462962962962963 0.3494791666666667 0.7462962962962963
0 0.7609375 0.7842592592592594 0.609375 0.7842592592592594 0.609375 0.8138888888888891 0.7609375 0.8138888888888891
0 0.3463541666666667 0.5462962962962963 0.19322916666666673 0.5462962962962963 0.19322916666666673 0.5731481481481482 0.3463541666666667 0.5731481481481482
0 0.6 0.576851851851852 0.4479166666666667 0.5768518518518518 0.4479166666666667 0.6037037037037039 0.6 0.603703703703704
0 0.3411458333333333 0.2342592592592593 0.18333333333333332 0.2342592592592593 0.18333333333333332 0.262962962962963 0.3411458333333333 0.26296296296296306
0 0.7817708333333333 0.25277777777777793 0.6234375 0.2527777777777779 0.6234375 0.2907407407407409 0.7817708333333333 0.29074074074074097
0 0.6046875 0.17129629629629642 0.4453125 0.1712962962962964 0.4453125 0.20092592592592606 0.6046875 0.2009259259259261
0 0.6057291666666667 0.23796296296296307 0.44635416666666666 0.23796296296296307 0.44635416666666666 0.2703703703703705 0.6057291666666667 0.2703703703703705
0 0.3484375 0.7509259259259259 0.1979166666666667 0.7509259259259259 0.1979166666666667 0.774074074074074 0.3484375 0.774074074074074
0 0.6036458333333333 0.2064814814814816 0.446875 0.2064814814814816 0.446875 0.2351851851851853 0.6036458333333333 0.2351851851851853
0 0.3411458333333333 0.20092592592592598 0.18229166666666666 0.20092592592592598 0.18229166666666666 0.23240740740740745 0.3411458333333333 0.23240740740740745
0 0.7880208333333333 0.15648148148148164 0.6260416666666667 0.15648148148148164 0.6260416666666667 0.19259259259259276 0.7880208333333333 0.19259259259259276
0 0.7614583333333333 0.8129629629629632 0.6104166666666667 0.8129629629629632 0.6104166666666667 0.8444444444444447 0.7614583333333333 0.8444444444444447
0 0.34010416666666665 0.1370370370370371 0.18072916666666666 0.1370370370370371 0.18072916666666666 0.16759259259259265 0.34010416666666665 0.16759259259259265
0 0.7614583333333333 0.7555555555555558 0.6088541666666667 0.7555555555555558 0.6088541666666667 0.7833333333333335 0.7614583333333333 0.7833333333333335
0 0.3458333333333333 0.3944444444444445 0.18854166666666666 0.39444444444444443 0.18854166666666666 0.4194444444444445 0.3458333333333333 0.41944444444444456
0 0.34010416666666665 0.1694444444444445 0.18125 0.1694444444444445 0.18125 0.19907407407407413 0.34010416666666665 0.19907407407407413
0 0.34479166666666666 0.300925925925926 0.18541666666666667 0.30092592592592593 0.18541666666666667 0.3287037037037038 0.34479166666666666 0.32870370370370383
0 0.3385416666666667 0.10462962962962968 0.1796875 0.10462962962962966 0.1796875 0.13518518518518524 0.3385416666666667 0.13518518518518524
0 0.34427083333333336 0.36296296296296304 0.1875 0.362962962962963 0.1875 0.3898148148148149 0.34427083333333336 0.38981481481481495
0 0.3463541666666667 0.4231481481481482 0.18854166666666666 0.42314814814814816 0.1885416666666667 0.4518518518518519 0.3463541666666667 0.45185185185185195
0 0.346875 0.45462962962962966 0.1901041666666667 0.4546296296296296 0.1901041666666667 0.48148148148148145 0.346875 0.48148148148148145
0 0.5963541666666666 0.7805555555555557 0.4484375 0.7805555555555556 0.4484375 0.8101851851851853 0.5963541666666666 0.8101851851851853
0 0.7604166666666666 0.8425925925925928 0.6098958333333333 0.8425925925925928 0.6098958333333333 0.8722222222222225 0.7604166666666666 0.8722222222222225
0 0.346875 0.6037037037037037 0.19479166666666672 0.6037037037037037 0.19479166666666672 0.6296296296296297 0.346875 0.6296296296296297
0 0.6015625 0.5481481481481483 0.4484375 0.5481481481481482 0.4484375 0.5759259259259261 0.6015625 0.5759259259259262
0 0.7744791666666667 0.38888888888888906 0.6145833333333334 0.388888888888889 0.6145833333333334 0.42314814814814833 0.7744791666666667 0.4231481481481484
0 0.7890625 0.18888888888888905 0.625 0.18888888888888905 0.625 0.22592592592592609 0.7890625 0.22592592592592609
0 0.346875 0.5166666666666667 0.19322916666666673 0.5166666666666667 0.19322916666666673 0.5435185185185185 0.346875 0.5435185185185185
0 0.3453125 0.33333333333333337 0.1859375 0.3333333333333333 0.1859375 0.35925925925925933 0.3453125 0.3592592592592594
0 0.6041666666666666 0.2703703703703705 0.446875 0.2703703703703705 0.446875 0.29722222222222233 0.6041666666666666 0.29722222222222233
0 0.5979166666666667 0.8083333333333335 0.4473958333333333 0.8083333333333333 0.4473958333333333 0.838888888888889 0.5979166666666667 0.8388888888888891
0 0.5994791666666667 0.7222222222222223 0.44895833333333335 0.7222222222222222 0.44895833333333335 0.7500000000000001 0.5994791666666667 0.7500000000000002
0 0.34791666666666665 0.6925925925925925 0.1979166666666667 0.6925925925925925 0.1979166666666667 0.7175925925925926 0.34791666666666665 0.7175925925925926
0 0.5973958333333333 0.7527777777777779 0.4473958333333333 0.7527777777777778 0.4473958333333333 0.7796296296296298 0.5973958333333333 0.7796296296296299
0 0.5984375 0.6351851851851853 0.4473958333333333 0.6351851851851852 0.4473958333333333 0.6620370370370371 0.5984375 0.6620370370370372
0 0.5994791666666667 0.514814814814815 0.446875 0.5148148148148148 0.446875 0.5462962962962964 0.5994791666666667 0.5462962962962965
0 0.7791666666666667 0.2870370370370372 0.6223958333333334 0.28703703703703715 0.6223958333333334 0.326851851851852 0.7791666666666667 0.32685185185185206
0 0.5984375 0.6935185185185186 0.44895833333333335 0.6935185185185185 0.44895833333333335 0.7240740740740742 0.5984375 0.7240740740740743
0 0.5994791666666667 0.6083333333333334 0.446875 0.6083333333333333 0.446875 0.6342592592592594 0.5994791666666667 0.6342592592592595
0 0.3489583333333333 0.48703703703703705 0.1901041666666667 0.48703703703703705 0.1901041666666667 0.5138888888888888 0.3489583333333333 0.5138888888888888
0 0.6015625 0.3953703703703705 0.4473958333333333 0.3953703703703705 0.4473958333333333 0.42222222222222233 0.6015625 0.42222222222222233
0 0.6015625 0.3648148148148149 0.446875 0.3648148148148149 0.446875 0.3916666666666668 0.6015625 0.3916666666666668
0 0.3484375 0.7805555555555556 0.1989583333333334 0.7805555555555556 0.1989583333333334 0.8037037037037037 0.3484375 0.8037037037037037
0 0.6026041666666667 0.3333333333333334 0.4473958333333333 0.3333333333333334 0.4473958333333333 0.36296296296296304 0.6026041666666667 0.36296296296296304
0 0.7760416666666666 0.3583333333333335 0.6171875 0.35833333333333345 0.6171875 0.3907407407407409 0.7760416666666666 0.39074074074074094
0 0.5984375 0.6675925925925927 0.4484375 0.6675925925925926 0.4484375 0.6907407407407409 0.5984375 0.690740740740741
0 0.7786458333333334 0.32222222222222235 0.6203125 0.32222222222222235 0.6203125 0.36111111111111127 0.7786458333333334 0.3611111111111113
0 0.6005208333333333 0.4250000000000001 0.4479166666666667 0.4250000000000001 0.4479166666666667 0.4564814814814816 0.6005208333333333 0.4564814814814816
0 0.5958333333333333 0.838888888888889 0.4479166666666667 0.8388888888888889 0.44791666666666674 0.8675925925925927 0.5958333333333333 0.8675925925925928
0 0.6010416666666667 0.4564814814814816 0.4479166666666667 0.4564814814814816 0.4479166666666667 0.4861111111111112 0.6010416666666667 0.4861111111111113
0 0.603125 0.3037037037037038 0.446875 0.3037037037037038 0.446875 0.3333333333333334 0.603125 0.3333333333333334
0 0.6005208333333333 0.4851851851851853 0.44895833333333335 0.48518518518518516 0.44895833333333335 0.513888888888889 0.6005208333333333 0.5138888888888891
0 0.7862270833333335 0.22946574074074091 0.6235286458333335 0.22620925925925942 0.6233465741343944 0.2549588826813782 0.7860450116343944 0.2582153641628597
0 0.773409375 0.45702870370370385 0.6142939430163473 0.4524922446387412 0.6140105177286279 0.48391099072574145 0.7731259497122805 0.4884474497907041
0 0.7703578125 0.5480055555555556 0.6119046874999999 0.5411296296296297 0.6114561536002826 0.5737974258557444 0.7699092786002826 0.5806733517816705
0 0.7642541666666668 0.6702574074074076 0.608135493073777 0.6649395014548977 0.607830292171982 0.6932570047168248 0.7639489657648717 0.6985749106693347
0 0.7607661458333335 0.7299231481481484 0.6083015625000002 0.7229731481481484 0.6078606449870237 0.7535432201873798 0.7603252283203569 0.7604932201873799
0 0.7950141597984286 0.06379736610216605 0.6281744791666667 0.05522314814814827 0.6276712568682382 0.08617022649042685 0.7945109375000001 0.09474444444444462
0 0.6066799021312589 0.09835732412565346 0.6065588541666666 0.0665462962962963 0.44587113953540763 0.06847878698545766 0.44599218749999997 0.10028981481481482
0 0.3405979439155516 0.10241971322003168 0.3405084799725563 0.07013442175427574 0.1780276041666667 0.07155740740740742 0.17811706810966205 0.10384269887316336
0 0.3503374518125271 0.8924692298042596 0.3502052083333334 0.8603490740740742 0.20287167677710766 0.8622662111655239 0.20300392025630135 0.8943863668957093
0 0.5973375000000001 0.8689833333333334 0.449246875 0.8646444444444445 0.448970099479151 0.8945004470792757 0.597060724479151 0.8988393359681645
0 0.7607218750000001 0.8731685185185186 0.6099787657275041 0.8723629775197989 0.6099283196966324 0.9021983708423716 0.7606714289691285 0.9030039118410915
0 0.7670880208333336 0.6099240740740741 0.6094635764421714 0.6016610926469012 0.6089803107558297 0.6307969430307862 0.7666047551469919 0.6390599244579591
0 0.771665625 0.4872138888888891 0.6123475621185978 0.47932024235082243 0.611859831261665 0.5104318548333978 0.7711778941430673 0.5183255013714646
0 0.77079375 0.5185962962962963 0.6118463541666667 0.510776851851852 0.6113920527695832 0.5399629835138262 0.7703394486029167 0.5477824279582706
0 0.7673057291666668 0.580127777777778 0.610512760258316 0.5703619277546759 0.6098768597238755 0.6026290823363692 0.7666698286322263 0.6123949323594715
0 0.7648147715633086 0.6397282503416174 0.6095588933130572 0.6310679554869217 0.6089982884164155 0.6628313718119714 0.7642541666666668 0.671491666666667