0 0.914994770833333 0.08466127441406247 0.0012594638354246138 0.08149843069402306 0.0004653593750000336 0.15408651953125002 0.9142006663729085 0.15724936325128944
0 0.9093843133680557 0.15250857861328124 0.01242734904134701 0.14933571508424665 0.011686274305555603 0.21562254882812504 0.9086432386322643 0.21879541235715963
0 0.9009681918402779 0.21246691162109377 0.008881046006944497 0.21246691162109374 0.008881046006944506 0.27715857861328125 0.9009681918402779 0.2771585786132813
0 0.8914887516149391 0.331033159221592 0.8907657372520877 0.271650630297444 0.007094118055555553 0.2750549018554687 0.007817132418406838 0.3344374307796167
0 0.877239776300422 0.3853779475273731 0.8770039218750001 0.3288566176757813 0.019492552164820143 0.3299888005950206 0.019728406590241977 0.3865101304466124
0 0.8671490199652779 0.3842852939453125 0.026603050347222303 0.382797548828125 0.026297268821069673 0.4374600165561762 0.8668432384391253 0.43894776167336375
0 0.8553233116319446 0.43638848046875006 0.033697167534722315 0.4356710786132813 0.03354532954002251 0.4906931919937487 0.8551714736372449 0.4914105938492175
0 0.8492662727139751 0.5283231057930664 0.8479699348958333 0.4812455883789062 0.0396652625641668 0.4882880547363897 0.04096160038230861 0.5353655721505499
0 0.8414402247646037 0.5739651174007951 0.839971907153931 0.5311629886829289 0.05704880208333333 0.5396610292968751 0.058517119694006 0.5824631580147414
0 0.8306766909601047 0.6167188976945855 0.8293289756944445 0.574111029296875 0.06497192753931225 0.581760822025999 0.06631964280497243 0.6243686904237096
0 0.8250425744435939 0.6594136563492539 0.8239168349596623 0.6157161505101555 0.0694919392361111 0.6218656860351562 0.0706176787200427 0.6655631918742546
0 0.8202082830738388 0.6983379531590657 0.818388884675776 0.6557452690349472 0.08386971701388889 0.6656727939453126 0.08568911541195168 0.7082654780694311
0 0.8127989657501269 0.7388248815407406 0.812019171875 0.6999284311523436 0.0862996412822751 0.7045318841575139 0.08707943515740209 0.7434283345459108
0 0.8101199654169005 0.7762610568286287 0.8093559913194445 0.73887205859375 0.09464582968861729 0.7434927803251379 0.09540980378607321 0.7808817785600165
0 0.7980801003481924 0.8102888883737617 0.7973647026641562 0.7762814433890483 0.10064400868055556 0.7809188725585938 0.10135940636459188 0.8149263175433072
0 0.7888005040339667 0.8462714804044611 0.7880518515624999 0.8111044116210936 0.11022249205214525 0.815670134218798 0.1109711445236121 0.8508372030021655
0 0.7844259306928375 0.8814873347966529 0.7840570807291666 0.8478012255859376 0.11501897300434931 0.8501191261529735 0.11538782296802025 0.8838052353636887
0 0.78150966907963 0.9136944187638257 0.7813943359375001 0.8830002451171876 0.12627124567931258 0.8837791172017373 0.12638657882144258 0.9144732908483755
0 0.7736412585599575 0.943629259684853 0.7734040188182879 0.9127995760867053 0.1317956423611111 0.9143617646484375 0.13203288210278075 0.9451914482465853
0 0.7603787874739862 0.967626381639301 0.7600897604166666 0.9429132353515622 0.13956859385304432 0.9452094480540907 0.13985762091036388 0.9699225943418295
0 0.7696739660859353 0.99810195540453 0.7694104574652778 0.9674625 0.14225372669299347 0.9691691125188501 0.14251723531365101 0.99980856792338