0 0.80078125 0.671875 0.60791015625 0.671875 0.60791015625 0.701171875 0.80078125 0.701171875
0 0.80224609375 0.6386718750000001 0.60888671875 0.6386718750000001 0.60888671875 0.6686197916666666 0.80224609375 0.6686197916666666
0 0.798828125 0.7037760416666666 0.607421875 0.7037760416666666 0.607421875 0.7337239583333334 0.798828125 0.7337239583333334
0 0.2978515625000001 0.6393229166666666 0.10009765625000006 0.6393229166666666 0.10009765625000006 0.6712239583333334 0.2978515625000001 0.6712239583333334
0 0.81298828125 0.4654947916666668 0.61474609375 0.4654947916666668 0.61474609375 0.49804687500000017 0.81298828125 0.49804687500000017
0 0.2993164062500001 0.673828125 0.10107421875000006 0.673828125 0.10107421875000006 0.7037760416666666 0.2993164062500001 0.7037760416666666
0 0.7919921875 0.9290364583333334 0.59912109375 0.9290364583333334 0.59912109375 0.955078125 0.7919921875 0.955078125
0 0.2988281250000001 0.70703125 0.10156250000000006 0.70703125 0.10156250000000006 0.7369791666666666 0.2988281250000001 0.7369791666666666
0 0.294921875 0.4654947916666667 0.08984375000000006 0.4654947916666667 0.08984375000000006 0.498046875 0.294921875 0.498046875
0 0.5576171875 0.5312500000000001 0.35693359375 0.53125 0.35693359375 0.5625000000000001 0.5576171875 0.5625000000000001
0 0.55419921875 0.703125 0.3598632812500001 0.703125 0.3598632812500001 0.734375 0.55419921875 0.734375
0 0.5556640625 0.669921875 0.3608398437500001 0.669921875 0.3608398437500001 0.69921875 0.5556640625 0.69921875
0 0.3012695312500001 0.8717447916666666 0.10888671875000008 0.8717447916666666 0.10888671875000008 0.9010416666666666 0.3012695312500001 0.9010416666666666
0 0.2978515625 0.5703125 0.09228515625000006 0.5703125 0.09228515625000006 0.6015625 0.2978515625 0.6015625
0 0.81640625 0.4303385416666668 0.61669921875 0.4303385416666668 0.61669921875 0.46289062500000017 0.81640625 0.46289062500000017
0 0.2958984375 0.4296875 0.08740234375000003 0.4296875 0.08740234375000004 0.4622395833333333 0.2958984375 0.4622395833333333
0 0.55810546875 0.6009114583333334 0.35986328125 0.6009114583333334 0.35986328125000006 0.6315104166666667 0.55810546875 0.6315104166666669
0 0.79736328125 0.7369791666666666 0.607421875 0.7369791666666666 0.607421875 0.7662760416666666 0.79736328125 0.7662760416666666
0 0.8095703125 0.5703125000000001 0.61328125 0.5703125000000001 0.61328125 0.6015625000000001 0.8095703125 0.6015625000000001
0 0.556640625 0.6347656250000001 0.3603515625000001 0.634765625 0.3603515625000001 0.6660156250000001 0.556640625 0.6660156250000001
0 0.3002929687500001 0.8059895833333334 0.10742187500000008 0.8059895833333334 0.10742187500000008 0.8359375 0.3002929687500001 0.8359375
0 0.56005859375 0.4602864583333334 0.35595703125 0.4602864583333333 0.35595703125 0.49283854166666674 0.56005859375 0.4928385416666668
0 0.55029296875 0.8684895833333334 0.3623046875000001 0.8684895833333334 0.3623046875000001 0.8977864583333334 0.55029296875 0.8977864583333334
0 0.3007812500000001 0.8391927083333334 0.10839843750000008 0.8391927083333334 0.10839843750000008 0.8684895833333334 0.3007812500000001 0.8684895833333334
0 0.29638671875 0.5013020833333334 0.09179687500000006 0.5013020833333334 0.09179687500000006 0.5338541666666666 0.29638671875 0.5338541666666666
0 0.2973632812500001 0.6048177083333334 0.09716796875000006 0.6048177083333334 0.09716796875000006 0.6354166666666666 0.2973632812500001 0.6354166666666666
0 0.5498046875 0.900390625 0.3627929687500001 0.900390625 0.3627929687500001 0.9296875 0.5498046875 0.9296875
0 0.56005859375 0.4954427083333334 0.3583984375 0.4954427083333333 0.3583984375 0.5273437500000001 0.56005859375 0.5273437500000001
0 0.55322265625 0.7376302083333334 0.3593750000000001 0.7376302083333334 0.3593750000000001 0.767578125 0.55322265625 0.767578125
0 0.2998046875000001 0.7740885416666666 0.10546875000000008 0.7740885416666666 0.10546875000000008 0.8040364583333334 0.2998046875000001 0.8040364583333334
0 0.3012695312500001 0.9029947916666666 0.11083984375000008 0.9029947916666666 0.11083984375000008 0.9309895833333334 0.3012695312500001 0.9309895833333334
0 0.7919921875 0.8658854166666666 0.60498046875 0.8658854166666666 0.60498046875 0.89453125 0.7919921875 0.89453125
0 0.55712890625 0.42382812500000006 0.35546875 0.423828125 0.35546875 0.45703125000000006 0.55712890625 0.45703125000000017
0 0.29833984375 0.5364583333333334 0.09521484375000006 0.5364583333333334 0.09521484375000006 0.568359375 0.29833984375 0.568359375
0 0.55078125 0.8372395833333334 0.3618164062500001 0.8372395833333334 0.3618164062500001 0.8645833333333334 0.55078125 0.8645833333333334
0 0.8056640625 0.6048177083333335 0.6123046875 0.6048177083333335 0.6123046875 0.6354166666666669 0.8056640625 0.6354166666666669
0 0.7939453125 0.8020833333333334 0.60595703125 0.8020833333333334 0.60595703125 0.8313802083333334 0.7939453125 0.8313802083333334
0 0.794921875 0.76953125 0.60595703125 0.76953125 0.60595703125 0.7994791666666666 0.794921875 0.7994791666666666
0 0.81201171875 0.5019531250000001 0.615234375 0.5019531250000001 0.615234375 0.5338541666666669 0.81201171875 0.5338541666666669
0 0.3002929687500001 0.7408854166666666 0.10351562500000006 0.7408854166666666 0.10351562500000007 0.7708333333333334 0.3002929687500001 0.7708333333333334
0 0.55712890625 0.5664062500000001 0.35791015625 0.56640625 0.35791015625 0.5976562500000001 0.55712890625 0.5976562500000001
0 0.79248046875 0.833984375 0.60595703125 0.833984375 0.60595703125 0.86328125 0.79248046875 0.86328125
0 0.7890625 0.8977864583333334 0.60595703125 0.8977864583333334 0.60595703125 0.92578125 0.7890625 0.92578125
0 0.55126953125 0.8033854166666666 0.3608398437500001 0.8033854166666666 0.3608398437500001 0.83203125 0.55126953125 0.83203125
0 0.3012695312500001 0.9368489583333334 0.11083984375000008 0.9368489583333334 0.11083984375000008 0.9635416666666666 0.3012695312500001 0.9635416666666666
0 0.8095703125 0.5364583333333335 0.6123046875 0.5364583333333335 0.6123046875 0.5683593750000001 0.8095703125 0.5683593750000001
0 0.55224609375 0.7708333333333334 0.3598632812500001 0.7708333333333334 0.3598632812500001 0.8001302083333334 0.55224609375 0.8001302083333334
0 0.548828125 0.9348958333333334 0.3623046875000001 0.9348958333333334 0.3623046875000001 0.958984375 0.548828125 0.958984375
0 0.8209541015625001 0.3934235026041668 0.6145293085457866 0.3926302215132822 0.614448717631126 0.4299121452298595 0.8208735106478395 0.4307054263207441
0 0.5569053032827154 0.3854918611949589 0.350987548828125 0.38469824218750004 0.35090329046728463 0.4235644539092079 0.556821044921875 0.4243580729166667
0 0.29109501946361965 0.39257468421626324 0.08525439453125003 0.39124544270833334 0.08511518561450541 0.4295695215129034 0.290955810546875 0.43089876302083335