0 0.7158422314648368 0.9235658197555447 0.24778734027777796 0.8648100493164064 0.23423246124349698 0.8989754849319556 0.7022873524305558 0.9577312553710939
0 0.7148113775858899 0.8921669844927145 0.255587310763889 0.8362878330078125 0.24377480991411035 0.8670036268354105 0.7029988767361112 0.9228827783203124
0 0.7244956250287965 0.8616142538779407 0.2579124036458335 0.8082160053710937 0.24648627601287051 0.8398057583290907 0.7130694973958335 0.8932040068359376
0 0.7198990124169657 0.8275532787068981 0.2595065303819446 0.7758404838867189 0.24776202838164585 0.8089238638712273 0.708154510416667 0.8606366586914065
0 0.7232695290578701 0.7979945943083541 0.26296694791666686 0.74719037890625 0.2528015039282414 0.7763320912385212 0.7131040850694446 0.8271363066406252
0 0.7256953818919463 0.7626127785043549 0.2675626901041668 0.71796199609375 0.2576502986636094 0.7501419714956451 0.7157829904513888 0.79479275390625
0 0.7210731505040683 0.7311092617894038 0.27092245225694456 0.6905323969726562 0.2617009961973208 0.7229010028590338 0.7118516944444446 0.7634778676757814
0 0.7309185372726208 0.6987182353244352 0.2712498645833336 0.6603162221679688 0.2623754089079352 0.6939269326443149 0.7220440815972224 0.7323289458007813
0 0.7275391452401343 0.6653519583306828 0.2780661449652779 0.6305415439453125 0.2699267436487547 0.6637946280950984 0.7193997439236112 0.6986050424804687
0 0.7316514883568349 0.6328134253305878 0.27833425868055567 0.6010465600585938 0.27094292310149864 0.634419605431131 0.7242601527777779 0.666186470703125
0 0.7341808099752271 0.5998894452514176 0.2827278220486112 0.5742591635742187 0.27652030721227316 0.6088548516235823 0.727973295138889 0.6344851333007813
0 0.7381892089305135 0.5699801151436837 0.2829339001736113 0.5455131518554688 0.2776675410694868 0.5765180616141288 0.732922849826389 0.6009850249023437
0 0.7395936614443377 0.5364448489009742 0.28768127690972234 0.5144540297851562 0.28245295661121805 0.5484494235599631 0.7343653411458333 0.5704402426757812
0 0.7311957005208334 0.503666376953125 0.29005691493055563 0.4857719560546875 0.2859929975430971 0.5174710989416647 0.7271317831333748 0.5353655198401022
0 0.7421327937273168 0.47279281028589193 0.29399643854603874 0.4577454245995666 0.29050203804788866 0.4906735386300809 0.7386383932291667 0.5057209243164063
0 0.747363578125 0.43977027539062513 0.2926501414930557 0.42820490136718753 0.29009909089086844 0.4599401738898185 0.7448125275228128 0.4715055479132561
0 0.7522120434027779 0.40749066015625013 0.30109506426418525 0.3984833603453588 0.29905518703201783 0.43080874035086314 0.7501721661706106 0.43981604016175446
0 0.7571615980902779 0.3739905522460938 0.29591665446820004 0.36903329124076023 0.2947759652633596 0.4026149556860757 0.7560209088854375 0.40757221669140925
0 0.7608751727430556 0.3422892275390626 0.30108810447816403 0.3398022395085242 0.3005145657977375 0.3733521081129333 0.7603016340626291 0.3758390961434717
0 0.7658247274305556 0.308789119140625 0.30393262917330527 0.30578661554105346 0.3032317831198076 0.33989999001478716 0.7651238813770579 0.3429024936143587
0 0.7712940509125135 0.3099832073264407 0.7707742821180554 0.2752890112304687 0.30320033189998646 0.27750541425559055 0.30372010069444444 0.3121996103515625
0 0.7730306881525281 0.27522644872917446 0.7721662300347221 0.24535447509765632 0.3095430878891385 0.24959044091926305 0.3104075460069444 0.27946241455078125
0 0.7829656635703242 0.24036496439946525 0.7807657465277777 0.20717900244140625 0.30953986333939804 0.21706285103022224 0.31173978038194444 0.2502488129882812
0 0.7801497018988677 0.20753390264888727 0.7780708845486113 0.17406510205078127 0.31244095869141025 0.18321596649173774 0.3145197760416667 0.21668476708984374
0 0.780875748797619 0.17426199679948207 0.7775965390624998 0.14040514941406249 0.3113956652648808 0.15469214187239294 0.3146748749999999 0.18854898925781255
0 0.777287236254415 0.1401803632923242 0.7720512413194445 0.10231360107421875 0.3095944139191962 0.12254646190298829 0.31483040885416674 0.16041322412109374