0 0.8465712638463208 0.05847256687543473 0.8357035590277778 0.025120361328124993 0.3319036284780006 0.07706209392409707 0.34277133329654347 0.1104142994714068
0 0.8457945622464205 0.08946985851911904 0.8369752604166667 0.061608154296874995 0.33618074078926125 0.11176510778154237 0.3450000426190151 0.1396268120037864
0 0.8550368167106636 0.12313863276573064 0.8458763020833334 0.09165673828125001 0.33991161288039584 0.1382393973868464 0.34907212750772604 0.16972129187132703
0 0.8569297463175771 0.1549786712521213 0.8483525403234699 0.12572625877334342 0.3457504340277777 0.17235498046874997 0.354327640021885 0.20160739294752786
0 0.8617498551500865 0.1884564913264678 0.8535060763888888 0.156004150390625 0.3493369504054689 0.1965271512516572 0.3575807291666666 0.2289794921875
0 0.8572749381926421 0.2198682369554906 0.8496909722222221 0.19106103515625003 0.35213973965905465 0.23250660934080244 0.3597237056294747 0.261313811140043
0 0.8658050576132749 0.2537773306222305 0.8585924479166666 0.221824951171875 0.35329851555352715 0.25791424325501106 0.36051112525013546 0.28986662270536656
0 0.8692065809270823 0.2871098900887049 0.8624071180555557 0.25464990234375007 0.36335775582906366 0.28772604174373934 0.37015721870059015 0.3201860294886942
0 0.875968508404429 0.3185095660796868 0.8683739575785713 0.2858796144535744 0.36710590277777777 0.32279443359375 0.37470045360363546 0.35542438521986236
0 0.8840279810346549 0.352344566718715 0.8776662326388889 0.320470947265625 0.37410786965978965 0.3522718883594099 0.3804696180555555 0.38414550781249995
0 0.8828813460245454 0.38425634682962134 0.8776662326388889 0.35266601562500005 0.3739396210469669 0.3789777529295165 0.3791547344326234 0.4105680841341378
0 0.8791690501352372 0.41626004962679086 0.8738515624999998 0.38486083984374997 0.385962908786978 0.4110037266312023 0.3912803964222153 0.4424029364142432
0 0.882494208009696 0.44608635628344073 0.8776662326388887 0.4177287597656251 0.385966481758871 0.44421624141537525 0.39079445712967825 0.47257383793319085
0 0.8824678944444982 0.48177188471770477 0.8789379340277779 0.44992358398437504 0.3925355399579355 0.4669814354101817 0.3960655003746558 0.49882973614351145
0 0.9069131944444444 0.8060014648437499 0.41480295138888895 0.789546142578125 0.41115066862509486 0.8241054841775588 0.9032609116806503 0.8405608064431838
0 0.9094565972222222 0.7695136718749999 0.41388368055555574 0.7592409667968749 0.4117652505604086 0.7915766405558934 0.9073381672270752 0.8018493456340183
0 0.9043702256944446 0.7423269042968751 0.41286675347222235 0.7300683593750001 0.4106078885010893 0.7587248491813097 0.9021113607233117 0.7709833941031846
0 0.9081848958333337 0.7087009277343751 0.40676519097222236 0.7014677734375 0.4053259309914885 0.7330365659553507 0.9067456358525998 0.7402697202522258
0 0.8992838541666668 0.678652099609375 0.4037144097222224 0.6745830078125 0.40295173010697566 0.7039726450795017 0.8985211745514202 0.7080417368763767
0 0.9043702256944446 0.6450263671875001 0.3970004340277779 0.6414489746093751 0.39629725120261294 0.673004201912027 0.9036670428692796 0.676581594490152
0 0.9018268229166669 0.6143049316406252 0.3986302083333335 0.6139494628906251 0.3985615071089492 0.6447207607561036 0.9017581216922826 0.6450762295061037
0 0.8967404513888889 0.582910888671875 0.40269791666666677 0.582910888671875 0.40269791666666677 0.61295947265625 0.8967404513888889 0.61295947265625
0 0.8937626041709333 0.5821881811441602 0.89292578125 0.552146728515625 0.39245960706365823 0.5565576814258999 0.3932964299845915 0.5865991340544351
0 0.8955466077875798 0.5492467105567551 0.8941970486111112 0.51995166015625 0.3913663953514371 0.5272809936256837 0.3927159545279058 0.5565760440261888
0 0.8926441143259216 0.5161939368210156 0.8903823784722221 0.482033203125 0.3888347188595237 0.4925400391530681 0.3910964547132231 0.5267007728490837