0 0.7812445190972223 0.9642706538085939 0.7771761851340528 0.9239928088023647 0.13931776846738608 0.9443782311656459 0.14338610243055555 0.9846560761718751
0 0.7765852248263888 0.9218032451171875 0.7724490615758332 0.8813521377892692 0.14421613362444435 0.901677252535363 0.14835229687499998 0.9421283598632813
0 0.7694087317708335 0.8820190815429688 0.7664698615738446 0.845242373361138 0.14468443449051105 0.8609638430877005 0.1476233046875 0.8977405512695312
0 0.7709929670138888 0.8437285273437499 0.7687201855868458 0.8067228493788804 0.1438761855868459 0.8188652893202866 0.14614896701388888 0.8558709672851561
0 0.7718153055555553 0.8044741948242188 0.7694116670975482 0.7651973643701536 0.1453718797711595 0.7772807891748411 0.14777551822916665 0.8165576196289063
0 0.7726360989583333 0.765246708984375 0.7705822392298733 0.7283835306749116 0.14995742499376233 0.7393244090928803 0.15201128472222222 0.7761875874023437
0 0.7669700555555556 0.7277335649414063 0.7655703220042769 0.691208107905701 0.15680071870566575 0.698589660640076 0.1582004522569444 0.7351151176757813
0 0.7629226493055554 0.6898661044921874 0.7616254276865133 0.6538912184761688 0.15207345459623556 0.6608457926949188 0.15337067621527775 0.6968206787109374
0 0.7652545598958335 0.6528830268554687 0.7641925961379598 0.6152011358206726 0.15903431575601523 0.6205973731253601 0.16009627951388886 0.6582792641601563
0 0.7620123758680557 0.6149426416015626 0.7609055985719331 0.5768194275482439 0.16312125221776644 0.5823105398529314 0.1642280295138889 0.6204337539062501
0 0.7530436961805557 0.57970746875 0.7528527882510141 0.5455228337591818 0.1643963637718473 0.5465626399115255 0.16458727170138887 0.5807472749023438
0 0.7609319053819444 0.544132810546875 0.7608245876749573 0.5085668057327374 0.16789532552217945 0.5091328941116436 0.16800264322916666 0.5446988989257813
0 0.7599299439717753 0.4764005298668746 0.16140408411884102 0.4719859067433415 0.16059392100694458 0.5067400673828125 0.7591197808598787 0.5111546905063457
0 0.7526085374215165 0.44253624920702067 0.16486857745229852 0.437721086585209 0.16402420833333342 0.4703311508789062 0.7517641683025514 0.4751463135007179
0 0.7506253901118553 0.4110651894848401 0.16837503879098326 0.4020025724214549 0.1668583723958334 0.43283383056640623 0.7491087237167053 0.44189644762979147
0 0.7578359915431089 0.37560489520811746 0.17253676406499446 0.3659746690881198 0.17078544005660795 0.39965319087218987 0.7560846675347225 0.4092834169921875
0 0.7498461642891187 0.3435319868548662 0.17742336909416279 0.33219701537299734 0.1754599660897663 0.36356965010016246 0.7478827612847222 0.3749046215820313
0 0.7511486022670731 0.31103633030141925 0.1768928535921986 0.2996309753010074 0.17491362239583338 0.33116200292968745 0.749169371070708 0.3425673579300993
0 0.7496547464013381 0.2772282025042705 0.17744449309772964 0.26398181081481187 0.1750635208333334 0.2965247993164063 0.747273774136942 0.3097711910058649
0 0.750368323022829 0.2448141060043358 0.17817114129057574 0.2310663430113528 0.1757249562885802 0.2632805934523295 0.7479221380208334 0.27702835644531254
0 0.7502141418144097 0.21245766620677778 0.17717627571387828 0.1976219613709992 0.17469343663194448 0.2279656772460938 0.7477313027324759 0.24280138208187238
0 0.7460329247303022 0.18259757696717388 0.17888418523965677 0.1660926790584254 0.17628999479166668 0.19429799951171875 0.7434387342823122 0.21080289742046723
0 0.7392277528179039 0.05486647452462097 0.18964636030844012 0.040293353097126984 0.1868504939236111 0.07365449462890626 0.7364318864330748 0.08822761605640025
0 0.7436632570996349 0.09002079606894604 0.1811000342553054 0.07669698302974869 0.17922968253761506 0.10168381196080271 0.7417929053819444 0.11500762500000007
0 0.7421970633484077 0.11885873949884748 0.18500581339362293 0.10353450075775668 0.18240039327438193 0.13350874172765922 0.7395916432291667 0.14883298046875001
0 0.7482734466216683 0.15059979188706965 0.18330078038824418 0.13401022426600565 0.1805276610235203 0.16389197144143605 0.7455003272569445 0.18048153906250006