0 0.23583984375000006 0.6647135416666666 0.07421875000000006 0.6647135416666666 0.07421875000000006 0.689453125 0.23583984375000006 0.689453125
0 0.4545898437500001 0.6399739583333334 0.2856445312500001 0.6399739583333334 0.2856445312500001 0.6653645833333334 0.4545898437500001 0.6653645833333335
0 0.67333984375 0.697265625 0.50537109375 0.697265625 0.50537109375 0.7213541666666666 0.67333984375 0.7213541666666666
0 0.67529296875 0.6406250000000001 0.50634765625 0.6406250000000001 0.50634765625 0.6666666666666666 0.67529296875 0.6666666666666666
0 0.23339843750000006 0.6087239583333334 0.06542968750000006 0.6087239583333334 0.06542968750000006 0.634765625 0.23339843750000006 0.634765625
0 0.92919921875 0.5305989583333335 0.73828125 0.5305989583333335 0.73828125 0.5611979166666669 0.92919921875 0.5611979166666669
0 0.23535156250000006 0.6380208333333334 0.07177734375000006 0.6380208333333334 0.07177734375000006 0.6640625 0.23535156250000006 0.6640625
0 0.6748046875 0.6692708333333334 0.50439453125 0.6692708333333334 0.50439453125 0.6940104166666666 0.6748046875 0.6940104166666666
0 0.93310546875 0.4973958333333335 0.7392578125 0.4973958333333335 0.7392578125 0.5273437500000001 0.93310546875 0.5273437500000001
0 0.9208984375 0.5937500000000001 0.7333984375 0.5937500000000001 0.7333984375 0.6223958333333335 0.9208984375 0.6223958333333335
0 0.20751953125000003 0.296875 0.029296875000000028 0.296875 0.029296875000000028 0.3287760416666667 0.20751953125000006 0.3287760416666667
0 0.4570312500000001 0.6966145833333334 0.2915039062500001 0.6966145833333334 0.2915039062500001 0.720703125 0.4570312500000001 0.720703125
0 0.91455078125 0.6555989583333335 0.732421875 0.6555989583333335 0.732421875 0.6816406250000001 0.91455078125 0.6816406250000003
0 0.4545898437500001 0.6100260416666667 0.2861328125000001 0.6100260416666666 0.2861328125000001 0.6347656250000001 0.4545898437500001 0.6347656250000001
0 0.6953125 0.2936197916666668 0.50439453125 0.29361979166666674 0.50439453125 0.3255208333333334 0.6953125 0.3255208333333335
0 0.91845703125 0.6250000000000001 0.7314453125 0.6250000000000001 0.7314453125 0.6523437500000001 0.91845703125 0.6523437500000001
0 0.92431640625 0.5631510416666669 0.73583984375 0.5631510416666669 0.73583984375 0.5924479166666669 0.92431640625 0.5924479166666669
0 0.22265625000000006 0.4908854166666667 0.05273437500000004 0.4908854166666667 0.05273437500000004 0.517578125 0.22265625000000006 0.517578125
0 0.45166015625 0.392578125 0.271484375 0.392578125 0.271484375 0.4225260416666667 0.45166015625 0.4225260416666667
0 0.9033203125 0.7421875 0.72216796875 0.7421875 0.72216796875 0.7669270833333334 0.9033203125 0.7669270833333334
0 0.22070312500000006 0.4602864583333333 0.04687500000000004 0.4602864583333333 0.04687500000000004 0.4876302083333333 0.22070312500000006 0.4876302083333333
0 0.451171875 0.3587239583333333 0.26806640625 0.3587239583333333 0.26806640625 0.3893229166666667 0.451171875 0.3893229166666667
0 0.45263671875 0.4251302083333333 0.27392578125 0.4251302083333333 0.27392578125 0.455078125 0.45263671875 0.455078125
0 0.6923828125 0.3294270833333334 0.50634765625 0.3294270833333334 0.50634765625 0.36132812500000017 0.6923828125 0.36132812500000017
0 0.953125 0.3268229166666668 0.7529296875 0.3268229166666668 0.7529296875 0.35937500000000017 0.953125 0.35937500000000017
0 0.22656250000000006 0.5208333333333334 0.05664062500000004 0.5208333333333334 0.05664062500000005 0.5481770833333334 0.22656250000000006 0.5481770833333334
0 0.23144531250000006 0.580078125 0.06591796875000006 0.580078125 0.06591796875000006 0.6061197916666666 0.23144531250000006 0.6061197916666666
0 0.453125 0.4576822916666667 0.275390625 0.4576822916666667 0.275390625 0.4876302083333333 0.453125 0.4876302083333333
0 0.697265625 0.2578125000000001 0.50390625 0.25781250000000006 0.50390625 0.2910156250000001 0.697265625 0.29101562500000017
0 0.67724609375 0.6126302083333335 0.50537109375 0.6126302083333335 0.50537109375 0.6386718750000001 0.67724609375 0.6386718750000001
0 0.20556640625 0.2623697916666667 0.02294921875000002 0.2623697916666667 0.022949218750000024 0.294921875 0.20556640625 0.294921875
0 0.685546875 0.4622395833333335 0.50537109375 0.4622395833333335 0.50537109375 0.4908854166666668 0.685546875 0.4908854166666668
0 0.45361328125 0.5514322916666667 0.28173828125 0.5514322916666666 0.28173828125 0.5787760416666667 0.45361328125 0.5787760416666669
0 0.68701171875 0.4290364583333335 0.505859375 0.4290364583333335 0.505859375 0.45898437500000017 0.68701171875 0.45898437500000017
0 0.45068359375 0.32486979166666674 0.26611328125 0.32486979166666674 0.26611328125 0.35546875 0.45068359375 0.35546875
0 0.21582031250000006 0.396484375 0.04248046875000004 0.396484375 0.04248046875000004 0.423828125 0.21582031250000006 0.423828125
0 0.95751953125 0.29101562500000017 0.7548828125 0.29101562500000017 0.7548828125 0.32421875000000017 0.95751953125 0.32421875000000017
0 0.23779296875000006 0.6940104166666666 0.07812500000000006 0.6940104166666666 0.07812500000000006 0.7174479166666666 0.23779296875000006 0.7174479166666666
0 0.44873046875 0.2903645833333334 0.26416015625 0.2903645833333334 0.26416015625 0.32226562500000006 0.44873046875 0.32226562500000006
0 0.45458984375000006 0.5807291666666667 0.2841796875 0.5807291666666666 0.28417968750000006 0.6067708333333334 0.4545898437500001 0.6067708333333335
0 0.93603515625 0.4641927083333335 0.7412109375 0.4641927083333335 0.7412109375 0.4947916666666668 0.93603515625 0.4947916666666668
0 0.67822265625 0.5833333333333335 0.50537109375 0.5833333333333335 0.50537109375 0.6106770833333335 0.67822265625 0.6106770833333335
0 0.21240234375000006 0.3313802083333333 0.03564453125000003 0.3313802083333333 0.03564453125000003 0.3619791666666667 0.21240234375000006 0.3619791666666667
0 0.21923828125000006 0.427734375 0.04394531250000004 0.427734375 0.04394531250000004 0.45703125 0.21923828125000006 0.45703125
0 0.22998046875000006 0.5514322916666666 0.06298828125000006 0.5514322916666666 0.06298828125000006 0.578125 0.22998046875000006 0.578125
0 0.68994140625 0.36328125000000017 0.5068359375 0.36328125000000017 0.5068359375 0.3932291666666668 0.68994140625 0.3932291666666668
0 0.9091796875 0.6835937500000001 0.72998046875 0.68359375 0.72998046875 0.7109375000000001 0.9091796875 0.7109375000000003
0 0.93896484375 0.4309895833333335 0.744140625 0.4309895833333335 0.744140625 0.4622395833333335 0.93896484375 0.4622395833333335
0 0.68115234375 0.5533854166666669 0.5048828125 0.5533854166666669 0.5048828125 0.5813802083333335 0.68115234375 0.5813802083333335
0 0.45361328125 0.5201822916666667 0.279296875 0.5201822916666666 0.279296875 0.5488281250000001 0.45361328125 0.5488281250000001
0 0.68408203125 0.4934895833333335 0.50439453125 0.4934895833333335 0.50439453125 0.5201822916666669 0.68408203125 0.5201822916666669
0 0.6884765625 0.3971354166666668 0.50634765625 0.3971354166666668 0.50634765625 0.42773437500000017 0.6884765625 0.42773437500000017
0 0.23925781250000006 0.7220052083333334 0.07568359375000006 0.7220052083333334 0.07568359375000006 0.744140625 0.23925781250000006 0.744140625
0 0.68359375 0.5227864583333335 0.50439453125 0.5227864583333335 0.50439453125 0.5507812500000001 0.68359375 0.5507812500000001
0 0.4555664062500001 0.66796875 0.2905273437500001 0.66796875 0.2905273437500001 0.6946614583333334 0.4555664062500001 0.6946614583333334
0 0.453125 0.490234375 0.27685546875 0.490234375 0.27685546875 0.5182291666666666 0.453125 0.5182291666666666
0 0.94580078125 0.3971354166666668 0.74755859375 0.3971354166666668 0.74755859375 0.4283854166666668 0.94580078125 0.4283854166666668
0 0.4482421875 0.25390625000000006 0.2626953125 0.25390625000000006 0.2626953125 0.28710937500000006 0.4482421875 0.28710937500000006
0 0.9482421875 0.3626302083333335 0.7490234375 0.3626302083333335 0.7490234375 0.39648437500000017 0.9482421875 0.39648437500000017
0 0.962890625 0.2552083333333335 0.75830078125 0.2552083333333335 0.75830078125 0.2877604166666668 0.962890625 0.2877604166666668
0 0.21582031250000006 0.365234375 0.04052734375000003 0.365234375 0.040527343750000035 0.39453125 0.21582031250000006 0.39453125
0 0.9052734375 0.712890625 0.72802734375 0.712890625 0.72802734375 0.740234375 0.9052734375 0.740234375
0 0.4560546875000001 0.7259114583333334 0.2910156250000001 0.7259114583333334 0.2910156250000001 0.7473958333333334 0.4560546875000001 0.7473958333333334
0 0.20751953125 0.228515625 0.01708984375000002 0.228515625 0.01708984375000002 0.2584635416666667 0.20751953125 0.2584635416666667
0 0.96240234375 0.21744791666666682 0.75830078125 0.21744791666666682 0.75830078125 0.25195312500000017 0.96240234375 0.25195312500000017
0 0.671875 0.7259114583333334 0.501953125 0.7259114583333334 0.501953125 0.7486979166666666 0.671875 0.7486979166666666
0 0.44580078125 0.21875000000000008 0.26025390625 0.21875000000000008 0.26025390625 0.25065104166666674 0.44580078125 0.25065104166666674
0 0.69921875 0.2246093750000001 0.50244140625 0.22460937500000008 0.50244140625 0.2565104166666668 0.69921875 0.2565104166666668