0 0.8777777777777778 0.17604166666666674 0.5101851851851852 0.17604166666666674 0.5101851851851852 0.1989583333333334 0.8777777777777778 0.1989583333333334
0 0.8787037037037037 0.34375000000000006 0.512962962962963 0.34375 0.512962962962963 0.3661458333333334 0.8787037037037037 0.36614583333333345
0 0.8842592592592594 0.46562500000000007 0.5138888888888888 0.465625 0.513888888888889 0.4885416666666667 0.8842592592592595 0.48854166666666676
0 0.47314814814814826 0.34479166666666666 0.09074074074074082 0.34479166666666666 0.09074074074074082 0.36614583333333334 0.47314814814814826 0.36614583333333334
0 0.8805555555555555 0.3192708333333334 0.5101851851851852 0.31927083333333334 0.5101851851851852 0.34166666666666673 0.8805555555555555 0.3416666666666668
0 0.4712962962962964 0.6109375 0.08888888888888902 0.6109375 0.08888888888888902 0.634375 0.4712962962962964 0.634375
0 0.4694444444444446 0.709375 0.08425925925925942 0.709375 0.08425925925925942 0.734375 0.46944444444444466 0.734375
0 0.475 0.36822916666666666 0.09259259259259267 0.36822916666666666 0.09259259259259267 0.390625 0.475 0.390625
0 0.8824074074074074 0.29531250000000003 0.5074074074074074 0.2953125 0.5074074074074074 0.3166666666666667 0.8824074074074074 0.31666666666666676
0 0.8796296296296297 0.3682291666666667 0.5055555555555555 0.36822916666666666 0.5055555555555555 0.39062500000000006 0.8796296296296297 0.3906250000000001
0 0.4703703703703705 0.6364583333333333 0.08796296296296309 0.6364583333333333 0.08796296296296309 0.6598958333333333 0.4703703703703705 0.6598958333333333
0 0.4722222222222223 0.46510416666666665 0.09629629629629641 0.46510416666666665 0.09629629629629641 0.4864583333333333 0.4722222222222223 0.4864583333333333
0 0.8805555555555558 0.6114583333333333 0.5111111111111113 0.6114583333333333 0.5111111111111113 0.634375 0.8805555555555558 0.634375
0 0.8861111111111113 0.5869791666666667 0.5157407407407409 0.5869791666666667 0.5157407407407409 0.6109375 0.8861111111111113 0.6109375
0 0.8824074074074076 0.5375 0.5148148148148151 0.5375 0.5148148148148151 0.5604166666666667 0.8824074074074076 0.5604166666666667
0 0.8898148148148151 0.6364583333333333 0.5148148148148151 0.6364583333333333 0.5148148148148151 0.6604166666666667 0.8898148148148151 0.6604166666666667
0 0.4712962962962964 0.6604166666666667 0.08981481481481494 0.6604166666666667 0.08981481481481496 0.6854166666666667 0.4712962962962964 0.6854166666666667
0 0.8768518518518519 0.22343750000000007 0.5092592592592593 0.22343750000000007 0.5092592592592593 0.24531250000000007 0.8768518518518519 0.24531250000000007
0 0.4712962962962964 0.5854166666666667 0.08888888888888902 0.5854166666666667 0.08888888888888902 0.609375 0.4712962962962964 0.609375
0 0.8796296296296299 0.5140625000000001 0.5157407407407409 0.5140625 0.5157407407407409 0.5348958333333333 0.8796296296296299 0.5348958333333333
0 0.48055555555555557 0.22239583333333338 0.09351851851851857 0.22239583333333332 0.09351851851851857 0.24479166666666669 0.48055555555555557 0.2447916666666667
0 0.4722222222222223 0.5369791666666667 0.09444444444444455 0.5369791666666667 0.09444444444444457 0.5604166666666667 0.4722222222222223 0.5604166666666667
0 0.8814814814814815 0.4156250000000001 0.512962962962963 0.415625 0.512962962962963 0.4390625000000001 0.8814814814814815 0.43906250000000013
0 0.4740740740740741 0.4401041666666667 0.0925925925925927 0.4401041666666667 0.0925925925925927 0.4630208333333333 0.4740740740740741 0.4630208333333333
0 0.4712962962962964 0.6864583333333333 0.08888888888888904 0.6864583333333333 0.08888888888888904 0.7098958333333333 0.4712962962962964 0.7098958333333333
0 0.8805555555555558 0.4885416666666667 0.5129629629629632 0.48854166666666665 0.5129629629629632 0.5114583333333333 0.8805555555555558 0.5114583333333335
0 0.47407407407407426 0.5609375 0.09537037037037051 0.5609375 0.09537037037037051 0.5848958333333333 0.47407407407407426 0.5848958333333333
0 0.8861111111111113 0.7109375 0.5138888888888891 0.7109375 0.5138888888888891 0.7359375 0.8861111111111113 0.7359375
0 0.8842592592592593 0.44010416666666674 0.5092592592592593 0.4401041666666667 0.5092592592592593 0.46354166666666674 0.8842592592592593 0.4635416666666668
0 0.4703703703703705 0.4166666666666667 0.09444444444444453 0.4166666666666667 0.09444444444444454 0.4390625 0.4703703703703705 0.4390625
0 0.8833333333333335 0.6875 0.5111111111111113 0.6875 0.5111111111111113 0.7104166666666667 0.8833333333333335 0.7104166666666667
0 0.4712962962962964 0.5140625 0.0925925925925927 0.5140625 0.0925925925925927 0.5354166666666667 0.4712962962962964 0.5354166666666667
0 0.4759259259259259 0.2953125 0.09351851851851857 0.2953125 0.09351851851851858 0.31875 0.4759259259259259 0.31875
0 0.875 0.27187500000000003 0.5101851851851852 0.271875 0.5101851851851852 0.2927083333333334 0.875 0.29270833333333346
0 0.8814814814814816 0.5604166666666667 0.5166666666666668 0.5604166666666667 0.5166666666666668 0.5848958333333333 0.8814814814814816 0.5848958333333333
0 0.8814814814814815 0.3921875000000001 0.5101851851851852 0.3921875 0.5101851851851852 0.41406250000000006 0.8814814814814815 0.4140625000000001
0 0.47314814814814826 0.31979166666666664 0.09537037037037045 0.31979166666666664 0.09537037037037045 0.34322916666666664 0.47314814814814826 0.34322916666666664
0 0.4740740740740741 0.17343750000000002 0.10092592592592595 0.1734375 0.10092592592592596 0.19583333333333336 0.4740740740740741 0.1958333333333334
0 0.47314814814814826 0.3927083333333333 0.09722222222222231 0.3927083333333333 0.09722222222222231 0.4140625 0.47314814814814826 0.4140625
0 0.46574074074074095 0.7354166666666667 0.08611111111111126 0.7354166666666667 0.08611111111111126 0.7598958333333333 0.46574074074074095 0.7598958333333333
0 0.4712962962962964 0.27239583333333334 0.08888888888888895 0.27239583333333334 0.08888888888888895 0.29322916666666665 0.4712962962962964 0.29322916666666665
0 0.8824074074074074 0.2473958333333334 0.5101851851851852 0.2473958333333334 0.5101851851851852 0.2697916666666667 0.8824074074074074 0.26979166666666676
0 0.47129629629629627 0.19791666666666669 0.10370370370370376 0.19791666666666666 0.10370370370370376 0.21875000000000003 0.47129629629629627 0.21875000000000006
0 0.8925925925925928 0.6614583333333334 0.5148148148148151 0.6614583333333334 0.5148148148148151 0.684375 0.8925925925925928 0.684375
0 0.8851851851851854 0.7369791666666666 0.5138888888888891 0.7369791666666666 0.5138888888888891 0.7609375 0.8851851851851854 0.7609375
0 0.46944444444444455 0.48854166666666665 0.09537037037037048 0.48854166666666665 0.09537037037037048 0.5114583333333333 0.46944444444444455 0.5114583333333333
0 0.46944444444444455 0.24687500000000004 0.09537037037037042 0.246875 0.09537037037037042 0.26927083333333335 0.46944444444444455 0.26927083333333335
0 0.8824074074074076 0.7625 0.5129629629629632 0.7625 0.5129629629629632 0.7875 0.8824074074074076 0.7875
0 0.8768518518518519 0.1989583333333334 0.5111111111111111 0.1989583333333334 0.5111111111111111 0.22083333333333338 0.8768518518518519 0.22083333333333338
0 0.47407407407407426 0.7604166666666666 0.08425925925925942 0.7604166666666666 0.08425925925925944 0.7875 0.47407407407407426 0.7875
0 0.8811409435185185 0.8118703125 0.8808386769740838 0.7886418234423549 0.521368661111111 0.790121875 0.5216709276555458 0.8133503640576449
0 0.47206623846206774 0.8118740833094797 0.47191581944444444 0.790128125 0.08121960505645077 0.7909832083571868 0.08137002407407408 0.8127291666666667
0 0.8713868029369682 0.17254806772231213 0.8713041555555556 0.1508036458333333 0.513269008174143 0.15123422394435454 0.5133516555555556 0.17297864583333336
0 0.4704500369165097 0.14784776071868638 0.09833130670896924 0.14741857540888662 0.09824891944444449 0.17002031250000002 0.4703676496519849 0.1704494978097998