0 0.4722222222222223 0.5557291666666667 0.11851851851851862 0.5557291666666667 0.11851851851851862 0.5765625 0.4722222222222223 0.5765625
0 0.8629629629629629 0.2973958333333334 0.4898148148148148 0.29739583333333336 0.4898148148148148 0.3208333333333334 0.8629629629629629 0.32083333333333347
0 0.8620370370370373 0.7791666666666667 0.5018518518518521 0.7791666666666667 0.5018518518518521 0.8015625 0.8620370370370373 0.8015625
0 0.8611111111111112 0.3213541666666667 0.4925925925925926 0.32135416666666666 0.4925925925925926 0.3447916666666667 0.8611111111111112 0.3447916666666668
0 0.4703703703703705 0.3046875 0.10925925925925933 0.3046875 0.10925925925925933 0.328125 0.4703703703703705 0.328125
0 0.4740740740740741 0.25625000000000003 0.11018518518518523 0.25625 0.11018518518518523 0.28072916666666664 0.4740740740740741 0.28072916666666664
0 0.862037037037037 0.3927083333333334 0.4925925925925926 0.3927083333333333 0.4925925925925926 0.4145833333333334 0.862037037037037 0.41458333333333347
0 0.47592592592592614 0.8020833333333334 0.12870370370370385 0.8020833333333334 0.12870370370370385 0.821875 0.47592592592592614 0.821875
0 0.8620370370370373 0.690625 0.4990740740740743 0.690625 0.4990740740740743 0.7119791666666667 0.8620370370370373 0.7119791666666667
0 0.8638888888888889 0.27343750000000006 0.49074074074074076 0.2734375 0.49074074074074076 0.2973958333333334 0.8638888888888889 0.29739583333333347
0 0.8629629629629632 0.5302083333333334 0.49537037037037057 0.5302083333333333 0.49537037037037057 0.5520833333333334 0.8629629629629632 0.5520833333333334
0 0.8629629629629632 0.621875 0.4962962962962965 0.621875 0.4962962962962965 0.64375 0.8629629629629632 0.64375
0 0.8611111111111113 0.48385416666666675 0.49351851851851875 0.48385416666666664 0.49351851851851875 0.5067708333333334 0.8611111111111113 0.5067708333333335
0 0.8629629629629632 0.5526041666666667 0.49814814814814834 0.5526041666666667 0.49814814814814834 0.5755208333333334 0.8629629629629632 0.5755208333333334
0 0.4740740740740741 0.3729166666666667 0.1148148148148149 0.3729166666666667 0.1148148148148149 0.3958333333333333 0.4740740740740741 0.3958333333333333
0 0.8611111111111113 0.8010416666666667 0.502777777777778 0.8010416666666667 0.502777777777778 0.8244791666666667 0.8611111111111113 0.8244791666666667
0 0.862037037037037 0.4156250000000001 0.49444444444444446 0.415625 0.49444444444444446 0.4385416666666667 0.862037037037037 0.4385416666666668
0 0.864814814814815 0.5765625 0.4990740740740743 0.5765625 0.4990740740740743 0.5994791666666667 0.864814814814815 0.5994791666666667
0 0.47314814814814826 0.578125 0.11574074074074087 0.578125 0.11574074074074087 0.6 0.47314814814814826 0.6
0 0.46944444444444455 0.328125 0.11111111111111119 0.328125 0.11111111111111119 0.35052083333333334 0.46944444444444455 0.35052083333333334
0 0.8638888888888892 0.66875 0.4990740740740743 0.66875 0.4990740740740743 0.6895833333333333 0.8638888888888892 0.6895833333333333
0 0.4722222222222223 0.35260416666666666 0.1148148148148149 0.35260416666666666 0.1148148148148149 0.3734375 0.4722222222222223 0.3734375
0 0.4750000000000002 0.6911458333333333 0.11851851851851868 0.6911458333333333 0.11851851851851868 0.7135416666666666 0.4750000000000002 0.7135416666666666
0 0.4712962962962964 0.6223958333333334 0.11574074074074087 0.6223958333333334 0.11574074074074087 0.6432291666666666 0.4712962962962964 0.6432291666666666
0 0.862037037037037 0.43750000000000006 0.4935185185185185 0.4375 0.4935185185185185 0.46041666666666675 0.862037037037037 0.4604166666666668
0 0.8620370370370373 0.5994791666666667 0.4962962962962965 0.5994791666666667 0.4962962962962965 0.6208333333333333 0.8620370370370373 0.6208333333333333
0 0.47314814814814826 0.4671875 0.11666666666666677 0.4671875 0.11666666666666677 0.48854166666666665 0.47314814814814826 0.48854166666666665
0 0.4750000000000002 0.5338541666666666 0.11574074074074085 0.5338541666666666 0.11574074074074085 0.5541666666666667 0.4750000000000002 0.5541666666666667
0 0.4722222222222223 0.28072916666666664 0.10833333333333339 0.28072916666666664 0.10833333333333339 0.30416666666666664 0.4722222222222223 0.30416666666666664
0 0.4703703703703705 0.6671875 0.11759259259259275 0.6671875 0.11759259259259275 0.6895833333333333 0.4703703703703705 0.6895833333333333
0 0.47407407407407426 0.7802083333333333 0.12500000000000017 0.7802083333333333 0.12500000000000017 0.8 0.47407407407407426 0.8
0 0.8620370370370372 0.4614583333333334 0.4925925925925926 0.46145833333333336 0.4925925925925927 0.48385416666666675 0.8620370370370373 0.4838541666666668
0 0.8629629629629629 0.3453125000000001 0.49074074074074076 0.3453125 0.49074074074074076 0.3687500000000001 0.8629629629629629 0.36875000000000013
0 0.8601851851851854 0.7578125 0.5000000000000002 0.7578125 0.5000000000000002 0.7791666666666667 0.8601851851851854 0.7791666666666667
0 0.8638888888888889 0.24791666666666673 0.4898148148148148 0.24791666666666673 0.4898148148148148 0.2744791666666667 0.8638888888888889 0.2744791666666668
0 0.475 0.39791666666666664 0.1148148148148149 0.39791666666666664 0.1148148148148149 0.42083333333333334 0.475 0.42083333333333334
0 0.8620370370370373 0.7135416666666666 0.5009259259259261 0.7135416666666666 0.5009259259259261 0.734375 0.8620370370370373 0.734375
0 0.47407407407407426 0.7135416666666666 0.12037037037037053 0.7135416666666666 0.12037037037037053 0.7338541666666667 0.47407407407407426 0.7338541666666667
0 0.8629629629629632 0.6458333333333334 0.49722222222222245 0.6458333333333334 0.49722222222222245 0.6666666666666666 0.8629629629629632 0.6666666666666666
0 0.8629629629629629 0.3682291666666667 0.4925925925925926 0.36822916666666666 0.4925925925925926 0.3921875000000001 0.8629629629629629 0.39218750000000013
0 0.47314814814814826 0.421875 0.11296296296296304 0.421875 0.11296296296296306 0.4432291666666667 0.47314814814814826 0.4432291666666667
0 0.8620370370370373 0.5078125000000001 0.49722222222222245 0.5078125 0.49722222222222245 0.5286458333333334 0.8620370370370373 0.5286458333333335
0 0.475 0.44427083333333334 0.11574074074074085 0.44427083333333334 0.11574074074074085 0.4666666666666667 0.475 0.4666666666666667
0 0.8620370370370373 0.7364583333333333 0.5009259259259261 0.7364583333333333 0.5009259259259261 0.7578125 0.8620370370370373 0.7578125
0 0.47407407407407426 0.7588541666666667 0.12500000000000017 0.7588541666666667 0.12500000000000017 0.7786458333333334 0.47407407407407426 0.7786458333333334
0 0.4722222222222223 0.6015625 0.11759259259259272 0.6015625 0.11759259259259272 0.6213541666666667 0.4722222222222223 0.6213541666666667
0 0.47407407407407426 0.5109375 0.11759259259259269 0.5109375 0.11759259259259269 0.5328125 0.47407407407407426 0.5328125
0 0.4722222222222223 0.4895833333333333 0.11481481481481493 0.4895833333333333 0.11481481481481493 0.5104166666666666 0.4722222222222223 0.5104166666666666
0 0.4712962962962964 0.6463541666666667 0.11851851851851868 0.6463541666666667 0.11851851851851868 0.6666666666666666 0.4712962962962964 0.6666666666666666
0 0.47222222222222243 0.7354166666666667 0.12222222222222238 0.7354166666666667 0.12222222222222238 0.7572916666666667 0.47222222222222243 0.7572916666666667
0 0.8717273330579566 0.2450913506888916 0.8707074074074074 0.21930937499999997 0.4876012541557228 0.224104682930988 0.4886211798062721 0.24988665861987963
0 0.47730629092959387 0.8437532785129666 0.47718055555555555 0.8224552083333333 0.1287762063554016 0.8231060057879074 0.12890194172943986 0.8444040759675405
0 0.861253703703704 0.8245401041666668 0.5026440180136347 0.8242557302970113 0.5025862712714012 0.847296918415477 0.8611959569614706 0.8475812922851326
0 0.47279120303328426 0.25322215132273396 0.4726559374303149 0.22991354221599075 0.1078824074074074 0.23058333333333333 0.10801767301037676 0.25389194244007657