0 0.7260035659797422 0.1527487638096646 0.7204013072916667 0.11433259814453126 0.17933665163343615 0.13929827597941852 0.18493891032151177 0.17771444164455186
0 0.7272527921073635 0.1901295774550554 0.7224461875 0.1538308823242187 0.18910753995134438 0.17617666105369625 0.19391414455870792 0.21247535618453295
0 0.7272672729085111 0.22821193833897438 0.7231276692708334 0.18987794140625 0.19356507451170954 0.20797204244732304 0.1977046781493873 0.24630603938004741
0 0.7287385634936938 0.2641580013439116 0.7251721137152777 0.22820318603515627 0.19311731954515887 0.24490180154099495 0.19668376932357498 0.2808566168497503
0 0.7294564954632553 0.2988870091071007 0.7265355121527778 0.2642502451171874 0.20033532792947922 0.2782909145467737 0.2032563112399567 0.31292767853668696
0 0.7348039338213401 0.3312463452821679 0.7319882352430556 0.29871764697265624 0.20685707501252718 0.31310007865358985 0.20967277359081185 0.3456287769631015
0 0.7307263591312909 0.36793879355613884 0.728580392361111 0.3332306372070313 0.21370783704625157 0.34330311327147534 0.2158538038164314 0.3780112696205829
0 0.7286415451879491 0.4009442861704957 0.7272169930555555 0.36772107861328124 0.21569768641278683 0.37466082934847744 0.21712223854518042 0.4078840369056919
0 0.7372196459083044 0.4315224537930918 0.7360775598958333 0.40142132373046874 0.2239296651423228 0.40756964365565496 0.22507175115479378 0.437670773718278
0 0.7328744066040495 0.4638354138780674 0.7319882352430556 0.43248333349609375 0.22940364423481738 0.43697808378879993 0.23028981559581135 0.4683301641707736
0 0.7316956212252809 0.4941511381088786 0.7313067534722223 0.4639286762695313 0.23757578650101754 0.4659387292913292 0.2379646542540762 0.49616119113067647
0 0.7435751631944447 0.880902451171875 0.3036026145833335 0.8616431372070312 0.3000565075651073 0.8872750878881571 0.7400290561762185 0.9065344018530009
0 0.742893246527778 0.8548259804687501 0.2959716779513891 0.8371151962890626 0.29324149205753447 0.8589139063765109 0.7401630606339233 0.8766246905561984
0 0.7422117647569446 0.8314335786132813 0.297061873263889 0.8147333334960938 0.2943971094290898 0.8372076868876263 0.7395470009221454 0.8539079320048137
0 0.7463015251736113 0.8049735292968752 0.28725054427083346 0.7905120097656251 0.28486087073044225 0.8145130806579833 0.7439118516332202 0.8289746001892334
0 0.739485402777778 0.7785362744140625 0.2855520694444446 0.764347548828125 0.2831475779838039 0.7886873473159929 0.7370809113171374 0.8028760729019304
0 0.7449381267361113 0.7517156860351563 0.2818000000000002 0.7380830883789062 0.27940862565892566 0.7637884984196529 0.7425467523950368 0.7774210960759029
0 0.7435751631944445 0.725638970703125 0.27907450954861124 0.7135551469726562 0.2769432743850746 0.7394765422423433 0.7414439280309079 0.7515603659728121
0 0.7422117647569446 0.6976678920898438 0.2730788671875002 0.6878007353515626 0.27122892093496637 0.7156304033912887 0.7403618185044109 0.7254975601295699
0 0.7381224401041668 0.6689299018554689 0.26599302864583346 0.6617397060546875 0.2646396229840841 0.6898582858195644 0.7367690344424176 0.6970484816203458
0 0.7415302829861112 0.6401688725585938 0.2659930286458335 0.6369051469726562 0.26534268451131937 0.6668870497149555 0.7408799388515972 0.6701507753008931
0 0.7401673203125001 0.6129647060546874 0.25999738541666684 0.60808455859375 0.25904477071577636 0.6377413629187505 0.7392147056116096 0.642621510379688
0 0.7381224401041668 0.5838661762695314 0.2550915034722223 0.5811036762695314 0.25456328927388827 0.6103268772254877 0.7375942259058328 0.6130893772254877
0 0.7347145972222223 0.55548848046875 0.24855076215277794 0.5522833334960937 0.24796586385576833 0.5803544774098904 0.7341296989252127 0.5835596243825467
0 0.7388762169988604 0.5527922432638542 0.7388031330659005 0.52489250008826 0.24419041406250003 0.525302451171875 0.2442634979954599 0.5532021943474692
0 0.7403314598339852 0.5251666451567438 0.7401673203124999 0.49336495117187495 0.23646640811898173 0.49418753600879384 0.2366305476404671 0.5259892299936627