0 0.9445781249999998 0.10179614257812504 0.3268819444444444 0.09489672851562501 0.32555073060284334 0.13260664621823434 0.9432469111583988 0.13950606028073437
0 0.9349149305555555 0.14039746093750005 0.33074565972222225 0.13575708007812504 0.32981894684205504 0.1739335052281712 0.9339882176753884 0.1785738860875462
0 0.9242855902777778 0.180629638671875 0.33229123263888893 0.17661743164062496 0.3315210489809855 0.2125736149345642 0.9235154066198743 0.21658582196581425
0 0.9262183159722223 0.21977465820312503 0.33151866319444445 0.214434814453125 0.330522358290229 0.24954284417398792 0.9252220110680067 0.25488268792398794
0 0.920420138888889 0.25779956054687503 0.32842751736111114 0.2526870117187501 0.32744310482612426 0.2887532637887664 0.919435726353902 0.2938658126168914
0 0.9117235243055557 0.2958247070312501 0.33074565972222225 0.29050439453125 0.32978196726173314 0.3238014598855905 0.9107598318450667 0.3291217723855906
0 0.9078580729166666 0.33225122070312507 0.3276549479166667 0.3261484375 0.3265283600305415 0.3600377104729022 0.9067314850305414 0.36614049367602725
0 0.9030264756944442 0.36918896484375013 0.32842751736111114 0.36309643554687504 0.3273832180552452 0.3942592914141202 0.9019821763885782 0.4003518207109953
0 0.8943298611111111 0.40500659179687504 0.32456380208333335 0.39787109375 0.32328761612029555 0.4301137861571454 0.8930536751480732 0.4372492842040204
0 0.8885321180555557 0.43980224609375007 0.32610937500000003 0.430472412109375 0.32446478015566815 0.4618408532047353 0.8868875232112237 0.47117068718911037
0 0.8856328125 0.4724228515625 0.3206996527777779 0.46350830078124994 0.31913241049067553 0.494933554928829 0.8840655702128976 0.5038481057100791
0 0.8788689236111112 0.5072185058593749 0.3299730902777779 0.49610961914062496 0.3279599531655998 0.527582594709897 0.876855786498933 0.538691481428647
0 0.881767795138889 0.53923046875 0.3300026041666668 0.529988037109375 0.32834632622761367 0.5612737692406792 0.8801115171998359 0.5705162008813042
0 0.8711384548611112 0.5734172363281249 0.3222452256944444 0.5608774414062498 0.3201410452398517 0.5900198521726405 0.8690342744065185 0.6025596470945156
0 0.8672730034722224 0.6054943847656251 0.3276549479166668 0.5913054199218751 0.32524432383623153 0.6203129201375057 0.8648623793917871 0.6345018849812557
0 0.874037326388889 0.6353642578125 0.3222452256944445 0.623906494140625 0.32020229213161655 0.655036192729337 0.871994392826061 0.666493956401212
0 0.8614752604166668 0.669072265625 0.3261371527777779 0.65439306640625 0.3235862590711414 0.6838280101937881 0.8589243667100304 0.6985072094125382
0 0.8228224826388892 0.9597783203125 0.3237907986111114 0.94687646484375 0.32149075591798854 0.9750250712721726 0.8205224399457663 0.9879269267409226
0 0.8324856770833335 0.933681640625 0.3213055555555558 0.92063330078125 0.31934786329932624 0.9448998584586743 0.830527984827104 0.9579481983024243
0 0.8344184027777779 0.9054104003906249 0.31838151041666685 0.8921062011718749 0.3162610833710593 0.918129383241268 0.8322979757321703 0.9314335824600181
0 0.8402161458333336 0.8787700195312501 0.32224522569444464 0.8655905761718751 0.3202553249293014 0.8903354237438315 0.8382262450681905 0.9035148671032065
0 0.8431150173611113 0.849987548828125 0.3199270833333335 0.83777099609375 0.31797957397498894 0.8641606474338825 0.8411675080027669 0.8763772001682575
0 0.8508454861111113 0.82069384765625 0.31992708333333353 0.80864697265625 0.3179026084201683 0.836876969406013 0.8488210111979461 0.848923844406013
0 0.8527782118055557 0.7897041015625 0.3199270833333335 0.7760458984374999 0.3176474446225378 0.8041858534851393 0.8504985730947601 0.8178440566101394
0 0.8547109375 0.7598017578125001 0.3199270833333335 0.7464873046875001 0.3176747305594475 0.7751117065318015 0.852458584726114 0.7884261596568015
0 0.8537447916666667 0.7315305175781252 0.31992708333333353 0.7164941406250002 0.3172837526198382 0.7461866107093228 0.8511014609531714 0.7612229876624478
0 0.857609809027778 0.69843115234375 0.3230182291666668 0.68606640625 0.3208860503008143 0.7152343355929209 0.8554776301619255 0.7275990816866709