0 0.64208984375 0.853515625 0.4814453125000001 0.853515625 0.4814453125000001 0.8795572916666666 0.64208984375 0.8795572916666666
0 0.4697265625000001 0.74609375 0.3081054687500001 0.74609375 0.3081054687500001 0.771484375 0.4697265625000001 0.771484375
0 0.4716796875000001 0.7220052083333334 0.3081054687500001 0.7220052083333334 0.3081054687500001 0.748046875 0.4716796875000001 0.748046875
0 0.64306640625 0.8287760416666666 0.4824218750000001 0.8287760416666666 0.4824218750000001 0.853515625 0.64306640625 0.853515625
0 0.4707031250000001 0.6230468750000001 0.3100585937500001 0.623046875 0.3100585937500001 0.6490885416666667 0.4707031250000001 0.6490885416666669
0 0.47021484375000006 0.5976562500000001 0.31103515625 0.59765625 0.31103515625000006 0.6243489583333334 0.4702148437500001 0.6243489583333335
0 0.66259765625 0.4075520833333335 0.49072265625 0.4075520833333335 0.49072265625 0.4348958333333335 0.66259765625 0.4348958333333335
0 0.294921875 0.5188802083333334 0.12353515625000006 0.5188802083333334 0.12353515625000006 0.5462239583333334 0.294921875 0.5462239583333334
0 0.658203125 0.5605468750000001 0.48779296875 0.5605468750000001 0.48779296875 0.5859375000000001 0.658203125 0.5859375000000001
0 0.642578125 0.7825520833333334 0.4804687500000001 0.7825520833333334 0.4804687500000001 0.80859375 0.642578125 0.80859375
0 0.8564453125 0.36132812500000017 0.68994140625 0.36132812500000017 0.68994140625 0.3912760416666668 0.8564453125 0.3912760416666668
0 0.64453125 0.7578125 0.4843750000000001 0.7578125 0.4843750000000001 0.7838541666666666 0.64453125 0.7838541666666666
0 0.2861328125000001 0.6419270833333334 0.12744140625000006 0.6419270833333334 0.12744140625000006 0.6686197916666666 0.2861328125000001 0.6686197916666666
0 0.64208984375 0.8053385416666666 0.4824218750000001 0.8053385416666666 0.4824218750000001 0.8313802083333334 0.64208984375 0.8313802083333334
0 0.84716796875 0.5169270833333335 0.6787109375 0.5169270833333335 0.6787109375 0.5494791666666669 0.84716796875 0.5494791666666669
0 0.85400390625 0.3873697916666668 0.6884765625 0.3873697916666668 0.6884765625 0.4173177083333335 0.85400390625 0.4173177083333335
0 0.83837890625 0.5957031250000001 0.6728515625 0.5957031250000001 0.6728515625 0.6230468750000001 0.83837890625 0.6230468750000001
0 0.2919921875 0.5442708333333334 0.12744140625000006 0.5442708333333334 0.12744140625000006 0.5703125 0.2919921875 0.5703125
0 0.8310546875 0.7213541666666666 0.66357421875 0.7213541666666666 0.66357421875 0.7513020833333334 0.8310546875 0.7513020833333334
0 0.654296875 0.6100260416666669 0.4892578125000001 0.6100260416666669 0.4892578125000001 0.6367187500000001 0.654296875 0.6367187500000001
0 0.4682617187500001 0.7955729166666666 0.3061523437500001 0.7955729166666666 0.3061523437500001 0.8203125 0.4682617187500001 0.8203125
0 0.474609375 0.5214843750000001 0.30712890625 0.521484375 0.30712890625 0.5488281250000001 0.474609375 0.5488281250000001
0 0.65771484375 0.48437500000000017 0.49267578125 0.48437500000000017 0.49267578125 0.5117187500000001 0.65771484375 0.5117187500000001
0 0.4653320312500001 0.84375 0.3061523437500001 0.84375 0.3061523437500001 0.8678385416666666 0.4653320312500001 0.8678385416666666
0 0.8515625 0.4661458333333335 0.681640625 0.4661458333333335 0.681640625 0.4954427083333335 0.8515625 0.4954427083333335
0 0.4672851562500001 0.8190104166666666 0.3095703125000001 0.8190104166666666 0.3095703125000001 0.8430989583333334 0.4672851562500001 0.8430989583333334
0 0.85302734375 0.43945312500000017 0.68408203125 0.43945312500000017 0.68408203125 0.4700520833333335 0.85302734375 0.4700520833333335
0 0.2895507812500001 0.6165364583333334 0.12841796875000006 0.6165364583333334 0.12841796875000006 0.6432291666666666 0.2895507812500001 0.6432291666666666
0 0.8212890625 0.8684895833333334 0.65771484375 0.8684895833333334 0.65771484375 0.8951822916666666 0.8212890625 0.8951822916666666
0 0.654296875 0.6354166666666669 0.4863281250000001 0.6354166666666669 0.4863281250000001 0.6614583333333335 0.654296875 0.6614583333333335
0 0.85986328125 0.3079427083333335 0.69287109375 0.3079427083333335 0.69287109375 0.33984375000000017 0.85986328125 0.33984375000000017
0 0.47265625 0.5729166666666667 0.3076171875 0.5729166666666666 0.3076171875 0.5996093750000001 0.47265625 0.5996093750000001
0 0.65966796875 0.4596354166666668 0.49267578125 0.4596354166666668 0.49267578125 0.4869791666666668 0.65966796875 0.4869791666666668
0 0.47314453125 0.4700520833333334 0.3095703125 0.4700520833333333 0.3095703125 0.49804687500000006 0.47314453125 0.49804687500000017
0 0.65576171875 0.5104166666666669 0.4892578125 0.5104166666666669 0.4892578125 0.5377604166666669 0.65576171875 0.5377604166666669
0 0.2875976562500001 0.6901041666666666 0.12890625000000006 0.6901041666666666 0.12890625000000006 0.7161458333333334 0.2875976562500001 0.7161458333333334
0 0.8369140625 0.6204427083333335 0.67041015625 0.6204427083333335 0.67041015625 0.6503906250000001 0.8369140625 0.6503906250000001
0 0.6494140625 0.6848958333333334 0.4853515625000001 0.6848958333333334 0.4853515625000001 0.7096354166666666 0.6494140625 0.7096354166666666
0 0.4736328125 0.49609375000000006 0.30908203125 0.49609375 0.30908203125 0.5240885416666667 0.4736328125 0.5240885416666669
0 0.65380859375 0.5852864583333335 0.4892578125 0.5852864583333335 0.48925781250000006 0.6126302083333335 0.65380859375 0.6126302083333335
0 0.29443359375 0.4921875 0.12402343750000006 0.4921875 0.12402343750000006 0.5201822916666666 0.29443359375 0.5201822916666666
0 0.4702148437500001 0.697265625 0.3056640625000001 0.697265625 0.3056640625000001 0.7239583333333334 0.4702148437500001 0.7239583333333334
0 0.4677734375000001 0.7701822916666666 0.3066406250000001 0.7701822916666666 0.3066406250000001 0.7962239583333334 0.4677734375000001 0.7962239583333334
0 0.2880859375 0.568359375 0.12939453125000006 0.568359375 0.12939453125000006 0.59375 0.2880859375 0.59375
0 0.2866210937500001 0.7389322916666666 0.13037109375000006 0.7389322916666666 0.13037109375000006 0.763671875 0.2866210937500001 0.763671875
0 0.2861328125000001 0.7864583333333334 0.13037109375000006 0.7864583333333334 0.13037109375000006 0.8118489583333334 0.2861328125000001 0.8118489583333334
0 0.6474609375 0.7330729166666666 0.4843750000000001 0.7330729166666666 0.4843750000000001 0.7584635416666666 0.6474609375 0.7584635416666666
0 0.29150390625000006 0.591796875 0.12792968750000006 0.591796875 0.12792968750000006 0.6184895833333334 0.2915039062500001 0.6184895833333334
0 0.8359375 0.6731770833333334 0.66845703125 0.6731770833333334 0.66845703125 0.701171875 0.8359375 0.701171875
0 0.830078125 0.7473958333333334 0.6630859375 0.7473958333333334 0.6630859375 0.7760416666666666 0.830078125 0.7760416666666666
0 0.83544921875 0.6966145833333334 0.66650390625 0.6966145833333334 0.66650390625 0.7252604166666666 0.83544921875 0.7252604166666666
0 0.84326171875 0.5455729166666669 0.67724609375 0.5455729166666669 0.67724609375 0.5722656250000001 0.84326171875 0.5722656250000001
0 0.2890625000000001 0.6666666666666666 0.12988281250000006 0.6666666666666666 0.12988281250000006 0.6927083333333334 0.2890625000000001 0.6927083333333334
0 0.6591796875 0.4322916666666668 0.4931640625 0.4322916666666668 0.4931640625 0.46093750000000017 0.6591796875 0.46093750000000017
0 0.8271484375 0.7975260416666666 0.6572265625 0.7975260416666666 0.6572265625 0.82421875 0.8271484375 0.82421875
0 0.2885742187500001 0.7630208333333334 0.12939453125000006 0.7630208333333334 0.12939453125000006 0.7877604166666666 0.2885742187500001 0.7877604166666666
0 0.2861328125000001 0.8111979166666666 0.13037109375000006 0.8111979166666666 0.13037109375000006 0.8359375 0.2861328125000001 0.8359375
0 0.82470703125 0.8444010416666666 0.65869140625 0.8444010416666666 0.65869140625 0.8717447916666666 0.82470703125 0.8717447916666666
0 0.2866210937500001 0.8352864583333334 0.13232421875000006 0.8352864583333334 0.13232421875000006 0.8587239583333334 0.2866210937500001 0.8587239583333334
0 0.6474609375 0.7083333333333334 0.4833984375000001 0.7083333333333334 0.4833984375000001 0.7350260416666666 0.6474609375 0.7350260416666666
0 0.474609375 0.4446614583333334 0.30859375 0.4446614583333333 0.30859375 0.4739583333333334 0.474609375 0.4739583333333335
0 0.84912109375 0.49414062500000017 0.67822265625 0.49414062500000017 0.67822265625 0.5214843750000001 0.84912109375 0.5214843750000001
0 0.86669921875 0.2506510416666668 0.69287109375 0.2506510416666668 0.69287109375 0.28515625000000017 0.86669921875 0.28515625000000017
0 0.2900390625000001 0.7154947916666666 0.12841796875000006 0.7154947916666666 0.12841796875000006 0.740234375 0.2900390625000001 0.740234375
0 0.65771484375 0.5364583333333335 0.490234375 0.5364583333333335 0.490234375 0.5631510416666669 0.65771484375 0.5631510416666669
0 0.4697265625000001 0.6464843750000001 0.3085937500000001 0.646484375 0.3085937500000001 0.6744791666666666 0.4697265625000001 0.6744791666666666
0 0.47314453125 0.5481770833333334 0.30908203125 0.5481770833333334 0.30908203125 0.5742187500000001 0.47314453125 0.5742187500000001
0 0.8623046875 0.27929687500000017 0.6953125 0.27929687500000017 0.6953125 0.3151041666666668 0.8623046875 0.3151041666666668
0 0.4672851562500001 0.8671875 0.3090820312500001 0.8671875 0.3090820312500001 0.890625 0.4672851562500001 0.890625
0 0.65185546875 0.6608072916666669 0.4868164062500001 0.6608072916666669 0.4868164062500001 0.6868489583333334 0.65185546875 0.6868489583333334
0 0.4711914062500001 0.6725260416666666 0.3081054687500001 0.6725260416666666 0.3081054687500001 0.6985677083333334 0.4711914062500001 0.6985677083333334
0 0.83544921875 0.6477864583333335 0.66796875 0.6477864583333335 0.66796875 0.67578125 0.83544921875 0.67578125
0 0.85498046875 0.41406250000000017 0.68359375 0.41406250000000017 0.68359375 0.4427083333333335 0.85498046875 0.4427083333333335
0 0.84228515625 0.5709635416666669 0.6748046875 0.5709635416666669 0.6748046875 0.5989583333333335 0.84228515625 0.5989583333333335
0 0.8291015625 0.7721354166666666 0.66015625 0.7721354166666666 0.66015625 0.7994791666666666 0.8291015625 0.7994791666666666
0 0.859375 0.3352864583333335 0.689453125 0.3352864583333335 0.689453125 0.3645833333333335 0.859375 0.3645833333333335
0 0.64306640625 0.8782552083333334 0.4794921875000001 0.8782552083333334 0.4794921875000001 0.91015625 0.64306640625 0.91015625
0 0.2880859375000001 0.8567708333333334 0.13134765625000006 0.8567708333333334 0.13134765625000006 0.8821614583333334 0.2880859375000001 0.8821614583333334
0 0.29345703125 0.46875 0.12255859375000006 0.46875 0.12255859375000006 0.494140625 0.29345703125 0.494140625
0 0.8203125 0.892578125 0.6572265625 0.892578125 0.6572265625 0.9231770833333334 0.8203125 0.9231770833333334
0 0.47802734375 0.41796875000000006 0.3076171875 0.41796875 0.3076171875 0.4446614583333334 0.47802734375 0.4446614583333335
0 0.8730892129306803 0.23540660414466316 0.6930339976825867 0.21960138618462086 0.6915744453125001 0.24916124609375012 0.8716296605605938 0.2649664640537924
0 0.826171875 0.822265625 0.658203125 0.822265625 0.658203125 0.8483072916666666 0.826171875 0.8483072916666666