0 0.6416015625 0.16015625000000008 0.42333984375 0.16015625000000008 0.42333984375 0.1888020833333334 0.6416015625 0.1888020833333334
0 0.90625 0.3919270833333335 0.68212890625 0.3919270833333335 0.68212890625 0.42382812500000017 0.90625 0.42382812500000017
0 0.408203125 0.25195312500000006 0.19970703125 0.251953125 0.19970703125 0.2819010416666667 0.408203125 0.28190104166666674
0 0.6376953125 0.28971354166666674 0.42236328125 0.28971354166666674 0.42236328125 0.3196614583333334 0.6376953125 0.3196614583333334
0 0.4052734375 0.22005208333333337 0.203125 0.22005208333333334 0.203125 0.25000000000000006 0.4052734375 0.25000000000000006
0 0.40478515625 0.3170572916666667 0.19482421875000006 0.3170572916666667 0.19482421875000006 0.3470052083333333 0.40478515625 0.3470052083333333
0 0.91015625 0.4602864583333335 0.67919921875 0.4602864583333335 0.67919921875 0.4908854166666668 0.91015625 0.4908854166666668
0 0.638671875 0.25651041666666674 0.42138671875 0.25651041666666674 0.42138671875 0.2864583333333334 0.638671875 0.2864583333333334
0 0.63916015625 0.19335937500000008 0.42333984375 0.19335937500000008 0.42333984375 0.2220052083333334 0.63916015625 0.2220052083333334
0 0.40478515625 0.28515625000000006 0.1953125 0.28515625 0.19531250000000003 0.3151041666666667 0.40478515625 0.31510416666666674
0 0.630859375 0.5787760416666667 0.421875 0.5787760416666666 0.42187500000000006 0.6100260416666667 0.630859375 0.6100260416666669
0 0.63720703125 0.22460937500000008 0.4228515625 0.22460937500000008 0.4228515625 0.25455729166666674 0.63720703125 0.25455729166666674
0 0.63037109375 0.6425781250000001 0.4194335937500001 0.642578125 0.4194335937500001 0.6790364583333334 0.63037109375 0.6790364583333334
0 0.63916015625 0.32096354166666674 0.42333984375 0.32096354166666674 0.42333984375 0.3509114583333334 0.63916015625 0.3509114583333335
0 0.91015625 0.3587239583333335 0.68310546875 0.3587239583333335 0.68310546875 0.3893229166666668 0.91015625 0.3893229166666668
0 0.6357421875 0.35416666666666674 0.42138671875 0.3541666666666667 0.42138671875 0.38346354166666674 0.6357421875 0.3834635416666668
0 0.6318359375 0.5488281250000001 0.4189453125 0.548828125 0.4189453125 0.5794270833333334 0.6318359375 0.5794270833333335
0 0.63037109375 0.6751302083333334 0.4199218750000001 0.6751302083333334 0.4199218750000001 0.7076822916666666 0.63037109375 0.7076822916666666
0 0.64208984375 0.12695312500000008 0.4248046875 0.12695312500000008 0.4248046875 0.15755208333333343 0.64208984375 0.15755208333333345
0 0.63134765625 0.6106770833333334 0.4199218750000001 0.6106770833333334 0.4199218750000001 0.6419270833333334 0.63134765625 0.6419270833333335
0 0.40625 0.18750000000000003 0.19970703125 0.1875 0.19970703125 0.21614583333333337 0.40625 0.2161458333333334
0 0.9091796875 0.42773437500000017 0.6826171875 0.42773437500000017 0.6826171875 0.4576822916666668 0.9091796875 0.4576822916666668
0 0.63427734375 0.44921875000000006 0.421875 0.44921875 0.421875 0.47916666666666674 0.63427734375 0.4791666666666668
0 0.40478515625 0.3509114583333333 0.19531250000000006 0.3509114583333333 0.19531250000000006 0.380859375 0.40478515625 0.380859375
0 0.90966796875 0.2571614583333335 0.6845703125 0.2571614583333335 0.6845703125 0.2877604166666668 0.90966796875 0.2877604166666668
0 0.63330078125 0.41276041666666674 0.42333984375 0.4127604166666667 0.42333984375 0.4485677083333334 0.63330078125 0.4485677083333335
0 0.6318359375 0.48242187500000006 0.42041015625 0.482421875 0.42041015625 0.5117187500000001 0.6318359375 0.5117187500000001
0 0.4033203125 0.3815104166666667 0.19482421875000006 0.3815104166666667 0.19482421875000006 0.4114583333333333 0.4033203125 0.4114583333333333
0 0.63232421875 0.38541666666666674 0.421875 0.3854166666666667 0.421875 0.41471354166666674 0.63232421875 0.4147135416666668
0 0.40185546875 0.4134114583333333 0.19531250000000006 0.4134114583333333 0.19531250000000006 0.4440104166666667 0.40185546875 0.4440104166666667
0 0.40234375 0.4453125 0.19335937500000006 0.4453125 0.19335937500000006 0.4765625 0.40234375 0.4765625
0 0.63232421875 0.5130208333333334 0.42333984375 0.5130208333333334 0.42333984375 0.5442708333333334 0.63232421875 0.5442708333333335
0 0.90869140625 0.2877604166666668 0.6826171875 0.2877604166666668 0.6826171875 0.3190104166666668 0.90869140625 0.3190104166666668
0 0.41064453125 0.15429687500000006 0.1982421875 0.15429687500000003 0.1982421875 0.1822916666666667 0.41064453125 0.18229166666666674
0 0.4072265625 0.12369791666666673 0.201171875 0.1236979166666667 0.201171875 0.1529947916666667 0.4072265625 0.15299479166666674
0 0.6318359375 0.7083333333333334 0.4184570312500001 0.7083333333333334 0.4184570312500001 0.74609375 0.6318359375 0.74609375
0 0.90869140625 0.3248697916666668 0.68701171875 0.3248697916666668 0.68701171875 0.35546875000000017 0.90869140625 0.35546875000000017
0 0.880859375 0.22395833333333348 0.6826171875 0.22395833333333348 0.6826171875 0.2545572916666668 0.880859375 0.2545572916666668
0 0.908203125 0.4947916666666668 0.68115234375 0.4947916666666668 0.68115234375 0.5247395833333335 0.908203125 0.5247395833333335
0 0.87890625 0.19140625000000014 0.68505859375 0.19140625000000014 0.68505859375 0.22330729166666682 0.87890625 0.22330729166666682
0 0.8069975869140625 0.0819352213541668 0.6836655556640625 0.08193522135416678 0.6836655556640625 0.12198242187500014 0.8069975869140625 0.12198242187500015
0 0.6431590180664063 0.09033951822916676 0.4235170634765625 0.09033951822916675 0.4235170634765625 0.12747819010416675 0.6431590180664063 0.12747819010416678
0 0.41345641460317906 0.08685240643763813 0.1979710882749981 0.08560849267211385 0.1978488447265625 0.1232555338541667 0.41333417105474346 0.12449944761969096
0 0.867305513671875 0.18947591145833334 0.8670121958007813 0.15190787760416666 0.6822331013390522 0.15447265906210225 0.682526419210146 0.19204069291626893
0 0.8639579965820311 0.1519078776041667 0.863401206860312 0.11985020061732954 0.6826276284179686 0.12543196614583332 0.6831844181396878 0.15748964313267053
0 0.633813404625243 0.9173405128842095 0.4124606772460938 0.9015553385416667 0.4111330128552259 0.9346533022199573 0.6324857402343751 0.9504384765625001
0 0.6316028400457059 0.8839986094268458 0.41435438427734383 0.8689700520833333 0.41305741679023167 0.902300869739821 0.6303058725585938 0.9173294270833335
0 0.6316145422128637 0.846621702031236 0.4126794223632813 0.8350270182291667 0.41162403981838647 0.8704547953645975 0.6305591596679688 0.8820494791666668
0 0.6304498686523439 0.8133033854166666 0.41406409619140633 0.8024417317708333 0.41310439455465825 0.8364313636378075 0.6294901670155958 0.8472930172836407
0 0.6302243836305871 0.7800632703058317 0.41340399414062506 0.7678196614583336 0.4122333815061319 0.8046733833400022 0.6290537709960939 0.8169169921875002
0 0.632831665400105 0.747558294060581 0.4152981196289063 0.7352744140624999 0.41420064244117416 0.7698256548883512 0.6317341882123729 0.7821095348864323
0 0.3910186836597922 0.9346031392231824 0.1830580957031251 0.9144817708333332 0.18111930608630172 0.9501048685893175 0.38907989404296883 0.9702262369791668
0 0.3898024821107785 0.9019863167979039 0.18347092626953135 0.8819150390625001 0.1816126795103155 0.9158753368479299 0.3879442353515627 0.9359466145833336
0 0.39053231115796827 0.8687539105506047 0.18610695507812505 0.8500878906250001 0.18436017224046938 0.8840973264285622 0.3887855283203126 0.9027633463541669
0 0.39071854687890933 0.8368944876120971 0.18597454248046885 0.8197415364583334 0.18434851757421591 0.8542461373879031 0.3890925219726564 0.8713990885416668
0 0.39275795754320875 0.8065546517037672 0.18756586899615407 0.7878701155022503 0.18597131250000004 0.8190013020833335 0.39116340104705477 0.8376858382848504
0 0.3919771518809171 0.7746571452604584 0.18848461865234384 0.7590485026041668 0.1870936806386143 0.7912865396353751 0.39058621386718756 0.8068951822916667
0 0.3939682012340477 0.7401033031950628 0.1875550031054485 0.7260376423675665 0.18628691710577586 0.7591205370891704 0.392700115234375 0.7731861979166667
0 0.39525007122390804 0.7085032314385176 0.18919138606378522 0.6944304555094156 0.18795846132425226 0.7265245548000646 0.394017146484375 0.7405973307291666
0 0.3952676299780284 0.6751924335021123 0.18996910742187506 0.6604306640625001 0.18857110481377853 0.6949953695587213 0.39386962736993186 0.7097571389983336
0 0.39393833251953136 0.67503125 0.18906206152343757 0.6616471354166666 0.18784949544879778 0.6946449289874517 0.3927257664448916 0.708029043570785
0 0.39653445996093756 0.6427880859375 0.19050773468294976 0.6311641207030046 0.18943945953875127 0.6648253408483474 0.39546618481673906 0.6764493060828428
0 0.3981222617187501 0.6083011067708334 0.19092061219879974 0.5992426644213112 0.19006702389756516 0.6339535433909312 0.3972686734175155 0.6430119857404534
0 0.3978983845869481 0.577479827471547 0.19219228437986852 0.5660199903781721 0.19116024305463922 0.5989538998857916 0.39686634326171877 0.6104137369791667
0 0.3986640878906251 0.5448691406250001 0.19265626757812507 0.5347399088541668 0.19171930618258828 0.5686170200250322 0.3977271264950883 0.5787462517958656
0 0.40075498339843757 0.5120983072916666 0.1934070038538935 0.5031412902537479 0.1925813671148538 0.5371196875910438 0.3999293466593979 0.5460767046289626
0 0.40284670933345673 0.48183603302564754 0.1937240747070313 0.47228255208333336 0.1928747447681058 0.5053342143701858 0.40199737939453123 0.5148876953125