0 0.642218955113576 0.1187489498915244 0.20984368055555558 0.08301527685546875 0.2039984414137808 0.10539375397130568 0.6363737159718011 0.14112742700736133
0 0.6453806280335574 0.14166640846723266 0.2087098498263889 0.107582841796875 0.20320588064699818 0.12989441233354865 0.6398766588541668 0.16397797900390632
0 0.6440219413136951 0.1643862179465028 0.2075963576388889 0.13097769628906253 0.20201670062396038 0.15404014937452012 0.6384422842987665 0.18744867103196042
0 0.6464185368784183 0.18871093139927714 0.20721339322916674 0.1564362075195313 0.20224495010074856 0.177829136960098 0.6414500937500002 0.21010386083984384
0 0.648521525724999 0.21045840423537562 0.20372820486111118 0.17767953662109376 0.19820871648205715 0.20137734523487327 0.643002037345945 0.23415621284915517
0 0.6500669206566502 0.23386939099520898 0.2053965477430556 0.20441131347656252 0.2003772164961278 0.22838444152432233 0.6450475894097223 0.2578425190429688
0 0.653729988391803 0.25853009644684594 0.20497304861111115 0.230353951171875 0.2001572425109749 0.2546224909554979 0.6489141822916668 0.28279863623046886
0 0.6554765669357319 0.28409400368625687 0.19991670138888887 0.25494699951171873 0.19482812259139287 0.2801117767621402 0.650387988138236 0.30925878093667836
0 0.6562382401639026 0.3089542890962127 0.2011144878472223 0.2821499848632813 0.19621073653088944 0.30849500009763714 0.6513344888475697 0.33529930433056854
0 0.6571245225708147 0.3340607468654675 0.19755871440972225 0.30945554150390625 0.19286215400431705 0.33721082588381784 0.6524279621654094 0.3618160312453791
0 0.6571400134962786 0.36041449841061146 0.19175121527777786 0.33790755078125007 0.18748497917074058 0.36581944213169837 0.6528737773892413 0.3883263897610598
0 0.6598897110179822 0.3862553603421938 0.19151769618055564 0.3667664882812501 0.18791875673924943 0.39413327616430666 0.656290771576676 0.4136221482252504
0 0.662288091905152 0.41234520579798317 0.1902528696324077 0.3946226091575716 0.1869340190972223 0.42259179345703124 0.6589692413699666 0.44031439009744283
0 0.6661081845076514 0.43915079534164964 0.18626956950199322 0.423854822319938 0.18335081423611121 0.45282564453125007 0.6631894292417695 0.4681216175529617
0 0.6665782864992646 0.4673574959890472 0.18258144184027783 0.4538280830078125 0.180131773477881 0.48155591561267364 0.6641286181368679 0.4950853285939083
0 0.670022185992441 0.49626694711633174 0.17918641520706047 0.4830857403765516 0.17654599826388898 0.5141956391601563 0.6673817690492697 0.5273768458999364
0 0.6721502498899683 0.5229803742890579 0.17493172246748248 0.5152317910969009 0.17346754809834752 0.5449595969836244 0.6706860755208334 0.5527081801757814
0 0.676418251136282 0.5530769024804413 0.17223706684027792 0.5464274116210938 0.17096982278571568 0.5768295097623112 0.6751510070817196 0.5834790006216587
0 0.6760697100729617 0.5840646038585968 0.16838387373845695 0.5771887893554196 0.16696496093750013 0.6103378828125 0.6746507972720049 0.6172136973156772
0 0.6797521206597223 0.645134384765625 0.6797413997485097 0.611658656478058 0.1651046267361111 0.6117108056640627 0.16511534764732363 0.6451865339516297
0 0.6807886697102662 0.6808246868778396 0.6807797280706436 0.6450756270302588 0.16276882986111113 0.6451166225585938 0.16277777150073366 0.6808656824061746
0 0.6849785659722223 0.7122838457031249 0.6840556577080464 0.6776093329530234 0.1556112722913797 0.6820596659608359 0.15653418055555554 0.7167341787109374
0 0.7008632738490027 0.8621492617136646 0.6970023026416454 0.8154299015092512 0.1429068959801426 0.8299185968268366 0.14676786718749998 0.8766379570312499
0 0.6923423894912153 0.8198761604185392 0.6906311067708333 0.7834393364257813 0.1401013063104085 0.7916203504362845 0.14181258903079053 0.8280571744290424
0 0.6907656411056511 0.7817431583053919 0.6894027131516345 0.74633287852632 0.1422053446180556 0.752996841796875 0.14356827257207222 0.7884071215759468
0 0.6869905083270158 0.7461149821581194 0.6858886059027778 0.7132759091796875 0.14387474629823938 0.7190304105142082 0.1449766487224774 0.7518694834926402