0 0.7615676740835231 0.8550958620174939 0.23152262412979954 0.8490373260164279 0.230256363715278 0.8840893559570312 0.7603014136690016 0.8901478919580972
0 0.7689470997435858 0.8174052619279649 0.22979060020755437 0.8146834340658808 0.22922323917924647 0.850243187762916 0.7683797387152779 0.852965015625
0 0.7634592758106341 0.785787798166489 0.23395375734525137 0.7798143235809883 0.23279236284722238 0.81238811328125 0.7622978813126051 0.8183615878667507
0 0.7668251747518273 0.7508642664385782 0.23091412229427938 0.7473523590311811 0.23026890972222247 0.7785051909179688 0.7661799621797704 0.7820170983253658
0 0.7609404551001446 0.7173742827041257 0.23671927088412842 0.7120456304303975 0.23566771180555568 0.7447778847656251 0.7598888960215721 0.7501065370393534
0 0.7559299549680284 0.684259341163234 0.2368209756487076 0.6819318053607741 0.23639682189595712 0.7118634471076964 0.755505801215278 0.7141909829101563
0 0.7562163001133346 0.6525643428050063 0.24230632652433823 0.650393387012335 0.24190564273044815 0.6804045549495161 0.7558156163194445 0.6825755107421875
0 0.7607156871441241 0.6215594556375097 0.24086108047322677 0.6188371356188632 0.2403640773568806 0.6488665515633849 0.7602186840277779 0.6515888715820314
0 0.7560874564800009 0.5912686467043359 0.24020918150834925 0.5881198776178806 0.23963939950751525 0.6176564574760449 0.7555176744791668 0.6208052265625001
0 0.7565270661083996 0.5610809520882443 0.24821823049244568 0.5570781363447055 0.24749211458333345 0.5862532841796875 0.7558009501992874 0.5902560999232263
0 0.7478919945461492 0.5287863678512666 0.24642440403774715 0.5282758837644547 0.24632782268604267 0.5582950754835007 0.7477954131944446 0.5588055595703126
0 0.7484484663151236 0.4995595410623218 0.2542539482727797 0.4977418044754658 0.2539366840277779 0.5250336660156251 0.7481312020701218 0.5268514026024811
0 0.7525972954624578 0.4683947334643245 0.25027055567735934 0.46731650454420137 0.2500696786176795 0.4969273438337832 0.7523964184027779 0.4980055727539063
0 0.7501975842013888 0.46686164843749994 0.7497579513703265 0.43836571559791493 0.25431433418282656 0.4407842180393212 0.25475396701388886 0.46928015087890623
0 0.7537128582804602 0.41368830917048127 0.25680641160090434 0.4128353175741165 0.2566673958333334 0.438458849609375 0.7535738425128892 0.43931184120573974
0 0.7495641506592741 0.38279808076806116 0.25790555814089033 0.3827490275098972 0.2578967798774497 0.41058775875355485 0.7495553723958335 0.4106368120117188
0 0.7488090572916666 0.3827208779296875 0.7486291833105329 0.3554452599270086 0.2633289985908521 0.3564578863551151 0.26350887257198585 0.383733504357794
0 0.7416476796875 0.13861005419921876 0.741627330680056 0.11593808753819941 0.2785754347904461 0.11606958844772533 0.2785957837978901 0.13874155510874467
0 0.7419167806519851 0.14211538956555878 0.2739908822281392 0.14043344789796014 0.2737269635416667 0.16366516699218753 0.7416528619655125 0.16534710865978616
0 0.745170818442086 0.16768009506886847 0.27485725642562464 0.16674253943395795 0.2747078680555555 0.190453671875 0.7450214300720168 0.19139122750991053
0 0.7417601545138888 0.21668032861328124 0.7417351794776338 0.19228204174248106 0.2737062888526338 0.1924336296331061 0.2737312638888889 0.21683191650390626
0 0.7474595989583332 0.24469380078124994 0.7472897182491678 0.21882744440149543 0.26648170783250125 0.21982658258508925 0.26665158854166665 0.24569293896484376
0 0.7449652265625 0.2715603701171875 0.7448373577358715 0.24807584905968094 0.2628833091247604 0.24890614642296224 0.2630111779513889 0.27239066748046875
0 0.7441944930302806 0.27455422108664707 0.26216295995323685 0.2738983966557773 0.2620576128472223 0.29839780078125 0.7440891459242661 0.29905362521211976
0 0.7456904913194444 0.32644739892578123 0.745230944059009 0.29800457799902796 0.2630086298228979 0.30046976501074674 0.2634681770833333 0.3289125859375
0 0.7431961189236111 0.3533139682617188 0.7426760788616322 0.3274389455792265 0.25980208667413224 0.330509628196414 0.2603221267361111 0.3563846508789063