0 1.0001975219189978 0.12188899333105986 0.9983954496376884 0.0771852890088954 0.37611805555555555 0.085122314453125 0.3779201278368648 0.12982601877528946
0 0.9985507812500001 0.170694580078125 0.9971589374295097 0.12563271274149374 0.37116927083333334 0.13175048828125 0.3725611146538236 0.17681235561788125
0 0.9985799474457129 0.17852894430977775 0.37488107638888896 0.17837866210937503 0.3748519101931762 0.21667808694022236 0.9985507812500002 0.2168283691406251
0 0.9970034722222222 0.22025805664062503 0.37506944444444446 0.220258056640625 0.37506944444444446 0.2620395507812501 0.9970034722222222 0.26203955078125013
0 0.9985822095071524 0.265523413434761 0.3828332534969938 0.2653704843213004 0.3828018252398417 0.30540908260528954 0.9985507812500002 0.30556201171875014
0 0.9980915868513082 0.3099519393187062 0.37488107638888896 0.30434423828125 0.3737929617598031 0.34260641029066885 0.9970034722222224 0.348214111328125
0 0.9010833333333336 0.9762612304687501 0.37735546875000014 0.930692138671875 0.3702260122444111 0.9566182143991964 0.8939538768277444 1.0021873061960715
0 0.9052741215535439 0.9505998501611101 0.378592447916667 0.9091181640625 0.3728547846964567 0.93216821624514 0.8995364583333336 0.9736499023437502
0 0.9166000818811426 0.9228288913889471 0.3761180555555558 0.8764086914062501 0.36896723043543705 0.9027523118015439 0.9094492567610237 0.9491725117842409
0 0.9207389636489745 0.8932973737749232 0.37735546875000014 0.848571044921875 0.37162388357324816 0.8706035051313268 0.9150073784722225 0.9153298339843751
0 0.9297729649315006 0.8616679245174116 0.37611805555555566 0.8186455078124999 0.3704479869488696 0.8417330509654299 0.9241028963248146 0.8847554676703416
0 0.9324104588916664 0.8297185108847897 0.3711692708333334 0.790807861328125 0.36555789043356135 0.8164170499522074 0.9267990784918942 0.8553276995088721
0 0.937228778624533 0.7973332919133358 0.37735546875000003 0.761578369140625 0.37215186373657816 0.7873595791804142 0.9320251736111111 0.823114501953125
0 0.934108568743684 0.7666762512248895 0.374881076388889 0.7288688964843749 0.36951693552438564 0.753973735982484 0.9287444278791805 0.7917810907229985
0 0.9415625008724269 0.7319288503867247 0.3761180555555558 0.69824755859375 0.3711352118236142 0.7247157046941444 0.9365796571404853 0.7583969964871191
0 0.9537089775977603 0.6972331499273892 0.37240625000000016 0.664146484375 0.36741094659953405 0.6919152313954422 0.9487136741972942 0.7250018969478313
0 0.9522632049862422 0.6614526665785084 0.3785924479166669 0.6321330566406251 0.3738257707082026 0.6616427924058668 0.947496527777778 0.6909624023437501
0 0.9609282404354627 0.6241288888905002 0.37859244791666674 0.5973359375 0.3742543994182579 0.6271686254008886 0.956590191937054 0.6539615767913888
0 0.9707026909722222 0.5873791503906249 0.37735546875000014 0.5632348632812499 0.37341754809535466 0.5938549588287294 0.9667647703175768 0.6179992459381044
0 0.9707026909722223 0.5490793457031251 0.37651205081738165 0.5296808902946974 0.3732740516639967 0.5610628774269769 0.9674646918188373 0.5804613328354046
0 0.9830798611111113 0.51339111328125 0.3785924479166668 0.492944580078125 0.3752021077100847 0.5246589373098344 0.9796895209045291 0.5451054705129593
0 0.9954565972222225 0.35333251953125006 0.3773554687500001 0.34540478515625006 0.3758005259688545 0.38376401792619463 0.9939016544410768 0.39169175230119463
0 0.9908151041666667 0.3951142578125 0.38230425347222236 0.38368164062499993 0.38028557602594976 0.41767817519024436 0.9887964267203943 0.4291107923777444
0 0.9892682291666668 0.4316728515625 0.38116092912771643 0.42261909559885436 0.37943970012627914 0.45919837461846563 0.9875470001652294 0.4682521305821113
0 0.9861740451388891 0.47258398437500004 0.3761180555555557 0.4567556152343751 0.3731780542062786 0.4926086653868046 0.983234043789612 0.5084370345274296