0 0.7916666666666666 0.07708333333333338 0.2361111111111111 0.07708333333333336 0.2361111111111111 0.11458333333333338 0.7916666666666666 0.1145833333333334
0 0.7694444444444447 0.7671875 0.26574074074074094 0.7671875 0.26574074074074094 0.7932291666666667 0.7694444444444447 0.7932291666666667
0 0.7648148148148151 0.8614583333333333 0.26944444444444465 0.8614583333333333 0.26944444444444465 0.8859375 0.7648148148148151 0.8859375
0 0.7814814814814814 0.26875 0.2527777777777779 0.26875 0.2527777777777779 0.2947916666666667 0.7814814814814814 0.2947916666666667
0 0.776851851851852 0.7359375 0.26111111111111135 0.7359375 0.26111111111111135 0.7630208333333334 0.776851851851852 0.7630208333333334
0 0.7870370370370371 0.2989583333333333 0.25092592592592605 0.2989583333333333 0.25092592592592605 0.33541666666666664 0.7870370370370371 0.33541666666666664
0 0.7814814814814814 0.3380208333333333 0.263888888888889 0.3380208333333333 0.263888888888889 0.371875 0.7814814814814814 0.371875
0 0.7787037037037039 0.5104166666666666 0.25925925925925936 0.5104166666666666 0.25925925925925936 0.5395833333333333 0.7787037037037039 0.5395833333333333
0 0.7833333333333333 0.3703125 0.2462962962962964 0.3703125 0.2462962962962964 0.4046875 0.7833333333333333 0.4046875
0 0.7777777777777779 0.4791666666666667 0.26296296296296306 0.4791666666666667 0.26296296296296306 0.5067708333333333 0.777777777777778 0.5067708333333333
0 0.7935185185185185 0.22500000000000003 0.24722222222222223 0.225 0.2472222222222223 0.2651041666666667 0.7935185185185185 0.26510416666666675
0 0.7805555555555556 0.44479166666666664 0.26296296296296306 0.44479166666666664 0.26296296296296306 0.47239583333333335 0.7805555555555556 0.47239583333333335
0 0.7722222222222225 0.5411458333333333 0.2583333333333334 0.5411458333333333 0.2583333333333334 0.5703125 0.7722222222222225 0.5703125
0 0.7777777777777778 0.40729166666666666 0.2527777777777779 0.40729166666666666 0.2527777777777779 0.43697916666666664 0.7777777777777778 0.43697916666666664
0 0.7712962962962965 0.8296875 0.2740740740740743 0.8296875 0.2740740740740743 0.8567708333333334 0.7712962962962965 0.8567708333333334
0 0.7685185185185187 0.7041666666666667 0.25925925925925936 0.7041666666666667 0.2592592592592594 0.734375 0.7685185185185187 0.734375
0 0.7907407407407407 0.18906250000000002 0.24444444444444444 0.1890625 0.24444444444444444 0.2260416666666667 0.7907407407407407 0.22604166666666672
0 0.7611111111111113 0.8885416666666667 0.2712962962962965 0.8885416666666667 0.2712962962962965 0.9104166666666667 0.7611111111111113 0.9104166666666667
0 0.7907407407407407 0.11614583333333338 0.22685185185185186 0.11614583333333336 0.2268518518518519 0.15052083333333335 0.7907407407407407 0.15052083333333338
0 0.7796296296296299 0.675 0.26574074074074083 0.675 0.26574074074074083 0.7026041666666667 0.7796296296296299 0.7026041666666667
0 0.7722222222222225 0.575 0.25925925925925936 0.575 0.25925925925925936 0.60625 0.7722222222222225 0.60625
0 0.7759259259259261 0.7973958333333333 0.26944444444444465 0.7973958333333333 0.26944444444444465 0.8239583333333333 0.7759259259259261 0.8239583333333333
0 0.7703703703703706 0.60625 0.2620370370370371 0.60625 0.2620370370370371 0.6380208333333334 0.7703703703703706 0.6380208333333334
0 0.7901626498958285 0.183568208342005 0.7901194444444445 0.1552057291666667 0.23249383158565298 0.1554744999913284 0.23253703703703701 0.1838369791666667
0 0.7734861111111111 0.6685869791666668 0.7732337314575862 0.6365622381358329 0.25626984256869734 0.637851300635833 0.2565222222222222 0.6698760416666668
0 0.7644796296296299 0.9180244791666666 0.2735425925925928 0.9180244791666666 0.2735425925925928 0.9419192708333333 0.7644796296296299 0.9419192708333333
0 0.8002053074038689 0.06954726386913722 0.8001222222222221 0.030925520833333334 0.22834264938922613 0.031314714167278684 0.22842573457087287 0.06993645720308257