0 0.7194444444444447 0.728125 0.24722222222222243 0.728125 0.24722222222222243 0.7625 0.7194444444444447 0.7625
0 0.7129629629629629 0.43697916666666664 0.2685185185185186 0.43697916666666664 0.2685185185185186 0.46770833333333334 0.7129629629629629 0.46770833333333334
0 0.7203703703703705 0.7614583333333333 0.24537037037037057 0.7614583333333333 0.24537037037037057 0.7942708333333334 0.7203703703703705 0.7942708333333334
0 0.714814814814815 0.5776041666666667 0.25925925925925936 0.5776041666666667 0.25925925925925936 0.609375 0.714814814814815 0.609375
0 0.714814814814815 0.5203125 0.26296296296296306 0.5203125 0.26296296296296306 0.5520833333333334 0.714814814814815 0.5520833333333334
0 0.7185185185185188 0.6057291666666667 0.25740740740740753 0.6057291666666667 0.25740740740740753 0.6395833333333333 0.7185185185185188 0.6395833333333333
0 0.714814814814815 0.5489583333333333 0.26111111111111124 0.5489583333333333 0.26111111111111124 0.58125 0.714814814814815 0.58125
0 0.712962962962963 0.465625 0.263888888888889 0.465625 0.263888888888889 0.49583333333333335 0.7129629629629631 0.49583333333333335
0 0.7138888888888889 0.38333333333333336 0.2750000000000001 0.38333333333333336 0.2750000000000001 0.4140625 0.7138888888888889 0.4140625
0 0.7194444444444447 0.6682291666666667 0.25092592592592605 0.6682291666666667 0.25092592592592605 0.703125 0.7194444444444447 0.703125
0 0.7175925925925928 0.6390625 0.25462962962962976 0.6390625 0.25462962962962976 0.6723958333333333 0.7175925925925928 0.6723958333333333
0 0.7259259259259261 0.8239583333333333 0.2416666666666669 0.8239583333333333 0.2416666666666669 0.8614583333333333 0.7259259259259261 0.8614583333333333
0 0.7240740740740743 0.7932291666666667 0.24351851851851872 0.7932291666666667 0.24351851851851872 0.828125 0.7240740740740743 0.828125
0 0.7092592592592593 0.2786458333333333 0.2787037037037038 0.2786458333333333 0.2787037037037038 0.30833333333333335 0.7092592592592593 0.30833333333333335
0 0.7111111111111111 0.3307291666666667 0.27962962962962973 0.3307291666666667 0.27962962962962973 0.36041666666666666 0.7111111111111111 0.36041666666666666
0 0.7203703703703705 0.6973958333333333 0.24907407407407417 0.6973958333333333 0.24907407407407423 0.7317708333333334 0.7203703703703705 0.7317708333333334
0 0.7138888888888891 0.4921875 0.2666666666666668 0.4921875 0.2666666666666668 0.5223958333333333 0.7138888888888891 0.5223958333333333
0 0.712037037037037 0.4119791666666667 0.2722222222222223 0.4119791666666667 0.2722222222222223 0.44114583333333335 0.712037037037037 0.44114583333333335
0 0.7101851851851851 0.30572916666666666 0.2787037037037038 0.30572916666666666 0.2787037037037038 0.334375 0.7101851851851851 0.334375
0 0.7092592592592593 0.22656250000000003 0.2814814814814815 0.2265625 0.28148148148148155 0.25625000000000003 0.7092592592592593 0.25625000000000003
0 0.7074074074074074 0.15104166666666669 0.28425925925925927 0.15104166666666666 0.28425925925925927 0.17864583333333336 0.7074074074074074 0.1786458333333334
0 0.7157407407407408 0.3578125 0.2787037037037038 0.3578125 0.2787037037037038 0.3875 0.7157407407407408 0.3875
0 0.7092592592592593 0.19895833333333338 0.28055555555555556 0.19895833333333332 0.28055555555555556 0.23020833333333338 0.7092592592592593 0.2302083333333334
0 0.7101851851851851 0.2526041666666667 0.2814814814814816 0.2526041666666667 0.2814814814814816 0.2828125 0.7101851851851851 0.2828125
0 0.7092592592592593 0.17395833333333335 0.2833333333333333 0.17395833333333333 0.2833333333333333 0.2041666666666667 0.7092592592592593 0.20416666666666672
0 0.7023132528356352 0.1313999911052238 0.2863415361850978 0.12310200360799758 0.2848517898148148 0.14673117083333337 0.7008235064653522 0.15502915833055955
0 0.7042207170002435 0.10855149157598347 0.2898474259259259 0.09684486770833334 0.2875805143725104 0.12223352418414037 0.7019538054468281 0.1339401480517905