0 0.19433593750000006 0.4329427083333333 0.06787109375000003 0.4329427083333333 0.06787109375000004 0.4609375 0.19433593750000006 0.4609375
0 0.18261718750000006 0.5807291666666666 0.052734375000000056 0.5807291666666666 0.052734375000000056 0.6100260416666666 0.18261718750000006 0.6100260416666666
0 0.18505859375000006 0.5559895833333334 0.055664062500000056 0.5559895833333334 0.055664062500000056 0.5846354166666666 0.18505859375000006 0.5846354166666666
0 0.37890625 0.43359375 0.23925781250000006 0.43359375 0.23925781250000006 0.462890625 0.37890625 0.462890625
0 0.17724609375000006 0.6588541666666666 0.045410156250000056 0.6588541666666666 0.04541015625000006 0.6888020833333334 0.17724609375000006 0.6888020833333334
0 0.5546875 0.6966145833333334 0.4091796875000001 0.6966145833333334 0.4091796875000001 0.7291666666666666 0.5546875 0.7291666666666666
0 0.19238281250000006 0.4576822916666667 0.06640625000000006 0.4576822916666667 0.06640625000000006 0.4850260416666667 0.19238281250000006 0.4850260416666667
0 0.55810546875 0.46484375000000006 0.42041015625 0.46484375 0.42041015625 0.4934895833333334 0.55810546875 0.4934895833333335
0 0.3759765625 0.4583333333333333 0.23779296875000006 0.4583333333333333 0.23779296875000006 0.4869791666666667 0.3759765625 0.4869791666666667
0 0.7548828125 0.68359375 0.59912109375 0.68359375 0.59912109375 0.7154947916666666 0.7548828125 0.7154947916666666
0 0.37109375 0.5592447916666666 0.23193359375000006 0.5592447916666666 0.23193359375000006 0.5904947916666666 0.37109375 0.5904947916666666
0 0.55859375 0.49088541666666674 0.421875 0.4908854166666667 0.421875 0.5195312500000001 0.55859375 0.5195312500000001
0 0.18945312500000006 0.4811197916666667 0.06445312500000006 0.4811197916666667 0.06445312500000006 0.5091145833333334 0.18945312500000006 0.5091145833333334
0 0.18847656250000006 0.505859375 0.05957031250000004 0.505859375 0.05957031250000005 0.5338541666666666 0.18847656250000006 0.5338541666666666
0 0.3627929687500001 0.7180989583333334 0.21777343750000006 0.7180989583333334 0.21777343750000006 0.7506510416666666 0.3627929687500001 0.7506510416666666
0 0.95947265625 0.5761718750000001 0.79736328125 0.5761718750000001 0.79736328125 0.6087239583333335 0.95947265625 0.6087239583333335
0 0.74853515625 0.4661458333333335 0.59814453125 0.4661458333333335 0.59814453125 0.4967447916666668 0.74853515625 0.4967447916666668
0 0.74951171875 0.5455729166666669 0.599609375 0.5455729166666669 0.599609375 0.5774739583333335 0.74951171875 0.5774739583333335
0 0.3720703125 0.5345052083333334 0.23339843750000006 0.5345052083333334 0.23339843750000006 0.564453125 0.3720703125 0.564453125
0 0.95556640625 0.5214843750000001 0.79736328125 0.5214843750000001 0.79736328125 0.5540364583333335 0.95556640625 0.5540364583333335
0 0.5517578125 0.7825520833333334 0.4057617187500001 0.7825520833333334 0.4057617187500001 0.8170572916666666 0.5517578125 0.8170572916666666
0 0.3706054687500001 0.6126302083333334 0.22802734375000006 0.6126302083333334 0.22802734375000006 0.6432291666666666 0.3706054687500001 0.6432291666666666
0 0.751953125 0.6263020833333335 0.6005859375 0.6263020833333335 0.6005859375 0.6588541666666669 0.751953125 0.6588541666666669
0 0.556640625 0.5657552083333334 0.416015625 0.5657552083333334 0.416015625 0.5963541666666667 0.556640625 0.5963541666666669
0 0.16943359375000006 0.8209635416666666 0.03125000000000007 0.8209635416666666 0.031250000000000076 0.8509114583333334 0.16943359375000006 0.8509114583333334
0 0.97705078125 0.8626302083333335 0.8046875 0.8626302083333334 0.8046875 0.8964843750000001 0.97705078125 0.8964843750000003
0 0.36962890625000006 0.5865885416666666 0.23046875000000006 0.5865885416666666 0.23046875000000006 0.6171875 0.3696289062500001 0.6171875
0 0.751953125 0.5989583333333335 0.599609375 0.5989583333333335 0.599609375 0.6315104166666669 0.751953125 0.6315104166666669
0 0.75146484375 0.5716145833333335 0.59765625 0.5716145833333335 0.59765625 0.6041666666666669 0.75146484375 0.6041666666666669
0 0.9521484375 0.4680989583333335 0.79736328125 0.4680989583333335 0.79736328125 0.4993489583333335 0.9521484375 0.4993489583333335
0 0.17480468750000006 0.7109375 0.04101562500000007 0.7109375 0.04101562500000007 0.7428385416666666 0.17480468750000006 0.7428385416666666
0 0.17187500000000006 0.73828125 0.03906250000000007 0.73828125 0.03906250000000007 0.7688802083333334 0.17187500000000006 0.7688802083333334
0 0.958984375 0.5488281250000001 0.7978515625 0.5488281250000001 0.7978515625 0.5826822916666669 0.958984375 0.5826822916666669
0 0.3740234375 0.4837239583333333 0.23681640625000006 0.4837239583333333 0.23681640625000006 0.5130208333333334 0.3740234375 0.5130208333333334
0 0.7529296875 0.5182291666666669 0.599609375 0.5182291666666669 0.599609375 0.5501302083333335 0.7529296875 0.5501302083333335
0 0.3652343750000001 0.6653645833333334 0.22314453125000006 0.6653645833333334 0.22314453125000006 0.6966145833333334 0.3652343750000001 0.6966145833333334
0 0.3603515625000001 0.8294270833333334 0.21093750000000006 0.8294270833333334 0.21093750000000006 0.8619791666666666 0.3603515625000001 0.8619791666666666
0 0.3613281250000001 0.7454427083333334 0.21630859375000006 0.7454427083333334 0.21630859375000006 0.7779947916666666 0.3613281250000001 0.7779947916666666
0 0.9638671875 0.7174479166666669 0.80322265625 0.7174479166666666 0.80322265625 0.7500000000000001 0.9638671875 0.7500000000000003
0 0.5576171875 0.43945312500000006 0.421875 0.439453125 0.421875 0.4680989583333334 0.5576171875 0.4680989583333335
0 0.7490234375 0.4407552083333335 0.59765625 0.4407552083333335 0.59765625 0.4700520833333335 0.7490234375 0.4700520833333335
0 0.3603515625000001 0.7734375 0.21386718750000006 0.7734375 0.21386718750000006 0.8059895833333334 0.3603515625000001 0.8059895833333334
0 0.759765625 0.857421875 0.59765625 0.857421875 0.59765625 0.8899739583333334 0.759765625 0.8899739583333334
0 0.55224609375 0.8404947916666666 0.4008789062500001 0.8404947916666666 0.4008789062500001 0.873046875 0.55224609375 0.873046875
0 0.958984375 0.6315104166666669 0.79931640625 0.6315104166666669 0.79931640625 0.6647135416666669 0.958984375 0.6647135416666669
0 0.17968750000000006 0.6315104166666666 0.048339843750000056 0.6315104166666666 0.048339843750000056 0.662109375 0.17968750000000006 0.662109375
0 0.95458984375 0.4427083333333335 0.7978515625 0.4427083333333335 0.7978515625 0.4739583333333335 0.95458984375 0.4739583333333335
0 0.55615234375 0.6445312500000001 0.4121093750000001 0.64453125 0.4121093750000001 0.6751302083333334 0.55615234375 0.6751302083333334
0 0.9658203125 0.8027343750000001 0.80615234375 0.802734375 0.80615234375 0.8372395833333335 0.9658203125 0.8372395833333336
0 0.5576171875 0.5149739583333334 0.42138671875 0.5149739583333334 0.42138671875 0.5442708333333334 0.5576171875 0.5442708333333335
0 0.18115234375000006 0.6067708333333334 0.050781250000000056 0.6067708333333334 0.050781250000000056 0.63671875 0.18115234375000006 0.63671875
0 0.5556640625 0.6184895833333334 0.4145507812500001 0.6184895833333334 0.4145507812500001 0.6477864583333334 0.5556640625 0.6477864583333335
0 0.17578125000000006 0.6848958333333334 0.04394531250000007 0.6848958333333334 0.04394531250000007 0.71484375 0.17578125000000006 0.71484375
0 0.55712890625 0.5917968750000001 0.41552734375 0.591796875 0.41552734375000006 0.6217447916666667 0.55712890625 0.6217447916666669
0 0.37353515625 0.5091145833333334 0.23535156250000006 0.5091145833333334 0.23535156250000006 0.5384114583333334 0.37353515625 0.5384114583333334
0 0.3588867187500001 0.8001302083333334 0.21240234375000006 0.8001302083333334 0.21240234375000006 0.8333333333333334 0.3588867187500001 0.8333333333333334
0 0.9599609375 0.6595052083333335 0.80078125 0.6595052083333335 0.80078125 0.6933593750000001 0.9599609375 0.6933593750000003
0 0.9716796875 0.8320312500000001 0.806640625 0.83203125 0.806640625 0.8665364583333335 0.9716796875 0.8665364583333336
0 0.75244140625 0.6536458333333335 0.599609375 0.6536458333333335 0.599609375 0.6881510416666666 0.75244140625 0.6881510416666666
0 0.7548828125 0.8255208333333334 0.5986328125 0.8255208333333334 0.5986328125 0.861328125 0.7548828125 0.861328125
0 0.7490234375 0.4915364583333335 0.59814453125 0.4915364583333335 0.59814453125 0.5221354166666669 0.7490234375 0.5221354166666669
0 0.18652343750000006 0.5299479166666666 0.057128906250000056 0.5299479166666666 0.057128906250000056 0.55859375 0.18652343750000006 0.55859375
0 0.96240234375 0.6028645833333335 0.79736328125 0.6028645833333335 0.79736328125 0.6373697916666669 0.96240234375 0.6373697916666669
0 0.5537109375 0.669921875 0.4111328125000001 0.669921875 0.4111328125000001 0.7018229166666666 0.5537109375 0.7018229166666666
0 0.7529296875 0.7376302083333334 0.59765625 0.7376302083333334 0.59765625 0.771484375 0.7529296875 0.771484375
0 0.17138671875000006 0.791015625 0.03466796875000007 0.791015625 0.03466796875000007 0.8229166666666666 0.17138671875000006 0.8229166666666666
0 0.75439453125 0.767578125 0.599609375 0.767578125 0.599609375 0.8001302083333334 0.75439453125 0.8001302083333334
0 0.9599609375 0.6875000000000001 0.80126953125 0.6875 0.80126953125 0.7213541666666669 0.9599609375 0.721354166666667
0 0.3627929687500001 0.6907552083333334 0.21972656250000006 0.6907552083333334 0.21972656250000006 0.72265625 0.3627929687500001 0.72265625
0 0.75390625 0.7102864583333334 0.59765625 0.7102864583333334 0.59765625 0.7434895833333334 0.75390625 0.7434895833333334
0 0.55419921875 0.7239583333333334 0.4067382812500001 0.7239583333333334 0.4067382812500001 0.7565104166666666 0.55419921875 0.7565104166666666
0 0.55126953125 0.8111979166666666 0.4028320312500001 0.8111979166666666 0.4028320312500001 0.8450520833333334 0.55126953125 0.8450520833333334
0 0.7568359375 0.7962239583333334 0.599609375 0.7962239583333334 0.599609375 0.8307291666666666 0.7568359375 0.8307291666666666
0 0.96484375 0.7441406250000001 0.80419921875 0.744140625 0.80419921875 0.7792968750000001 0.96484375 0.7792968750000003
0 0.9521484375 0.41601562500000017 0.79736328125 0.41601562500000017 0.79736328125 0.4446614583333335 0.9521484375 0.4446614583333335
0 0.17333984375000006 0.7649739583333334 0.03662109375000007 0.7649739583333334 0.03662109375000007 0.7955729166666666 0.17333984375000006 0.7955729166666666
0 0.5576171875 0.5397135416666667 0.41748046875 0.5397135416666666 0.41748046875 0.5703125000000001 0.5576171875 0.5703125000000001
0 0.9658203125 0.7727864583333335 0.8046875 0.7727864583333334 0.8046875 0.8079427083333335 0.9658203125 0.8079427083333336
0 0.3666992187500001 0.638671875 0.22558593750000006 0.638671875 0.22558593750000006 0.669921875 0.3666992187500001 0.669921875
0 0.55419921875 0.7526041666666666 0.4062500000000001 0.7526041666666666 0.4062500000000001 0.7877604166666666 0.55419921875 0.7877604166666666
0 0.953125 0.4947916666666668 0.798828125 0.4947916666666668 0.798828125 0.5273437500000001 0.953125 0.5273437500000001
0 0.55712890625 0.41666666666666674 0.42236328125 0.4166666666666667 0.42236328125 0.4427083333333334 0.55712890625 0.4427083333333335
0 0.3828125 0.4095052083333333 0.23925781250000006 0.4095052083333333 0.23925781250000006 0.4348958333333333 0.3828125 0.4348958333333333
0 0.19628906250000006 0.4088541666666667 0.06787109375000003 0.4088541666666667 0.06787109375000003 0.435546875 0.19628906250000006 0.435546875
0 0.751953125 0.4153645833333335 0.59912109375 0.4153645833333335 0.59912109375 0.4427083333333335 0.751953125 0.4427083333333335