0 0.7592592592592595 0.4895833333333333 0.2453703703703705 0.4895833333333333 0.2453703703703705 0.5203125 0.7592592592592595 0.5203125
0 0.7601851851851852 0.3921875 0.2462962962962964 0.3921875 0.2462962962962964 0.42239583333333336 0.7601851851851852 0.42239583333333336
0 0.7629629629629632 0.521875 0.23981481481481493 0.521875 0.23981481481481493 0.5526041666666667 0.7629629629629632 0.5526041666666667
0 0.7611111111111112 0.4578125 0.24814814814814826 0.4578125 0.24814814814814826 0.48802083333333335 0.7611111111111113 0.48802083333333335
0 0.7574074074074074 0.36354166666666665 0.24907407407407417 0.36354166666666665 0.24907407407407417 0.39166666666666666 0.7574074074074074 0.39166666666666666
0 0.7648148148148151 0.6911458333333333 0.22314814814814832 0.6911458333333333 0.22314814814814832 0.7260416666666667 0.7648148148148151 0.7260416666666667
0 0.762962962962963 0.425 0.24814814814814826 0.425 0.24814814814814826 0.4546875 0.762962962962963 0.4546875
0 0.7620370370370371 0.328125 0.24814814814814826 0.328125 0.24814814814814826 0.359375 0.7620370370370371 0.359375
0 0.7629629629629632 0.7619791666666667 0.22222222222222238 0.7619791666666667 0.22222222222222238 0.7994791666666666 0.7629629629629632 0.7994791666666666
0 0.7611111111111113 0.7260416666666667 0.22314814814814832 0.7260416666666667 0.22314814814814832 0.7635416666666667 0.7611111111111113 0.7635416666666667
0 0.7638888888888891 0.5546875 0.24444444444444455 0.5546875 0.24444444444444455 0.5864583333333333 0.7638888888888891 0.5864583333333333
0 0.7527777777777778 0.1776041666666667 0.2564814814814815 0.17760416666666667 0.2564814814814815 0.20572916666666669 0.7527777777777778 0.2057291666666667
0 0.7611111111111113 0.6583333333333333 0.2296296296296298 0.6583333333333333 0.2296296296296298 0.6916666666666667 0.7611111111111113 0.6916666666666667
0 0.7555555555555555 0.2072916666666667 0.2537037037037037 0.20729166666666668 0.2537037037037037 0.2338541666666667 0.7555555555555555 0.23385416666666672
0 0.7583333333333333 0.2671875 0.24814814814814826 0.2671875 0.24814814814814826 0.296875 0.7583333333333333 0.296875
0 0.7620370370370371 0.2989583333333333 0.24814814814814826 0.2989583333333333 0.24814814814814826 0.328125 0.7620370370370371 0.328125
0 0.7490740740740741 0.14895833333333336 0.25462962962962965 0.14895833333333333 0.25462962962962965 0.17500000000000002 0.7490740740740741 0.17500000000000007
0 0.7629629629629632 0.8005208333333333 0.2194444444444446 0.8005208333333333 0.2194444444444446 0.8359375 0.7629629629629632 0.8359375
0 0.7657407407407409 0.621875 0.23240740740740756 0.621875 0.23240740740740756 0.6552083333333333 0.7657407407407409 0.6552083333333333
0 0.7472222222222222 0.12135416666666671 0.2574074074074074 0.1213541666666667 0.2574074074074074 0.14583333333333337 0.7472222222222222 0.1458333333333334
0 0.7453703703703703 0.09166666666666672 0.25925925925925924 0.0916666666666667 0.25925925925925924 0.11875000000000005 0.7453703703703703 0.11875000000000006
0 0.7564814814814815 0.23645833333333335 0.25092592592592594 0.23645833333333333 0.250925925925926 0.26562500000000006 0.7564814814814815 0.26562500000000006
0 0.7675925925925928 0.8734375 0.22222222222222243 0.8734375 0.22222222222222243 0.9109375 0.7675925925925928 0.9109375
0 0.7601851851851854 0.8369791666666667 0.2194444444444446 0.8369791666666667 0.21944444444444464 0.8729166666666667 0.7601851851851854 0.8729166666666667
0 0.7629629629629632 0.5885416666666666 0.23611111111111122 0.5885416666666666 0.23611111111111124 0.6213541666666667 0.7629629629629632 0.6213541666666667
0 0.7472222222222222 0.060416666666666695 0.262037037037037 0.06041666666666668 0.262037037037037 0.08958333333333338 0.7472222222222222 0.08958333333333339
0 0.769061027777778 0.9198473958333335 0.21319218425925945 0.9102369791666669 0.21090812521193916 0.9520375772674629 0.7667769687304576 0.9616479939341295