0 0.7937361111111113 0.08932617187500003 0.25251432291666664 0.06451635742187503 0.24716966240071564 0.10140706063645598 0.7883914505951602 0.126216875089581
0 0.7915329861111112 0.12733618164062502 0.25107421875 0.10461279296875002 0.2463463882401863 0.1401920128958575 0.7868051556012975 0.16291540156773252
0 0.7834557291666666 0.16534619140625 0.249578125 0.14247265625 0.24504847392937995 0.1759243578471449 0.7789260780960466 0.19879789300339495
0 0.7819869791666668 0.19961303710937503 0.24487977430555563 0.17847802734375004 0.2405311031833618 0.21344516983502398 0.777638308044473 0.23458017960064897
0 0.7724409722222223 0.23468164062500005 0.24546701388888895 0.21415307617187504 0.24132443681230523 0.24780006660671766 0.7682983951456386 0.26832863105984267
0 0.7658320312500001 0.26853515625 0.245467013888889 0.24949755859375 0.24160583361995697 0.2828909924652219 0.7619708509810681 0.30192859012147194
0 0.7636289062500001 0.304016845703125 0.24253081597222229 0.28583325195312503 0.23903987194986628 0.31748718650277563 0.7601379622276441 0.3356707802527756
0 0.7577543402777779 0.33706909179687505 0.24194357638888894 0.3211779785156251 0.23887344268770228 0.3527090275324714 0.7546842065765912 0.3686001408137214
0 0.7482083333333335 0.3713605957031251 0.24005946180555565 0.35483447265625 0.23710161399261231 0.3836111642204798 0.7452504855203901 0.40013728726735487
0 0.7460052083333335 0.4052390136718749 0.23859071180555563 0.38953930664062497 0.23579150073565452 0.41816473688537176 0.7432059972634323 0.4338644439166217
0 0.7430681423611113 0.43576293945312505 0.23842013888888902 0.4222568359375001 0.23592960347340183 0.45170079876541724 0.7405776069456241 0.4652069022810422
0 0.7371935763888889 0.4688149414062501 0.234896701388889 0.45429833984375 0.2324113913638981 0.48150787638614817 0.734708266363898 0.49602447794864823
0 0.7320533854166666 0.50018994140625 0.23196050347222227 0.48633984375 0.22951163162229657 0.5143173466884946 0.7296045135667409 0.5281674443447446
0 0.7232413194444445 0.5303251953125001 0.22902430555555567 0.517059814453125 0.22668603386391822 0.5446235449108439 0.7209030477528071 0.5578889257702189
0 0.7239756944444445 0.5600720214843751 0.2307860243055557 0.549431640625 0.22880613712530037 0.5784680088723368 0.7219958072641891 0.5891083897317119
0 0.7181011284722225 0.5905959472656251 0.22961154513888904 0.5788303222656251 0.22755498431665508 0.6058466873623615 0.7160445676499886 0.6176123123623615
0 0.7129609375000002 0.6199296875 0.2244986234206616 0.6116519258895003 0.2229919442312515 0.6397828494614374 0.7114542583105901 0.648060611071937
0 0.6666987847222224 0.9300090332031251 0.2043362488483875 0.9286289724357433 0.20407112736450628 0.9567333779072873 0.6664336632383412 0.9581134386746691
0 0.6725733506944446 0.9023525390625 0.20905815972222241 0.900565673828125 0.20873594608151974 0.9270117441514735 0.672251137053742 0.9287986093858485
0 0.6747764756944447 0.874720703125 0.20680116223909026 0.8718090074848512 0.20625653963083185 0.8995050480726359 0.6742318530861863 0.9024167437127847
0 0.6777135416666668 0.84621337890625 0.21023263888888905 0.844080322265625 0.20982727875559246 0.8721894632635012 0.6773081815333701 0.8743225199041262
0 0.6828926866751619 0.8171069070714059 0.20563000293371309 0.8129798281602416 0.20481206597222246 0.8429079589843751 0.6820747497136712 0.8470350378955394
0 0.6901970486111114 0.79209033203125 0.21309491696241312 0.7865828138670024 0.21209894872089002 0.8138817650957775 0.6892010803695883 0.8193892832600251
0 0.6931345486111112 0.761128662109375 0.2161050347222224 0.7558837890625 0.21507118198631292 0.7856356410098302 0.6921006958752017 0.7908805140567052
0 0.6975403645833336 0.73386083984375 0.2202157118055557 0.723842529296875 0.21807322941012944 0.75614098004529 0.6953978821879073 0.7661592905921649
0 0.7024381352802561 0.7041484135319964 0.224326388888889 0.6944436035156251 0.22235376480624047 0.7251926575875226 0.7004655111976076 0.734897467603894
0 0.706351996527778 0.67524267578125 0.22417229178936043 0.6659991619700025 0.2223678371555173 0.695781778768971 0.704547541893935 0.7050252925802184
0 0.7092894965277778 0.647148193359375 0.2231519097222224 0.636306640625 0.22096662036350903 0.6673109255064497 0.7071042071690645 0.6781524782408247