0 0.9087883908272811 0.1638274573908018 0.9044151840277779 0.12047109765625 0.26610776319671814 0.14084255742930726 0.2704809699962213 0.18419891716385906
0 0.9098028486684238 0.2072805062155605 0.9055467230902777 0.16639311865234374 0.26723915187602376 0.18741638148823514 0.2714952774541696 0.2283037690514519
0 0.9053964272495434 0.24708766435392712 0.9013173940972222 0.20903483544921872 0.2756734207287843 0.23025469991671987 0.2797524538811056 0.2683075288214283
0 0.9104422142461289 0.2884703879608599 0.9064684184027778 0.25046750048828126 0.27968048234969584 0.27120491639481026 0.2836542781930469 0.3092078038673889
0 0.9069972714471083 0.3301512260602033 0.9030766274011754 0.29289403650703105 0.28632731597222233 0.3134293364257813 0.2902479600181551 0.35068652597895356
0 0.902200795468521 0.3680351143637216 0.8987182803819445 0.3333195283203125 0.2960179328300901 0.35244952967924714 0.2995004479166667 0.3871651157226563
0 0.9080334623841195 0.407394506057523 0.9045759913194443 0.3722912646484374 0.29968426790497044 0.3911422488395846 0.30314173896964575 0.42624549024867014
0 0.9034355514918361 0.44229318427163355 0.900016814236111 0.4096198139648438 0.31208378964865585 0.4290843788058669 0.3155025269043808 0.46175774911265666
0 0.9028660591469334 0.4801280120536612 0.8997505928819444 0.44686403662109375 0.3144074634225109 0.4642102418525888 0.31752292968749996 0.49747421728515623
0 0.8999393836165288 0.5144542468988679 0.8967883217684602 0.4827603441297825 0.3125372309027778 0.501139509765625 0.3156882927508463 0.5328334125347104
0 0.9029271859963021 0.5530753519671414 0.9000103394097222 0.5202828129882813 0.32159024603241454 0.5365617847224775 0.32450709261899446 0.5693543237013377
0 0.9016428539117834 0.585509475556702 0.8984889173649139 0.5531238752413088 0.3289438420138888 0.5706737553710937 0.33209777856075823 0.6030593556864868
0 0.9000758663194445 0.9920957978515625 0.8987909143197785 0.9703588909784617 0.37871355798664563 0.9800864115704961 0.3799985099863115 1.001823318443597
0 0.9062208264871907 0.9702209628712395 0.9048037578124999 0.9436407036132812 0.3701548627902326 0.9526594341724327 0.3715719314649233 0.9792396934303911
0 0.9082378620450611 0.943573247401357 0.9063186623263889 0.9126589858398437 0.36888149731159076 0.9232158283662397 0.3708006970302628 0.954130089927753
0 0.9106545789159688 0.9106197981406173 0.9086828513144442 0.8816096865037072 0.36187090711805553 0.8933689619140625 0.36384263471957995 0.9223790735509726
0 0.9096242029121786 0.8801736883365481 0.9076799889075018 0.851524078393 0.35770709288194447 0.8633330395507811 0.3596513068866212 0.8919826494943291
0 0.9089578249739905 0.8501940264074497 0.9065240845655693 0.8194142279379011 0.3524041970486111 0.8332772294921875 0.35483793745703207 0.864057027961736
0 0.9017941834803556 0.821397661616784 0.8994439036458333 0.7880769384765626 0.35522067409088 0.8002227709052603 0.35757095392540217 0.8335434940454817
0 0.908532649140631 0.7873984434053676 0.9058870792355059 0.7537499039214078 0.34764170052083343 0.7676373764648439 0.3502872704259584 0.8012859159488036
0 0.9077370572916666 0.7555112412109376 0.9051591411764927 0.7226695143142304 0.34526036111111114 0.7365753588867188 0.347838277226285 0.7694170857834259
0 0.9047723363862263 0.7246713484439251 0.9018802115300039 0.689107019218263 0.33404955295138883 0.703717560546875 0.3369416778076113 0.7392818897725371
0 0.9023412737506887 0.6904395327526776 0.8999099626736111 0.6571215600585939 0.33597372609021814 0.6701423405089814 0.33840503716729586 0.703460313203065
0 0.9001396488999114 0.6566282457550002 0.8977644712782783 0.6228175459528443 0.33296037413194446 0.6353716240234375 0.3353355517535775 0.6691823238255934
0 0.9033563350726393 0.6222199126173366 0.9008026788194443 0.588429376953125 0.32742682934528605 0.602139830140982 0.32998048559848114 0.6359303658051936