0 0.8249812205076231 0.8882762870438712 0.07550502899041667 0.8697519103224899 0.07154363573973825 0.92046350267315 0.8210198272569448 0.9389878793945314
0 0.8308719057015058 0.8400355384461551 0.0807913461862016 0.8186694550961577 0.07648517708333352 0.86650151953125 0.8265657365986377 0.8878676028812473
0 0.8307970388366295 0.7910342997681095 0.09404146138562902 0.7700246222782655 0.08997587847222241 0.8151345283203125 0.8267314559232228 0.8361442058101565
0 0.8288104506906507 0.7425218831658407 0.10675361573627551 0.7235990500956102 0.10310901736111128 0.7676018139648438 0.8251658523154866 0.7865246470350743
0 0.8276502508934455 0.695690941967337 0.11481375606773317 0.677574567050665 0.11131287757012116 0.7211599351419217 0.8241493723958335 0.7392763100585937
0 0.8279734918196822 0.6511190787401697 0.12380603162305887 0.6332350295251481 0.12053625086805571 0.6739705981445312 0.8247037110646791 0.6918546473595528
0 0.8188835427734317 0.6056967986525748 0.13267246221813783 0.5888337797686422 0.12950673020859516 0.629594476721536 0.8157178107638889 0.6464574956054686
0 0.8245609986187068 0.5655804522050697 0.14076268825130567 0.5470936923272133 0.1374662682291668 0.5856730346679687 0.8212645785965679 0.6041597945458251
0 0.8245806644524982 0.006769631910692528 0.25207807808024385 -0.00649463765751718 0.2501710859375 0.01954818603515627 0.8226736723097544 0.03281245560336597
0 0.8282402502184125 0.03742636975085561 0.2459371035335155 0.021602463862343144 0.24388330902777777 0.04551565234375001 0.8261864557126747 0.061339558232262476
0 0.8297937828149076 0.0619670345100512 0.24553790760073793 0.04609771892281901 0.2428794600694445 0.07706606689453127 0.8271353352836142 0.09293538248176346
0 0.8257480921833557 0.09560488291752721 0.23638916438786398 0.08071286781550067 0.2343070642361111 0.106784791015625 0.8236659920316028 0.12167680611765154
0 0.8288630511495747 0.12665763379244876 0.22741956332409746 0.11259192404963782 0.225333427951389 0.14081606396484375 0.8267769157768661 0.1548817737076547
0 0.8321771478883049 0.1599534482989631 0.22570711284013528 0.144059781576245 0.22336736805555557 0.17230850244140627 0.8298374031037251 0.18820216916412438
0 0.8322994485815882 0.19259699229699928 0.21410806973213037 0.1758283008497047 0.2114988559027778 0.20626366455078127 0.8296902347522356 0.22303235599807586
0 0.832675556757151 0.22359318798542321 0.20449621315493177 0.2099692907324642 0.20211752604166672 0.2446721025390625 0.8302968696438859 0.2582959997920215
0 0.8314690015596264 0.26110638803412123 0.20192750895527425 0.24794651551830227 0.19983255600675898 0.2796562060974624 0.8293740486111112 0.2928160786132813
0 0.8272797878263669 0.29475633142506935 0.19270470853837995 0.2826055273702064 0.1905897540453466 0.31755366811310587 0.8251648333333335 0.32970447216796883
0 0.8311341884587535 0.33344794202328104 0.19753675461122527 0.3185030502876997 0.19495367899969426 0.3531530159792625 0.8285511128472225 0.36809790771484385
0 0.827743498574693 0.3720289195919655 0.17780021574067384 0.35555721678295293 0.1750597456597223 0.3897714711914062 0.8250030284937416 0.40624317400041876
0 0.8250285301528648 0.4072780884358159 0.18198313473505884 0.39207687769392063 0.17936136326274968 0.42716849140654234 0.8224067586805557 0.4423697021484376
0 0.8275614643296607 0.5243311964160271 0.15298948592203832 0.5072091731010655 0.14989467350209998 0.5457883179936323 0.8244666519097223 0.5629103413085939
0 0.8237070760394481 0.4839487523705984 0.16171330862814115 0.46659998309107215 0.158608654513889 0.5040837739257812 0.820602421925196 0.5214325432053074
0 0.8249154223741331 0.44478167914006883 0.1711508127112688 0.4276485701194453 0.16809113541666676 0.46458933691406246 0.8218557450795311 0.481722445934686