0 0.8160150940188431 0.0802747025492528 0.8091258680555556 0.034910400390624985 0.16640776489708842 0.0657935639415019 0.17329699086037598 0.1111578661001297
0 0.8217223015833091 0.12414150191054757 0.8160807291666666 0.083594970703125 0.17173861494661594 0.1119616195615013 0.17738018736325833 0.15250815076892385
0 0.8284989734998155 0.16747391398744688 0.8230976618742072 0.12649972216708194 0.17475390624999998 0.15354174804687504 0.18015521787560845 0.19451593986723997
0 0.8302392100108134 0.20824855263329792 0.825353732638889 0.16966235351562503 0.1822803121646317 0.19542441534896424 0.1871657895365561 0.23401061446663712
0 0.8341055815637671 0.25335024583988186 0.8299904513888888 0.21182666015625 0.1851416607557393 0.23204714999421328 0.1892567909306176 0.2735707356778451
0 0.8350505503190421 0.29408761424809887 0.8315360243055555 0.256164306640625 0.19105139860146705 0.2749451165216479 0.1945659246149536 0.31286842412912175
0 0.8305223360542944 0.33463860725061373 0.8276723090277778 0.29789404296875 0.19589526441186159 0.3133987931114517 0.1987452914383782 0.35014335739331537
0 0.830086952790499 0.37429298761455865 0.827015625 0.3366640625 0.20083283552440817 0.35283557114378994 0.20390416331490713 0.3904644962583485
0 0.8302807138246717 0.4130711163369495 0.8284448784722224 0.37657177734375 0.2112133677187736 0.3863947259623516 0.2130492030712229 0.422894064955551
0 0.8331112560514337 0.45089416584774034 0.8307261244903678 0.41467846955446525 0.22210329861111108 0.427361083984375 0.224488430172177 0.4635767802776501
0 0.8345134210808945 0.4869776004757173 0.8330815972222222 0.45264135742187495 0.22583805490470935 0.46065342823264205 0.22726987876338178 0.4949896712864844
0 0.8335422561071327 0.5272350756178406 0.83230859375 0.49306689453125013 0.22692654419987082 0.4999827999625271 0.22816020655700356 0.5341509810491175
0 0.833162590752887 0.562048142564644 0.8322647478855675 0.5292842639888441 0.23466536458333329 0.5344658203125 0.23556320745065293 0.5672296988882999
0 0.8366116812724832 0.598471840932639 0.8361727430555557 0.5630510253906251 0.2375036967191043 0.5653983691567831 0.23794263493603193 0.600819184698797
0 0.8342411415222138 0.6322047456947788 0.8338541666666667 0.600868408203125 0.24335904711392858 0.6031756646968519 0.24374602196947587 0.6345120021885057
0 0.8339548317416142 0.6681363524643071 0.8338541666666667 0.63564306640625 0.2510882794004068 0.636214313972583 0.2511889444753544 0.6687076000306401
0 0.8330815972222226 0.9325319824218751 0.2887790798611114 0.9218818359375001 0.28708633106623865 0.9492548315976045 0.8313888484273498 0.9599049780819795
0 0.8361727430555557 0.9008000488281249 0.282980902777778 0.8914357910156249 0.2813718790931337 0.9215110858851085 0.8345637193709113 0.9308753436976086
0 0.8361727430555557 0.872545654296875 0.27911588541666676 0.861533447265625 0.27734669653226063 0.8898502628881573 0.8344035541711495 0.9008624699194073
0 0.839263888888889 0.8408137207031251 0.2771831597222224 0.83271826171875 0.2758077338146999 0.8629344357448483 0.8378884629813665 0.8710298947292234
0 0.8453758680555558 0.8033596191406251 0.27041883680555573 0.798466552734375 0.2694926933853138 0.8328997680897565 0.844449724635314 0.8377928344960067
0 0.8477643229166668 0.771264404296875 0.2684899887184719 0.7707026400582383 0.26840154307046954 0.7995596759399918 0.8476758772686643 0.8001214401786285
0 0.8454457465277779 0.7390976562500001 0.26268836805555573 0.7370632324218751 0.262335318336869 0.7690615592882805 0.8450926968090912 0.7710959831164055
0 0.840912636629398 0.7348728803333666 0.8408094618055554 0.7021496582031251 0.26268295688792564 0.7027264055558637 0.2627861317117683 0.7354496276861052
0 0.8408094618055555 0.671287109375 0.2549578993055557 0.6702556152343749 0.25477958436709225 0.7023001232981516 0.8406311468670921 0.7033316174387767