0 0.6702353920675064 0.07285224908953619 0.6357384305555557 0.014429283691406239 -0.01467980178972851 0.13594571526593258 0.019817159722222248 0.19436868066406254
0 0.6862640542337289 0.12910543814483819 0.6571125138888888 0.07176651416015625 0.00603299090515984 0.17650132650359932 0.03518453125 0.23384025048828125
0 0.7064556875716307 0.1797447084163979 0.6808938784722222 0.12809610888671874 0.03764049645614706 0.22882641853672703 0.06320230555555556 0.2804750180664062
0 0.710695706173925 0.23377327816501536 0.6891992135416666 0.1846300478515625 0.05670683195876141 0.27216958744460656 0.07820332459101981 0.3213128177580594
0 0.7233770674663083 0.2838732256802367 0.7053715972222223 0.23521670263671873 0.07757751267331317 0.308723189981705 0.09558298291739911 0.357379713025223
0 0.7355923610882283 0.3350229871991487 0.7196636770833332 0.28706356982421877 0.09675756565758281 0.3525232145103192 0.11268624966247787 0.40048263188524913
0 0.7390087027316956 0.38337901444983297 0.7249939236111111 0.33468050976562497 0.12319322184628063 0.3894789724192505 0.13720800096686514 0.4381774771034585
0 0.753502941159636 0.431980604304945 0.7430461380208333 0.38400672851562495 0.1383572452543883 0.4257101003732397 0.1488140483931909 0.47368397616255975
0 0.7668295199652778 0.47293970166015625 0.7579567178819445 0.4264807446289062 0.1604245783331687 0.4625882647177822 0.169297380416502 0.5090472217490322
0 0.7804700516648904 0.5137717686621546 0.7728669027777778 0.4689550258789063 0.17809257778216844 0.5008814642104852 0.18569572666928102 0.5456982069937335
0 0.7985283072916668 0.5577773706054688 0.7932342143025997 0.5128716779246677 0.1952214642517074 0.5351789088185694 0.20051555724077452 0.5800846014993706
0 0.8002474722222221 0.5988956347656252 0.7970959721959234 0.556055686931131 0.21336271534236712 0.5696428213601084 0.2165142153686658 0.6124827691946025
0 0.8202577925347222 0.6373605068359375 0.8179944543697736 0.5955248202986081 0.23302237811393203 0.6055382472829421 0.23528571627888065 0.6473739338202715
0 0.8328048758680556 0.6779459023437501 0.8325460697530348 0.6329135612737485 0.24450367822462227 0.633982871443693 0.24476248433964296 0.6790152125136946
0 0.840985077896788 0.6756826472328131 0.2608633351537464 0.673267212326446 0.26031937010418077 0.7146042980037893 0.8404411128472224 0.7170197329101564
0 0.8505968528132659 0.7144692369888733 0.27239993923611133 0.712537966796875 0.27202642583256775 0.7479200969955017 0.8502233394097224 0.7498513671875
0 0.858498191840278 0.750198728515625 0.2862815486111112 0.7416611337890625 0.28430080702839844 0.7836658275348936 0.8565174502575652 0.792203422261456
0 0.8828816606054083 0.7867724967127063 0.29848081857638903 0.7699904731445314 0.2948803055404253 0.8096617288732314 0.8792811475694446 0.8264437524414063
0 0.8861216898905315 0.8243537714946724 0.31108648784722237 0.8009299179687499 0.30642962434557997 0.8371020952045463 0.8814648263888891 0.8605259487304687
0 0.8937013340777755 0.8616506772017837 0.32496414149305575 0.83420092578125 0.320095431547225 0.8661186685013416 0.8888326241319446 0.8935684199218752
0 0.9064810308353718 0.8937485134710095 0.33772076388888905 0.8649607187499999 0.33282897958129504 0.8955404176813342 0.9015892465277778 0.9243282124023438
0 0.9187518214546709 0.9269858114872298 0.3542068376736113 0.8904125747070313 0.34843855985520844 0.9185851389537152 0.912983543636268 0.9551583757339137