0 0.9992111970926698 0.12960830852081756 0.028689351562500028 0.10789687499999999 0.023666201101042648 0.178942617402261 0.9941880466312123 0.20065405092307856
0 0.992840277777778 0.19412630224609384 0.0572619246081659 0.18505438179756323 0.055332757941499326 0.24800438179756318 0.9909111111111114 0.2570763022460938
0 0.9909111111111114 0.2603322915039062 0.056373768305597975 0.25452009189609387 0.05522094058141066 0.3131697662156212 0.9897582833869242 0.3189819658234335
0 0.9831949071180556 0.325453125 0.06016481510416673 0.32134192724609373 0.05943065493704701 0.3734954157763017 0.9824607469509359 0.37760661353020797
0 0.9774078706597223 0.38284687500000003 0.06941596583546915 0.37945292103230843 0.06878730127545266 0.43266865554032213 0.9767792060997059 0.43606260950801373
0 0.9774078706597223 0.43928489599609377 0.07250601822916675 0.4358859375 0.0718345365534776 0.4924492499790176 0.976736388984033 0.4958482084751114
0 0.9581175928819446 0.49897890624999997 0.07559120399305566 0.49836458349609364 0.07547657949153558 0.5504664896683773 0.9580029683804246 0.5510808124222836
0 0.950401388888889 0.5532463540039063 0.07511506449306243 0.5504286757314585 0.07459564595563904 0.6014816723406397 0.9498819703514657 0.6042993506130875
0 0.9426851848958333 0.6064283852539064 0.0725060182291668 0.6050989584960937 0.07225434440971651 0.6572217130990222 0.942433511076383 0.6585511398568349
0 0.9195365737847224 0.6616513022460938 0.07713425954861126 0.6589 0.07661317722528677 0.7093815455623766 0.9190154914613982 0.7121328478084704
0 0.9235918982069307 0.7582367799899571 0.9233944444444444 0.7104919272460937 0.08230090959626124 0.7115925239395934 0.08249836335874751 0.7593373766834568
0 0.9098912039930556 0.7582471352539063 0.0842569444444446 0.7582471352539063 0.0842569444444446 0.80600234375 0.9098912039930556 0.80600234375
0 0.9069353609191961 0.8526029098606587 0.906032870659722 0.8092583334960938 0.07177991685858144 0.8147543821315288 0.07268240711805556 0.8580989584960937
0 0.8987090797502483 0.9002863367772238 0.8983166666666667 0.8547132812499999 0.08788205153907241 0.8569212776812791 0.08827446462265412 0.902494333208503
0 0.8910954804678742 0.9436778325050783 0.8906004626736111 0.9057244790039063 0.08930852193265476 0.9090312679972624 0.08980353972691774 0.9469846214984344
0 0.880238265216993 0.9914360775971527 0.879026388888889 0.95239453125 0.08791066105648969 0.9601644479674631 0.0891225373845937 0.999205994314616