0 0.8200229479166667 0.09534266699218753 0.2803038107638889 0.059923259277343766 0.27268379145956395 0.09666228608074513 0.8124029286123418 0.1320816937955889
0 0.8158553333333335 0.1332862729492188 0.2767910225694445 0.09996699853515628 0.2698673660961186 0.1354096015078699 0.8089316768600077 0.16872887592193242
0 0.8058159713541666 0.17111456347656254 0.27333791579861116 0.13777442871093754 0.2667440056992466 0.1710957672283274 0.799222061254802 0.2044359019939524
0 0.8025759800347222 0.20533170166015627 0.26677974131944443 0.17366563330078127 0.2602721097972875 0.20850526243281825 0.7960683485125652 0.24017133079219324
0 0.7912205564236111 0.24019154492187506 0.26552209114583336 0.20933047753906253 0.2593019375685583 0.24285572001087397 0.7850004028463361 0.2737167873936865
0 0.7828638342013889 0.2738946982421875 0.2636945329861111 0.24465342919921873 0.25777069678784315 0.2779317100462449 0.776939998003121 0.30717297908921365
0 0.7788269513888889 0.3093115234375 0.2588807161458334 0.28090934765625 0.2534340784182851 0.3124579679100755 0.7733803136613405 0.34086014369132556
0 0.7712457369791668 0.3422283120117188 0.2564661440972223 0.3162210151367188 0.2514467900823527 0.34765641492546456 0.7662263829642971 0.3736637118004646
0 0.7599304947916667 0.3763115288085938 0.25284251649305567 0.3498200195312501 0.24810614119962102 0.37850587286569376 0.7551941194982322 0.4049973821430375
0 0.7559765112847223 0.41012605957031256 0.24957987934027795 0.3844748793945313 0.24501110258223532 0.4130132023739198 0.7514077345266796 0.4386643825497011
0 0.7514623368055555 0.4405737333984375 0.24771764843750008 0.41716912939453127 0.24340594096065077 0.4465323389743826 0.7471506293287062 0.4699369429782888
0 0.7438811354166667 0.47349027783203124 0.2425388706597223 0.44912194580078124 0.23837106088590426 0.4762526744276105 0.7397133256428485 0.5006210064588605
0 0.7371207239583334 0.5047452578125 0.23794709375000003 0.48108629052734375 0.23376796147999274 0.5089851867565179 0.7329415916883261 0.5326441540416741
0 0.72675403125 0.5346891650390626 0.23342365017361122 0.5117299072265626 0.229380519838415 0.5392178863317564 0.7227109009148038 0.5621771441442563
0 0.7259499878472224 0.5644322866210939 0.2335108012152779 0.5441165976562501 0.22973380882483407 0.5730841775612184 0.7221729954567786 0.5933998665260622
0 0.7184995060763888 0.5948222949218749 0.2308166805555557 0.5734743139648436 0.22708853901165987 0.6004217904074031 0.714771364532493 0.6217697713644343
0 0.7118446414930557 0.6240372587890626 0.22426268135282376 0.6061848502919646 0.22101402910803541 0.6342585138619103 0.7085959892482673 0.6521109223590084
0 0.6495679921875 0.9330195415039062 0.18774693706982776 0.9225700863754339 0.18573921854390385 0.950645616393494 0.6475602736615762 0.9610950715219663
0 0.6568702074652779 0.9054952182617186 0.19363565972222244 0.8946101904296874 0.19167378661493942 0.9210274257683487 0.6549083343579949 0.93191245360038
0 0.6605011987847225 0.87792346484375 0.19313876039787903 0.8658337773911311 0.19087731683901243 0.8934948832494145 0.6582397552258558 0.9055845707020334
0 0.6649111006944446 0.8494911635742187 0.1977303515625002 0.8381823041992188 0.19558232145528923 0.8662593592066419 0.6627630705872335 0.8775682185816418
0 0.6717145715082714 0.8189694048518552 0.1947362123244077 0.8070292064211168 0.1923725998263891 0.8369042441406251 0.6693509590102528 0.8488444425713636
0 0.6801880807291669 0.7956461503906249 0.20382885803582113 0.7807842590319309 0.2011415025477615 0.8080382852072604 0.6775007252411073 0.8229001765659544
0 0.6847253237847224 0.7647610073242186 0.20816074479166685 0.7501547788085936 0.20528343102352745 0.7798588479037117 0.681848010016583 0.7944650764193367
0 0.6905392881944447 0.7375962866210938 0.21392651128472234 0.718213734375 0.20978489153350602 0.7504370328454357 0.6863976684432282 0.7698195850915295
0 0.6972837599823944 0.7080105940663225 0.21955565017361126 0.6889134140625 0.21567963827882639 0.719592450078351 0.6934077480876096 0.7386896300821736
0 0.7023783133680558 0.6791868120117187 0.22116549112003775 0.6604946602610131 0.21751723566525705 0.6902118807668333 0.698730057913275 0.7089040325175389
0 0.7067673038194445 0.6511671098632813 0.22138773784722238 0.630788810546875 0.2172837105922897 0.6617180215901746 0.7026632765645119 0.6820963209065809