0 0.8317019609375002 0.038669117675781316 0.16438997829861113 0.0009963237304687535 0.1550501228377821 0.05334266137038097 0.8223621054766711 0.09101545531569352
0 0.8206262940940571 0.09126873728229346 0.15985054427083334 0.041185048828125015 0.14784062474000426 0.09132027078170278 0.808616374563228 0.14140395923587123
0 0.8203529409722222 0.13696348046875004 0.15304139409722223 0.09418235302734372 0.1443646685645839 0.13700537655445594 0.811676215439584 0.17978650399586227
0 0.8044644878472221 0.1784291665039063 0.1530346154513889 0.14209626318359378 0.14545636226880082 0.18508767732915266 0.796886234664634 0.22142058064946518
0 0.7999250546875 0.22500318603515632 0.14850196093750007 0.18605318603515625 0.14049513667270996 0.22842343725148442 0.7919182304227099 0.2673734372514845
0 0.7942505442708333 0.2651919116210938 0.14793507638888892 0.23193210791015625 0.14148886068460223 0.27156673307899865 0.7878043285665466 0.30482653678993615
0 0.7817668845486111 0.30669583349609375 0.14055773437500005 0.27604681396484376 0.13472399936371043 0.3146634889455371 0.7759331495373215 0.3453125084767871
0 0.7726875815972223 0.34819975488281246 0.13393443932946575 0.3206535346395566 0.1287432687567721 0.3587409398959535 0.7674964110245286 0.3862871601392094
0 0.75906928125 0.38515759814453127 0.14158213541666675 0.3626232841796874 0.13742292547970864 0.3986844261779799 0.7549100713130419 0.42121874014282373
0 0.7533947708333335 0.42474607861328134 0.14075603230832012 0.40369691145151304 0.13715294097222233 0.43687794140625 0.7497916794972357 0.4579271085680183
0 0.7409111111111113 0.46365784326171877 0.134883224826389 0.44130955859375 0.1307336236768492 0.4769136430707488 0.7367615099615715 0.4992619277387176
0 0.7318318081597224 0.4974230390625 0.14386347331813112 0.4789027759866751 0.1405577343750001 0.5121090688476562 0.7285260692165912 0.5306293319234812
0 0.7272923750000001 0.5344573530273438 0.13959337710035463 0.5196900601544509 0.13704267373942755 0.5518088423263643 0.724741671639073 0.5665761351992572
0 0.7159437907986113 0.5721301469726563 0.13069106770833344 0.5566178920898438 0.12822597541047256 0.5860449435923692 0.7134786985007504 0.6015571984751817
0 0.7125389973958334 0.6046948530273437 0.1405577343750001 0.593839951171875 0.13882339444430508 0.6227557488957053 0.7108046574651383 0.633610650751174
0 0.7011899782986114 0.6378980390625 0.1359010003094755 0.6302032919619862 0.1346334906109212 0.6596659897928353 0.699922468600057 0.6673607368933491
0 0.6977856206597224 0.671062990234375 0.12978344184027793 0.6617835786132813 0.12822948149271485 0.6918799784611691 0.6962316603121593 0.7011593900822628
0 0.6921111111111113 0.7042661762695313 0.1280736380208335 0.6978808823242187 0.12706654250211108 0.7260285737035642 0.6911040155923889 0.7324138676488767
0 0.6376366015625002 0.9716541665039062 0.2619899782986113 0.9716541665039062 0.2619899782986113 0.992725490234375 0.6376366015625002 0.992725490234375
0 0.647011523299514 0.9658851536246313 0.6467159045138888 0.9410051469726564 0.1304243681309469 0.9429461293651444 0.130719986916572 0.9678261360171194
0 0.6523899782986112 0.9173799018554688 0.1252457517361113 0.9149977939453126 0.124907919971883 0.9386522822524951 0.6520521465343829 0.9410343901626513
0 0.6614692812500002 0.8854919116210938 0.12070762500000017 0.885387990234375 0.12069055994568423 0.9134845848059242 0.6614522161956843 0.913588506192643
0 0.6648736380208335 0.854842892089844 0.11790208961156888 0.8529275991328189 0.1175838495592861 0.8816836614060788 0.6645553979685508 0.8835989543631039
0 0.6773577343750001 0.8229166665039064 0.11435468402777794 0.8195318627929689 0.11378296172200487 0.8496208416766382 0.6767860120692271 0.8530056453875757
0 0.6830318081597224 0.7942213237304688 0.1155899782986113 0.7884747548828126 0.11466840011714735 0.817267957335837 0.6821102299782584 0.8230145261834932
0 0.6864366015625002 0.7597794116210939 0.1167250546875002 0.7559482841796876 0.11608586302588209 0.7860232108663915 0.6857974099008821 0.7898543383077977
0 0.6932457517361112 0.7297688725585938 0.12012984722222238 0.7240220585937499 0.11917403003844423 0.7541823275378131 0.692289934552333 0.759929141502657