0 0.7779917435527893 0.05989702877355899 0.7719198255208334 0.01254411767578125 0.08186200614508289 0.0405410051668752 0.08793392417703885 0.08789391626465294
0 0.7714999756368948 0.11401057839918549 0.7669581701388889 0.06399166650390625 0.08608611514134522 0.08355328817185756 0.09062792063935109 0.1335722000671368
0 0.7674422323634696 0.16111691127418626 0.7641224401041667 0.11459411767578127 0.0979683215708761 0.1296347083941714 0.10128811383017902 0.17615750199257638
0 0.7657247491709267 0.20662241417631427 0.7627050112847221 0.1636487744140625 0.11023527917192276 0.17815560475907347 0.1132550170581273 0.22112924452132524
0 0.762477834601649 0.25447486830784855 0.7605782135416667 0.20869142138671876 0.11306731279597589 0.21719204186319102 0.11496693385595821 0.2629754887843208
0 0.76144897984196 0.29709492354058725 0.7598697170138888 0.25530563720703126 0.11714274639296793 0.26299094095527786 0.1187220092210391 0.30478022728883386
0 0.7572028046323839 0.34259543239891477 0.7570339869791667 0.3007232841796875 0.12299074936829357 0.3015321128638743 0.12315956702151078 0.34340426108310157
0 0.749314913134767 0.3828789290713164 0.7492370373263889 0.34499215673828126 0.13094480159905914 0.34539427500876313 0.1310226774074372 0.38328104734179824
0 0.7466863523070866 0.3860712529378617 0.13718257118055563 0.3846502451171875 0.13689752616513584 0.4233348745035445 0.7464013072916668 0.42475588232421874
0 0.7473577994846246 0.427156581725224 0.14104793055555565 0.4223629902343749 0.14009143836259785 0.46064194757165094 0.7464013072916668 0.46543553906250007
0 0.7456928107638892 0.4657627451171876 0.13963006510416676 0.46097696093750007 0.13867431574381922 0.4992729727882507 0.7447370614035416 0.5040587569679383
0 0.7402751733190522 0.5068447581583667 0.14341830034722236 0.49402083349609377 0.14103855150733696 0.5290657813924147 0.7378954244791669 0.5418897060546876
0 0.7345100952019507 0.5446845744090303 0.1507873637152779 0.5329223037109374 0.14850166955499397 0.5688127293019071 0.7322244010416668 0.580575
0 0.731300143425011 0.5814219087549887 0.15491697026880674 0.5666085090286146 0.1522970013229624 0.5988635612111259 0.7286801744791668 0.6136769609375
0 0.728758452199992 0.6169230453837599 0.15522483680555565 0.6012897060546875 0.15231126481389706 0.6351100429951464 0.7258448802083335 0.6507433823242188
0 0.7278684826039261 0.654026183098932 0.15876906336805569 0.6347906860351563 0.15532803215301857 0.6670027382877869 0.7244274513888891 0.6862382353515626
0 0.724415012679866 0.6878137036379544 0.16656644878472238 0.6654519609375001 0.16232572777152332 0.6989250219479834 0.7201742916666669 0.7212867646484377
0 0.7264246520086455 0.7242004585337013 0.16722657986111125 0.7003262255859375 0.16310258149829923 0.7308894926381738 0.7223006536458335 0.7547637255859376
0 0.7142466272644725 0.9446604478529433 0.20520697135416688 0.9142843139648438 0.2005019560688613 0.9392317093736194 0.7095416119791669 0.969607843261719
0 0.7233336623682192 0.9160106290876426 0.1910352942708335 0.8772958334960939 0.18489097074703095 0.9040257309543343 0.7171893388444166 0.9427405265458829
0 0.7239362485603109 0.8820804923353699 0.18990152517361125 0.849873529296875 0.18401277140496702 0.8807685271958802 0.7180474947916667 0.9129754902343751
0 0.7226780074643033 0.8539068722324614 0.18196514149305573 0.817987009765625 0.17575968478878087 0.8475433625604744 0.7164725507600286 0.8834632250273108
0 0.7248378518483569 0.8210374608902065 0.17969803906250015 0.788013970703125 0.17361661429747657 0.8197779805160434 0.7187564270833334 0.852801470703125
0 0.7258685782908068 0.7884063336394088 0.17969803906250023 0.75740294140625 0.17400375243836047 0.7891426863801225 0.720174291666667 0.8201460786132814
0 0.7246996766532434 0.7586067583495433 0.17289542447916684 0.7293428920898437 0.1676611072009235 0.7605719179199879 0.719465359375 0.7898357841796875