0 0.7797646296080327 0.1291935716801052 0.15640147569444446 0.10404443359375 0.1511942189176873 0.14488314875178765 0.7745573728312756 0.17003228683814284
0 0.7782490733530758 0.16697758638209056 0.1587035590277778 0.14828759765625 0.15502569781280298 0.18686247626700642 0.774571212138101 0.205552464992847
0 0.7745630248534167 0.20721534471243389 0.16108042096236053 0.18767582163561858 0.15689369819227725 0.22926760582943476 0.7703763020833334 0.24880712890625006
0 0.7718055555555556 0.24478637695312505 0.1456888020833334 0.22576416015625 0.1419037913269646 0.2651832297325712 0.7680205447991868 0.28420544652944624
0 0.7782916871533488 0.28349416101435015 0.15441623263888893 0.26489038085937494 0.15072103834394518 0.30409877297757776 0.774596492858405 0.32270255313255297
0 0.7775221354166667 0.322789794921875 0.14997395833333338 0.3040986328125 0.1460347345584345 0.34594583951560787 0.7735829116417678 0.36463700162498286
0 0.7675960909493147 0.3587077005150621 0.14869965277777786 0.344501953125 0.14561769609391814 0.3869859609043264 0.764514134265455 0.40119170829438855
0 0.7681847738516573 0.4000481819324732 0.14441232638888898 0.389534912109375 0.14231652823167618 0.42887930830190185 0.7660889756944445 0.43939257812500004
0 0.77008131857309 0.43888573021527477 0.14997395833333343 0.42581860351562495 0.14718541005181562 0.46768928273555377 0.7672927702915722 0.4807564094352036
0 0.7646597222222223 0.47737109375 0.14997395833333343 0.46799877929687494 0.14801256123728093 0.508700885693768 0.7626983251261699 0.5180732001468931
0 0.7645720217334515 0.5143921613668658 0.14997395833333346 0.5077685546875002 0.1486274348309385 0.5473011788522648 0.7632254982310566 0.5539247855316305
0 0.7618016493055557 0.5537661132812501 0.1521163194444446 0.5475383300781251 0.15074728227411965 0.5899448420896137 0.7604326121352307 0.5961726252927387
0 0.7660889756944447 0.5923654785156253 0.1415538194444446 0.5915615234375002 0.14139674195234797 0.6301701293368625 0.765931898202348 0.6309740844149875
0 0.7646597222222221 0.6679562988281251 0.7636705546427173 0.6277228785306532 0.143423158809384 0.6325478297025282 0.14441232638888887 0.6727812500000001
0 0.7631018938501035 0.7060672302479994 0.7617540088994071 0.6652340138562772 0.1444932608826369 0.6716809437645278 0.14584114583333332 0.71251416015625
0 0.7649807519841113 0.7438305661549196 0.763108117581768 0.7025715795476194 0.14396851143099 0.7114629372208248 0.14584114583333332 0.752721923828125
0 0.7648008705597589 0.783918017543777 0.7630904715614402 0.7418877552284686 0.1328337673611111 0.7500029296875 0.13454416635942987 0.7920331920028084
0 0.760000152168267 0.8223963611300233 0.7572211064043678 0.7803009544667109 0.13069140625 0.79338818359375 0.13347045201389923 0.8354835902570624
0 0.7603755498916812 0.8745958814931845 0.7573428481593724 0.8228272998981332 0.1349765625 0.8343632812499999 0.1380092642323089 0.8861318628450512