0 0.796875 0.36354166666666676 0.60703125 0.36354166666666676 0.60703125 0.39479166666666676 0.796875 0.39479166666666676
0 0.79765625 0.3281250000000001 0.6046875 0.3281250000000001 0.6046875 0.3604166666666668 0.79765625 0.3604166666666668
0 0.55234375 0.44062500000000004 0.36015625 0.440625 0.36015625 0.4729166666666667 0.55234375 0.47291666666666676
0 0.54921875 0.1625000000000001 0.3578125 0.16250000000000006 0.3578125 0.1937500000000001 0.54921875 0.19375000000000012
0 0.2984375 0.403125 0.10234375000000004 0.403125 0.10234375000000004 0.4354166666666667 0.2984375 0.4354166666666667
0 0.29765625 0.23020833333333338 0.10234375 0.23020833333333332 0.10234375000000002 0.2625 0.29765625 0.26250000000000007
0 0.55234375 0.5791666666666667 0.3570312500000001 0.5791666666666667 0.3570312500000001 0.6125 0.55234375 0.6125
0 0.79375 0.1916666666666668 0.60546875 0.1916666666666668 0.60546875 0.22395833333333345 0.79375 0.22395833333333345
0 0.29921875 0.26562500000000006 0.10078125000000004 0.265625 0.10078125000000004 0.29791666666666666 0.29921875 0.29791666666666666
0 0.79453125 0.22604166666666678 0.60546875 0.22604166666666678 0.60546875 0.25833333333333347 0.79453125 0.25833333333333347
0 0.3000000000000001 0.6145833333333334 0.10000000000000005 0.6145833333333334 0.10000000000000005 0.646875 0.3000000000000001 0.646875
0 0.296875 0.30104166666666665 0.10156250000000004 0.30104166666666665 0.10156250000000004 0.3333333333333333 0.296875 0.3333333333333333
0 0.54921875 0.3010416666666667 0.36015625 0.30104166666666665 0.36015625 0.33437500000000003 0.54921875 0.33437500000000014
0 0.296875 0.4395833333333333 0.10156250000000004 0.4395833333333333 0.10156250000000004 0.47291666666666665 0.296875 0.47291666666666665
0 0.296875 0.16145833333333337 0.10234375 0.16145833333333334 0.10234375 0.19375000000000003 0.296875 0.19375000000000006
0 0.55234375 0.47395833333333337 0.3578125 0.4739583333333333 0.35781250000000003 0.5072916666666667 0.55234375 0.5072916666666668
0 0.55234375 0.40416666666666673 0.359375 0.4041666666666667 0.359375 0.43750000000000006 0.55234375 0.4375000000000001
0 0.296875 0.334375 0.10156250000000004 0.334375 0.10156250000000004 0.36666666666666664 0.296875 0.36666666666666664
0 0.79453125 0.15937500000000013 0.603125 0.15937500000000013 0.603125 0.19062500000000013 0.79453125 0.19062500000000013
0 0.796875 0.29270833333333346 0.6046875 0.29270833333333346 0.6046875 0.3250000000000001 0.796875 0.3250000000000001
0 0.55078125 0.33541666666666675 0.3578125 0.33541666666666664 0.3578125 0.3677083333333334 0.55078125 0.36770833333333347
0 0.81015625 0.6770833333333335 0.6109375 0.6770833333333334 0.6109375 0.7093750000000001 0.81015625 0.7093750000000002
0 0.55 0.2656250000000001 0.35859375 0.26562500000000006 0.35859375 0.29687500000000006 0.55 0.2968750000000001
0 0.80390625 0.5343750000000002 0.609375 0.534375 0.609375 0.5677083333333335 0.80390625 0.5677083333333336
0 0.54921875 0.19687500000000008 0.35859375 0.19687500000000005 0.35859375 0.22812500000000008 0.54921875 0.2281250000000001
0 0.55234375 0.5458333333333333 0.3585937500000001 0.5458333333333333 0.3585937500000001 0.5770833333333333 0.55234375 0.5770833333333333
0 0.79921875 0.39687500000000014 0.609375 0.39687500000000014 0.609375 0.4291666666666668 0.79921875 0.4291666666666668
0 0.29765625000000007 0.4739583333333333 0.10000000000000005 0.4739583333333333 0.10000000000000005 0.50625 0.29765625000000007 0.50625
0 0.54765625 0.12916666666666674 0.35625 0.12916666666666674 0.35625 0.16041666666666676 0.54765625 0.1604166666666668
0 0.8109375 0.7125000000000001 0.61171875 0.7125 0.61171875 0.7458333333333335 0.8109375 0.7458333333333336
0 0.2992187500000001 0.5083333333333333 0.10000000000000005 0.5083333333333333 0.10000000000000005 0.540625 0.2992187500000001 0.540625
0 0.796875 0.25937500000000013 0.60390625 0.25937500000000013 0.60390625 0.29062500000000013 0.796875 0.29062500000000013
0 0.55234375 0.5104166666666667 0.3585937500000001 0.5104166666666666 0.3585937500000001 0.5416666666666666 0.55234375 0.5416666666666666
0 0.553125 0.615625 0.3578125000000001 0.615625 0.3578125000000001 0.6489583333333333 0.553125 0.6489583333333333
0 0.54921875 0.2312500000000001 0.359375 0.23125000000000007 0.359375 0.26250000000000007 0.54921875 0.2625000000000001
0 0.29765625 0.19687500000000002 0.10234375 0.196875 0.10234375 0.22812500000000002 0.29765625 0.22812500000000005
0 0.3 0.3697916666666667 0.10000000000000005 0.3697916666666667 0.10000000000000005 0.40208333333333335 0.3 0.40208333333333335
0 0.296875 0.1291666666666667 0.10234375 0.1291666666666667 0.10234375 0.1604166666666667 0.296875 0.16041666666666674
0 0.803125 0.49895833333333345 0.6078125 0.49895833333333345 0.6078125 0.5322916666666668 0.803125 0.5322916666666668
0 0.55234375 0.36979166666666674 0.35859375 0.3697916666666667 0.35859375 0.4020833333333334 0.55234375 0.40208333333333346
0 0.553125 0.6875 0.3578125000000001 0.6875 0.3578125000000001 0.7239583333333334 0.553125 0.7239583333333334
0 0.2992187500000001 0.5427083333333333 0.10000000000000005 0.5427083333333333 0.10000000000000005 0.575 0.2992187500000001 0.575
0 0.79296875 0.12291666666666677 0.60390625 0.12291666666666676 0.60390625 0.15520833333333345 0.79296875 0.15520833333333345
0 0.80625 0.5708333333333334 0.60859375 0.5708333333333333 0.60859375 0.6041666666666667 0.80625 0.6041666666666669
0 0.8015625 0.43020833333333347 0.609375 0.43020833333333347 0.609375 0.46250000000000013 0.8015625 0.46250000000000013
0 0.553125 0.6520833333333333 0.35625000000000007 0.6520833333333333 0.35625000000000007 0.684375 0.553125 0.684375
0 0.2992187500000001 0.578125 0.10000000000000005 0.578125 0.10000000000000005 0.6114583333333333 0.2992187500000001 0.6114583333333333
0 0.809375 0.6406250000000001 0.6109375 0.640625 0.6109375 0.6739583333333334 0.809375 0.6739583333333335
0 0.80234375 0.4656250000000001 0.60859375 0.4656250000000001 0.60859375 0.4968750000000001 0.80234375 0.4968750000000001
0 0.8109375 0.7479166666666668 0.61171875 0.7479166666666667 0.61171875 0.7812500000000001 0.8109375 0.7812500000000002
0 0.3000000000000001 0.6510416666666666 0.10000000000000005 0.6510416666666666 0.10000000000000005 0.684375 0.3000000000000001 0.684375
0 0.8078125 0.6041666666666667 0.609375 0.6041666666666666 0.609375 0.6385416666666668 0.8078125 0.6385416666666669
0 0.79609375 0.09062500000000011 0.60234375 0.0906250000000001 0.60234375 0.12083333333333343 0.79609375 0.12083333333333345
0 0.5546875 0.7239583333333334 0.35625000000000007 0.7239583333333334 0.35625000000000007 0.7572916666666667 0.5546875 0.7572916666666667
0 0.29765625 0.09375000000000004 0.103125 0.09375000000000003 0.103125 0.12395833333333338 0.29765625 0.12395833333333339
0 0.55078125 0.09687500000000007 0.35859375 0.09687500000000006 0.35859375 0.12500000000000008 0.55078125 0.12500000000000008