0 0.8307291666666666 0.09179687500000004 0.20225694444444445 0.09179687500000003 0.20225694444444448 0.13671875000000003 0.8307291666666666 0.13671875000000006
0 0.828125 0.13867187500000003 0.20746527777777782 0.138671875 0.20746527777777782 0.17968750000000003 0.828125 0.17968750000000006
0 0.8211805555555556 0.18212890625000003 0.20659722222222227 0.18212890625 0.20659722222222227 0.22167968750000003 0.8211805555555556 0.22167968750000006
0 0.8133680555555556 0.22216796875000003 0.2118055555555556 0.22216796875 0.2118055555555556 0.26367187500000006 0.8133680555555556 0.2636718750000001
0 0.8081597222222222 0.26611328125000006 0.21614583333333337 0.26611328125 0.21614583333333337 0.30566406250000006 0.8081597222222222 0.3056640625000001
0 0.8046875 0.30517578125 0.21527777777777782 0.30517578125 0.21527777777777785 0.345703125 0.8046875 0.345703125
0 0.8012152777777778 0.3466796875 0.21614583333333343 0.3466796875 0.21614583333333343 0.38427734375 0.8012152777777778 0.38427734375
0 0.7461912039930557 0.7280614584960937 0.23089166666666674 0.7062278647460938 0.22736926712531746 0.7325316467564733 0.7426688044517064 0.7543652405064732
0 0.7429337960069444 0.7567742187499997 0.22802592621527795 0.7329520834960935 0.22407088569593814 0.7600006861584049 0.7389787554876047 0.7838228214123111
0 0.7276288046636177 0.7856122804490157 0.2304435182291668 0.7600666665039062 0.2262040651280491 0.7861736570509842 0.7233893515625 0.8117192709960936
0 0.7233893515625001 0.8135520834960936 0.2323689817708335 0.7882643227539061 0.22837048698846768 0.8128301120445632 0.7193908567801343 0.8381178727867508
0 0.716874537326389 0.8422645834960938 0.23296250000000013 0.8166828125 0.22865609612466475 0.8424576318234548 0.7125681334510535 0.8680394028195486
0 0.7145369686639614 0.8673277499656039 0.2359736111111113 0.8400190102539061 0.23166321587442695 0.8639191220416925 0.7102265734272772 0.8912278617533903
0 0.7125314817708337 0.8929333334960938 0.23755138888888913 0.8694950522460938 0.23364177329206567 0.8945635759493477 0.7086218661740102 0.9180018571993477
0 0.7111632009754368 0.9212154202699863 0.23996944444444462 0.8926622397460937 0.23590902124678584 0.9138634859800137 0.7071027777777781 0.9424166665039062
0 0.8446359255614553 0.08751942996931758 0.8439134262152777 0.03989817724609375 0.1982828567197838 0.04299749269828491 0.19900535606596137 0.09061874542150873
0 0.706016666666667 0.9423802084960938 0.23695046267361133 0.9155002602539064 0.2322862958282942 0.9412530834518705 0.7013524998213497 0.968133031694058
0 0.7863662039930557 0.3885434897460938 0.21881805555555559 0.3801536459960938 0.21719005212710316 0.41499934710835545 0.7847382005646032 0.42338919085835547
0 0.7776796293402779 0.42580859375000013 0.2179500000000001 0.4138557290039063 0.2156761754537614 0.44754629411515895 0.7754058047940392 0.45949915886125275
0 0.7744222222222225 0.4655177084960938 0.2176950700390108 0.45077739739917294 0.2150792913698801 0.4820368811103459 0.7718064435530917 0.4967771922072668
0 0.7700791666666668 0.5002664062500001 0.21708148177083347 0.4890744790039064 0.21501032951171023 0.5214543799058379 0.7680080144075436 0.5326463071519316
0 0.7657356484375 0.5338296874999999 0.22162376327424427 0.5163772966106099 0.21846504445891046 0.5475367120661567 0.7625769296221663 0.5649891029555467
0 0.7603069444444447 0.5674294272460939 0.2249618837056365 0.5518573959226402 0.22170447658758097 0.58729020842264 0.7570495373263891 0.6028622397460938
0 0.753820081297003 0.6022528043582132 0.22750138888888896 0.5843190102539061 0.22421602981410826 0.6148263621456931 0.7505347222222223 0.6327601562500001
0 0.7519405256373892 0.6359533436359546 0.22663287065972237 0.615578645996094 0.22305530769594442 0.6447633233562333 0.7483629626736114 0.6651380209960939
0 0.7459463587726131 0.6665384880615803 0.22663287065972243 0.6439078125000001 0.22253466032460936 0.6736635954345136 0.7418481484375001 0.6962942709960939
0 0.7393500665538578 0.6987002533620781 0.23097453732638906 0.6751674477539062 0.22695780410586483 0.7026229233957344 0.7353333333333336 0.7261557290039062