0 0.6866666666666666 0.15625000000000008 0.28666666666666674 0.15375000000000008 0.28620790222901193 0.19503879938893143 0.686207902229012 0.19753879938893143
0 0.6866666666666666 0.19625 0.29000000000000004 0.1925 0.28934857818650384 0.2312595979030237 0.6860152448531704 0.2350095979030237
0 0.6783333333333333 0.23500000000000004 0.2876691706251305 0.22871248665169205 0.28659593597721894 0.2662220375962 0.6772600986854219 0.27250955094450796
0 0.6783333333333332 0.27125000000000005 0.29000000000000004 0.2625 0.28859625553633433 0.29754347786079727 0.6769295888696676 0.3062934778607973
0 0.6749999999999999 0.30375 0.29131143167482904 0.29621026830802066 0.2899563618347086 0.33499914248146817 0.6736449301598796 0.3425388741734475
0 0.6704510885445458 0.34170797813131415 0.28823287803465103 0.33162011043101414 0.28666666666666674 0.36500000000000005 0.6688848771765615 0.37508786770030006
0 0.6677776666666667 0.37416675 0.28836183138282573 0.3633181767562833 0.2866243857958621 0.39749853153921944 0.666040221079703 0.4083471047829361
0 0.6644443333333334 0.40583325000000003 0.29111100000000006 0.3975000000000001 0.28968637521723656 0.4334009035346761 0.6630197085505699 0.44173415353467604
0 0.661111 0.44083325 0.2922223333333334 0.4275 0.2900319790520513 0.4615875810152632 0.6589206457187179 0.4749208310152632
0 0.66 0.47083325 0.2922223333333334 0.45833324999999997 0.2902055202893569 0.4917114957937457 0.6579831869560235 0.5042114957937457
0 0.6562694572980665 0.5017190124753126 0.2900000000000001 0.49083325000000005 0.28824154270193375 0.5241142375246876 0.6545110000000002 0.535
0 0.6555628730580135 0.5334123790316877 0.2889556666666667 0.52 0.286792793608653 0.5532543709683123 0.6533999999999999 0.56666675
0 0.6535191031990126 0.5650541014763216 0.2922890000000002 0.5491667500000001 0.2897489536768598 0.581652776585567 0.6509790568758723 0.5975401280618885
0 0.6524879167733003 0.5958912343836933 0.2913231344441339 0.5799080894795118 0.28890188433750025 0.6106836050958185 0.6500666666666667 0.62666675
0 0.6500666666666667 0.625 0.29117766666666683 0.6091667499999999 0.2887562307065127 0.6400402305422676 0.6476452307065125 0.6558734805422677
0 0.6505474225668292 0.6526338794195835 0.2916828774184021 0.6348599278910058 0.2889556666666668 0.66583325 0.6478202118150939 0.6836072015285778
0 0.6420225681361013 0.6826202361827379 0.2896263333333335 0.6646782500000001 0.2871567651972324 0.6919620138172623 0.6395530000000001 0.7099040000000001
0 0.6359295648115567 0.710007509770253 0.28962633333333343 0.6907172499999998 0.2867294597459255 0.7199702586040252 0.6330326912241488 0.7392605183742783
0 0.6382856987441544 0.737389475280744 0.2923670000000001 0.71949725 0.2899796345891791 0.745460024719256 0.6358983333333333 0.76335225
0 0.636812 0.7633522499999998 0.2960216666666668 0.7475917499999999 0.2937663019692636 0.775023693716674 0.6345566353025969 0.790784193716674
0 0.6357420009702903 0.7915381893831738 0.2939198460651552 0.7728806474691691 0.2913355117615316 0.7995134580859954 0.6331576666666666 0.8181710000000001
0 0.634919939078628 0.8170044859442258 0.2932806666666668 0.7976140000000002 0.290604727588039 0.8241342640557746 0.6322440000000001 0.8435247500000003
0 0.6313303333333335 0.8428395000000001 0.2960216666666668 0.8222825000000001 0.2932706022091544 0.8475236033846834 0.6285792688758212 0.8680806033846833
0 0.6295030000000001 0.86682275 0.29328066666666686 0.84900675 0.29068876535414534 0.876520978655392 0.6269110986874787 0.894336978655392
0 0.6231073333333336 0.8962880000000001 0.2932806666666668 0.8716195000000001 0.2901951288489866 0.8948252935208734 0.6200217955156534 0.9194937935208733