0 0.57421875 0.5846354166666669 0.48046875 0.5846354166666669 0.48046875 0.5996093750000001 0.57421875 0.5996093750000001
0 0.443359375 0.3782552083333333 0.33740234375 0.3782552083333333 0.33740234375 0.396484375 0.443359375 0.396484375
0 0.70068359375 0.5266927083333335 0.61181640625 0.5266927083333335 0.61181640625 0.5429687500000001 0.70068359375 0.5429687500000001
0 0.57470703125 0.5664062500000001 0.48095703125 0.5664062500000001 0.48095703125 0.5826822916666669 0.57470703125 0.5826822916666669
0 0.302734375 0.4635416666666667 0.18750000000000006 0.4635416666666667 0.18750000000000006 0.4811197916666667 0.302734375 0.4811197916666667
0 0.44384765625 0.4192708333333333 0.34130859375 0.4192708333333333 0.34130859375 0.4361979166666667 0.44384765625 0.4361979166666667
0 0.57568359375 0.45703125000000017 0.48193359375 0.45703125000000017 0.48193359375 0.4739583333333335 0.57568359375 0.4739583333333335
0 0.306640625 0.5625 0.19189453125000006 0.5625 0.19189453125000006 0.5813802083333334 0.306640625 0.5813802083333334
0 0.57470703125 0.6367187500000001 0.4819335937500001 0.6367187500000001 0.4819335937500001 0.6529947916666669 0.57470703125 0.6529947916666669
0 0.82861328125 0.39843750000000017 0.7412109375 0.39843750000000017 0.7412109375 0.4147135416666668 0.82861328125 0.4147135416666668
0 0.69677734375 0.6321614583333335 0.607421875 0.6321614583333335 0.607421875 0.6477864583333335 0.69677734375 0.6477864583333335
0 0.3056640625 0.5416666666666666 0.19091796875000006 0.5416666666666666 0.19091796875000006 0.5598958333333334 0.3056640625 0.5598958333333334
0 0.830078125 0.38085937500000017 0.740234375 0.38085937500000017 0.740234375 0.39648437500000017 0.830078125 0.39648437500000017
0 0.5751953125 0.4947916666666668 0.48291015625 0.4947916666666668 0.48291015625 0.5104166666666669 0.5751953125 0.5104166666666669
0 0.82275390625 0.5052083333333335 0.73681640625 0.5052083333333335 0.73681640625 0.5208333333333335 0.82275390625 0.5208333333333335
0 0.5751953125 0.4759114583333335 0.482421875 0.4759114583333335 0.482421875 0.4928385416666668 0.5751953125 0.4928385416666668
0 0.57421875 0.5123697916666669 0.48291015625 0.5123697916666669 0.48291015625 0.5279947916666669 0.57421875 0.5279947916666669
0 0.30322265625 0.5032552083333334 0.18896484375000006 0.5032552083333334 0.18896484375000006 0.5208333333333334 0.30322265625 0.5208333333333334
0 0.30029296875 0.4036458333333333 0.18554687500000006 0.4036458333333333 0.18554687500000006 0.4225260416666667 0.30029296875 0.4225260416666667
0 0.70654296875 0.4173177083333335 0.61279296875 0.4173177083333335 0.61279296875 0.4342447916666668 0.70654296875 0.4342447916666668
0 0.8125 0.6256510416666669 0.73193359375 0.6256510416666669 0.73193359375 0.6393229166666669 0.8125 0.6393229166666669
0 0.57373046875 0.6015625000000001 0.48095703125 0.6015625000000001 0.48095703125000006 0.6178385416666669 0.57373046875 0.6178385416666669
0 0.5771484375 0.4186197916666668 0.48095703125 0.4186197916666668 0.48095703125 0.4368489583333335 0.5771484375 0.4368489583333335
0 0.826171875 0.4342447916666668 0.740234375 0.4342447916666668 0.740234375 0.4498697916666668 0.826171875 0.4498697916666668
0 0.4462890625 0.5345052083333334 0.3427734375 0.5345052083333334 0.3427734375 0.5520833333333334 0.4462890625 0.5520833333333334
0 0.8212890625 0.5221354166666669 0.736328125 0.5221354166666669 0.736328125 0.5384114583333335 0.8212890625 0.5384114583333335
0 0.30126953125 0.4231770833333333 0.18554687500000006 0.4231770833333333 0.18554687500000006 0.4420572916666667 0.30126953125 0.4420572916666667
0 0.306640625 0.5807291666666666 0.19189453125000006 0.5807291666666666 0.19189453125000006 0.5989583333333334 0.306640625 0.5989583333333334
0 0.8154296875 0.5742187500000001 0.7333984375 0.5742187500000001 0.7333984375 0.5898437500000001 0.8154296875 0.5898437500000001
0 0.57373046875 0.5305989583333335 0.482421875 0.5305989583333335 0.482421875 0.5468750000000001 0.57373046875 0.5468750000000001
0 0.44677734375 0.5735677083333334 0.34423828125 0.5735677083333334 0.34423828125 0.5904947916666666 0.44677734375 0.5904947916666666
0 0.69873046875 0.5983072916666669 0.609375 0.5983072916666669 0.609375 0.6139322916666669 0.69873046875 0.6139322916666669
0 0.81884765625 0.5390625000000001 0.736328125 0.5390625000000001 0.736328125 0.5546875000000001 0.81884765625 0.5546875000000001
0 0.44580078125 0.4576822916666667 0.341796875 0.4576822916666667 0.341796875 0.474609375 0.44580078125 0.474609375
0 0.4482421875000001 0.646484375 0.3461914062500001 0.646484375 0.3461914062500001 0.6653645833333334 0.4482421875000001 0.6653645833333334
0 0.3076171875000001 0.619140625 0.19384765625000006 0.619140625 0.19384765625000006 0.6380208333333334 0.3076171875000001 0.6380208333333334
0 0.705078125 0.4915364583333335 0.61279296875 0.4915364583333335 0.61279296875 0.5071614583333335 0.705078125 0.5071614583333335
0 0.3071289062500001 0.6399739583333334 0.19482421875000006 0.6399739583333334 0.19482421875000006 0.658203125 0.3071289062500001 0.658203125
0 0.30322265625 0.4830729166666667 0.18847656250000006 0.4830729166666667 0.18847656250000006 0.5013020833333334 0.30322265625 0.5013020833333334
0 0.69921875 0.5625000000000001 0.6103515625 0.5625000000000001 0.6103515625 0.5787760416666669 0.69921875 0.5787760416666669
0 0.70654296875 0.4733072916666668 0.61328125 0.4733072916666668 0.61328125 0.4895833333333335 0.70654296875 0.4895833333333335
0 0.30712890625000006 0.6009114583333334 0.19335937500000006 0.6009114583333334 0.19335937500000006 0.619140625 0.3071289062500001 0.619140625
0 0.8251953125 0.4173177083333335 0.74072265625 0.4173177083333335 0.74072265625 0.4322916666666668 0.8251953125 0.4322916666666668
0 0.697265625 0.6158854166666669 0.607421875 0.6158854166666669 0.607421875 0.6308593750000001 0.697265625 0.6308593750000001
0 0.4453125 0.3580729166666667 0.33740234375 0.3580729166666667 0.33740234375 0.375 0.4453125 0.375
0 0.4462890625 0.515625 0.34375 0.515625 0.34375 0.533203125 0.4462890625 0.533203125
0 0.4487304687500001 0.62890625 0.3452148437500001 0.62890625 0.3452148437500001 0.646484375 0.4487304687500001 0.646484375
0 0.8232421875 0.4869791666666668 0.73779296875 0.4869791666666668 0.73779296875 0.5026041666666669 0.8232421875 0.5026041666666669
0 0.3046875 0.5234375 0.19042968750000006 0.5234375 0.19042968750000006 0.541015625 0.3046875 0.541015625
0 0.81787109375 0.5559895833333335 0.7353515625 0.5559895833333335 0.7353515625 0.5722656250000001 0.81787109375 0.5722656250000001
0 0.82177734375 0.4700520833333335 0.73779296875 0.4700520833333335 0.73779296875 0.4850260416666668 0.82177734375 0.4850260416666668
0 0.7060546875 0.4368489583333335 0.61328125 0.4368489583333335 0.61328125 0.4537760416666668 0.7060546875 0.4537760416666668
0 0.44677734375 0.5540364583333334 0.34423828125 0.5540364583333334 0.34423828125 0.5709635416666666 0.44677734375 0.5709635416666666
0 0.30126953125 0.4446614583333333 0.18701171875000006 0.4446614583333333 0.18701171875000006 0.4622395833333333 0.30126953125 0.4622395833333333
0 0.58056640625 0.3802083333333335 0.482421875 0.3802083333333335 0.482421875 0.3971354166666668 0.58056640625 0.3971354166666668
0 0.4462890625 0.4772135416666667 0.3427734375 0.4772135416666667 0.3427734375 0.4954427083333333 0.4462890625 0.4954427083333333
0 0.70166015625 0.5449218750000001 0.611328125 0.5449218750000001 0.611328125 0.5605468750000001 0.70166015625 0.5605468750000001
0 0.82373046875 0.4524739583333335 0.7392578125 0.4524739583333335 0.7392578125 0.4680989583333335 0.82373046875 0.4680989583333335
0 0.70361328125 0.5084635416666669 0.6123046875 0.5084635416666669 0.6123046875 0.5240885416666669 0.70361328125 0.5240885416666669
0 0.57470703125 0.6184895833333335 0.4824218750000001 0.6184895833333335 0.4824218750000001 0.6341145833333335 0.57470703125 0.6341145833333335
0 0.4462890625 0.49609375 0.3427734375 0.49609375 0.3427734375 0.513671875 0.4462890625 0.513671875
0 0.8134765625 0.6067708333333335 0.73291015625 0.6067708333333335 0.73291015625 0.6236979166666669 0.8134765625 0.6236979166666669
0 0.30078125 0.3834635416666667 0.18310546875000006 0.3834635416666667 0.18310546875000006 0.400390625 0.30078125 0.400390625
0 0.5751953125 0.5481770833333335 0.4814453125 0.5481770833333335 0.4814453125 0.5644531250000001 0.5751953125 0.5644531250000001
0 0.4467773437500001 0.609375 0.3457031250000001 0.609375 0.3457031250000001 0.6282552083333334 0.4467773437500001 0.6282552083333334
0 0.7060546875 0.4557291666666668 0.61328125 0.4557291666666668 0.61328125 0.4713541666666668 0.7060546875 0.4713541666666668
0 0.44628906250000006 0.591796875 0.34521484375 0.591796875 0.34521484375000006 0.609375 0.4462890625000001 0.609375
0 0.814453125 0.5911458333333335 0.73291015625 0.5911458333333335 0.73291015625 0.6067708333333335 0.814453125 0.6067708333333335
0 0.69873046875 0.5807291666666669 0.60986328125 0.5807291666666669 0.60986328125 0.5957031250000001 0.69873046875 0.5957031250000001
0 0.7099609375 0.38085937500000017 0.6142578125 0.38085937500000017 0.6142578125 0.3977864583333335 0.7099609375 0.3977864583333335
0 0.44287109375 0.3984375 0.33935546875 0.3984375 0.33935546875 0.4166666666666667 0.44287109375 0.4166666666666667
0 0.5791015625 0.3990885416666668 0.48193359375 0.3990885416666668 0.48193359375 0.4166666666666668 0.5791015625 0.4166666666666668
0 0.4443359375 0.4381510416666667 0.34130859375 0.4381510416666667 0.34130859375 0.4563802083333333 0.4443359375 0.4563802083333333
0 0.69677734375 0.6497395833333335 0.60693359375 0.6497395833333335 0.60693359375 0.6660156250000001 0.69677734375 0.6660156250000001
0 0.5771484375 0.43945312500000017 0.48095703125 0.43945312500000017 0.48095703125 0.4557291666666668 0.5771484375 0.4557291666666668
0 0.70703125 0.3990885416666668 0.6142578125 0.3990885416666668 0.6142578125 0.41601562500000017 0.70703125 0.41601562500000017
0 0.3071289062500001 0.6575520833333334 0.19531250000000006 0.6575520833333334 0.19531250000000006 0.67578125 0.3071289062500001 0.67578125
0 0.2998046875 0.361328125 0.17871093750000006 0.361328125 0.17871093750000006 0.380859375 0.2998046875 0.380859375
0 0.580078125 0.3606770833333335 0.48046875 0.3606770833333335 0.48046875 0.3776041666666668 0.580078125 0.3776041666666668
0 0.70947265625 0.3619791666666668 0.6142578125 0.3619791666666668 0.6142578125 0.3782552083333335 0.70947265625 0.3782552083333335
0 0.57666015625 0.6549479166666669 0.4814453125000001 0.6549479166666669 0.4814453125000001 0.6712239583333334 0.57666015625 0.6712239583333334
0 0.81201171875 0.6412760416666669 0.7314453125 0.6412760416666669 0.7314453125 0.6588541666666669 0.81201171875 0.6588541666666669
0 0.45182812499999997 0.6797239583333333 0.45107252594269615 0.6617783643617876 0.3451753091458211 0.6697051221742876 0.34593090820312494 0.6876507161458334
0 0.8300322265625 0.3614986979166668 0.7407997518741547 0.36119433992098915 0.7407658875774072 0.3788448701534066 0.8299983622657525 0.37914922814908425
0 0.307748779296875 0.6897063802083334 0.30701215631318174 0.6725822507458442 0.19725390625 0.6809759114583334 0.19799052923369329 0.6981000409208226