0 0.811793146631713 0.037013537085871545 0.8102348078018866 -0.0020654038240072482 0.26394969070778473 0.00482720337721119 0.26550802953761116 0.043906144287089985
0 0.8097099847964758 0.08022215183121853 0.8090174314236109 0.0397918232421875 0.26936882162713505 0.04271666311018775 0.27006137499999994 0.08314699169921877
0 0.8050483813019288 0.11307583483345575 0.8037673107638889 0.08030952099609376 0.2745131665186771 0.08685670848429708 0.275794237056717 0.11962302232165907
0 0.807321494415421 0.15067811713602589 0.8059644279513888 0.11570044873046875 0.27976912793375747 0.12215999896890622 0.2811261943977897 0.15713766737446336
0 0.8038613526691898 0.1862401095325811 0.8025179835069445 0.15399829833984371 0.28528410694331097 0.1608170984466728 0.2866274761055564 0.1930589096394102
0 0.7993970188381687 0.2245716786962454 0.7988997543402778 0.18953607470703124 0.28282843812175984 0.19185364342329417 0.28332570261965073 0.22688924741250832
0 0.7962575941076026 0.2563295297189263 0.7961501432291667 0.22341829052734372 0.28880107848383507 0.22394239474314404 0.288908529362271 0.2568536339347266
0 0.7922134543969462 0.2890682735794278 0.7915890670750486 0.2579423697395847 0.29149319965277776 0.26111654150390623 0.2921175869746753 0.2922424453437494
0 0.7881473775878338 0.32350570585264987 0.7877415980902778 0.29124011425781254 0.2906515402519703 0.29321813389245666 0.29105731974952637 0.325483725487294
0 0.7889277446264928 0.35584202691455813 0.7888036545138891 0.323987744140625 0.30255066479501674 0.32458708886350346 0.3026747549076205 0.3564413716374366
0 0.7802369634022622 0.3864635423319761 0.7802366892361111 0.357984474609375 0.3034520018755156 0.35798592690630515 0.3034522760416667 0.38646499462890627
0 0.7769822945603512 0.4132307044580851 0.7762118846289421 0.3862765396599959 0.30496169357638886 0.3905383349609374 0.3057321035077979 0.4174924997590266
0 0.7753992227618363 0.4433317187429754 0.7750327074652777 0.4148855122070312 0.31052942968686076 0.41677917036105405 0.3108959449834193 0.44522537689699826
0 0.7778594121596146 0.47220813694596714 0.7778270989583334 0.44425712646484383 0.3137996689132946 0.44442686137706827 0.3138319821145758 0.4723778718581916
0 0.7738722526041667 0.47437271728515634 0.3242015278364131 0.47301405015602155 0.32395570989591993 0.498755925043414 0.7736264346636736 0.5001145921725487
0 0.7724996993268118 0.5257808214403656 0.7724876692708333 0.4989764057617188 0.32282705341805396 0.4990402602175878 0.32283908347403234 0.5258446758962346
0 0.7715094565972225 0.5301258588867188 0.3244263802083335 0.5290119018554689 0.32422848371411644 0.5541425069573924 0.7713115601030055 0.5552564639886424
0 0.7664118856409322 0.6799042684152611 0.3451535546875001 0.6753206054687498 0.3444029902271236 0.6971463404714576 0.7656613211805556 0.7017300034179689
0 0.7662147749360412 0.6520562728910319 0.34443956076388904 0.6513187749023438 0.34430091082784786 0.6764078667574057 0.766076125 0.6771453647460938
0 0.7619912829861113 0.6269802895507812 0.3451413038194446 0.6251056977539062 0.3447760476400645 0.6508046665751867 0.7616260268067312 0.6526792583720616
0 0.7644129401041667 0.6034485620117187 0.336592631076389 0.5999476513671875 0.3359191651133857 0.6259876571183162 0.7637394741411635 0.6294885677628473
0 0.7642060018907852 0.5789149438723181 0.3331205025184697 0.5746795287458252 0.33230277951388904 0.6010136420898438 0.7633882788862045 0.6052490572163367
0 0.7680503046875001 0.552585878417969 0.3343628680555557 0.5515229545898439 0.3341552010047583 0.57833237019278 0.7678426376367027 0.5793952940209052