0 0.8308932465277779 0.12795906884765626 0.09599390017361115 0.12729068603515625 0.09585794784502048 0.1745877619456794 0.8307572941991872 0.1752561447581794
0 0.8243459696180557 0.17707598046875003 0.11257472743055559 0.17637843115234378 0.11242823393525346 0.22367492145711496 0.8241994761227536 0.2243724707735212
0 0.8210723307291667 0.2237372548828125 0.11613507638888894 0.22005343115234374 0.11540749426971601 0.26410675608727563 0.8203447486099937 0.26779057981774435
0 0.8156161223958336 0.2697477939453125 0.13032113281250005 0.2642223037109375 0.12934082267049662 0.3026916928543411 0.8146358122538301 0.3082171830887161
0 0.8090688454861114 0.3126519609375001 0.13439128559027785 0.30695171582031255 0.13338579499036418 0.34460698900554504 0.8080633548861977 0.35030723412273257
0 0.8036126362847221 0.35006691162109377 0.14660871440972228 0.3462218139648437 0.14589062447313086 0.38504440185076017 0.8028945463481307 0.38888949950701024
0 0.7959738559027778 0.3942723037109376 0.1527172109375001 0.38745563720703124 0.15163396319210098 0.4197989932322501 0.7948906081573788 0.42661565973615645
0 0.7948827890625001 0.43172426464843755 0.15358997829861123 0.41985343115234375 0.15163843332917806 0.4532113366908863 0.7929312440930669 0.4650821701869801
0 0.7861529409722224 0.4648414213867188 0.16524052256944455 0.4580879902343751 0.164072818382262 0.49205706830688467 0.7849852367850398 0.4988104994592284
0 0.7785141614583336 0.5028705883789064 0.1701708064236112 0.48955808837890624 0.16784501010207586 0.523186463298797 0.7761883651367982 0.5364989632987971
0 0.7435947708333337 0.7182617646484377 0.20940741666666682 0.6996826196289063 0.20588698185965035 0.7317091018084747 0.7400743360263172 0.7502882468280061
0 0.7501420477430557 0.6881774511718751 0.20158692795138905 0.6721644609375002 0.19922388505948854 0.6977776993611838 0.7477790048511551 0.7137906895955588
0 0.7555982569444447 0.6574791665039064 0.19470370399305567 0.6396742646484376 0.19155934221075904 0.6710157230138538 0.752453895162148 0.6888206248693225
0 0.7599629626736112 0.6268178920898437 0.19252113281250008 0.6133105390625 0.19041900903952214 0.6412523425447498 0.7578608389006332 0.6547596955720936
0 0.764328104166667 0.5974208334960939 0.18675163368055567 0.5847882353515627 0.1846488232112655 0.6152084304886904 0.7622252936973769 0.6278410286332217
0 0.7708753810763891 0.5661088237304689 0.18151546875000013 0.5528811274414064 0.17942734396508417 0.5823184210264246 0.7687872562914732 0.5955461173154871
0 0.7730579522569445 0.5317267158203125 0.17616362586805565 0.5213086982421875 0.1743228789776689 0.5546783361386642 0.7712172053665579 0.5650963537167892