0 0.7477648476562501 0.8574207470703126 0.7415811522974524 0.8118385758567102 0.2357505285995356 0.8504379908957725 0.24193422395833333 0.896020162109375
0 0.7353949531250001 0.8111545205078126 0.730132073904191 0.7684685196480832 0.23880084343544086 0.8025434385933956 0.24406372265625 0.845229439453125
0 0.7253988658854166 0.7653137446289063 0.7200518894077752 0.7237895895466832 0.24189401066309593 0.7584234826485681 0.24724098714073742 0.7999476377307913
0 0.7202180091145833 0.7209006455078124 0.7148637015653412 0.6810890045461616 0.23709682135700794 0.7172326373586617 0.24245112890625 0.7570442783203125
0 0.7116086276041668 0.6803041816406252 0.7073804298355398 0.6445410926641106 0.23786993178866475 0.6757650614141106 0.2420981295572917 0.7115281503906251
0 0.7040249993489586 0.6418606098632812 0.6995143775265804 0.604179296809317 0.24050133325574694 0.6350863744460359 0.24501195507812504 0.6727676875
0 0.6923952311197915 0.6019391474609375 0.6879662683110154 0.5658394537938437 0.24087186523437495 0.5966940791015625 0.2453008280431511 0.6327937727686562
0 0.687193818359375 0.563990239746094 0.6833038555599433 0.5293733893470743 0.2293020638932767 0.5580704879798869 0.23319202669270833 0.5926873383789065
0 0.6805178587239585 0.526684416015625 0.6766167466509055 0.49148990749854315 0.23164322842173865 0.5192339802524494 0.2355443404947917 0.5544284887695312
0 0.6730257778780704 0.48765097304577376 0.6689152471509479 0.45401722171802855 0.2339478384135023 0.4839193316800673 0.23805836914062495 0.5175530830078124
0 0.6655367129665276 0.45211284074783686 0.6620091712949302 0.421082437887197 0.23503854947423589 0.44838511667061015 0.2385660911458333 0.47941551953125
0 0.6629940423177083 0.4163118911132814 0.6592157973007752 0.38489456773971503 0.23203697568619197 0.4137915955717462 0.23581522070312508 0.44520891894531256
0 0.6576883326822917 0.38411217919921886 0.6548008275736795 0.35548746313140395 0.23108338291222116 0.37953000854156016 0.23397088802083324 0.4081547246093751
0 0.65435275390625 0.34887738623046877 0.6517875950933002 0.3194693965188486 0.2304043822026752 0.34014454690947366 0.23296954101562495 0.36955253662109383
0 0.6063054075520834 0.08310449169921878 0.604514913893058 0.06001025850127323 0.2205637255634562 0.07675458883821008 0.22235421922248153 0.09984882203615564
0 0.6079299446614583 0.11031459375000005 0.6059744009586827 0.08662863072508942 0.22073972093538838 0.10451920917223334 0.222695264638164 0.12820517219714397
0 0.6143697122395833 0.13895237207031255 0.6120891544668569 0.11356242102171771 0.2247597610677083 0.1331320322265625 0.22704031884043477 0.15852198327515735
0 0.6223469694010417 0.1674895166015625 0.6201676446765327 0.14199076102942776 0.22452413491090772 0.16101159403724025 0.2267034596354167 0.186510349609375
0 0.6249383834635417 0.196344927734375 0.6225805277312061 0.1691835436844226 0.22404544309578953 0.18864406272739137 0.22640329882812502 0.21580544677734376
0 0.6360504628906251 0.22518807324218745 0.6336289144104433 0.19644396981341028 0.22376252902407331 0.21586665315962839 0.22618407750425498 0.24461075658840556
0 0.6374445442708333 0.25706299023437507 0.6347092256943762 0.22820877323427607 0.22430960358273758 0.25009284348811883 0.22704492215919472 0.2789470604882178
0 0.6403920247395833 0.28576102783203133 0.6371923170834342 0.2559447673414939 0.2267595944271842 0.28072022193133755 0.22995930208333337 0.310536482421875
0 0.6497568990885417 0.31611964941406256 0.6468637693938842 0.28869573199439647 0.2281967322845093 0.3135402002561152 0.23108986197916667 0.3409641176757813