0 0.7739605677083333 0.02930947167968749 0.10348438715277779 0.015718678222656258 0.10011754567226888 0.06827273718264848 0.7705937262278244 0.08186353063967972
0 0.7708854125560621 0.08223631200247646 0.10435636892361112 0.055989114257812514 0.09808066437724053 0.10641385545876723 0.7646097080096915 0.1326610532034312
0 0.7758475946180556 0.12781254882812507 0.10468565017361114 0.10912377685546876 0.10089935519842383 0.15214730849912494 0.7720612996428684 0.17083608047178125
0 0.7655743428819446 0.16976561718750005 0.11111512413194448 0.15694065966796877 0.10844210205813916 0.2000999458355162 0.7629013208081392 0.2129249033550475
0 0.7673040564236112 0.21640838525390627 0.11250004600694449 0.200971400390625 0.10932959036618345 0.24352297023631567 0.7641336007828502 0.25895995509959696
0 0.7670441883680555 0.256719654296875 0.1180976467013889 0.2467775751953125 0.11617182255731463 0.28655103664593495 0.7651183642239813 0.2964931157474975
0 0.7601711892361112 0.2985883994140625 0.11666715972222226 0.29106811181640624 0.11523634291442421 0.3298068890063906 0.758740372428313 0.3373271766040469
0 0.7566928732638889 0.34033467675781254 0.11608301677263626 0.3358227377622344 0.11523288042460372 0.37401400209451696 0.7558427369158564 0.3785259410900951
0 0.7480777881944445 0.377707388671875 0.1293183914930556 0.3774319702148437 0.12926755437247034 0.41356919224924993 0.7480269510738593 0.4138446107062812
0 0.7479783764543139 0.4502716059964287 0.7477344448706803 0.4170320651756749 0.13463241477053312 0.4184556745112775 0.13487634635416668 0.4516952153320313
0 0.7405160894097222 0.45670148046875 0.13320837586805567 0.45619948486328127 0.13311516283883185 0.4918799541128138 0.7404228763804984 0.49238194971828253
0 0.7365327216332114 0.5236281752468378 0.7359924286336763 0.49036722938408694 0.14731172222222222 0.4933928857421875 0.1478520152217573 0.5266538316049383
0 0.7373103138919173 0.5600185826004963 0.7364464904513889 0.527847171875 0.14926457412891603 0.5328357020674724 0.15012839756944446 0.5650071127929688
0 0.7309718307809496 0.5953160495658324 0.730190709201389 0.5658517333984375 0.1444999032656677 0.5707646085758675 0.14528102484522834 0.6002289247432624
0 0.7325818075699754 0.6274192091748649 0.7311699809027777 0.5984728115234375 0.15931125088700746 0.6072979324667142 0.16072307755420495 0.6362443301181416
0 0.7254338624023882 0.661553646344677 0.7243133671875 0.6320168549804687 0.16063973308372287 0.6387826598076667 0.1617602282986111 0.668319451171875
0 0.7271721462207582 0.6953453894830381 0.7253737031249999 0.6652369438476564 0.1577126558225695 0.6759655304989579 0.1595110989183278 0.7060739761343398
0 0.7260421420580061 0.7267401382186042 0.7241754739583333 0.6985768549804687 0.16074381665350662 0.7103928451563507 0.1626104847531794 0.7385561283944861
0 0.7086042560763888 0.98841019921875 0.70631816987145 0.9673629426902828 0.3319036002772448 0.98023046418124 0.3341896864821836 1.0012777207097072
0 0.713251792254222 0.9613674711985943 0.7107102092013889 0.9364682402343751 0.19580094870016224 0.9530983121915768 0.1983425317529952 0.977997543155796
0 0.7154285292417297 0.9363342087955286 0.713194599826389 0.9126868413085938 0.18714696927667504 0.9284106144246663 0.1893808986920158 0.9520579819116012
0 0.7208417088816025 0.9086371633424805 0.7179646154513889 0.8805369731445313 0.17853385010165926 0.8980123065949154 0.18141094353187281 0.9261124967928646
0 0.7200847211227549 0.8785670101750551 0.7172422413194445 0.8498277084960938 0.171593651779174 0.866903438011341 0.17443613158248455 0.8956427396903023
0 0.7278291380584208 0.8476515643334345 0.7254022395833332 0.8175172011718749 0.16333885880798193 0.8318397376108289 0.16576575728306944 0.8619741007723885
0 0.7295433816092971 0.8174608200351715 0.7272055685763888 0.7886759965820311 0.16059481346129212 0.8032364893402214 0.16293262649420037 0.8320213127933618
0 0.7287382577753462 0.7842390892517622 0.7259741345486111 0.7541815239257813 0.15735536083642052 0.7707266411534586 0.16011948406315554 0.8007842064794395
0 0.7310577751441614 0.7541634774593218 0.7287326449652779 0.7239869609375 0.15640188683487566 0.7379400481319054 0.15872701701375908 0.7681165646537271