0 0.8007105034722223 0.187116455078125 0.2145828993055556 0.16017431640625002 0.20909103954157487 0.1979771714216298 0.7952186437082416 0.22491931009350477
0 0.7896558159722222 0.22443481445312508 0.2145828993055556 0.202217041015625 0.20997392737608644 0.23996308986718928 0.785046844042753 0.2621808633046893
0 0.7846306423611112 0.26344921875 0.21619010416666665 0.24154711914062496 0.21161950883637953 0.27908045087881755 0.780060047030824 0.3009825504881926
0 0.7826210937500001 0.298505615234375 0.21619010416666676 0.281329345703125 0.21271349545835738 0.31760531506819406 0.7791444850416908 0.33478158459944407
0 0.7745811631944446 0.33519067382812506 0.21779774305555563 0.32020751953125004 0.21470318683559236 0.3565928625168349 0.7714866069744812 0.37157601681370994
0 0.7665412326388892 0.3696816406249999 0.21136805555555566 0.357729248046875 0.20913251574960157 0.3905842189517891 0.764305692832935 0.402536611529914
0 0.7605117187500001 0.40417285156249994 0.21860156250000007 0.39299072265624996 0.21636513342988398 0.42728352516203433 0.758275289679884 0.4384656540682843
0 0.717261343590906 0.852174853979054 0.7139963469901818 0.8244031911990012 0.21940494791666668 0.8428012695312501 0.2226699445173909 0.870572932311303
0 0.7237087809234704 0.823700201698874 0.7213181423611111 0.798570068359375 0.22229230189089344 0.8135906661133058 0.2246829404532526 0.8387207994528048
0 0.7290829581588552 0.7954693210079541 0.7263428819444444 0.7708642578125 0.22012462623866944 0.7887012250472232 0.2228647024530803 0.8133062882426773
0 0.7257448543170926 0.7644302000628778 0.7232018270642304 0.7402659343857353 0.22342361111111111 0.75690771484375 0.2259666383639733 0.7810719805208924
0 0.7332701912165751 0.7350858792465912 0.7297450631155591 0.7071669855013294 0.216314715648984 0.7276787625047383 0.21983984375000004 0.7555976562500001
0 0.7347288947683407 0.711893069034689 0.7321470188212131 0.6799354548767753 0.21424277683065018 0.6931744659202114 0.21682465277777777 0.725132080078125
0 0.737529756546282 0.6797895373256854 0.7352692761658468 0.6524579263195434 0.21255418975845364 0.666136650712608 0.2148146701388889 0.69346826171875
0 0.7363923611111111 0.649930419921875 0.7342219909575147 0.6198818981677618 0.21465428262418149 0.631755921605262 0.21682465277777777 0.661804443359375
0 0.7428506455032375 0.6199751688560933 0.7413812873666172 0.5910541276361976 0.21033055505782414 0.5995909216707295 0.21179991319444447 0.6285119628906252
0 0.7466525270930335 0.5877003364917981 0.7454370659722223 0.5600952148437499 0.2105844520736332 0.5675464896800768 0.21179991319444447 0.595151611328125
0 0.7511833294445113 0.559486759765343 0.7504618055555556 0.5289968261718752 0.2161031288888221 0.5329978593752822 0.21682465277777777 0.5634877929687501
0 0.7503708343689353 0.5266874295331152 0.7493609919731562 0.49362304859454975 0.21619010416666667 0.49877539062500004 0.21719994656244565 0.5318397715635655
0 0.7504618055555557 0.46441796875 0.21682465277777788 0.46441796875 0.21682465277777788 0.495138916015625 0.7504618055555557 0.495138916015625
0 0.7564917534722224 0.4374653320312501 0.21217187500000012 0.43322509765625006 0.21143324803641278 0.46322601563280436 0.7557531265086351 0.4674662500078044