0 0.40520833333333334 0.774074074074074 0.2708333333333333 0.774074074074074 0.2708333333333333 0.799074074074074 0.40520833333333334 0.799074074074074
0 0.4046875 0.7203703703703703 0.2703125 0.7203703703703703 0.2703125 0.7462962962962963 0.4046875 0.7462962962962963
0 0.40520833333333334 0.6657407407407407 0.2703125 0.6657407407407407 0.2703125 0.6916666666666667 0.40520833333333334 0.6916666666666667
0 0.4046875 0.7462962962962963 0.26979166666666665 0.7462962962962963 0.26979166666666665 0.7722222222222223 0.4046875 0.7722222222222223
0 0.4046875 0.25740740740740753 0.2671875 0.25740740740740753 0.2671875 0.28333333333333344 0.4046875 0.28333333333333344
0 0.7015625 0.22222222222222235 0.5619791666666667 0.22222222222222232 0.5619791666666667 0.24814814814814826 0.7015625 0.24814814814814826
0 0.40625 0.5574074074074075 0.2703125 0.5574074074074075 0.2703125 0.5842592592592593 0.40625 0.5842592592592593
0 0.40572916666666664 0.4777777777777778 0.2703125 0.4777777777777778 0.2703125 0.5037037037037037 0.40572916666666664 0.5037037037037037
0 0.40572916666666664 0.8 0.2713541666666667 0.8 0.2713541666666667 0.8268518518518518 0.40572916666666664 0.8268518518518518
0 0.40625 0.42222222222222233 0.26979166666666665 0.42222222222222233 0.26979166666666665 0.44814814814814824 0.40625 0.44814814814814824
0 0.6963541666666667 0.8037037037037039 0.5598958333333334 0.8037037037037039 0.5598958333333334 0.827777777777778 0.6963541666666667 0.827777777777778
0 0.40677083333333336 0.5305555555555556 0.2708333333333333 0.5305555555555556 0.2708333333333333 0.5583333333333333 0.40677083333333336 0.5583333333333333
0 0.40677083333333336 0.5851851851851851 0.26979166666666665 0.5851851851851851 0.26979166666666665 0.6111111111111112 0.40677083333333336 0.6111111111111112
0 0.40625 0.3962962962962964 0.26927083333333335 0.3962962962962964 0.26927083333333335 0.42222222222222233 0.40625 0.42222222222222233
0 0.40520833333333334 0.36851851851851863 0.26927083333333335 0.36851851851851863 0.26927083333333335 0.3953703703703705 0.40520833333333334 0.3953703703703705
0 0.7010416666666667 0.25092592592592605 0.5619791666666667 0.25092592592592605 0.5619791666666667 0.275925925925926 0.7010416666666667 0.275925925925926
0 0.40625000000000006 0.8527777777777777 0.2713541666666667 0.8527777777777777 0.27135416666666673 0.8796296296296297 0.4062500000000001 0.8796296296296297
0 0.40572916666666664 0.8268518518518518 0.2713541666666667 0.8268518518518518 0.2713541666666667 0.8537037037037037 0.40572916666666664 0.8537037037037037
0 0.40625 0.6101851851851852 0.2703125 0.6101851851851852 0.2703125 0.637962962962963 0.40625 0.637962962962963
0 0.5515625 0.6657407407407409 0.4166666666666667 0.6657407407407407 0.4166666666666667 0.6935185185185186 0.5515625 0.6935185185185188
0 0.4041666666666667 0.20277777777777786 0.2671875 0.20277777777777783 0.2671875 0.225925925925926 0.4041666666666667 0.22592592592592603
0 0.696875 0.7750000000000002 0.5588541666666667 0.7750000000000002 0.5588541666666667 0.801851851851852 0.696875 0.801851851851852
0 0.5505208333333333 0.7740740740740741 0.415625 0.774074074074074 0.415625 0.8000000000000002 0.5505208333333333 0.8000000000000002
0 0.7015625 0.27962962962962973 0.5625 0.27962962962962973 0.5625 0.3037037037037038 0.7015625 0.3037037037037038
0 0.40572916666666664 0.44814814814814824 0.26979166666666665 0.44814814814814824 0.26979166666666665 0.475 0.40572916666666664 0.475
0 0.4041666666666667 0.3379629629629631 0.26875 0.3379629629629631 0.26875 0.36666666666666675 0.4041666666666667 0.36666666666666675
0 0.40572916666666664 0.6370370370370371 0.2703125 0.6370370370370371 0.2703125 0.6666666666666666 0.40572916666666664 0.6666666666666666
0 0.6994791666666667 0.7481481481481483 0.5598958333333334 0.7481481481481483 0.5598958333333334 0.7750000000000002 0.6994791666666667 0.7750000000000002
0 0.6989583333333333 0.7222222222222224 0.5598958333333334 0.7222222222222224 0.5598958333333334 0.7490740740740743 0.6989583333333333 0.7490740740740743
0 0.5505208333333333 0.7185185185185187 0.4166666666666667 0.7185185185185186 0.4166666666666667 0.7462962962962963 0.5505208333333333 0.7462962962962965
0 0.6989583333333333 0.6648148148148151 0.5604166666666667 0.6648148148148151 0.5604166666666667 0.6935185185185188 0.6989583333333333 0.6935185185185188
0 0.4046875 0.28518518518518526 0.2671875 0.28518518518518526 0.2671875 0.3101851851851853 0.4046875 0.3101851851851853
0 0.6994791666666667 0.5824074074074076 0.5583333333333333 0.5824074074074076 0.5583333333333333 0.6101851851851854 0.6994791666666667 0.6101851851851854
0 0.6963541666666667 0.8555555555555557 0.559375 0.8555555555555557 0.559375 0.8842592592592595 0.6963541666666667 0.8842592592592595
0 0.40572916666666664 0.5055555555555555 0.2703125 0.5055555555555555 0.2703125 0.5305555555555556 0.40572916666666664 0.5305555555555556
0 0.5520833333333334 0.6120370370370372 0.4161458333333333 0.612037037037037 0.4161458333333333 0.6379629629629631 0.5520833333333334 0.6379629629629632
0 0.7026041666666667 0.19629629629629644 0.5609375 0.1962962962962964 0.5609375 0.2203703703703705 0.7026041666666667 0.22037037037037052
0 0.4041666666666667 0.2296296296296297 0.2671875 0.22962962962962968 0.2671875 0.25462962962962976 0.4041666666666667 0.25462962962962976
0 0.6994791666666667 0.6379629629629632 0.5598958333333334 0.6379629629629632 0.5598958333333334 0.6648148148148151 0.6994791666666667 0.6648148148148151
0 0.6994791666666667 0.6944444444444446 0.5604166666666667 0.6944444444444446 0.5604166666666667 0.7212962962962965 0.6994791666666667 0.7212962962962965
0 0.6963541666666667 0.8296296296296298 0.5598958333333334 0.8296296296296298 0.5598958333333334 0.8555555555555557 0.6963541666666667 0.8555555555555557
0 0.5520833333333334 0.5851851851851853 0.4166666666666667 0.5851851851851851 0.4166666666666667 0.6120370370370372 0.5520833333333334 0.6120370370370373
0 0.5510416666666667 0.5296296296296298 0.4161458333333333 0.5296296296296297 0.4161458333333333 0.5564814814814816 0.5510416666666667 0.5564814814814817
0 0.5526041666666667 0.22777777777777788 0.4140625 0.22777777777777788 0.4140625 0.25462962962962976 0.5526041666666667 0.25462962962962976
0 0.55 0.47592592592592603 0.415625 0.4759259259259259 0.415625 0.5027777777777779 0.55 0.502777777777778
0 0.5515625 0.638888888888889 0.4166666666666667 0.6388888888888888 0.4166666666666667 0.6666666666666667 0.5515625 0.6666666666666669
0 0.5536458333333333 0.19814814814814824 0.41458333333333336 0.19814814814814824 0.41458333333333336 0.22685185185185194 0.5536458333333333 0.22685185185185194
0 0.5510416666666667 0.7462962962962963 0.415625 0.7462962962962963 0.415625 0.7722222222222224 0.5510416666666667 0.7722222222222225
0 0.4036458333333333 0.31203703703703717 0.2677083333333333 0.31203703703703717 0.2677083333333333 0.3398148148148149 0.4036458333333333 0.3398148148148149
0 0.6984375 0.6111111111111113 0.559375 0.6111111111111113 0.559375 0.6388888888888891 0.6984375 0.6388888888888891
0 0.5510416666666667 0.5555555555555557 0.4161458333333333 0.5555555555555556 0.4161458333333333 0.5851851851851853 0.5510416666666667 0.5851851851851854
0 0.40520833333333334 0.6935185185185185 0.2703125 0.6935185185185185 0.2703125 0.7212962962962963 0.40520833333333334 0.7212962962962963
0 0.5520833333333334 0.3953703703703705 0.41510416666666666 0.3953703703703705 0.41510416666666666 0.42407407407407416 0.5520833333333334 0.42407407407407416
0 0.7005208333333334 0.3064814814814816 0.5619791666666667 0.3064814814814816 0.5619791666666667 0.3296296296296297 0.7005208333333334 0.3296296296296297
0 0.5515625 0.2842592592592594 0.4140625 0.2842592592592594 0.4140625 0.3101851851851853 0.5515625 0.3101851851851853
0 0.6994791666666667 0.5564814814814817 0.5588541666666667 0.5564814814814817 0.5588541666666667 0.5824074074074076 0.6994791666666667 0.5824074074074076
0 0.5510416666666667 0.42407407407407416 0.4171875 0.42407407407407416 0.4171875 0.44814814814814824 0.5510416666666667 0.44814814814814824
0 0.5505208333333333 0.6935185185185186 0.4161458333333333 0.6935185185185185 0.4161458333333333 0.7194444444444446 0.5505208333333333 0.7194444444444447
0 0.7 0.5324074074074077 0.559375 0.5324074074074077 0.559375 0.5574074074074076 0.7 0.5574074074074076
0 0.5510416666666667 0.44814814814814824 0.415625 0.44814814814814824 0.415625 0.47777777777777786 0.5510416666666667 0.47777777777777797
0 0.5520833333333334 0.36851851851851863 0.41458333333333336 0.36851851851851863 0.41458333333333336 0.3962962962962964 0.5520833333333334 0.3962962962962964
0 0.5520833333333334 0.34074074074074084 0.41510416666666666 0.34074074074074084 0.41510416666666666 0.3675925925925927 0.5520833333333334 0.3675925925925927
0 0.5505208333333333 0.8018518518518519 0.415625 0.8018518518518518 0.415625 0.8287037037037038 0.5505208333333333 0.8287037037037039
0 0.5520833333333334 0.3111111111111112 0.41510416666666666 0.3111111111111112 0.41510416666666666 0.3398148148148149 0.5520833333333334 0.3398148148148149
0 0.6994791666666667 0.5055555555555558 0.5598958333333334 0.5055555555555558 0.5598958333333334 0.5324074074074077 0.6994791666666667 0.5324074074074077
0 0.6984375 0.42222222222222233 0.5588541666666667 0.42222222222222233 0.5588541666666667 0.44814814814814824 0.6984375 0.44814814814814824
0 0.549996510944675 0.5037429360548856 0.4162529891805009 0.5034738344014366 0.41623720740249254 0.5282633057539585 0.5499807291666666 0.5285324074074076
0 0.5503911458333335 0.8304620370370371 0.4149369791666667 0.8296722222222224 0.4148885477838645 0.855923406983232 0.5503427144505312 0.8567132217980468
0 0.5505963541666666 0.8559824074074074 0.4143489871031526 0.8559037037203227 0.41434412265204557 0.8825184192727125 0.5505914897155596 0.8825971229597971
0 0.6984890625000001 0.475666666666667 0.5595787167458905 0.47428929908488987 0.5594907718258663 0.5023210638465245 0.6984011175799759 0.5036984314283016
0 0.6986994791666665 0.4506259259259261 0.5590978238414605 0.4501590656104209 0.5590701402045063 0.47632171374909354 0.6986717955297124 0.4767885740645988
0 0.7018536458333334 0.3326620370370372 0.5606093932875215 0.33259814815642025 0.5606053814938308 0.3606291773140187 0.7018496340396427 0.36069306619463565
0 0.7012347564120793 0.3905266937890482 0.7010008565285241 0.3598799701328658 0.560308808449778 0.3632736467141881 0.5605427083333333 0.3939203703703704
0 0.6999861680692537 0.4200463907900546 0.6999614583333332 0.39089629629629624 0.5596768527640795 0.39127212772846376 0.5597015625000001 0.42042222222222214
0 0.7038183753776538 0.1926399977952736 0.7037463541666668 0.16386851851851852 0.560862879078368 0.16499892640431887 0.560934900289355 0.19377040568107393
0 0.5537208010015637 0.19773077519201487 0.5536729166666666 0.16893240740740742 0.4140465970282881 0.1696661569152166 0.4140944813631851 0.19846452469982406
0 0.40481404133016863 0.19855282594366305 0.404759375 0.172187037037037 0.2656776571471736 0.17309842679135456 0.2657323234773423 0.19946421569798062
0 0.4063822916666668 0.881188888888889 0.2711640522638818 0.8806129695743401 0.2711235044044914 0.910701190655175 0.4063417438072764 0.911277109969724
0 0.5497755208333335 0.8822314814814816 0.4153243845473405 0.8819305565094965 0.4153034692588686 0.9114647457643555 0.5497546055448616 0.9117656707363406
0 0.6979396481334845 0.8841683199534287 0.5591557291666667 0.8830583333333334 0.5590744143665154 0.9151909393058307 0.6978583333333332 0.916300925925926
0 0.5526473958333333 0.2549722222222223 0.41384791666666665 0.2549722222222223 0.41384791666666665 0.28268055555555566 0.5526473958333333 0.28268055555555566