0 0.672153017835584 0.19579018195255682 0.6708286666666666 0.16543199999999997 0.3408793491024535 0.1735284970286736 0.34220370027137087 0.20388667898123045
0 0.6712682073028224 0.2263270251662456 0.6703273333333333 0.19627275 0.3474759853639129 0.20195800993545762 0.348416859333402 0.23201228510170321
0 0.6682144516977448 0.2612601047896848 0.6673189999999999 0.22673724999999997 0.34934587061997874 0.23137650677365887 0.35024132231772365 0.2658993615633437
0 0.6623056666666668 0.2681087500000001 0.3404002542682463 0.26759450466620666 0.34032227097452594 0.2950533341490031 0.6622276833729464 0.29556757948279655
0 0.6618043333333333 0.29702400000000007 0.3416000000000001 0.29688925000000005 0.34158058422001303 0.32284154683771815 0.6617849175533462 0.32297629683771817
0 0.6567906666666667 0.3263602500000001 0.3444066666666667 0.32365175000000007 0.34401230334165783 0.34923637101431004 0.6563963033416579 0.35194487101431005
0 0.6532810000000001 0.35414700000000005 0.34394466666666673 0.3496337500000001 0.3432905444910996 0.3748524643144877 0.652626877824433 0.3793657143144877
0 0.6497716666666667 0.38085050000000004 0.34560966666666676 0.3777785000000001 0.3450690652486747 0.4078866070250195 0.6492310652486747 0.41095860702501946
0 0.6386688617837369 0.4169989497741881 0.33291466666666664 0.40304075 0.3306864276281329 0.430496121228892 0.6364406227452032 0.44445432100308013
0 0.6417499999999999 0.43801850000000003 0.34093633333333334 0.43538575 0.3405792804956898 0.45833365047401997 0.6413929471623564 0.46096640047402
0 0.6407473333333334 0.46275150000000004 0.34291855147533107 0.4562787700556656 0.34191588480866447 0.4822300200556656 0.6397446666666667 0.4887027500000001
0 0.6407473333333334 0.4905832500000001 0.3434433333333334 0.48531775000000005 0.3426847484723144 0.50941058094772 0.6399887484723145 0.51467608094772
0 0.6397920923495356 0.5173248893553587 0.3411993333333334 0.50648 0.3396475743171312 0.5305126106446414 0.6382403333333334 0.5413574999999999
0 0.636096161028973 0.5421520539745178 0.3434433333333333 0.53308325 0.3420781723043603 0.5578636960254821 0.634731 0.5669325
0 0.6346299438731071 0.5680295542529893 0.34544866666666674 0.55823725 0.3440457227935598 0.5815421957470108 0.6332270000000002 0.5913345000000001
0 0.6322231732904614 0.5954097615759626 0.34368578871082933 0.5814949114212795 0.3416812820870346 0.604875399845317 0.6302186666666666 0.6187902500000001
0 0.6328804770847064 0.6203540147568521 0.34520254471478845 0.6055622902182475 0.3430420676300821 0.6291975254613954 0.6307200000000001 0.6439892500000001
0 0.6350636673143738 0.6440250541117079 0.3448076666666668 0.626461 0.3424696660189596 0.6481941958882923 0.6327256666666667 0.6657582500000001
0 0.6310237666578955 0.668175229154951 0.34240200000000004 0.6517202499999999 0.3400929000087713 0.6745025208450489 0.6287146666666668 0.6909575
0 0.6321826146717332 0.6922091681451173 0.34294200000000014 0.67403275 0.3404767186616004 0.6960995818548827 0.6297173333333335 0.7142760000000001
0 0.6213667923353002 0.8765096079052875 0.34795533333333345 0.8458002499999999 0.34388595250275517 0.8661799054904995 0.6172974115047221 0.8968892633957871
0 0.623925528860797 0.8531882831055011 0.34795533333333345 0.8232340000000001 0.34372013780587 0.8451822168944991 0.6196903333333336 0.8751365000000001
0 0.6265464304173356 0.8315649541160738 0.3452086666666669 0.8035760000000001 0.34136056958266486 0.8253335458839266 0.6226983333333336 0.8533225000000003
0 0.6246773377802493 0.8095199630754365 0.34595000000000004 0.78111025 0.34196566221975067 0.8030985369245633 0.6206929999999999 0.8315082499999998
0 0.6262338741578024 0.7855218451453414 0.3407983333333335 0.7596730000000002 0.33726279250886443 0.781633654854659 0.6226983333333334 0.8074825000000001
0 0.6304153393220892 0.7620897683153036 0.3424406666666668 0.73489425 0.3384938394666599 0.758402894696407 0.6264685121220822 0.7855984130117106
0 0.6286991863734998 0.7388968316590278 0.3439446666666668 0.7138547499999999 0.34045081362650054 0.736202168340972 0.6252053333333335 0.7612442499999998
0 0.6318865059618114 0.7148034744578312 0.3429420000000001 0.6935452499999999 0.33977016070485533 0.7177957755421688 0.6287146666666666 0.7390540000000001