0 0.6641368423787788 0.1716307594789738 0.6628318045494064 0.13523231985722667 0.16710196093750004 0.14085612744140624 0.16840699876687243 0.17725456706315337
0 0.6600677812098887 0.20749801521010802 0.6590868649245986 0.17107853047198834 0.17727363802083335 0.17518455859375 0.17825455430612347 0.2116040433318697
0 0.6601204871775461 0.23712481310948672 0.6590656976619459 0.20536018263648764 0.18599172135416667 0.21033063720703127 0.1870465108697669 0.24209526768003034
0 0.6604135770905901 0.26930679819900183 0.6590437206511236 0.2354852947546604 0.18899651388888886 0.24150906884765627 0.19036637032835532 0.2753305722919977
0 0.6571629158686213 0.3020287776834377 0.6561812638888889 0.2693237744140625 0.19179343172184882 0.2737340856155694 0.1927750837015813 0.3064390888849446
0 0.6588862730448254 0.3309220842064569 0.6581198255208334 0.3020473037109375 0.19761492442399986 0.3059149170054644 0.19838137194799188 0.3347896975009838
0 0.6586009833642573 0.35973693255408923 0.6569645646312625 0.32654017378366007 0.19471023958333336 0.33375000000000005 0.1963466583163282 0.3669467587704292
0 0.6576273270023021 0.38865788911925553 0.6561184913405256 0.3585051030767633 0.20633464062500004 0.36562647070312504 0.20784347628677652 0.39577925674561726
0 0.6585485961031433 0.4169725654061143 0.6570838453600939 0.38789084442965027 0.2077877994791667 0.39505098046875003 0.20925255022221606 0.4241327014452141
0 0.6588522294547039 0.44586340141112946 0.6570032591076683 0.41453377371795647 0.21214684114583332 0.42284068603515623 0.21399581149286892 0.4541703137283292
0 0.6580985779843016 0.47188518013374187 0.6560659328242777 0.444235818315128 0.21754771267361112 0.45443602929687504 0.21958035783363497 0.4820853911154889
0 0.6607015675655644 0.49794459959876775 0.6586838835698877 0.4708769466219042 0.21830849652777776 0.48126348046875006 0.22032618052345454 0.5083311334456135
0 0.658355021176554 0.5246818451927554 0.656093504004766 0.4970369478512417 0.22271764670138886 0.5082544116210937 0.22497916387317693 0.5358993089626074
0 0.6604697765753605 0.551855340399217 0.6587233116319444 0.5247392158203126 0.2272073385625929 0.5335329671782796 0.22895380350600902 0.560649091757184
0 0.6619501043339914 0.5760159660869603 0.6593579611072398 0.5474471683183018 0.23122614409722222 0.5597382353515625 0.2338182873239738 0.588307033120221
0 0.6633137256944445 0.6012416665039062 0.6607563712146631 0.574338379326881 0.23622129482577414 0.5871070067682873 0.23877864930555553 0.6140102939453125
0 0.668986927951389 0.6251828432617188 0.6659959588320921 0.5990847914169093 0.23972418315972222 0.6145421567382813 0.2427151522790192 0.6406402085830908
0 0.6707216733115193 0.6514213358826191 0.6673763309086803 0.624059433470095 0.24075294097222225 0.6405632353515625 0.24409828337506123 0.6679251377640866
0 0.6678295886536589 0.6744336610369267 0.6648354657822935 0.6497272953845473 0.2509710186216901 0.6655968203827767 0.2539651414930555 0.6903031860351561
0 0.6720335512152777 0.6961073530273438 0.6690658824163793 0.6724503252820334 0.24837917234693485 0.689148119227346 0.25134684114583333 0.7128051469726564
0 0.677496588109289 0.7190403600752882 0.6745395735084174 0.695712779404606 0.2512204791666666 0.7126911762695312 0.25417749376753834 0.7360187569402133
0 0.673047912986216 0.7435802327394866 0.6702880173611112 0.7196806372070313 0.2589788751895561 0.7347091333124841 0.261738770814661 0.7586087288449394
0 0.6717968774664287 0.771595394369866 0.6694152508680555 0.7452181372070312 0.26677737160127135 0.7567209412646521 0.2691589981996445 0.7830981984274868