0 0.701171875 0.7122395833333334 0.57421875 0.7122395833333334 0.57421875 0.7350260416666666 0.701171875 0.7350260416666666
0 0.701171875 0.7356770833333334 0.57470703125 0.7356770833333334 0.57470703125 0.7565104166666666 0.701171875 0.7565104166666666
0 0.53955078125 0.6432291666666667 0.4116210937500001 0.6432291666666666 0.4116210937500001 0.6640625000000001 0.53955078125 0.6640625000000001
0 0.8701171875 0.6731770833333334 0.744140625 0.6731770833333334 0.744140625 0.6940104166666666 0.8701171875 0.6940104166666666
0 0.69921875 0.8470052083333334 0.5732421875 0.8470052083333334 0.5732421875 0.8671875 0.69921875 0.8671875
0 0.53515625 0.822265625 0.4101562500000001 0.822265625 0.4101562500000001 0.8424479166666666 0.53515625 0.8424479166666666
0 0.53759765625 0.6666666666666666 0.4111328125000001 0.6666666666666666 0.4111328125000001 0.6868489583333334 0.53759765625 0.6868489583333334
0 0.3725585937500001 0.7760416666666666 0.24365234375000006 0.7760416666666666 0.24365234375000006 0.796875 0.3725585937500001 0.796875
0 0.8603515625 0.8522135416666666 0.7373046875 0.8522135416666666 0.7373046875 0.8717447916666666 0.8603515625 0.8717447916666666
0 0.37451171875 0.5696614583333334 0.24218750000000006 0.5696614583333334 0.24218750000000006 0.5904947916666666 0.37451171875 0.5904947916666666
0 0.20117187500000006 0.5963541666666666 0.06787109375000006 0.5963541666666666 0.06787109375000006 0.6171875 0.20117187500000006 0.6171875
0 0.87109375 0.6497395833333335 0.74462890625 0.6497395833333335 0.74462890625 0.671875 0.87109375 0.671875
0 0.20214843750000006 0.6184895833333334 0.06884765625000006 0.6184895833333334 0.06884765625000006 0.6393229166666666 0.20214843750000006 0.6393229166666666
0 0.53466796875 0.8001302083333334 0.4096679687500001 0.8001302083333334 0.4096679687500001 0.8203125 0.53466796875 0.8203125
0 0.70263671875 0.6901041666666666 0.5751953125 0.6901041666666666 0.5751953125 0.7122395833333334 0.70263671875 0.7122395833333334
0 0.20361328125000006 0.82421875 0.07373046875000008 0.82421875 0.07373046875000008 0.84375 0.20361328125000006 0.84375
0 0.20361328125000006 0.8470052083333334 0.07617187500000008 0.8470052083333334 0.07617187500000008 0.8671875 0.20361328125000006 0.8671875
0 0.69921875 0.8255208333333334 0.57421875 0.8255208333333334 0.57421875 0.845703125 0.69921875 0.845703125
0 0.5341796875 0.84375 0.4121093750000001 0.84375 0.4121093750000001 0.86328125 0.5341796875 0.86328125
0 0.53759765625 0.6881510416666666 0.4111328125000001 0.6881510416666666 0.4111328125000001 0.7076822916666666 0.53759765625 0.7076822916666666
0 0.20263671875000006 0.6412760416666666 0.07080078125000006 0.6412760416666666 0.07080078125000006 0.6627604166666666 0.20263671875000006 0.6627604166666666
0 0.69873046875 0.7591145833333334 0.57470703125 0.7591145833333334 0.57470703125 0.779296875 0.69873046875 0.779296875
0 0.8720703125 0.6282552083333335 0.7451171875 0.6282552083333335 0.7451171875 0.6484375000000001 0.8720703125 0.6484375000000001
0 0.3725585937500001 0.7994791666666666 0.24511718750000006 0.7994791666666666 0.24511718750000006 0.8190104166666666 0.3725585937500001 0.8190104166666666
0 0.87353515625 0.6041666666666669 0.7470703125 0.6041666666666669 0.7470703125 0.6256510416666669 0.87353515625 0.6256510416666669
0 0.3735351562500001 0.822265625 0.24560546875000006 0.822265625 0.24560546875000006 0.8424479166666666 0.3735351562500001 0.8424479166666666
0 0.20312500000000006 0.8020833333333334 0.07373046875000008 0.8020833333333334 0.07373046875000008 0.822265625 0.20312500000000006 0.822265625
0 0.87109375 0.6953125 0.74462890625 0.6953125 0.74462890625 0.716796875 0.87109375 0.716796875
0 0.87109375 0.71875 0.74365234375 0.71875 0.74365234375 0.7389322916666666 0.87109375 0.7389322916666666
0 0.87451171875 0.5813802083333335 0.74755859375 0.5813802083333335 0.74755859375 0.6022135416666669 0.87451171875 0.6022135416666669
0 0.865234375 0.80859375 0.7392578125 0.80859375 0.7392578125 0.8287760416666666 0.865234375 0.8287760416666666
0 0.20263671875000006 0.548828125 0.06640625000000006 0.548828125 0.06640625000000006 0.5709635416666666 0.20263671875000006 0.5709635416666666
0 0.70263671875 0.6666666666666666 0.57470703125 0.6666666666666666 0.57470703125 0.6888020833333334 0.70263671875 0.6888020833333334
0 0.86328125 0.830078125 0.73876953125 0.830078125 0.73876953125 0.849609375 0.86328125 0.849609375
0 0.3735351562500001 0.8444010416666666 0.24560546875000006 0.8444010416666666 0.24560546875000006 0.8639322916666666 0.3735351562500001 0.8639322916666666
0 0.5419921875 0.5520833333333334 0.41357421875 0.5520833333333334 0.41357421875 0.5735677083333334 0.5419921875 0.5735677083333335
0 0.3745117187500001 0.7545572916666666 0.24462890625000006 0.7545572916666666 0.24462890625000006 0.7740885416666666 0.3745117187500001 0.7740885416666666
0 0.373046875 0.544921875 0.24121093750000006 0.544921875 0.24121093750000006 0.5670572916666666 0.373046875 0.5670572916666666
0 0.70361328125 0.6445312500000001 0.5771484375 0.6445312500000001 0.5771484375 0.6660156250000001 0.70361328125 0.6660156250000001
0 0.70068359375 0.7799479166666666 0.57470703125 0.7799479166666666 0.57470703125 0.80078125 0.70068359375 0.80078125
0 0.20068359375000006 0.572265625 0.06689453125000006 0.572265625 0.06689453125000006 0.5944010416666666 0.20068359375000006 0.5944010416666666
0 0.3740234375000001 0.638671875 0.24218750000000006 0.638671875 0.24218750000000006 0.6608072916666666 0.3740234375000001 0.6608072916666666
0 0.20312500000000006 0.6875 0.07226562500000006 0.6875 0.07226562500000006 0.708984375 0.20312500000000006 0.708984375
0 0.87548828125 0.5585937500000001 0.7470703125 0.5585937500000001 0.7470703125 0.5800781250000001 0.87548828125 0.5800781250000001
0 0.20361328125000006 0.6647135416666666 0.07177734375000006 0.6647135416666666 0.07177734375000006 0.685546875 0.20361328125000006 0.685546875
0 0.3740234375000001 0.6158854166666666 0.24316406250000006 0.6158854166666666 0.24316406250000006 0.6373697916666666 0.3740234375000001 0.6373697916666666
0 0.54150390625 0.5058593750000001 0.41259765625 0.505859375 0.41259765625 0.5273437500000001 0.54150390625 0.5273437500000001
0 0.20361328125000006 0.779296875 0.07373046875000008 0.779296875 0.07373046875000008 0.798828125 0.20361328125000006 0.798828125
0 0.20019531250000006 0.5266927083333334 0.06591796875000006 0.5266927083333334 0.06591796875000006 0.5481770833333334 0.20019531250000006 0.5481770833333334
0 0.20068359375000006 0.5032552083333334 0.06542968750000006 0.5032552083333334 0.06542968750000006 0.5234375 0.20068359375000006 0.5234375
0 0.537109375 0.7102864583333334 0.4106445312500001 0.7102864583333334 0.4106445312500001 0.7311197916666666 0.537109375 0.7311197916666666
0 0.53955078125 0.6204427083333334 0.4116210937500001 0.6204427083333334 0.4116210937500001 0.6412760416666667 0.53955078125 0.6412760416666669
0 0.54248046875 0.45963541666666674 0.41162109375 0.4596354166666667 0.41162109375 0.48046875000000006 0.54248046875 0.48046875000000017
0 0.86669921875 0.787109375 0.74072265625 0.787109375 0.74072265625 0.8059895833333334 0.86669921875 0.8059895833333334
0 0.37255859375 0.521484375 0.24023437500000006 0.521484375 0.24023437500000006 0.5436197916666666 0.37255859375 0.5436197916666666
0 0.87744140625 0.5351562500000001 0.7470703125 0.5351562500000001 0.7470703125 0.5559895833333335 0.87744140625 0.5559895833333335
0 0.37255859375 0.498046875 0.23828125000000006 0.498046875 0.23828125000000006 0.5201822916666666 0.37255859375 0.5201822916666666
0 0.20410156250000006 0.7330729166666666 0.07128906250000006 0.7330729166666666 0.07128906250000006 0.7545572916666666 0.20410156250000006 0.7545572916666666
0 0.541015625 0.5755208333333334 0.41259765625 0.5755208333333334 0.41259765625 0.5957031250000001 0.541015625 0.5957031250000001
0 0.53515625 0.7565104166666666 0.4111328125000001 0.7565104166666666 0.4111328125000001 0.7760416666666666 0.53515625 0.7760416666666666
0 0.20410156250000006 0.7565104166666666 0.07373046875000008 0.7565104166666666 0.07373046875000008 0.775390625 0.20410156250000006 0.775390625
0 0.20410156250000006 0.7102864583333334 0.07128906250000006 0.7102864583333334 0.07128906250000006 0.7317708333333334 0.20410156250000006 0.7317708333333334
0 0.54296875 0.48242187500000006 0.41259765625 0.482421875 0.41259765625 0.5032552083333334 0.54296875 0.5032552083333335
0 0.5419921875 0.5286458333333334 0.41357421875 0.5286458333333334 0.41357421875 0.5494791666666667 0.5419921875 0.5494791666666669
0 0.869140625 0.7643229166666666 0.7412109375 0.7643229166666666 0.7412109375 0.7845052083333334 0.869140625 0.7845052083333334
0 0.86962890625 0.7415364583333334 0.74169921875 0.7415364583333334 0.74169921875 0.7610677083333334 0.86962890625 0.7610677083333334
0 0.5341796875 0.7786458333333334 0.4101562500000001 0.7786458333333334 0.4101562500000001 0.7981770833333334 0.5341796875 0.7981770833333334
0 0.3740234375000001 0.6848958333333334 0.24316406250000006 0.6848958333333334 0.24316406250000006 0.7063802083333334 0.3740234375000001 0.7063802083333334
0 0.5361328125 0.7337239583333334 0.4111328125000001 0.7337239583333334 0.4111328125000001 0.7532552083333334 0.5361328125 0.7532552083333334
0 0.3725585937500001 0.708984375 0.24462890625000006 0.708984375 0.24462890625000006 0.7291666666666666 0.3725585937500001 0.7291666666666666
0 0.37451171875000006 0.5924479166666666 0.24316406250000006 0.5924479166666666 0.24316406250000006 0.61328125 0.3745117187500001 0.61328125
0 0.3730468750000001 0.73046875 0.24316406250000006 0.73046875 0.24316406250000006 0.7526041666666666 0.3730468750000001 0.7526041666666666
0 0.5400390625 0.5983072916666667 0.41259765625 0.5983072916666666 0.41259765625000006 0.6184895833333334 0.5400390625 0.6184895833333335
0 0.8798828125 0.5104166666666669 0.7451171875 0.5104166666666669 0.7451171875 0.5312500000000001 0.8798828125 0.5312500000000001
0 0.69970703125 0.8033854166666666 0.57470703125 0.8033854166666666 0.57470703125 0.822265625 0.69970703125 0.822265625
0 0.5341796875 0.8678385416666666 0.4130859375000001 0.8678385416666666 0.4130859375000001 0.8854166666666666 0.5341796875 0.8854166666666666
0 0.3720703125 0.4739583333333333 0.23828125000000006 0.4739583333333333 0.23828125000000006 0.49609375 0.3720703125 0.49609375
0 0.3740234375000001 0.6627604166666666 0.24316406250000006 0.6627604166666666 0.24316406250000006 0.6842447916666666 0.3740234375000001 0.6842447916666666
0 0.69970703125 0.8697916666666666 0.572265625 0.8697916666666666 0.572265625 0.8880208333333334 0.69970703125 0.8880208333333334
0 0.54150390625 0.43619791666666674 0.41259765625 0.4361979166666667 0.41259765625 0.4563802083333334 0.54150390625 0.4563802083333335
0 0.37451171875 0.4505208333333333 0.23925781250000006 0.4505208333333333 0.23925781250000006 0.4720052083333333 0.37451171875 0.4720052083333333
0 0.3750000000000001 0.8684895833333334 0.24609375000000006 0.8684895833333334 0.24609375000000006 0.88671875 0.3750000000000001 0.88671875
0 0.20361328125000006 0.8697916666666666 0.07714843750000008 0.8697916666666666 0.07714843750000008 0.888671875 0.20361328125000006 0.888671875
0 0.8623046875 0.8743489583333334 0.7373046875 0.8743489583333334 0.7373046875 0.8938802083333334 0.8623046875 0.8938802083333334
0 0.709480224609375 0.6436871744791667 0.7094034901902215 0.6197506350338364 0.57877197265625 0.6204951171875001 0.5788487070754035 0.6444316566328303