0 0.7032606666666666 0.2367235 0.236313 0.2274595 0.23480611692255116 0.2701834841900638 0.7017537835892177 0.27944748419006377
0 0.7009449999999999 0.28188525 0.235541 0.2737792499999999 0.23440840661910864 0.3103572586399225 0.6998124066191086 0.31846325863992253
0 0.6947706666666669 0.3206780000000001 0.24943366666666675 0.315467 0.24868484142318922 0.3514643647943159 0.6940218414231892 0.356675364794316
0 0.6878243333333334 0.35773375 0.2517493333333333 0.34962775 0.25063599753140103 0.3833179269402959 0.6867109975314012 0.39142392694029593
0 0.6824216666666666 0.39240425000000007 0.2561493333333334 0.3880720000000001 0.2555732215702191 0.4199582102503274 0.6818455549035524 0.4242904602503274
0 0.6747033333333334 0.4248282500000001 0.2633263333333334 0.42251225000000003 0.2630014853761186 0.4549689318560131 0.6743784853761187 0.45728493185601315
0 0.6700726666666669 0.460147 0.26487000000000005 0.454936 0.26423275242010574 0.4828088863018206 0.6694354190867724 0.4880198863018206
0 0.6646696666666668 0.4890967500000001 0.2666423333333334 0.48482250000000005 0.2660886648917424 0.5138243213753249 0.6641159982250757 0.5180985713753249
0 0.6631263333333335 0.5197145 0.27027266666666677 0.5139244999999999 0.26955694915685363 0.5412404567384332 0.6624106158235205 0.5470304567384333
0 0.6561800000000001 0.5486642500000001 0.2779910000000001 0.5422952500000001 0.2772243829378502 0.5679010678389145 0.6554133829378502 0.5742700678389144
0 0.6492336666666666 0.5764560000000001 0.2810780000000001 0.5689290000000001 0.2801930518261867 0.5932762512626337 0.6483487184928532 0.6008032512626337
0 0.6461463333333334 0.602511 0.28145566666666677 0.59638625 0.28072572884644037 0.62083432535565 0.6454163955131069 0.62695907535565
0 0.6446026666666668 0.6279175 0.2810780000000001 0.6238644999999999 0.28061802958032944 0.6470710035372815 0.6441426962469962 0.6511240035372816
0 0.6399716666666668 0.6533935 0.28570900000000005 0.6481825 0.28511725463606896 0.6708113094358666 0.6393799213027357 0.6760223094358666
0 0.6345690000000002 0.6765532500000001 0.2903400000000001 0.67192125 0.2898410323013521 0.6927793076349461 0.6340700323013522 0.6974113076349462
0 0.6322536666666667 0.69913425 0.29574266666666676 0.69566025 0.29546614449893643 0.7107270814742738 0.6319771444989364 0.7142010814742737