0 0.6876882311197918 0.9253145112304687 0.25727014310837504 0.9141171534543066 0.25543503515625016 0.9537960058593749 0.6858531231676669 0.964993363635537
0 0.6913058657039173 0.8856859131750734 0.2626429648437502 0.8724697260742188 0.2604821009907889 0.9118936321739477 0.6891450018509561 0.9251098192748023
0 0.6915369005610746 0.834618051624957 0.26213995351663866 0.8266126753816283 0.2605149657159809 0.8756413141863588 0.6899119127604169 0.8836466904296875
0 0.6898567431319566 0.7955159407923059 0.2637324778645835 0.7879386450195313 0.2625369158317563 0.8257582220236289 0.6886611810991292 0.8333355177964036
0 0.6904337991991643 0.7569410522822092 0.2660306775304391 0.749912956201533 0.2649751407010666 0.785766888782605 0.6893782623697918 0.7927949848632813
0 0.6913042075933825 0.7216089222475026 0.2712441708877352 0.712377298701882 0.2698852662760418 0.7471585161132812 0.689945302981689 0.7563901396589018
0 0.6925960458955848 0.6855427459550639 0.2712338410721669 0.6752200461972391 0.2697009759114584 0.7104156777343751 0.6910631807348763 0.7207383774921999
0 0.6875466385385353 0.641926380127248 0.27016029763738153 0.6418619464426388 0.2701493661300965 0.6816935545966408 0.6875357070312501 0.68175798828125
0 0.6790324440104168 0.6360237915039062 0.6784452779865123 0.5974247907762977 0.27131689387192875 0.600908474858329 0.2719040598958333 0.6395074755859375
0 0.6882967309388591 0.5811703895719426 0.28248714214607756 0.5657504997211517 0.28032639388020847 0.5977370742187501 0.6861359826729901 0.613156964069541
0 0.6852150705728931 0.5464980788324821 0.2899444433593751 0.5314795478515625 0.287822773177107 0.5628895154057991 0.683093400390625 0.5779080463867188
0 0.6860409757938979 0.5129652327843159 0.2919642935365262 0.499035592377099 0.29005432034679507 0.5294297863505955 0.6841310026041668 0.5433594267578123
0 0.6964733319880589 0.04025036660303303 0.3459167047680165 0.02751574188466757 0.34443487890624996 0.05046093554687502 0.6949915061262923 0.06319556026524048
0 0.6964321583848072 0.06484326934483159 0.3410825221354166 0.05571204541015628 0.34012218307670644 0.07673404393050005 0.695471819326097 0.08586526786517536
0 0.6935929596354166 0.09279935009765629 0.3356483448641803 0.08290130533604928 0.3345431992187499 0.10538193457031253 0.692487813989986 0.11527997933191954
0 0.693675171463528 0.11964417962922537 0.33323438541731726 0.1065276089665443 0.33163360742187503 0.13127145800781256 0.6920743934680856 0.1443880286704936
0 0.6930560637189846 0.14489789864966512 0.3286574732560578 0.1384099100428352 0.3278080898756149 0.1652443722330139 0.6922066803385416 0.1717323608398438
0 0.6936308744297398 0.1758845915578436 0.3269232325413426 0.164586154293814 0.325626064453125 0.18826826269531255 0.6923337063415222 0.19956669995934215
0 0.6917431332433063 0.20569245851720463 0.32495324412852306 0.19282784524817914 0.3234839361979167 0.21639222265625002 0.6902738253127 0.22925683592527552
0 0.6925880388674851 0.23357132658114368 0.3206567805989584 0.21998842968750001 0.31902561454616013 0.2451125564888056 0.690956872814687 0.25869545338244926
0 0.6921341686197917 0.26140415673828127 0.31739547537012874 0.25032656268563763 0.316069032557404 0.2755668415964866 0.6908077258070668 0.2866444356491303
0 0.6912404733072918 0.29389335253906257 0.31405160906416973 0.27958624017475847 0.3123027083333334 0.30552173632812507 0.6894915725764554 0.31982884869242917
0 0.6893945932120414 0.322683515639136 0.30750887685247646 0.31185614172528314 0.30615757465606014 0.338665430285366 0.6880432910156252 0.34949280419921885
0 0.6904669016927084 0.3542033916015626 0.3038574751887408 0.3421439216582709 0.30234394003711423 0.36943742334947033 0.6889533665410821 0.38149689329276204
0 0.6916078667000812 0.38625272823002815 0.30157484144974983 0.37144879868551633 0.2996788313802084 0.39954758349609376 0.6897118566305398 0.4143515130406056
0 0.6920621391875352 0.41619647571474383 0.29917866052744413 0.40287143439418877 0.2974928105468751 0.43083140136718756 0.6903762892069661 0.4441564426877426
0 0.6912339866495948 0.4476138497415365 0.2975221366309754 0.4342533929567855 0.29574065169270836 0.46378328515625006 0.6894525017113277 0.47714374194100106
0 0.6870005954883244 0.479474259072844 0.2931986790814585 0.46555981898096643 0.2912569234368842 0.49647196762296636 0.6850588398437502 0.5103864077148439