0 0.4760742187500001 0.6263020833333334 0.2729492187500001 0.6263020833333334 0.2729492187500001 0.6575520833333334 0.4760742187500001 0.6575520833333335
0 0.93798828125 0.7929687500000001 0.73779296875 0.79296875 0.73779296875 0.8248697916666669 0.93798828125 0.824869791666667
0 0.943359375 0.6445312500000001 0.74365234375 0.6445312500000001 0.74365234375 0.6764322916666669 0.943359375 0.676432291666667
0 0.70849609375 0.7858072916666666 0.505859375 0.7858072916666666 0.505859375 0.8170572916666666 0.70849609375 0.8170572916666666
0 0.4726562500000001 0.806640625 0.2719726562500001 0.806640625 0.2719726562500001 0.8372395833333334 0.4726562500000001 0.8372395833333334
0 0.47802734375 0.47526041666666674 0.275390625 0.4752604166666667 0.275390625 0.5084635416666667 0.47802734375 0.5084635416666669
0 0.4746093750000001 0.6569010416666667 0.2739257812500001 0.6569010416666666 0.2739257812500001 0.6888020833333334 0.4746093750000001 0.6888020833333334
0 0.9404296875 0.6751302083333335 0.74560546875 0.6751302083333334 0.74560546875 0.7063802083333335 0.9404296875 0.7063802083333336
0 0.47460937500000006 0.5963541666666667 0.2734375 0.5963541666666666 0.27343750000000006 0.6269531250000001 0.4746093750000001 0.6269531250000001
0 0.4726562500000001 0.7766927083333334 0.2714843750000001 0.7766927083333334 0.2714843750000001 0.8079427083333334 0.4726562500000001 0.8079427083333334
0 0.70849609375 0.7571614583333334 0.50927734375 0.7571614583333334 0.50927734375 0.7877604166666666 0.70849609375 0.7877604166666666
0 0.4726562500000001 0.716796875 0.2739257812500001 0.716796875 0.2739257812500001 0.748046875 0.4726562500000001 0.748046875
0 0.2587890625000001 0.7721354166666666 0.05371093750000007 0.7721354166666666 0.05371093750000007 0.8033854166666666 0.2587890625000001 0.8033854166666666
0 0.9443359375 0.5839843750000001 0.74267578125 0.5839843750000001 0.74267578125 0.6171875000000001 0.9443359375 0.6171875000000001
0 0.4721679687500001 0.74609375 0.2709960937500001 0.74609375 0.2709960937500001 0.7779947916666666 0.4721679687500001 0.7779947916666666
0 0.4794921875 0.35351562500000006 0.275390625 0.353515625 0.275390625 0.38541666666666674 0.4794921875 0.3854166666666668
0 0.48193359375 0.22851562500000008 0.2763671875 0.22851562500000008 0.2763671875 0.26171875000000006 0.48193359375 0.26171875000000006
0 0.94921875 0.5533854166666669 0.74658203125 0.5533854166666669 0.74658203125 0.5859375000000001 0.94921875 0.5859375000000001
0 0.94482421875 0.6145833333333335 0.74658203125 0.6145833333333335 0.74658203125 0.6464843750000001 0.94482421875 0.6464843750000001
0 0.94921875 0.4954427083333335 0.7490234375 0.4954427083333335 0.7490234375 0.5279947916666669 0.94921875 0.5279947916666669
0 0.4814453125 0.29101562500000006 0.27685546875 0.29101562500000006 0.27685546875 0.32421875000000006 0.4814453125 0.32421875000000006
0 0.47705078125 0.44531250000000006 0.27490234375 0.4453125 0.27490234375 0.47916666666666674 0.47705078125 0.4791666666666668
0 0.4775390625 0.3216145833333334 0.2763671875 0.3216145833333334 0.2763671875 0.35546875000000006 0.4775390625 0.35546875000000017
0 0.9365234375 0.8235677083333335 0.73828125 0.8235677083333334 0.73828125 0.8548177083333335 0.9365234375 0.8548177083333336
0 0.71435546875 0.5104166666666669 0.51318359375 0.5104166666666669 0.51318359375 0.5442708333333335 0.71435546875 0.5442708333333335
0 0.2578125000000001 0.65234375 0.055175781250000056 0.65234375 0.05517578125000006 0.68359375 0.2578125000000001 0.68359375
0 0.47900390625 0.26041666666666674 0.27587890625 0.26041666666666674 0.27587890625 0.2942708333333334 0.47900390625 0.2942708333333334
0 0.2558593750000001 0.7115885416666666 0.05468750000000007 0.7115885416666666 0.05468750000000007 0.7447916666666666 0.2558593750000001 0.7447916666666666
0 0.47802734375 0.5065104166666667 0.27392578125 0.5065104166666666 0.27392578125 0.5390625000000001 0.47802734375 0.5390625000000001
0 0.4814453125 0.19596354166666674 0.2763671875 0.19596354166666674 0.2763671875 0.23046875000000008 0.4814453125 0.23046875000000008
0 0.25048828125 0.27929687500000006 0.05175781250000003 0.279296875 0.05175781250000003 0.3131510416666667 0.25048828125 0.31315104166666674
0 0.25537109375 0.3111979166666667 0.05322265625000003 0.3111979166666667 0.05322265625000003 0.3450520833333333 0.25537109375 0.3450520833333333
0 0.47509765625 0.3841145833333334 0.2744140625 0.3841145833333333 0.2744140625 0.4173177083333334 0.47509765625 0.4173177083333335
0 0.25439453125 0.341796875 0.05175781250000003 0.341796875 0.05175781250000003 0.3763020833333333 0.25439453125 0.3763020833333333
0 0.25390625 0.15429687500000003 0.047363281250000014 0.154296875 0.047363281250000014 0.1881510416666667 0.25390625 0.18815104166666674
0 0.94677734375 0.5247395833333335 0.74658203125 0.5247395833333335 0.74658203125 0.5559895833333335 0.94677734375 0.5559895833333335
0 0.25537109375 0.3763020833333333 0.04931640625000003 0.3763020833333333 0.049316406250000035 0.41015625 0.25537109375 0.41015625
0 0.48974609375 0.09960937500000006 0.27734375 0.09960937500000004 0.27734375 0.13476562500000006 0.48974609375 0.13476562500000008
0 0.25537109375 0.18554687500000003 0.049804687500000014 0.185546875 0.049804687500000014 0.2194010416666667 0.25537109375 0.21940104166666674
0 0.25537109375 0.21679687500000003 0.050292968750000014 0.216796875 0.05029296875000002 0.2506510416666667 0.25537109375 0.25065104166666674
0 0.4731445312500001 0.6875 0.2729492187500001 0.6875 0.2729492187500001 0.7200520833333334 0.4731445312500001 0.7200520833333334
0 0.25146484375 0.12239583333333336 0.049316406250000014 0.12239583333333333 0.049316406250000014 0.15690104166666669 0.25146484375 0.1569010416666667
0 0.2568359375 0.435546875 0.05273437500000004 0.435546875 0.05273437500000004 0.46875 0.2568359375 0.46875
0 0.25537109375 0.4049479166666667 0.05078125000000004 0.4049479166666667 0.05078125000000004 0.4381510416666667 0.25537109375 0.4381510416666667
0 0.47705078125 0.41471354166666674 0.27490234375 0.4147135416666667 0.27490234375 0.44726562500000006 0.47705078125 0.44726562500000017
0 0.2529296875 0.24739583333333337 0.04980468750000003 0.24739583333333334 0.04980468750000003 0.28125000000000006 0.2529296875 0.28125000000000006
0 0.48193359375 0.1634114583333334 0.275390625 0.16341145833333337 0.275390625 0.1985677083333334 0.48193359375 0.1985677083333334
0 0.71484375 0.5416666666666669 0.5126953125 0.5416666666666669 0.5126953125 0.5748697916666669 0.71484375 0.5748697916666669
0 0.7119140625 0.6022135416666669 0.5107421875 0.6022135416666669 0.5107421875 0.6354166666666669 0.7119140625 0.6354166666666669
0 0.47607421875 0.5677083333333334 0.27490234375 0.5677083333333334 0.27490234375 0.5996093750000001 0.47607421875 0.5996093750000001
0 0.2563476562500001 0.7421875 0.05273437500000007 0.7421875 0.05273437500000007 0.7727864583333334 0.2563476562500001 0.7727864583333334
0 0.48974609375 0.06640625000000006 0.2734375 0.06640625000000004 0.2734375 0.10351562500000006 0.48974609375 0.10351562500000007
0 0.25439453125 0.466796875 0.05175781250000004 0.466796875 0.05175781250000004 0.5 0.25439453125 0.5
0 0.71142578125 0.5722656250000001 0.51123046875 0.5722656250000001 0.51123046875 0.6061197916666669 0.71142578125 0.6061197916666669
0 0.94970703125 0.4635416666666668 0.74365234375 0.4635416666666668 0.74365234375 0.4973958333333335 0.94970703125 0.4973958333333335
0 0.25634765625 0.026041666666666696 0.0439453125 0.026041666666666675 0.0439453125 0.05989583333333335 0.25634765625 0.05989583333333337
0 0.71337890625 0.6341145833333335 0.5126953125 0.6341145833333335 0.5126953125 0.6666666666666666 0.71337890625 0.6666666666666666
0 0.2578125000000001 0.6822916666666666 0.05224609375000007 0.6822916666666666 0.05224609375000007 0.7141927083333334 0.2578125000000001 0.7141927083333334
0 0.48681640625 0.1321614583333334 0.27587890625 0.13216145833333337 0.27587890625 0.1673177083333334 0.48681640625 0.1673177083333334
0 0.25634765625 0.5286458333333334 0.05224609375000004 0.5286458333333334 0.05224609375000005 0.560546875 0.25634765625 0.560546875
0 0.25830078125000006 0.58984375 0.052734375000000056 0.58984375 0.052734375000000056 0.62109375 0.2583007812500001 0.62109375
0 0.2568359375 0.4973958333333333 0.05468750000000004 0.4973958333333333 0.05468750000000005 0.5305989583333334 0.2568359375 0.5305989583333334
0 0.95166015625 0.40234375000000017 0.7490234375 0.40234375000000017 0.7490234375 0.43554687500000017 0.95166015625 0.43554687500000017
0 0.47705078125 0.5364583333333334 0.275390625 0.5364583333333334 0.275390625 0.5696614583333334 0.47705078125 0.5696614583333335
0 0.7119140625 0.6959635416666666 0.50830078125 0.6959635416666666 0.50830078125 0.7272135416666666 0.7119140625 0.7272135416666666
0 0.953125 0.43359375000000017 0.74755859375 0.43359375000000017 0.74755859375 0.46484375000000017 0.953125 0.46484375000000017
0 0.25048828125 0.09049479166666669 0.046875000000000014 0.09049479166666667 0.046875000000000014 0.12500000000000003 0.25048828125 0.12500000000000003
0 0.7099609375 0.6653645833333335 0.509765625 0.6653645833333335 0.509765625 0.697265625 0.7099609375 0.697265625
0 0.2607421875000001 0.62109375 0.054199218750000056 0.62109375 0.054199218750000056 0.6536458333333334 0.2607421875000001 0.6536458333333334
0 0.7060546875 0.8170572916666666 0.50634765625 0.8170572916666666 0.50634765625 0.8489583333333334 0.7060546875 0.8489583333333334
0 0.9404296875 0.7337239583333335 0.7431640625 0.7337239583333334 0.7431640625 0.7656250000000001 0.9404296875 0.7656250000000003
0 0.25537109375 0.5592447916666666 0.053222656250000056 0.5592447916666666 0.053222656250000056 0.5911458333333334 0.25537109375 0.5911458333333334
0 0.939453125 0.7037760416666669 0.7392578125 0.7037760416666666 0.7392578125 0.7356770833333335 0.939453125 0.7356770833333336
0 0.25341796875 0.05859375000000002 0.046875 0.05859375 0.04687500000000001 0.09440104166666669 0.25341796875 0.0944010416666667
0 0.93896484375 0.7643229166666669 0.74365234375 0.7643229166666666 0.74365234375 0.7962239583333335 0.93896484375 0.7962239583333336
0 0.708984375 0.7259114583333334 0.50439453125 0.7259114583333334 0.50439453125 0.7578125 0.708984375 0.7578125
0 0.95556640625 0.3704427083333335 0.748046875 0.3704427083333335 0.748046875 0.40234375000000017 0.95556640625 0.40234375000000017
0 0.70654296875 0.8444010416666666 0.50537109375 0.8444010416666666 0.50537109375 0.8828125 0.70654296875 0.8828125
0 0.71826171875 0.4817708333333335 0.51171875 0.4817708333333335 0.51171875 0.5123697916666669 0.71826171875 0.5123697916666669
0 0.9345703125 0.8541666666666669 0.734375 0.8541666666666666 0.734375 0.8906250000000001 0.9345703125 0.8906250000000003
0 0.2587890625000001 0.8333333333333334 0.05273437500000008 0.8333333333333334 0.05273437500000008 0.8684895833333334 0.2587890625000001 0.8684895833333334
0 0.4755859375000001 0.8372395833333334 0.2724609375000001 0.8372395833333334 0.2724609375000001 0.8736979166666666 0.4755859375000001 0.8736979166666666
0 0.2558593750000001 0.8014322916666666 0.05468750000000007 0.8014322916666666 0.054687500000000076 0.83203125 0.2558593750000001 0.83203125