0 0.6884765625 0.5527343750000001 0.5166015625 0.5527343750000001 0.5166015625 0.5794270833333335 0.6884765625 0.5794270833333335
0 0.6904296875 0.5227864583333335 0.51806640625 0.5227864583333335 0.51806640625 0.5494791666666669 0.6904296875 0.5494791666666669
0 0.470703125 0.48502604166666674 0.2978515625 0.4850260416666667 0.2978515625 0.5143229166666667 0.470703125 0.5143229166666669
0 0.68798828125 0.6445312500000001 0.5126953125 0.6445312500000001 0.5126953125 0.6712239583333334 0.68798828125 0.6712239583333334
0 0.4672851562500001 0.7044270833333334 0.2968750000000001 0.7044270833333334 0.2968750000000001 0.7317708333333334 0.4672851562500001 0.7317708333333334
0 0.4682617187500001 0.6744791666666666 0.2978515625000001 0.6744791666666666 0.2978515625000001 0.701171875 0.4682617187500001 0.701171875
0 0.68603515625 0.705078125 0.51953125 0.705078125 0.51953125 0.732421875 0.68603515625 0.732421875
0 0.24218750000000006 0.4524739583333333 0.06494140625000003 0.4524739583333333 0.06494140625000004 0.482421875 0.24218750000000006 0.482421875
0 0.47119140625 0.45377604166666674 0.2978515625 0.4537760416666667 0.2978515625 0.48242187500000006 0.47119140625 0.48242187500000017
0 0.47119140625 0.4212239583333334 0.29736328125 0.4212239583333333 0.29736328125 0.45117187500000006 0.47119140625 0.45117187500000017
0 0.4697265625 0.29101562500000006 0.2939453125 0.29101562500000006 0.2939453125 0.3216145833333334 0.4697265625 0.3216145833333334
0 0.6865234375 0.6751302083333334 0.5185546875 0.6751302083333334 0.5185546875 0.7018229166666666 0.6865234375 0.7018229166666666
0 0.24365234375000006 0.4850260416666667 0.06494140625000006 0.4850260416666667 0.06494140625000006 0.5143229166666666 0.24365234375000006 0.5143229166666666
0 0.47119140625 0.5169270833333334 0.2978515625 0.5169270833333334 0.2978515625 0.5455729166666667 0.47119140625 0.5455729166666669
0 0.4697265625 0.35807291666666674 0.296875 0.3580729166666667 0.296875 0.3860677083333334 0.4697265625 0.3860677083333335
0 0.4672851562500001 0.7356770833333334 0.2968750000000001 0.7356770833333334 0.2968750000000001 0.763671875 0.4672851562500001 0.763671875
0 0.23730468750000003 0.29296875000000006 0.06103515625000003 0.29296875 0.06103515625000003 0.32421875000000006 0.23730468750000006 0.32421875000000006
0 0.9150390625 0.5904947916666669 0.7412109375 0.5904947916666669 0.7412109375 0.6191406250000001 0.9150390625 0.6191406250000001
0 0.24267578125000006 0.5475260416666666 0.06591796875000006 0.5475260416666666 0.06591796875000006 0.5768229166666666 0.24267578125000006 0.5768229166666666
0 0.4697265625 0.32486979166666674 0.29638671875 0.32486979166666674 0.29638671875 0.35546875000000006 0.4697265625 0.35546875000000017
0 0.4687500000000001 0.6425781250000001 0.2978515625000001 0.642578125 0.2978515625000001 0.6705729166666666 0.4687500000000001 0.6705729166666666
0 0.24365234375000006 0.6412760416666666 0.06689453125000006 0.6412760416666666 0.06689453125000006 0.669921875 0.24365234375000006 0.669921875
0 0.23828125000000006 0.3580729166666667 0.06445312500000003 0.3580729166666667 0.06445312500000003 0.3880208333333333 0.23828125000000006 0.3880208333333333
0 0.23974609375000006 0.421875 0.06445312500000003 0.421875 0.06445312500000003 0.4505208333333333 0.23974609375000006 0.4505208333333333
0 0.4697265625000001 0.6113281250000001 0.2978515625000001 0.611328125 0.2978515625000001 0.6386718750000001 0.4697265625000001 0.6386718750000001
0 0.24316406250000006 0.5162760416666666 0.06542968750000006 0.5162760416666666 0.06542968750000006 0.544921875 0.24316406250000006 0.544921875
0 0.47119140625 0.3899739583333334 0.2978515625 0.3899739583333333 0.2978515625 0.4192708333333334 0.47119140625 0.4192708333333335
0 0.90966796875 0.6842447916666669 0.74072265625 0.6842447916666666 0.74072265625 0.7122395833333335 0.90966796875 0.7122395833333336
0 0.24316406250000006 0.6725260416666666 0.06738281250000006 0.6725260416666666 0.06738281250000006 0.701171875 0.24316406250000006 0.701171875
0 0.24316406250000006 0.6100260416666666 0.06689453125000006 0.6100260416666666 0.06689453125000006 0.638671875 0.24316406250000006 0.638671875
0 0.24072265625000006 0.7037760416666666 0.06738281250000006 0.7037760416666666 0.06738281250000006 0.732421875 0.24072265625000006 0.732421875
0 0.91357421875 0.6223958333333335 0.74072265625 0.6223958333333335 0.74072265625 0.6503906250000001 0.91357421875 0.6503906250000001
0 0.23779296875000006 0.32552083333333337 0.06347656250000003 0.3255208333333333 0.06347656250000003 0.3561197916666667 0.23779296875000006 0.3561197916666667
0 0.23925781250000006 0.390625 0.06445312500000003 0.390625 0.06445312500000003 0.419921875 0.23925781250000006 0.419921875
0 0.69189453125 0.4309895833333335 0.5234375 0.4309895833333335 0.5234375 0.4602864583333335 0.69189453125 0.4602864583333335
0 0.46972656250000006 0.5794270833333334 0.2978515625 0.5794270833333334 0.29785156250000006 0.6080729166666667 0.4697265625000001 0.6080729166666669
0 0.23974609375000006 0.7350260416666666 0.06933593750000006 0.7350260416666666 0.06933593750000007 0.763671875 0.23974609375000006 0.763671875
0 0.68505859375 0.734375 0.51904296875 0.734375 0.51904296875 0.76171875 0.68505859375 0.76171875
0 0.91162109375 0.6523437500000001 0.7412109375 0.6523437500000001 0.7412109375 0.6816406250000001 0.91162109375 0.6816406250000003
0 0.9169921875 0.5585937500000001 0.74267578125 0.5585937500000001 0.74267578125 0.5878906250000001 0.9169921875 0.5878906250000001
0 0.47216796875 0.5481770833333334 0.29736328125 0.5481770833333334 0.29736328125 0.5774739583333334 0.47216796875 0.5774739583333335
0 0.24316406250000006 0.5787760416666666 0.06689453125000006 0.5787760416666666 0.06689453125000006 0.607421875 0.24316406250000006 0.607421875
0 0.9169921875 0.5273437500000001 0.7431640625 0.5273437500000001 0.7431640625 0.5566406250000001 0.9169921875 0.5566406250000001
0 0.68701171875 0.6145833333333335 0.51904296875 0.6145833333333335 0.51904296875 0.6425781250000001 0.68701171875 0.6425781250000001
0 0.6953125 0.3665364583333335 0.52392578125 0.3665364583333335 0.52392578125 0.39648437500000017 0.6953125 0.39648437500000017
0 0.9091796875 0.7141927083333335 0.74072265625 0.7141927083333334 0.74072265625 0.7421875000000001 0.9091796875 0.7421875000000003
0 0.69287109375 0.3997395833333335 0.52392578125 0.3997395833333335 0.52392578125 0.4290364583333335 0.69287109375 0.4290364583333335
0 0.92138671875 0.4322916666666668 0.74853515625 0.4322916666666668 0.74853515625 0.4622395833333335 0.92138671875 0.4622395833333335
0 0.69091796875 0.4615885416666668 0.52197265625 0.4615885416666668 0.52197265625 0.49023437500000017 0.69091796875 0.49023437500000017
0 0.9287109375 0.3053385416666668 0.751953125 0.3053385416666668 0.751953125 0.33593750000000017 0.9287109375 0.33593750000000017
0 0.91845703125 0.49609375000000017 0.74609375 0.49609375000000017 0.74609375 0.5253906250000001 0.91845703125 0.5253906250000001
0 0.6904296875 0.4928385416666668 0.52197265625 0.4928385416666668 0.52197265625 0.5214843750000001 0.6904296875 0.5214843750000001
0 0.9267578125 0.3372395833333335 0.7509765625 0.3372395833333335 0.7509765625 0.36914062500000017 0.9267578125 0.36914062500000017
0 0.90771484375 0.7447916666666669 0.7392578125 0.7447916666666666 0.7392578125 0.7727864583333335 0.90771484375 0.7727864583333336
0 0.91943359375 0.4641927083333335 0.74755859375 0.4641927083333335 0.74755859375 0.49414062500000017 0.91943359375 0.49414062500000017
0 0.9228515625 0.4010416666666668 0.7490234375 0.4010416666666668 0.7490234375 0.43164062500000017 0.9228515625 0.43164062500000017
0 0.69775390625 0.3033854166666668 0.5234375 0.30338541666666674 0.5234375 0.33398437500000017 0.69775390625 0.33398437500000017
0 0.46630859375 0.2591145833333334 0.28955078125 0.2591145833333334 0.28955078125 0.28710937500000006 0.46630859375 0.28710937500000006
0 0.697265625 0.33593750000000017 0.52392578125 0.33593750000000017 0.52392578125 0.36523437500000017 0.697265625 0.36523437500000017
0 0.2392578125 0.26106770833333337 0.05419921875000003 0.2610677083333333 0.05419921875000003 0.28906250000000006 0.2392578125 0.28906250000000006
0 0.92529296875 0.36914062500000017 0.75048828125 0.36914062500000017 0.75048828125 0.3997395833333335 0.92529296875 0.3997395833333335
0 0.68798828125 0.5826822916666669 0.515625 0.5826822916666669 0.515625 0.6100260416666669 0.68798828125 0.6100260416666669
0 0.68408203125 0.7662760416666666 0.51171875 0.7662760416666666 0.51171875 0.7916666666666666 0.68408203125 0.7916666666666666
0 0.93115234375 0.2727864583333335 0.75 0.2727864583333335 0.75 0.3014322916666668 0.93115234375 0.3014322916666668
0 0.23925781250000006 0.767578125 0.06396484375000008 0.767578125 0.06396484375000008 0.7936197916666666 0.23925781250000006 0.7936197916666666
0 0.90673828125 0.7779947916666669 0.73583984375 0.7779947916666666 0.73583984375 0.8014322916666669 0.90673828125 0.801432291666667
0 0.4677734375000001 0.7688802083333334 0.2939453125000001 0.7688802083333334 0.2939453125000001 0.79296875 0.4677734375000001 0.79296875
0 0.6982421875 0.2721354166666668 0.5185546875 0.27213541666666674 0.5185546875 0.2988281250000001 0.6982421875 0.29882812500000017