0 0.3678385416666667 0.16943359375000003 0.08138020833333336 0.16943359375 0.08138020833333336 0.19482421875000003 0.3678385416666667 0.19482421875000006
0 0.365234375 0.19726562500000003 0.0807291666666667 0.197265625 0.0807291666666667 0.22119140625000003 0.365234375 0.22119140625000006
0 0.931640625 0.19824218750000008 0.658203125 0.19824218750000006 0.658203125 0.22363281250000008 0.931640625 0.2236328125000001
0 0.900390625 0.4614257812500001 0.6354166666666669 0.4614257812500001 0.6354166666666669 0.4833984375000001 0.900390625 0.4833984375000001
0 0.9205729166666666 0.3212890625000001 0.6471354166666666 0.3212890625000001 0.6471354166666666 0.3452148437500001 0.9205729166666666 0.3452148437500001
0 0.3671875 0.38623046875 0.09895833333333341 0.38623046875 0.09895833333333341 0.4072265625 0.3671875 0.4072265625
0 0.3639322916666667 0.21777343750000003 0.08333333333333337 0.2177734375 0.08333333333333337 0.24267578125000003 0.3639322916666667 0.24267578125000006
0 0.8880208333333334 0.5498046875 0.6321614583333335 0.5498046875 0.6321614583333335 0.57080078125 0.8880208333333334 0.57080078125
0 0.92578125 0.2729492187500001 0.6569010416666666 0.2729492187500001 0.6569010416666666 0.2968750000000001 0.92578125 0.2968750000000001
0 0.36718750000000017 0.58154296875 0.10937500000000011 0.58154296875 0.10937500000000011 0.6015625 0.36718750000000017 0.6015625
0 0.9303385416666666 0.22509765625000008 0.6569010416666666 0.22509765625000006 0.6569010416666666 0.24804687500000008 0.9303385416666666 0.2480468750000001
0 0.8854166666666666 0.59228515625 0.6269531250000001 0.59228515625 0.6269531250000001 0.61376953125 0.8854166666666666 0.61376953125
0 0.91015625 0.3935546875000001 0.6438802083333334 0.3935546875000001 0.6438802083333334 0.4150390625000001 0.91015625 0.4150390625000001
0 0.9147135416666666 0.3701171875000001 0.6451822916666666 0.3701171875000001 0.6451822916666666 0.3930664062500001 0.9147135416666666 0.3930664062500001
0 0.37109375000000017 0.6435546875 0.11132812500000011 0.6435546875 0.11132812500000011 0.66162109375 0.37109375000000017 0.66162109375
0 0.3658854166666667 0.36328125 0.09440104166666674 0.36328125 0.09440104166666674 0.38427734375 0.3658854166666667 0.38427734375
0 0.3684895833333334 0.453125 0.10286458333333341 0.453125 0.10286458333333341 0.47412109375 0.3684895833333335 0.47412109375
0 0.3658854166666667 0.29296875 0.09309895833333337 0.29296875 0.09309895833333337 0.31640625 0.3658854166666667 0.31640625
0 0.8997395833333334 0.4829101562500001 0.6367187500000001 0.4829101562500001 0.6367187500000001 0.50537109375 0.8997395833333334 0.50537109375
0 0.8880208333333334 0.5712890625 0.6302083333333335 0.5712890625 0.6302083333333335 0.5927734375 0.8880208333333334 0.5927734375
0 0.3639322916666667 0.24462890625000003 0.08398437500000004 0.24462890625 0.08398437500000004 0.26953125 0.3639322916666667 0.26953125
0 0.3665364583333333 0.4306640625 0.10351562500000007 0.4306640625 0.10351562500000007 0.45166015625 0.3665364583333333 0.45166015625
0 0.916015625 0.3452148437500001 0.6497395833333334 0.3452148437500001 0.6497395833333334 0.3681640625000001 0.916015625 0.3681640625000001
0 0.9212239583333334 0.2973632812500001 0.6549479166666666 0.2973632812500001 0.6549479166666666 0.3203125000000001 0.9212239583333334 0.3203125000000001
0 0.90234375 0.4384765625000001 0.6393229166666666 0.4384765625000001 0.6393229166666667 0.4604492187500001 0.90234375 0.4604492187500001
0 0.8815104166666666 0.63671875 0.6256510416666669 0.63671875 0.6256510416666669 0.65625 0.8815104166666666 0.65625
0 0.3697916666666668 0.5185546875 0.10807291666666674 0.5185546875 0.10807291666666674 0.53759765625 0.3697916666666668 0.53759765625
0 0.8717447916666666 0.65771484375 0.6236979166666669 0.65771484375 0.6236979166666669 0.67724609375 0.8717447916666666 0.67724609375
0 0.36914062500000017 0.5390625 0.10677083333333341 0.5390625 0.10677083333333341 0.55810546875 0.36914062500000017 0.55810546875
0 0.369140625 0.33935546875 0.09309895833333337 0.33935546875 0.09309895833333338 0.3623046875 0.369140625 0.3623046875
0 0.8932291666666666 0.52734375 0.6373697916666669 0.52734375 0.6373697916666669 0.5498046875 0.8932291666666666 0.5498046875
0 0.3678385416666667 0.40771484375 0.09830729166666674 0.40771484375 0.09830729166666674 0.42919921875 0.3678385416666667 0.42919921875
0 0.3665364583333335 0.6220703125 0.11263020833333344 0.6220703125 0.11263020833333344 0.64208984375 0.3665364583333335 0.64208984375
0 0.9108072916666666 0.4165039062500001 0.6412760416666666 0.4165039062500001 0.6412760416666666 0.4375000000000001 0.9108072916666666 0.4375000000000001
0 0.3704427083333335 0.49609375 0.10416666666666674 0.49609375 0.10416666666666674 0.51708984375 0.3704427083333335 0.51708984375
0 0.9290364583333334 0.24902343750000008 0.6575520833333334 0.24902343750000006 0.6575520833333334 0.2734375000000001 0.9290364583333334 0.2734375000000001
0 0.36718750000000017 0.68408203125 0.11132812500000011 0.68408203125 0.11132812500000011 0.70263671875 0.36718750000000017 0.70263671875
0 0.875 0.6982421875 0.6236979166666669 0.6982421875 0.6236979166666669 0.71728515625 0.875 0.71728515625
0 0.876953125 0.6767578125 0.6230468750000001 0.6767578125 0.6230468750000001 0.69921875 0.876953125 0.69921875
0 0.3684895833333333 0.31591796875 0.0944010416666667 0.31591796875 0.0944010416666667 0.33837890625 0.3684895833333333 0.33837890625
0 0.36718750000000017 0.6015625 0.11132812500000011 0.6015625 0.11132812500000011 0.62109375 0.36718750000000017 0.62109375
0 0.3717447916666668 0.55908203125 0.10937500000000007 0.55908203125 0.1093750000000001 0.580078125 0.3717447916666668 0.580078125
0 0.8971354166666666 0.505859375 0.6334635416666669 0.505859375 0.6334635416666669 0.5263671875 0.8971354166666666 0.5263671875
0 0.3697916666666668 0.4755859375 0.10091145833333341 0.4755859375 0.10091145833333341 0.49560546875 0.3697916666666668 0.49560546875
0 0.36328125 0.26953125 0.08593750000000004 0.26953125 0.08593750000000004 0.29296875 0.36328125 0.29296875
0 0.3684895833333335 0.66259765625 0.11523437500000011 0.66259765625 0.11523437500000011 0.681640625 0.3684895833333335 0.681640625
0 0.8828125 0.615234375 0.6243489583333335 0.615234375 0.6243489583333335 0.63525390625 0.8828125 0.63525390625
0 0.875 0.71533203125 0.6197916666666669 0.71533203125 0.6197916666666669 0.74365234375 0.875 0.74365234375
0 0.3708040364583334 0.14561718750000005 0.07397070312500002 0.13790185546875 0.07277373460191626 0.16380564512798274 0.3696070679352496 0.17152097715923278
0 0.37264581589286444 0.7213730163451291 0.37205891927083323 0.7015065917968749 0.11408889183568911 0.7057933962614662 0.11467578845772027 0.7256598208097204
0 0.9436943359374999 0.17675708007812502 0.6569612630208334 0.16846191406250002 0.6555976767283416 0.19497485231978237 0.9423307496450083 0.20327001833540737