0 0.20556640625000006 0.3912760416666667 0.07617187500000003 0.3912760416666667 0.07617187500000003 0.4192708333333333 0.20556640625000006 0.4192708333333333
0 0.73876953125 0.6158854166666669 0.60107421875 0.6158854166666669 0.60107421875 0.6419270833333335 0.73876953125 0.6419270833333335
0 0.92236328125 0.6132812500000001 0.78271484375 0.6132812500000001 0.78271484375 0.6399739583333335 0.92236328125 0.6399739583333335
0 0.3798828125 0.31054687500000006 0.24365234375000006 0.31054687500000006 0.24365234375000006 0.3391927083333333 0.3798828125 0.3391927083333333
0 0.20703125000000006 0.4153645833333333 0.07812500000000003 0.4153645833333333 0.07812500000000003 0.4420572916666667 0.20703125000000006 0.4420572916666667
0 0.21386718750000006 0.6087239583333334 0.08837890625000006 0.6087239583333334 0.08837890625000006 0.6328125 0.21386718750000006 0.6328125
0 0.73681640625 0.46875000000000017 0.59716796875 0.46875000000000017 0.59716796875 0.49609375000000017 0.73681640625 0.49609375000000017
0 0.38623046875 0.4830729166666667 0.25341796875 0.4830729166666667 0.25341796875 0.509765625 0.38623046875 0.509765625
0 0.92236328125 0.5885416666666669 0.783203125 0.5885416666666669 0.783203125 0.6152343750000001 0.92236328125 0.6152343750000001
0 0.7373046875 0.5924479166666669 0.60107421875 0.5924479166666669 0.60107421875 0.6171875000000001 0.7373046875 0.6171875000000001
0 0.560546875 0.5481770833333334 0.42822265625 0.5481770833333334 0.42822265625 0.5729166666666667 0.560546875 0.5729166666666669
0 0.736328125 0.3430989583333335 0.595703125 0.3430989583333335 0.595703125 0.3704427083333335 0.736328125 0.3704427083333335
0 0.20410156250000006 0.3671875 0.07470703125000003 0.3671875 0.07470703125000003 0.3938802083333333 0.20410156250000006 0.3938802083333333
0 0.21289062500000006 0.583984375 0.08544921875000006 0.583984375 0.08544921875000006 0.609375 0.21289062500000006 0.609375
0 0.38525390625 0.4576822916666667 0.2509765625 0.4576822916666667 0.2509765625 0.4856770833333333 0.38525390625 0.4856770833333333
0 0.92236328125 0.6380208333333335 0.7841796875 0.6380208333333335 0.7841796875 0.6647135416666669 0.92236328125 0.6647135416666669
0 0.73681640625 0.4947916666666668 0.5986328125 0.4947916666666668 0.5986328125 0.5195312500000001 0.73681640625 0.5195312500000001
0 0.92041015625 0.36523437500000017 0.77978515625 0.36523437500000017 0.77978515625 0.3932291666666668 0.92041015625 0.3932291666666668
0 0.73583984375 0.3177083333333334 0.5927734375 0.3177083333333334 0.5927734375 0.3450520833333335 0.73583984375 0.3450520833333335
0 0.919921875 0.4895833333333335 0.78076171875 0.4895833333333335 0.78076171875 0.5175781250000001 0.919921875 0.5175781250000001
0 0.56103515625 0.5950520833333334 0.43017578125 0.5950520833333334 0.43017578125000006 0.6197916666666667 0.56103515625 0.6197916666666669
0 0.736328125 0.44335937500000017 0.59619140625 0.44335937500000017 0.59619140625 0.47070312500000017 0.736328125 0.47070312500000017
0 0.3876953125 0.5065104166666666 0.25390625 0.5065104166666666 0.25390625 0.533203125 0.3876953125 0.533203125
0 0.9248046875 0.26367187500000017 0.779296875 0.26367187500000017 0.779296875 0.29101562500000017 0.9248046875 0.29101562500000017
0 0.21044921875000006 0.537109375 0.08349609375000006 0.537109375 0.08349609375000006 0.5625 0.21044921875000006 0.5625
0 0.73876953125 0.6406250000000001 0.60107421875 0.6406250000000001 0.60107421875 0.6666666666666666 0.73876953125 0.6666666666666666
0 0.9208984375 0.3391927083333335 0.779296875 0.3391927083333335 0.779296875 0.36718750000000017 0.9208984375 0.36718750000000017
0 0.9208984375 0.3157552083333335 0.77978515625 0.3157552083333335 0.77978515625 0.3411458333333335 0.9208984375 0.3411458333333335
0 0.73828125 0.2675781250000001 0.59423828125 0.26757812500000006 0.59423828125 0.2936197916666668 0.73828125 0.2936197916666668
0 0.91943359375 0.43945312500000017 0.779296875 0.43945312500000017 0.779296875 0.4674479166666668 0.91943359375 0.4674479166666668
0 0.5576171875 0.35221354166666674 0.42236328125 0.3522135416666667 0.42236328125 0.38281250000000006 0.5576171875 0.38281250000000017
0 0.3828125 0.4088541666666667 0.24804687500000006 0.4088541666666667 0.24804687500000006 0.4368489583333333 0.3828125 0.4368489583333333
0 0.3876953125 0.53125 0.25439453125 0.53125 0.25439453125 0.5579427083333334 0.3876953125 0.5579427083333334
0 0.56298828125 0.6425781250000001 0.4316406250000001 0.642578125 0.4316406250000001 0.6673177083333334 0.56298828125 0.6673177083333334
0 0.91943359375 0.46484375000000017 0.77978515625 0.46484375000000017 0.77978515625 0.4915364583333335 0.91943359375 0.4915364583333335
0 0.560546875 0.5234375000000001 0.427734375 0.5234375 0.427734375 0.5494791666666667 0.560546875 0.5494791666666669
0 0.3837890625 0.4329427083333333 0.25 0.4329427083333333 0.25 0.4602864583333333 0.3837890625 0.4602864583333333
0 0.20458984375000003 0.2916666666666667 0.07373046875000003 0.2916666666666667 0.07373046875000003 0.318359375 0.20458984375000006 0.318359375
0 0.55712890625 0.45312500000000006 0.42529296875 0.453125 0.42529296875 0.47851562500000006 0.55712890625 0.47851562500000017
0 0.5576171875 0.47851562500000006 0.4267578125 0.478515625 0.4267578125 0.5026041666666667 0.5576171875 0.5026041666666669
0 0.20312500000000006 0.341796875 0.07470703125000003 0.341796875 0.07470703125000003 0.3697916666666667 0.20312500000000006 0.3697916666666667
0 0.5595703125 0.40494791666666674 0.4248046875 0.4049479166666667 0.4248046875 0.43164062500000006 0.5595703125 0.43164062500000017
0 0.21142578125000006 0.5611979166666666 0.08447265625000006 0.5611979166666666 0.08447265625000006 0.5852864583333334 0.21142578125000006 0.5852864583333334
0 0.92138671875 0.5631510416666669 0.783203125 0.5631510416666669 0.783203125 0.5911458333333335 0.92138671875 0.5911458333333335
0 0.37744140625 0.28515625000000006 0.2421875 0.28515625000000006 0.24218750000000003 0.31315104166666674 0.37744140625 0.31315104166666674
0 0.56103515625 0.6184895833333334 0.4296875000000001 0.6184895833333334 0.4296875000000001 0.6432291666666667 0.56103515625 0.6432291666666669
0 0.21337890625000006 0.6328125 0.09082031250000006 0.6328125 0.09082031250000006 0.6555989583333334 0.21337890625000006 0.6555989583333334
0 0.20800781250000006 0.439453125 0.07910156250000003 0.439453125 0.07910156250000004 0.466796875 0.20800781250000006 0.466796875
0 0.560546875 0.5716145833333334 0.42822265625 0.5716145833333334 0.42822265625 0.5963541666666667 0.560546875 0.5963541666666669
0 0.21582031250000006 0.6555989583333334 0.09375000000000006 0.6555989583333334 0.09375000000000006 0.6783854166666666 0.21582031250000006 0.6783854166666666
0 0.55615234375 0.3274739583333334 0.4208984375 0.3274739583333334 0.4208984375 0.35546875000000006 0.55615234375 0.35546875000000017
0 0.55712890625 0.43033854166666674 0.42529296875 0.4303385416666667 0.42529296875 0.45572916666666674 0.55712890625 0.4557291666666668
0 0.5595703125 0.4993489583333334 0.427734375 0.4993489583333333 0.427734375 0.5253906250000001 0.5595703125 0.5253906250000001
0 0.736328125 0.4186197916666668 0.59765625 0.4186197916666668 0.59765625 0.4459635416666668 0.736328125 0.4459635416666668
0 0.736328125 0.3684895833333335 0.5966796875 0.3684895833333335 0.5966796875 0.3958333333333335 0.736328125 0.3958333333333335
0 0.919921875 0.38867187500000017 0.77978515625 0.38867187500000017 0.77978515625 0.4166666666666668 0.919921875 0.4166666666666668
0 0.9208984375 0.4153645833333335 0.7802734375 0.4153645833333335 0.7802734375 0.44335937500000017 0.9208984375 0.44335937500000017
0 0.20556640625000006 0.3170572916666667 0.07324218750000003 0.3170572916666667 0.07324218750000003 0.3450520833333333 0.20556640625000006 0.3450520833333333
0 0.55908203125 0.37955729166666674 0.4248046875 0.3795572916666667 0.4248046875 0.4075520833333334 0.55908203125 0.4075520833333335
0 0.21093750000000006 0.4876302083333333 0.08300781250000006 0.4876302083333333 0.08300781250000006 0.5149739583333334 0.21093750000000006 0.5149739583333334
0 0.92138671875 0.5390625000000001 0.78271484375 0.5390625000000001 0.78271484375 0.5670572916666669 0.92138671875 0.5670572916666669
0 0.91943359375 0.5143229166666669 0.78125 0.5143229166666669 0.78125 0.5410156250000001 0.91943359375 0.5410156250000001
0 0.20800781250000006 0.4641927083333333 0.08154296875000006 0.4641927083333333 0.08154296875000006 0.490234375 0.20800781250000006 0.490234375
0 0.552734375 0.27929687500000006 0.419921875 0.27929687500000006 0.419921875 0.3059895833333334 0.552734375 0.3059895833333334
0 0.20898437500000006 0.5130208333333334 0.08251953125000006 0.5130208333333334 0.08251953125000006 0.5377604166666666 0.20898437500000006 0.5377604166666666
0 0.3916015625000001 0.6516927083333334 0.2583007812500001 0.6516927083333334 0.2583007812500001 0.6770833333333334 0.3916015625000001 0.6770833333333334
0 0.73681640625 0.5677083333333335 0.60107421875 0.5677083333333335 0.60107421875 0.5924479166666669 0.73681640625 0.5924479166666669
0 0.38916015625000006 0.580078125 0.255859375 0.580078125 0.25585937500000006 0.60546875 0.3891601562500001 0.60546875
0 0.38134765625 0.3834635416666667 0.24707031250000006 0.3834635416666667 0.24707031250000006 0.412109375 0.38134765625 0.412109375
0 0.736328125 0.5195312500000001 0.59912109375 0.5195312500000001 0.59912109375 0.5442708333333335 0.736328125 0.5442708333333335
0 0.3930664062500001 0.6276041666666666 0.2583007812500001 0.6276041666666666 0.2583007812500001 0.6529947916666666 0.3930664062500001 0.6529947916666666
0 0.39160156250000006 0.6041666666666666 0.2568359375 0.6041666666666666 0.25683593750000006 0.6295572916666666 0.3916015625000001 0.6295572916666666
0 0.3818359375 0.3606770833333333 0.24609375000000006 0.3606770833333333 0.24609375000000006 0.388671875 0.3818359375 0.388671875
0 0.3876953125 0.5559895833333334 0.2548828125 0.5559895833333334 0.2548828125 0.5813802083333334 0.3876953125 0.5813802083333334
0 0.73486328125 0.3932291666666668 0.5966796875 0.3932291666666668 0.5966796875 0.4205729166666668 0.73486328125 0.4205729166666668
0 0.73876953125 0.6666666666666666 0.6005859375 0.6666666666666666 0.6005859375 0.69140625 0.73876953125 0.69140625
0 0.73681640625 0.2923177083333334 0.59423828125 0.2923177083333334 0.59423828125 0.3209635416666668 0.73681640625 0.3209635416666668
0 0.7392578125 0.5436197916666669 0.60009765625 0.5436197916666669 0.60009765625 0.5696614583333335 0.7392578125 0.5696614583333335
0 0.55517578125 0.30273437500000006 0.42041015625 0.30273437500000006 0.42041015625 0.33072916666666674 0.55517578125 0.33072916666666674
0 0.9228515625 0.28906250000000017 0.779296875 0.28906250000000017 0.779296875 0.3170572916666668 0.9228515625 0.3170572916666668
0 0.38037109375 0.3352864583333333 0.24462890625000006 0.3352864583333333 0.24462890625000006 0.3639322916666667 0.38037109375 0.3639322916666667
0 0.56201171875 0.6686197916666666 0.4331054687500001 0.6686197916666666 0.4331054687500001 0.6907552083333334 0.56201171875 0.6907552083333334
0 0.92138671875 0.6647135416666669 0.78369140625 0.6647135416666669 0.78369140625 0.6888020833333335 0.92138671875 0.6888020833333336
0 0.21679687500000006 0.6796875 0.09277343750000006 0.6796875 0.09277343750000006 0.7024739583333334 0.21679687500000006 0.7024739583333334
0 0.3979492187500001 0.6764322916666666 0.2607421875000001 0.6764322916666666 0.2607421875000001 0.701171875 0.3979492187500001 0.701171875