0 0.7041084408985006 0.05041783231772102 0.7034116012737408 0.011165023929489423 0.11370065364583332 0.014477451171874997 0.11439749327059306 0.053730259560106595
0 0.7025044461759978 0.09039195170420691 0.7015772248117803 0.05154444868402918 0.12682004340277778 0.055885048828125 0.12774726476699527 0.09473255184830273
0 0.7055982775908591 0.1261771151676831 0.7042733901018061 0.08948272091044525 0.12827755989583334 0.096062990234375 0.1296024473848864 0.13275738449161284
0 0.7063107432587825 0.16309007268367104 0.7052592595486111 0.1289127451171875 0.13989547474931602 0.1344162263174794 0.14094695845948738 0.16859355388396294
0 0.700983539249671 0.19750630009158202 0.6997908498263888 0.16480735302734376 0.14278505305100128 0.1712356860610018 0.14397774247428352 0.20393463312524007
0 0.6986230119237206 0.2312399711269063 0.6969046148609142 0.19717518979464682 0.1479564270833333 0.20593700976562498 0.14967482414613975 0.24000179109788447
0 0.7073719147875888 0.7719517615107513 0.704347712673611 0.7495509804687501 0.2612764678712869 0.7684773044698793 0.2643006699852647 0.7908780855118804
0 0.7116838236871408 0.7477688986900403 0.7079934644097222 0.7223735292968749 0.2567050768651777 0.7431233011998921 0.2603954361425962 0.7685186705930575
0 0.7077396870830898 0.7209676708511211 0.7043477126736112 0.6982730390625002 0.2540515571814403 0.7195677975470113 0.2574435315909189 0.7422624293356322
0 0.7075932083089501 0.6971400644443503 0.7042473487731162 0.6729334460311266 0.24562222222222221 0.6929909311523438 0.2489680817580559 0.7171975495655675
0 0.7036339379957739 0.6727282996926266 0.7007023967013889 0.6500718139648438 0.24317063835615155 0.6688031936751753 0.2461021796505366 0.691459679402958
0 0.7067040670169359 0.6466490731622698 0.7034366015625 0.6218688725585938 0.23604378640602106 0.6413688124421847 0.23931125186045696 0.6661490130458607
0 0.7067396827379226 0.61918273339335 0.7032352115667329 0.5932959537512468 0.22302788628472225 0.6138651962890626 0.22653235745591202 0.6397519759311657
0 0.7054488048537408 0.5925833746945243 0.7024772123200382 0.5677188003068477 0.21938387760416667 0.58598651953125 0.22235547013786924 0.6108510939189266
0 0.7053852250452647 0.5658509088942358 0.7022245212683803 0.5394578338461908 0.22084139409722223 0.5576980390625 0.22400209787410663 0.584091114110545
0 0.7085713670710749 0.5403950003255692 0.7061708064236111 0.514277451171875 0.21428126597302122 0.528582617212849 0.21668182662048505 0.5547001663665433
0 0.7019797398029964 0.5144161752756047 0.6997908498263888 0.4850490195312501 0.21263513022985725 0.49653782578331807 0.21482402020646488 0.5259049815276726
0 0.7051473190420573 0.48046933002559766 0.7024190427188385 0.454386251034594 0.19460305034722222 0.4711928920898437 0.19733132667044098 0.49727597108084737
0 0.7066779542038593 0.45240296311875033 0.7043477126736112 0.4251458334960938 0.19385186668645202 0.43895470170300127 0.1961821082167001 0.4662118313256578
0 0.704620551754719 0.42159607014929507 0.7023371858136497 0.3947326457137862 0.1916875815972222 0.4084661762695312 0.19397094753829153 0.43532960070504007
0 0.7047405666888165 0.38974601486461224 0.7022737682500712 0.3623608317909296 0.17783921527777777 0.3773078432617188 0.1803060137165232 0.4046930263354015
0 0.7025609530183529 0.36233774228437027 0.7007023967013889 0.3329068627929687 0.17337301102160083 0.3434434389804983 0.17523156733856485 0.37287431847189983
0 0.700598114461145 0.3311267345401651 0.6988362272524882 0.29982878346289754 0.16982178645833332 0.309251470703125 0.17158367366699007 0.34054942178039255
0 0.7057538097715725 0.29774992661918454 0.7043166009533118 0.26816921545053984 0.16544880208333337 0.2764531860351563 0.16688601090159416 0.306033897203801
0 0.7076154361056642 0.26550005584567066 0.7061708064236112 0.23294558837890625 0.1572799395712806 0.24065243997848987 0.15872456925333356 0.27320690744525433