0 0.859370326665935 0.14428542691964436 0.3263062630208333 0.10033164404296878 0.3162262086196238 0.13901205474453548 0.8492902722647256 0.18296583762121107
0 0.8496050069444444 0.1812543120117188 0.33199300000000004 0.14333186523437502 0.3233842665369917 0.18051040316181158 0.840996273481436 0.21843284993915535
0 0.7261852078267362 0.86160935984047 0.7183714008123518 0.8397542705797811 0.29016771729117113 0.8881944283174363 0.2979815243055556 0.9100495175781252
0 0.730328781885519 0.8364812625374544 0.7217517529309531 0.8124211629392294 0.29305879830237863 0.8607749902455252 0.3016358272569445 0.8848350898437501
0 0.7285562177557406 0.8159698407139346 0.7210743478277515 0.7929036196981967 0.3009742515997886 0.8360189323045749 0.30845612152777785 0.8590851533203128
0 0.7400923796555615 0.792757777017747 0.7319207411924729 0.7663676941487162 0.2902264023355225 0.8096425147872194 0.29839804079861115 0.8360325976562502
0 0.7428881015864798 0.7686568048422828 0.7360106707227838 0.7445024636736853 0.2942768738238042 0.7842982159603088 0.3011543046875 0.8084525571289063
0 0.7455328084620442 0.7452977267114879 0.7385481310763888 0.7198576635742189 0.2930252962011214 0.758560535109155 0.3000099735867766 0.784000598246424
0 0.7502725746147606 0.7161903185033226 0.7427729848082113 0.6882062935459627 0.298085266964284 0.7259137743590464 0.3055848567708333 0.7538977993164062
0 0.7555093869497402 0.6947236187192277 0.7497881415457911 0.6687238260923469 0.3036974907071619 0.6997829261231192 0.3094187361111111 0.72578271875
0 0.842674091380033 0.2177648293017108 0.3325718836805556 0.18448515576171876 0.325375010098834 0.21938850263768084 0.8354772177983114 0.25266817617767284
0 0.8346242282986112 0.25171959375 0.32696575954861123 0.22432656201171874 0.32090616718381226 0.2598585902067174 0.8285646359338122 0.2872516219449987
0 0.8239654270833335 0.28685515625000013 0.3266470842013889 0.2631139868164063 0.3211628643168439 0.29946297138331235 0.8184812071987886 0.3232041408169062
0 0.8196746276041667 0.3203767314453125 0.32111602690972224 0.30174598779296874 0.31696125328260777 0.33692457891371697 0.8155198539770522 0.3555553225660607
0 0.8125206553819445 0.35018930908203133 0.31772991255084326 0.3369002227624048 0.314436810763889 0.3756953027343751 0.8092275535949902 0.3889843890540017
0 0.760973613042639 0.6667252510104359 0.7547660296098355 0.6382379024123019 0.29970734365052987 0.6696128491557723 0.30591492708333334 0.6981001977539063
0 0.7655018405086378 0.6419823932023566 0.7605410930660634 0.6146920216355671 0.3048995598490922 0.6408983408355542 0.3098603072916666 0.6681887124023437
0 0.7718612423821054 0.6127696502855099 0.7670753938197207 0.5855338516138033 0.30797432852094875 0.6110592301368873 0.31276017708333337 0.6382950288085939
0 0.7738742130287092 0.5883974172258134 0.7701745155702014 0.5606878615228985 0.30152859681232547 0.5804860995705228 0.3052282942708333 0.6081956552734377
0 0.8082753020833333 0.38427707666015626 0.31613864021259896 0.3762758823639367 0.31444876909722225 0.40916328222656256 0.8065854309679567 0.4171644765227821
0 0.797970455729167 0.41403833300781256 0.3163532395833335 0.4121332280273438 0.3159490986952574 0.4444598954853716 0.797566314841091 0.4463650004658404
0 0.7941741904632349 0.4768845714507813 0.7939559080297071 0.4468850015810138 0.3162167838541667 0.4479848671875 0.3164350662876946 0.4779844370572675
0 0.7916262532818666 0.505350010802634 0.7901424575080891 0.4741829004426862 0.3117695479762225 0.481388816886146 0.3132533437500001 0.5125559272460938
0 0.7809273279359907 0.5606932218041283 0.7769543158957597 0.52928241933237 0.30721446712643563 0.5480817898133978 0.31118747916666667 0.5794925922851561
0 0.7850919716248175 0.5303417341283931 0.7814790690431273 0.49830203106780663 0.3085335418627543 0.5151762603183198 0.31214644444444445 0.5472159633789062
0 0.7231822497421692 0.8843326834107412 0.7148182695491663 0.8618379280993447 0.2870456986264415 0.912163614805791 0.29540967881944447 0.9346583701171877
0 0.8710672546263412 0.10571777447475689 0.32728048958333333 0.05097506787109378 0.31330908637741556 0.09488749550081683 0.8570958514204234 0.14963020210447994