0 0.7473958333333334 0.4046296296296298 0.5765625 0.40462962962962973 0.5765625 0.4416666666666668 0.7473958333333334 0.4416666666666669
0 0.5640625 0.49814814814814823 0.396875 0.4981481481481482 0.396875 0.5351851851851853 0.5640625 0.5351851851851854
0 0.5609375 0.7342592592592594 0.390625 0.7342592592592593 0.390625 0.775925925925926 0.5609375 0.7759259259259261
0 0.7479166666666667 0.47037037037037055 0.5760416666666667 0.4703703703703705 0.5760416666666667 0.5074074074074076 0.7479166666666667 0.5074074074074076
0 0.7453125 0.276851851851852 0.5776041666666667 0.27685185185185196 0.5776041666666667 0.31203703703703717 0.7453125 0.3120370370370372
0 0.5671875 0.1740740740740742 0.403125 0.1740740740740742 0.403125 0.21296296296296308 0.5671875 0.21296296296296308
0 0.7479166666666667 0.43888888888888905 0.575 0.438888888888889 0.575 0.47592592592592614 0.7479166666666667 0.47592592592592614
0 0.5645833333333333 0.5305555555555557 0.396875 0.5305555555555556 0.396875 0.5712962962962964 0.5645833333333333 0.5712962962962965
0 0.38958333333333334 0.19907407407407415 0.22604166666666667 0.19907407407407413 0.22604166666666667 0.2361111111111112 0.38958333333333334 0.23611111111111122
0 0.5609375 0.7009259259259261 0.39010416666666664 0.700925925925926 0.39010416666666664 0.7407407407407408 0.5609375 0.7407407407407409
0 0.38385416666666666 0.6972222222222222 0.2083333333333334 0.6972222222222222 0.2083333333333334 0.737037037037037 0.38385416666666666 0.737037037037037
0 0.5671875 0.2074074074074075 0.403125 0.2074074074074075 0.403125 0.2453703703703705 0.5671875 0.2453703703703705
0 0.5614583333333333 0.7712962962962964 0.38958333333333334 0.7712962962962963 0.38958333333333334 0.8120370370370371 0.5614583333333333 0.8120370370370372
0 0.390625 0.16759259259259268 0.22552083333333334 0.16759259259259265 0.22552083333333334 0.20462962962962972 0.390625 0.20462962962962974
0 0.7447916666666666 0.3083333333333335 0.5770833333333333 0.30833333333333346 0.5770833333333333 0.34351851851851867 0.7447916666666666 0.3435185185185187
0 0.7494791666666667 0.6064814814814817 0.5765625 0.6064814814814817 0.5765625 0.6453703703703706 0.7494791666666667 0.6453703703703706
0 0.5645833333333333 0.4666666666666668 0.39791666666666664 0.4666666666666668 0.39791666666666664 0.5027777777777779 0.5645833333333333 0.502777777777778
0 0.753125 0.7453703703703706 0.5755208333333334 0.7453703703703706 0.5755208333333334 0.7861111111111113 0.753125 0.7861111111111113
0 0.3854166666666667 0.6277777777777778 0.21197916666666672 0.6277777777777778 0.21197916666666672 0.6685185185185185 0.3854166666666667 0.6685185185185185
0 0.37916666666666676 0.8759259259259259 0.2020833333333334 0.8759259259259259 0.2020833333333334 0.9166666666666666 0.37916666666666676 0.9166666666666666
0 0.7552083333333334 0.853703703703704 0.5739583333333333 0.853703703703704 0.5739583333333333 0.8935185185185187 0.7552083333333334 0.8935185185185187
0 0.3880208333333333 0.3620370370370371 0.21822916666666667 0.36203703703703705 0.21822916666666667 0.39907407407407414 0.3880208333333333 0.3990740740740742
0 0.5677083333333334 0.23796296296296307 0.4010416666666667 0.23796296296296307 0.4010416666666667 0.27685185185185196 0.5677083333333334 0.27685185185185196
0 0.5661458333333333 0.11203703703703714 0.40260416666666665 0.11203703703703712 0.40260416666666665 0.1500000000000001 0.5661458333333333 0.1500000000000001
0 0.5625 0.6666666666666667 0.39166666666666666 0.6666666666666666 0.39166666666666666 0.7074074074074075 0.5625 0.7074074074074076
0 0.5666666666666667 0.1425925925925927 0.40260416666666665 0.1425925925925927 0.40260416666666665 0.18055555555555566 0.5666666666666667 0.18055555555555566
0 0.7447916666666666 0.17962962962962975 0.5776041666666667 0.17962962962962972 0.5776041666666667 0.21666666666666679 0.7447916666666666 0.2166666666666668
0 0.7578125 0.9250000000000002 0.5744791666666667 0.9250000000000002 0.5744791666666667 0.9703703703703703 0.7578125 0.9703703703703703
0 0.38697916666666665 0.525 0.21510416666666674 0.525 0.21510416666666674 0.5657407407407408 0.38697916666666665 0.5657407407407408
0 0.38385416666666666 0.6620370370370371 0.2098958333333334 0.6620370370370371 0.2098958333333334 0.7018518518518518 0.38385416666666666 0.7018518518518518
0 0.3875 0.5925925925925926 0.21302083333333338 0.5925925925925926 0.21302083333333338 0.6314814814814815 0.3875 0.6314814814814815
0 0.38385416666666666 0.7314814814814815 0.20885416666666673 0.7314814814814815 0.20885416666666673 0.7731481481481481 0.38385416666666666 0.7731481481481481
0 0.7541666666666667 0.8194444444444446 0.5760416666666667 0.8194444444444446 0.5760416666666667 0.8574074074074076 0.7541666666666667 0.8574074074074076
0 0.5635416666666667 0.5648148148148149 0.3953125 0.5648148148148148 0.3953125 0.6027777777777779 0.5635416666666667 0.602777777777778
0 0.7526041666666666 0.7092592592592595 0.5760416666666667 0.7092592592592595 0.5760416666666667 0.7500000000000002 0.7526041666666666 0.7500000000000002
0 0.3854166666666667 0.3953703703703704 0.21614583333333334 0.39537037037037037 0.21614583333333337 0.4314814814814815 0.3854166666666667 0.4314814814814816
0 0.753125 0.7824074074074077 0.5734375 0.7824074074074077 0.5734375 0.8222222222222224 0.753125 0.8222222222222224
0 0.38645833333333335 0.4925925925925926 0.21666666666666673 0.4925925925925926 0.21666666666666673 0.5296296296296297 0.38645833333333335 0.5296296296296297
0 0.7567708333333333 0.8898148148148151 0.5760416666666667 0.8898148148148151 0.5760416666666667 0.9305555555555558 0.7567708333333333 0.9305555555555558
0 0.5635416666666667 0.5990740740740742 0.39479166666666665 0.5990740740740741 0.39479166666666665 0.639814814814815 0.5635416666666667 0.6398148148148151
0 0.5630208333333333 0.6314814814814815 0.3927083333333333 0.6314814814814815 0.3927083333333333 0.6722222222222223 0.5630208333333333 0.6722222222222224
0 0.3859375 0.5601851851851852 0.21510416666666674 0.5601851851851852 0.21510416666666674 0.5990740740740741 0.3859375 0.5990740740740741
0 0.7505208333333333 0.6750000000000002 0.5770833333333333 0.6750000000000002 0.5770833333333333 0.7129629629629631 0.7505208333333333 0.7129629629629631
0 0.5666666666666667 0.3694444444444446 0.3984375 0.3694444444444446 0.3984375 0.40555555555555567 0.5666666666666667 0.40555555555555567
0 0.38645833333333335 0.4277777777777778 0.21458333333333332 0.42777777777777776 0.21458333333333338 0.46481481481481485 0.38645833333333335 0.4648148148148149
0 0.37916666666666676 0.9111111111111111 0.2020833333333334 0.9111111111111111 0.2020833333333334 0.9527777777777777 0.37916666666666676 0.9527777777777777
0 0.7494791666666667 0.6416666666666668 0.5770833333333333 0.6416666666666668 0.5770833333333333 0.6796296296296298 0.7494791666666667 0.6796296296296298
0 0.7427083333333333 0.14814814814814828 0.5760416666666667 0.14814814814814825 0.5760416666666667 0.18333333333333346 0.7427083333333333 0.1833333333333335
0 0.5651041666666666 0.43333333333333346 0.39791666666666664 0.43333333333333346 0.39791666666666664 0.4712962962962964 0.5651041666666666 0.4712962962962964
0 0.3890625 0.29537037037037045 0.21822916666666667 0.2953703703703704 0.21822916666666667 0.33148148148148154 0.3890625 0.3314814814814816
0 0.39010416666666664 0.26388888888888895 0.22135416666666666 0.2638888888888889 0.22135416666666666 0.30000000000000004 0.39010416666666664 0.3000000000000001
0 0.7411458333333333 0.11666666666666681 0.5770833333333333 0.1166666666666668 0.5770833333333333 0.15092592592592605 0.7411458333333333 0.15092592592592607
0 0.38958333333333334 0.23148148148148157 0.22291666666666668 0.23148148148148154 0.22291666666666668 0.26759259259259266 0.38958333333333334 0.2675925925925927
0 0.5666666666666667 0.3351851851851853 0.39947916666666666 0.3351851851851853 0.39947916666666666 0.3750000000000001 0.5666666666666667 0.3750000000000001
0 0.5614583333333333 0.8046296296296297 0.38958333333333334 0.8046296296296296 0.38958333333333334 0.8481481481481482 0.5614583333333333 0.8481481481481483
0 0.7447916666666666 0.2435185185185187 0.5765625 0.24351851851851863 0.5765625 0.28148148148148167 0.7447916666666666 0.28148148148148167
0 0.3890625 0.3287037037037038 0.21822916666666667 0.3287037037037037 0.21822916666666667 0.3666666666666667 0.3890625 0.36666666666666675
0 0.7479166666666667 0.5037037037037039 0.5755208333333334 0.5037037037037039 0.5755208333333334 0.5425925925925928 0.7479166666666667 0.5425925925925928
0 0.3890625 0.4620370370370371 0.21406250000000007 0.462037037037037 0.21406250000000007 0.49907407407407406 0.3890625 0.49907407407407406
0 0.7411458333333333 0.08425925925925941 0.5760416666666667 0.0842592592592594 0.5760416666666667 0.1203703703703705 0.7411458333333333 0.12037037037037053
0 0.3921875 0.10555555555555562 0.22760416666666666 0.10555555555555561 0.22760416666666666 0.1435185185185186 0.3921875 0.14351851851851863
0 0.38177083333333334 0.7685185185185185 0.20729166666666674 0.7685185185185185 0.20729166666666674 0.8092592592592592 0.38177083333333334 0.8092592592592592
0 0.39166666666666666 0.13703703703703712 0.22708333333333333 0.1370370370370371 0.22708333333333333 0.17407407407407416 0.39166666666666666 0.1740740740740742
0 0.7473958333333334 0.5361111111111113 0.5760416666666667 0.5361111111111113 0.5760416666666667 0.5759259259259262 0.7473958333333334 0.5759259259259262
0 0.5661458333333333 0.4000000000000001 0.39895833333333336 0.4000000000000001 0.39895833333333336 0.43703703703703717 0.5661458333333333 0.43703703703703717
0 0.5671875 0.2703703703703705 0.4010416666666667 0.2703703703703705 0.4010416666666667 0.3111111111111112 0.5671875 0.3111111111111112
0 0.7484375 0.5722222222222224 0.575 0.5722222222222224 0.575 0.6092592592592595 0.7484375 0.6092592592592595
0 0.5677083333333334 0.3064814814814816 0.4010416666666667 0.3064814814814816 0.4010416666666667 0.34259259259259267 0.5677083333333334 0.34259259259259267
0 0.5661458333333333 0.08240740740740751 0.4041666666666667 0.08240740740740748 0.4041666666666667 0.12037037037037047 0.5661458333333333 0.12037037037037047
0 0.746875 0.3388888888888891 0.5776041666666667 0.338888888888889 0.5776041666666667 0.3759259259259261 0.746875 0.37592592592592616
0 0.39479166666666665 0.07222222222222228 0.22760416666666666 0.07222222222222227 0.22760416666666666 0.1120370370370371 0.39479166666666665 0.11203703703703712
0 0.7463541666666667 0.37129629629629646 0.5786458333333333 0.3712962962962964 0.5786458333333333 0.4083333333333335 0.7463541666666667 0.40833333333333355
0 0.38125 0.8037037037037037 0.20729166666666674 0.8037037037037037 0.20729166666666674 0.8435185185185186 0.38125 0.8435185185185186
0 0.7442708333333333 0.21203703703703716 0.5765625 0.21203703703703713 0.5765625 0.24722222222222237 0.7442708333333333 0.24722222222222243
0 0.37968750000000007 0.8388888888888889 0.20416666666666672 0.8388888888888889 0.20416666666666672 0.8796296296296297 0.3796875000000001 0.8796296296296297
0 0.5671875 0.04907407407407418 0.403125 0.049074074074074166 0.403125 0.08611111111111122 0.5671875 0.08611111111111125
0 0.3927083333333333 0.040740740740740806 0.23020833333333332 0.04074074074074079 0.23020833333333332 0.07962962962962969 0.3927083333333333 0.0796296296296297
0 0.7411458333333333 0.05370370370370385 0.5760416666666667 0.05370370370370384 0.5760416666666667 0.09074074074074089 0.7411458333333333 0.0907407407407409
0 0.5634239764601645 0.9275541581596638 0.3869392691272672 0.9113832693522799 0.3858436108962693 0.9491755621185419 0.5623283182291666 0.965346450925926
0 0.5620642546875002 0.8905370388888889 0.3875842562527453 0.8750346002041023 0.3866014303689428 0.9099950618191266 0.5610814288036977 0.9254975005039132
0 0.5627527875612608 0.852585858816368 0.38808858286037784 0.8373753116993501 0.3870854218750001 0.8737822916666668 0.5617496265758831 0.8889928387836846