0 1.0203640643923007 0.08772905507387282 0.365973184890519 -0.009207006452855049 0.3449285207625754 0.035743948206197945 0.9993194002643572 0.13268000973292582
0 1.0077808986719685 0.13764609795371568 0.33749386197916675 0.03706284960937502 0.3166407536354276 0.08103229790526209 0.9869277903282296 0.18161554624960274
0 0.9972856675347224 0.18192839453125004 0.32334589496527777 0.08843237744140627 0.30407105486733516 0.13239299796501966 0.9780108274367796 0.22588901505486345
0 0.9816772343750001 0.22285173339843756 0.3156376805555555 0.1380168295898438 0.29815013175185684 0.18145779243063498 0.9641896855713014 0.26629269623922874
0 0.9624727977430558 0.26708010888671885 0.29856825086805555 0.1843970004882813 0.28095939797334823 0.22913380571405897 0.9448639448483485 0.31181691411249646
0 0.9482606328125001 0.3089351513671876 0.2803822491319445 0.23003231933593754 0.26413771737684116 0.27353910988215746 0.9320161010573967 0.3524419419134075
0 0.9205531284722223 0.34838314599609377 0.2656530529513889 0.2772133120117188 0.2514341068141245 0.31861247402549275 0.9063341823349577 0.3897823080098678
0 0.8990917621527778 0.387302728515625 0.25981078298611116 0.322722142578125 0.24804029090149765 0.3595884359697477 0.8873212700681641 0.42416902190724776
0 0.8873631180555557 0.4230955288085938 0.24884572395833343 0.36686952148437507 0.23887589600982995 0.4026930371770618 0.8773932901070522 0.4589190445012805
0 0.8670306684027778 0.4646694062500001 0.24206924826388898 0.405138125 0.22984341964676444 0.4457479703760363 0.8548048397856532 0.5052792516260364
0 0.8506954843750001 0.5003542485351562 0.2325557100694445 0.450478052734375 0.22347449273370254 0.4860889151251885 0.841614267039258 0.5359651109259697
0 0.838950801215278 0.5362502226562501 0.21421665451388902 0.4891705234375 0.20572001958103148 0.5248446687464124 0.8304541662824203 0.5719243679651624
0 0.8223558151041668 0.5736062924804688 0.1994414574652779 0.528720029296875 0.19120252592539305 0.5648968866371966 0.814116883564282 0.6097831498207904
0 0.8094910998263891 0.6067964248046875 0.1907848151041668 0.5685506206054688 0.18415809658207005 0.6024697196133776 0.8028643813042923 0.6407155238125963
0 0.7977464539930558 0.6426921557617187 0.17824272309027797 0.6095900742187499 0.17239139029767903 0.6442388962856654 0.7918951212004568 0.6773409778286342
0 0.6538148958333336 0.96384282421875 0.08224124305555576 0.962742564453125 0.08206957535098737 0.9909595504777136 0.6536432281287652 0.9920598102433386
0 0.6678165086805555 0.933255642578125 0.079354845109394 0.9276176722222735 0.07843833857267049 0.9578851343376149 0.666900002143832 0.9635231046934664
0 0.6788916362847224 0.9016667045898437 0.0844070296060397 0.8948960356921365 0.08327467187500022 0.9263545161132811 0.6777592785536828 0.9331251850109883
0 0.6901002803819446 0.8692160961914062 0.09489955729166685 0.8603095249023437 0.09341829900533444 0.8916300293498436 0.6886190220956121 0.9005366006389061
0 0.7066266067708336 0.8422151367187501 0.10302089496527794 0.823922373046875 0.09994012953782232 0.8560869395529845 0.7035458413433778 0.8743797032248597
0 0.7155787161458335 0.8044559985351564 0.1099186458333335 0.7874787641601564 0.10693502347984235 0.8211571217761258 0.7125950937923423 0.8381343561511257
0 0.7326326684027779 0.77406099609375 0.1307426623263891 0.7498802548828125 0.12635514887905763 0.7844352660167682 0.7282451549554465 0.8086160072277057
0 0.7455057977430557 0.7408195405273439 0.14239097309027798 0.7133688862304688 0.13722046871402327 0.7493127919761629 0.740335293366801 0.776763446273038
0 0.7660213715277779 0.7079811323242188 0.1547287801778111 0.6813371097723235 0.1503430520395941 0.7131744002971283 0.7616356433895608 0.7398184228490235
0 0.7759680529513892 0.6737376767578125 0.16634302604166684 0.6464972065429687 0.1615996936078369 0.6800846388697221 0.7712247205175591 0.7073251090845659