0 0.796875 0.6052083333333335 0.60703125 0.6052083333333333 0.60703125 0.6364583333333335 0.796875 0.6364583333333336
0 0.79765625 0.6395833333333335 0.6046875 0.6395833333333333 0.6046875 0.6718750000000001 0.79765625 0.6718750000000002
0 0.55234375 0.5270833333333333 0.36015625000000007 0.5270833333333333 0.36015625000000007 0.559375 0.55234375 0.559375
0 0.54921875 0.80625 0.3578125000000001 0.80625 0.3578125000000001 0.8375 0.54921875 0.8375
0 0.2984375000000001 0.5645833333333333 0.10234375000000004 0.5645833333333333 0.10234375000000004 0.596875 0.2984375000000001 0.596875
0 0.29765625000000007 0.7375 0.1023437500000001 0.7375 0.1023437500000001 0.7697916666666667 0.29765625000000007 0.7697916666666667
0 0.55234375 0.38750000000000007 0.35703125 0.3875 0.35703125 0.4208333333333334 0.55234375 0.42083333333333345
0 0.79375 0.7760416666666667 0.60546875 0.7760416666666666 0.60546875 0.8083333333333335 0.79375 0.8083333333333336
0 0.2992187500000001 0.7020833333333333 0.10078125000000004 0.7020833333333333 0.10078125000000007 0.734375 0.2992187500000001 0.734375
0 0.79453125 0.7416666666666668 0.60546875 0.7416666666666667 0.60546875 0.7739583333333334 0.79453125 0.7739583333333335
0 0.3 0.353125 0.10000000000000005 0.353125 0.10000000000000005 0.3854166666666667 0.3 0.3854166666666667
0 0.2968750000000001 0.6666666666666666 0.10156250000000004 0.6666666666666666 0.10156250000000004 0.6989583333333333 0.2968750000000001 0.6989583333333333
0 0.54921875 0.665625 0.36015625000000007 0.665625 0.36015625000000007 0.6989583333333333 0.54921875 0.6989583333333333
0 0.2968750000000001 0.5270833333333333 0.10156250000000004 0.5270833333333333 0.10156250000000004 0.5604166666666667 0.2968750000000001 0.5604166666666667
0 0.2968750000000001 0.80625 0.1023437500000001 0.80625 0.1023437500000001 0.8385416666666666 0.2968750000000001 0.8385416666666666
0 0.55234375 0.4927083333333334 0.3578125000000001 0.49270833333333336 0.3578125000000001 0.5260416666666667 0.55234375 0.5260416666666667
0 0.55234375 0.5625 0.3593750000000001 0.5625 0.3593750000000001 0.5958333333333333 0.55234375 0.5958333333333333
0 0.2968750000000001 0.6333333333333333 0.10156250000000004 0.6333333333333333 0.10156250000000004 0.665625 0.2968750000000001 0.665625
0 0.79453125 0.8093750000000001 0.603125 0.809375 0.603125 0.8406250000000001 0.79453125 0.8406250000000003
0 0.796875 0.6750000000000002 0.6046875 0.675 0.6046875 0.7072916666666668 0.796875 0.7072916666666669
0 0.55078125 0.6322916666666667 0.3578125000000001 0.6322916666666667 0.3578125000000001 0.6645833333333333 0.55078125 0.6645833333333333
0 0.81015625 0.29062500000000013 0.6109375 0.29062500000000013 0.6109375 0.3229166666666668 0.81015625 0.3229166666666668
0 0.55 0.703125 0.3585937500000001 0.703125 0.3585937500000001 0.734375 0.55 0.734375
0 0.80390625 0.4322916666666668 0.609375 0.4322916666666668 0.609375 0.4656250000000001 0.80390625 0.4656250000000001
0 0.54921875 0.771875 0.3585937500000001 0.771875 0.3585937500000001 0.803125 0.54921875 0.803125
0 0.55234375 0.4229166666666667 0.35859375 0.42291666666666666 0.35859375 0.4541666666666667 0.55234375 0.4541666666666668
0 0.79921875 0.5708333333333334 0.609375 0.5708333333333333 0.609375 0.6031250000000001 0.79921875 0.6031250000000002
0 0.29765625000000007 0.49375 0.10000000000000005 0.49375 0.10000000000000005 0.5260416666666666 0.29765625000000007 0.5260416666666666
0 0.54765625 0.8395833333333333 0.35625000000000007 0.8395833333333333 0.35625000000000007 0.8708333333333333 0.54765625 0.8708333333333333
0 0.8109375 0.25416666666666676 0.61171875 0.25416666666666676 0.61171875 0.28750000000000014 0.8109375 0.28750000000000014
0 0.29921875000000003 0.459375 0.10000000000000005 0.459375 0.10000000000000005 0.49166666666666664 0.2992187500000001 0.49166666666666664
0 0.796875 0.7093750000000001 0.60390625 0.709375 0.60390625 0.7406250000000001 0.796875 0.7406250000000002
0 0.55234375 0.45833333333333337 0.35859375 0.4583333333333333 0.35859375000000004 0.48958333333333337 0.55234375 0.4895833333333334
0 0.553125 0.35104166666666675 0.3578125 0.35104166666666664 0.3578125 0.3843750000000001 0.553125 0.38437500000000013
0 0.54921875 0.7375 0.3593750000000001 0.7375 0.3593750000000001 0.76875 0.54921875 0.76875
0 0.29765625000000007 0.771875 0.1023437500000001 0.771875 0.1023437500000001 0.803125 0.29765625000000007 0.803125
0 0.3000000000000001 0.5979166666666667 0.10000000000000005 0.5979166666666667 0.10000000000000005 0.6302083333333334 0.3000000000000001 0.6302083333333334
0 0.2968750000000001 0.8395833333333333 0.1023437500000001 0.8395833333333333 0.1023437500000001 0.8708333333333333 0.2968750000000001 0.8708333333333333
0 0.803125 0.46770833333333345 0.6078125 0.46770833333333345 0.6078125 0.5010416666666668 0.803125 0.5010416666666668
0 0.55234375 0.5979166666666667 0.3585937500000001 0.5979166666666667 0.3585937500000001 0.6302083333333334 0.55234375 0.6302083333333334
0 0.553125 0.27604166666666674 0.3578125 0.2760416666666667 0.3578125 0.31250000000000006 0.553125 0.3125000000000001
0 0.29921875 0.425 0.10000000000000005 0.425 0.10000000000000005 0.45729166666666665 0.29921875 0.45729166666666665
0 0.79296875 0.8447916666666668 0.60390625 0.8447916666666667 0.60390625 0.8770833333333334 0.79296875 0.8770833333333335
0 0.80625 0.3958333333333334 0.60859375 0.3958333333333334 0.60859375 0.4291666666666668 0.80625 0.4291666666666668
0 0.8015625 0.5375000000000001 0.609375 0.5375 0.609375 0.5697916666666668 0.8015625 0.5697916666666669
0 0.553125 0.31562500000000004 0.35625 0.315625 0.35625 0.3479166666666667 0.553125 0.34791666666666676
0 0.29921875 0.3885416666666667 0.10000000000000005 0.3885416666666667 0.10000000000000005 0.421875 0.29921875 0.421875
0 0.809375 0.3260416666666668 0.6109375 0.3260416666666668 0.6109375 0.3593750000000001 0.809375 0.3593750000000001
0 0.80234375 0.5031250000000002 0.60859375 0.5031250000000002 0.60859375 0.5343750000000002 0.80234375 0.5343750000000003
0 0.8109375 0.2187500000000001 0.61171875 0.2187500000000001 0.61171875 0.25208333333333344 0.8109375 0.25208333333333344
0 0.3 0.315625 0.10000000000000005 0.315625 0.10000000000000005 0.3489583333333333 0.3 0.3489583333333333
0 0.8078125 0.36145833333333344 0.609375 0.36145833333333344 0.609375 0.3958333333333334 0.8078125 0.3958333333333334
0 0.79609375 0.8791666666666668 0.60234375 0.8791666666666667 0.60234375 0.9093750000000002 0.79609375 0.9093750000000003
0 0.5546875 0.24270833333333341 0.35625 0.2427083333333334 0.35625 0.27604166666666674 0.5546875 0.2760416666666668
0 0.29765625000000007 0.8760416666666667 0.10312500000000009 0.8760416666666667 0.10312500000000009 0.90625 0.29765625000000007 0.90625
0 0.55078125 0.875 0.3585937500000001 0.875 0.3585937500000001 0.903125 0.55078125 0.903125