0 0.8057614020440469 0.8648524069844211 0.18642921527777795 0.8222652587890626 0.17758936444900908 0.8629409631327667 0.796921551215278 0.9055281113281252
0 0.806276173666724 0.8228289928297223 0.19008677343750013 0.7869306933593752 0.18300735497910944 0.8253795105882464 0.7991967552083333 0.8612778100585937
0 0.808603697916667 0.7842267099609375 0.1989392682291668 0.7428890185546875 0.19007993740211424 0.7842309356254071 0.7997443670896145 0.8255686270316571
0 0.8276590009124204 0.7456112556514454 0.20467144003761473 0.7075910703271258 0.1970967821180557 0.7468621845703126 0.8200843429928614 0.7848823698946322
0 0.8227349507476366 0.7058761659660991 0.20222317187500016 0.66968461328125 0.19501838953014142 0.7087694888190572 0.8155301684027779 0.7449610415039064
0 0.8311733005401524 0.6641747276284125 0.20605126458753636 0.6302862436408817 0.1988959371376618 0.6720488153288756 0.8240179730902778 0.7059372993164064
0 0.8360685557340609 0.6232295684675736 0.21938441102034625 0.5928459774989518 0.21278250372378535 0.6352432732891907 0.8294666484375 0.6656268642578125
0 0.8442014231845426 0.5823740073334578 0.22292029600694463 0.552690974609375 0.21699579738034908 0.5919262357005369 0.8382769245579471 0.6216092684246197
0 0.8425650117460005 0.5425928032171877 0.22541928819444448 0.514722431640625 0.2194544830456664 0.5565137700249998 0.8366002065972223 0.5843841416015625
0 0.8462735355404103 0.5016306737191715 0.2333123487435936 0.47626937118330304 0.22799919861985016 0.5169004694367878 0.840960385416667 0.5422617719726562
0 0.8500661362443093 0.46308946708262577 0.23759641232638906 0.4385583232421876 0.23260167625569095 0.4780153561595619 0.8450714001736112 0.5025465000000001
0 0.8519852994791669 0.4204279233398438 0.2437656997040946 0.3979671487829628 0.23882404345409455 0.4403073841345253 0.8470436432291668 0.4627681586914063
0 0.8658917308583987 0.38056433690111136 0.24248685519906385 0.361364382607251 0.23873315538194456 0.3999277182617188 0.8621380310412794 0.41912767255557914
0 0.8676811345486111 0.33792367724609373 0.24797386371527785 0.324482568359375 0.2452170552610355 0.36469896335721347 0.8649243260943686 0.3781400722439322
0 0.8703619123263889 0.29820315673828124 0.25306231079976077 0.286461999544248 0.25060819253105593 0.32728694714868173 0.867907794057684 0.33902810434271496
0 0.8745182022569445 0.2580504965820313 0.25509835351908583 0.24869682092657236 0.2531290007623834 0.28996082619894853 0.8725488495002421 0.29931450185440744
0 0.8894259972510267 0.21911847821049896 0.2594216957560158 0.208669010267433 0.25721842853971155 0.2506992205334966 0.8872227300347224 0.26114868847656253
0 0.8949878451335531 0.17576269873513126 0.2682006597484911 0.17038799403245047 0.26705906635104926 0.21251125672310053 0.8938462517361112 0.21788596142578132
0 0.8955923781301356 0.12504810586658485 0.2731063069891449 0.11824678248108547 0.2713178116715096 0.1700395447785632 0.8938038828125001 0.17684086816406258