0 0.7388919244791667 0.7489881528320314 0.7324174313827037 0.7064977417285921 0.2686315472681202 0.7462493672168734 0.27510604036458336 0.7887397783203126
0 0.7309891113281252 0.7041496245117189 0.7256033177952256 0.6677619264603523 0.26321092586814204 0.7062590539017585 0.2685967194010417 0.7426467519531251
0 0.720033615234375 0.6659080888671876 0.7150986065521123 0.6300755869544751 0.2723278858489872 0.6643770156654125 0.27726289453125 0.700209517578125
0 0.7085247233072917 0.6294474072265626 0.703494065831293 0.5959368190275482 0.2703041966906681 0.6325168034025482 0.27533485416666664 0.6660273916015625
0 0.6988484576822916 0.5952619936523439 0.6945641260305192 0.5635164741567424 0.27066695024926923 0.5956963003286174 0.27495128190104173 0.6274418198242189
0 0.6871449322916666 0.5634658999023437 0.6830451127320422 0.5311364008418404 0.2737291517945421 0.5603339887324654 0.2778289713541667 0.5926634877929687
0 0.6781569973958333 0.5285842402343751 0.6742784554490046 0.5008425275892252 0.2714689945115046 0.5325205026868813 0.2753475364583334 0.5602622153320312
0 0.6691894016927084 0.5000978295898437 0.665262998620074 0.4712257903152867 0.2694818326044489 0.5015015515457556 0.27340823567708333 0.5303735908203127
0 0.6638581061197918 0.4696974721679687 0.659965985158752 0.4425156591586084 0.26952402942958514 0.4739632162875147 0.27341615039062495 0.501145029296875
0 0.6533538333333332 0.44131194433593757 0.6496098014365282 0.4158377412872103 0.27384103190527836 0.4469035127715853 0.2775850638020833 0.47237771582031257
0 0.6429930774739584 0.414080009765625 0.6392772532137084 0.38986747420528445 0.27364206701579175 0.4214309922716908 0.27735789127604166 0.4456435278320313
0 0.6366899251302084 0.3883259663085938 0.6331171907939832 0.3640034309898986 0.2707582734762749 0.3939435389000549 0.2743310078125 0.41826607421875006
0 0.6320041542968751 0.36311705029296887 0.6288454342719106 0.3400154330574544 0.267390726589619 0.36781545649495434 0.2705494466145833 0.3909170737304688
0 0.6242357506510415 0.33804070751953136 0.6210126396565926 0.3155229533058348 0.26892350749513433 0.343871143247241 0.27214661848958327 0.36638889746093756
0 0.6159860729166666 0.31532224267578124 0.6130615853889743 0.2945637006540349 0.2708910925504326 0.32167922506809743 0.273815580078125 0.34243776708984375
0 0.6108821425781249 0.2929785161132813 0.6088534235074428 0.27797842692200275 0.2742241305386928 0.30343585660950273 0.27625284960937496 0.3184359458007813