0 0.85546875 0.8364583333333334 0.628125 0.8364583333333333 0.628125 0.8697916666666667 0.85546875 0.8697916666666669
0 0.86171875 0.6697916666666668 0.63359375 0.6697916666666667 0.63359375 0.7010416666666668 0.86171875 0.7010416666666669
0 0.8546875 0.8718750000000001 0.63046875 0.871875 0.63046875 0.8979166666666668 0.8546875 0.8979166666666669
0 0.865625 0.5656250000000002 0.63515625 0.565625 0.63515625 0.5968750000000002 0.865625 0.5968750000000003
0 0.61328125 0.3406250000000001 0.36796875 0.3406250000000001 0.36796875 0.37708333333333344 0.61328125 0.37708333333333344
0 0.85859375 0.7354166666666668 0.63125 0.7354166666666667 0.63125 0.7666666666666668 0.85859375 0.7666666666666669
0 0.86328125 0.6000000000000001 0.6328125 0.6 0.6328125 0.6322916666666668 0.86328125 0.6322916666666669
0 0.8671875 0.5302083333333335 0.63515625 0.5302083333333335 0.63515625 0.5635416666666668 0.8671875 0.5635416666666669
0 0.85546875 0.8031250000000001 0.6296875 0.803125 0.6296875 0.8343750000000001 0.85546875 0.8343750000000002
0 0.32500000000000007 0.5458333333333333 0.10390625000000005 0.5458333333333333 0.10390625000000005 0.58125 0.32500000000000007 0.58125
0 0.84921875 0.9041666666666668 0.6296875 0.9041666666666667 0.6296875 0.9343750000000001 0.84921875 0.9343750000000003
0 0.859375 0.7031250000000001 0.63203125 0.703125 0.63203125 0.7343750000000001 0.859375 0.7343750000000002
0 0.87890625 0.30625000000000013 0.63828125 0.30625000000000013 0.63828125 0.3437500000000001 0.87890625 0.3437500000000001
0 0.3281250000000001 0.65625 0.10937500000000004 0.65625 0.10937500000000004 0.6916666666666667 0.3281250000000001 0.6916666666666667
0 0.61484375 0.4541666666666668 0.3703125 0.4541666666666668 0.37031250000000004 0.49062500000000014 0.61484375 0.49062500000000014
0 0.615625 0.5322916666666668 0.3710937500000001 0.5322916666666668 0.3710937500000001 0.5666666666666667 0.615625 0.5666666666666667
0 0.875 0.3468750000000001 0.63828125 0.3468750000000001 0.63828125 0.3802083333333334 0.875 0.3802083333333334
0 0.86484375 0.6343750000000001 0.63359375 0.634375 0.63359375 0.6666666666666667 0.86484375 0.6666666666666669
0 0.87265625 0.38437500000000013 0.63828125 0.38437500000000013 0.63828125 0.4166666666666668 0.87265625 0.4166666666666668
0 0.87109375 0.42083333333333345 0.6375 0.42083333333333345 0.6375 0.4541666666666668 0.87109375 0.4541666666666668
0 0.61640625 0.571875 0.3710937500000001 0.571875 0.3710937500000001 0.59375 0.61640625 0.59375
0 0.85 0.9343750000000001 0.63046875 0.934375 0.63046875 0.9572916666666668 0.85 0.9572916666666669
0 0.87265625 0.4562500000000001 0.6390625 0.4562500000000001 0.6390625 0.4895833333333334 0.87265625 0.4895833333333334
0 0.615625 0.38125000000000014 0.3671875 0.38125000000000014 0.3671875 0.41770833333333346 0.615625 0.41770833333333346
0 0.6171875 0.6020833333333333 0.3765625000000001 0.6020833333333333 0.3765625000000001 0.6385416666666667 0.6171875 0.6385416666666667
0 0.61484375 0.6375 0.3765625000000001 0.6375 0.3765625000000001 0.6739583333333333 0.61484375 0.6739583333333333
0 0.86875 0.49375000000000013 0.6375 0.49375000000000013 0.6375 0.5270833333333335 0.86875 0.5270833333333335
0 0.6109375 0.41770833333333346 0.36953125 0.41770833333333346 0.36953125 0.45520833333333344 0.6109375 0.45520833333333344
0 0.84609375 0.9708333333333334 0.6265625000000001 0.9708333333333333 0.6265625000000001 0.9968750000000001 0.84609375 0.9968750000000003
0 0.61328125 0.7104166666666667 0.3765625000000001 0.7104166666666667 0.3765625000000001 0.74375 0.61328125 0.74375
0 0.61171875 0.7447916666666666 0.3765625000000001 0.7447916666666666 0.3765625000000001 0.78125 0.61171875 0.78125
0 0.32500000000000007 0.5083333333333333 0.10234375000000004 0.5083333333333333 0.10234375000000004 0.5458333333333333 0.32500000000000007 0.5458333333333333
0 0.85703125 0.7708333333333335 0.63046875 0.7708333333333334 0.63046875 0.8031250000000001 0.85703125 0.8031250000000002
0 0.32890625000000007 0.6927083333333334 0.11171875000000005 0.6927083333333334 0.11171875000000006 0.728125 0.32890625000000007 0.728125
0 0.32421875000000006 0.4708333333333333 0.08359375000000005 0.4708333333333333 0.08359375000000005 0.5072916666666667 0.3242187500000001 0.5072916666666667
0 0.3281250000000001 0.5854166666666667 0.10937500000000004 0.5854166666666667 0.10937500000000004 0.6208333333333333 0.3281250000000001 0.6208333333333333
0 0.61484375 0.6739583333333333 0.3750000000000001 0.6739583333333333 0.3750000000000001 0.709375 0.61484375 0.709375
0 0.6140625 0.49270833333333347 0.3726562500000001 0.49270833333333347 0.3726562500000001 0.5291666666666668 0.6140625 0.5291666666666668
0 0.60546875 0.8145833333333333 0.3781250000000001 0.8145833333333333 0.3781250000000001 0.840625 0.60546875 0.840625
0 0.3281250000000001 0.61875 0.10859375000000004 0.61875 0.10859375000000004 0.65625 0.3281250000000001 0.65625
0 0.6125 0.7802083333333333 0.37578125000000007 0.7802083333333333 0.37578125000000007 0.8145833333333333 0.6125 0.8145833333333333
0 0.34609375 0.43333333333333335 0.08281250000000004 0.43333333333333335 0.08281250000000004 0.46979166666666666 0.34609375 0.46979166666666666
0 0.3296875000000001 0.7260416666666667 0.1140625000000001 0.7260416666666667 0.1140625000000001 0.7625 0.3296875000000001 0.7625
0 0.611126639279575 0.8716065718198653 0.6092996471512409 0.8385727712744786 0.37584644537166584 0.8615266161212802 0.3776734375 0.894560416666667
0 0.6106031249999999 0.9084552083333333 0.6092783302899855 0.8776031658557671 0.3752322365399855 0.8954698325224338 0.37655703124999995 0.926321875
0 0.6117187499999999 0.943690625 0.6105025029069437 0.9087510456783121 0.37794547165694375 0.923142712344979 0.37916171875 0.9580822916666668
0 0.610720303210845 0.9659416145218083 0.6092919148596209 0.9390273428934847 0.3769887991487758 0.9609451033716765 0.3784171875000001 0.9878593750000001
0 0.3324882464811686 0.7915273565011096 0.33150210594302465 0.7582063589819527 0.12009979696185606 0.7693290024808431 0.1210859375 0.8026500000000001
0 0.3307953125 0.8282062499999998 0.329825736224563 0.7915030215981954 0.12309466101461389 0.8012117186691314 0.12406423729005092 0.8379149470709358
0 0.32899938948868096 0.8619388312871715 0.327903125 0.8282062500000001 0.12605887352217632 0.8398678899639547 0.1271551380108573 0.8736004712511262
0 0.33115703124999996 0.8961687500000001 0.3298943589953679 0.8613217300972233 0.12777795274536793 0.87434152176389 0.129040625 0.9091885416666668
0 0.33294466261029354 0.9289370331068846 0.33179583611659086 0.8961889238584008 0.12925 0.9088208333333332 0.13039882649370266 0.941568942581817
0 0.33043359375 0.9651239583333333 0.32937374482907644 0.9317079747042495 0.13268077607907652 0.9427985997042497 0.133740625 0.9762145833333336
0 0.3318796875 0.9959562500000001 0.33161910126781774 0.9655480127771914 0.13456519501781777 0.9685500961105248 0.13482578125000003 0.9989583333333335