0 0.8404262739092857 0.19104711639371535 0.8312087330774988 0.14000772888641805 0.052923624999999995 0.18448041796875 0.06214116583178694 0.2355198054760473
0 0.8472887564435543 0.24101314092775622 0.8390699835069444 0.19385102832031248 0.0761328857842288 0.23591860720364133 0.08435165872083866 0.28308071981108507
0 0.8505505700034975 0.28769276972586294 0.8430530624999999 0.24281302880859376 0.09782229121763228 0.2822045180846197 0.10531979872112991 0.3270842590018889
0 0.853520472995854 0.3336420001686405 0.8452576358564126 0.2873505081368887 0.10789963975694444 0.32899441455078127 0.11616247689638572 0.375285906582533
0 0.8524873340795348 0.3749528016081903 0.8448608819655856 0.3337985296080068 0.11967082465277779 0.3763196323242187 0.127297276766727 0.4174739043244022
0 0.8503564452698871 0.41837921535529615 0.8429801336805555 0.37760281005859375 0.13568132449978532 0.418086332866427 0.143057636089117 0.4588627381631294
0 0.8488372463007402 0.45988613895759956 0.8419707369791666 0.4202514536132812 0.1472171365766689 0.45833491890949635 0.15408364589824255 0.4979696042538147
0 0.8560209808803639 0.49853111280834217 0.849064540568229 0.4605250301443672 0.16505961284722223 0.500138076171875 0.1720160531593572 0.53814415883585
0 0.8616841000793091 0.5349016733651812 0.8548073775824009 0.49864633645040735 0.17729146527777778 0.5393069667968748 0.1841681877746859 0.5755623037116487
0 0.8567745087733868 0.5749926828183892 0.8503326684027778 0.5382807148437498 0.18958718317730572 0.5749651258729408 0.19602902354791482 0.6116770938475802
0 0.8607354310590148 0.6153693530622211 0.8525024374632308 0.5739137201640407 0.1989682725694445 0.6149802094726563 0.2072012661652285 0.6564358423708366