0 1.0019155119445309 0.046160489050480376 0.19585451041666666 0.01764164990234376 0.18961702358791013 0.07342322346329297 0.9956780251157746 0.10194206261142957
0 0.9908982743055554 0.10218420263671876 0.19822233159722222 0.07657401416015626 0.19278167441542188 0.12985586696027973 0.985457617123755 0.15546605543684225
0 0.9789569340277777 0.1590632446289063 0.20498501302083333 0.13111081884765624 0.1993742811076635 0.1802661101167324 0.9733462021146079 0.20821853589798245
0 0.9761407769097222 0.20846212597656255 0.20033878559027782 0.18230800195312502 0.19504598651099672 0.23198337906157038 0.9708479778304413 0.25813750308500794
0 0.9590167760416668 0.25570181103515627 0.1978278289930556 0.23433305224609374 0.19360275953118955 0.2819533474749664 0.9547917065798006 0.30332210626402895
0 0.9454695190972221 0.3034812924804688 0.19750178298611115 0.28476550048828125 0.19416400371104714 0.3269718044474508 0.9421317398221581 0.3456875964396383
0 0.781390285590278 0.8632239482421876 0.21525784548611127 0.8482061616210939 0.21280767303619946 0.8774311143705956 0.7789401131403662 0.8924489009916894
0 0.7783250269097226 0.8379609565429688 0.21580866666666687 0.821581541015625 0.21348940487048507 0.8467833424328194 0.7760057651135407 0.8631627579601632
0 0.7967632916666667 0.8139181948242187 0.21563396788194464 0.7953532495117186 0.21334137191284974 0.8180598278041755 0.7944706956975719 0.8366247731166756
0 0.8028221562500001 0.7812051801757812 0.21616809895833353 0.7695353686523437 0.21461110717983378 0.7943010117303606 0.8012651644715004 0.8059708232537981
0 0.8106028246527779 0.7520112084960938 0.2132244149305557 0.7384379794921876 0.2112266967973039 0.7662572419118558 0.8086051065195261 0.7798304709157621
0 0.8228771736111112 0.7223870639648438 0.21318324826388904 0.705755279296875 0.21066334589610886 0.7349834599261434 0.820357271243331 0.7516152445941122
0 0.8253599218750003 0.6891038652343751 0.21658737291946167 0.673496409695818 0.21425489890954988 0.7022826416926365 0.8230274478650884 0.7178900972311936
0 0.8412421423611113 0.6585359243164064 0.21097399392361124 0.639158396484375 0.20780446112342962 0.671777145015087 0.8380726095609297 0.6911546728471184
0 0.8519005685763891 0.6203168041992188 0.21313486371527796 0.6040763579101562 0.21028091670054497 0.6395932201607633 0.8490466215616561 0.6558336664498258
0 0.8570633758680555 0.5875645986328124 0.21022455989583344 0.5713654892578124 0.20781790898207403 0.6017717551859844 0.854656724954296 0.6179708645609844
0 0.8730929817708335 0.5498724985351563 0.2132023203125001 0.5314495581054688 0.2098915754303148 0.5689713702288727 0.8697822368886482 0.5873943106585602
0 0.8864204079861113 0.5127188491210939 0.21105970312500014 0.4963252705078125 0.20832698942152497 0.5319458687120912 0.883687694282636 0.5483394473253725
0 0.8962449704861114 0.471433298828125 0.2083497031250001 0.45393254345703127 0.20515132900552624 0.4937102595300441 0.8930465963666374 0.5112110149011379
0 0.9078203376736111 0.43224396386718755 0.2106102821180556 0.41400981640625 0.20742657626978378 0.4525271458564381 0.9046366318253393 0.47076129331737565
0 0.9185733385416669 0.3894534809570313 0.20934341232638898 0.37122780566406255 0.20575375375607216 0.41542570415694013 0.9149836799713502 0.4336513794499089
0 0.9337584496527778 0.3492299223632813 0.20519906163194448 0.32882099707031254 0.20164653370235863 0.3689471364518354 0.930205921723192 0.3893560617448042