0 0.7046296296296296 0.3828125 0.30092592592592604 0.3828125 0.30092592592592604 0.40729166666666666 0.7046296296296296 0.40729166666666666
0 0.7027777777777777 0.409375 0.30277777777777787 0.409375 0.30277777777777787 0.43385416666666665 0.7027777777777777 0.43385416666666665
0 0.6962962962962965 0.6989583333333333 0.3157407407407408 0.6989583333333333 0.3157407407407408 0.721875 0.6962962962962965 0.721875
0 0.7055555555555556 0.35833333333333334 0.30092592592592604 0.35833333333333334 0.30092592592592604 0.38333333333333336 0.7055555555555556 0.38333333333333336
0 0.7175925925925926 0.19062500000000002 0.28703703703703703 0.190625 0.28703703703703703 0.21614583333333337 0.7175925925925926 0.2161458333333334
0 0.7101851851851851 0.2479166666666667 0.2916666666666668 0.24791666666666667 0.2916666666666668 0.27447916666666666 0.7101851851851851 0.27447916666666666
0 0.7064814814814815 0.3307291666666667 0.29907407407407416 0.3307291666666667 0.29907407407407416 0.3567708333333333 0.7064814814814815 0.3567708333333333
0 0.7046296296296296 0.4348958333333333 0.30462962962962975 0.4348958333333333 0.30462962962962975 0.46041666666666664 0.7046296296296296 0.46041666666666664
0 0.6990740740740743 0.5578125 0.3111111111111112 0.5578125 0.3111111111111112 0.5817708333333333 0.6990740740740743 0.5817708333333333
0 0.6962962962962965 0.675 0.313888888888889 0.675 0.313888888888889 0.6984375 0.6962962962962965 0.6984375
0 0.7092592592592593 0.30416666666666664 0.2962962962962964 0.30416666666666664 0.2962962962962964 0.3302083333333333 0.7092592592592593 0.3302083333333333
0 0.6981481481481484 0.7463541666666667 0.3212962962962965 0.7463541666666667 0.3212962962962965 0.7677083333333333 0.6981481481481484 0.7677083333333333
0 0.7037037037037037 0.459375 0.30462962962962975 0.459375 0.30462962962962975 0.4828125 0.7037037037037037 0.4828125
0 0.6972222222222224 0.6041666666666666 0.31296296296296305 0.6041666666666666 0.31296296296296305 0.628125 0.6972222222222224 0.628125
0 0.7009259259259262 0.5083333333333333 0.30462962962962975 0.5083333333333333 0.30462962962962975 0.5333333333333333 0.7009259259259262 0.5333333333333333
0 0.7009259259259261 0.48333333333333334 0.30462962962962975 0.48333333333333334 0.30462962962962975 0.5072916666666667 0.7009259259259262 0.5072916666666667
0 0.7101851851851851 0.275 0.2935185185185186 0.275 0.2935185185185186 0.3015625 0.7101851851851851 0.3015625
0 0.7092592592592593 0.2197916666666667 0.2898148148148148 0.21979166666666666 0.28981481481481486 0.24427083333333335 0.7092592592592593 0.24427083333333338
0 0.6962962962962965 0.628125 0.313888888888889 0.628125 0.313888888888889 0.6489583333333333 0.6962962962962965 0.6489583333333333
0 0.7166666666666667 0.16250000000000003 0.2861111111111111 0.1625 0.2861111111111111 0.19062500000000002 0.7166666666666667 0.19062500000000007
0 0.6990740740740743 0.76875 0.32314814814814835 0.76875 0.32314814814814835 0.7895833333333333 0.6990740740740743 0.7895833333333333
0 0.7000000000000002 0.5328125 0.30925925925925934 0.5328125 0.30925925925925934 0.55625 0.7000000000000002 0.55625
0 0.6972222222222224 0.7223958333333333 0.31666666666666676 0.7223958333333333 0.3166666666666668 0.7447916666666666 0.6972222222222224 0.7447916666666666
0 0.6962962962962965 0.6510416666666666 0.31481481481481494 0.6510416666666666 0.31481481481481494 0.6739583333333333 0.6962962962962965 0.6739583333333333
0 0.6981481481481484 0.5817708333333333 0.3111111111111112 0.5817708333333333 0.3111111111111112 0.6052083333333333 0.6981481481481484 0.6052083333333333
0 0.6990740740740743 0.7890625 0.32314814814814835 0.7890625 0.32314814814814835 0.8098958333333334 0.6990740740740743 0.8098958333333334
0 0.6990740740740743 0.8114583333333333 0.3259259259259261 0.8114583333333333 0.3259259259259261 0.8354166666666667 0.6990740740740743 0.8354166666666667