0 0.62646484375 0.3059895833333334 0.4736328125 0.3059895833333334 0.4736328125 0.32877604166666674 0.62646484375 0.32877604166666674
0 0.78955078125 0.3463541666666668 0.64013671875 0.3463541666666668 0.64013671875 0.3678385416666668 0.78955078125 0.3678385416666668
0 0.7822265625 0.5722656250000001 0.63671875 0.5722656250000001 0.63671875 0.5930989583333335 0.7822265625 0.5930989583333335
0 0.7919921875 0.2285156250000001 0.64208984375 0.22851562500000008 0.64208984375 0.2506510416666668 0.7919921875 0.2506510416666668
0 0.78955078125 0.3697916666666668 0.63916015625 0.3697916666666668 0.63916015625 0.39062500000000017 0.78955078125 0.39062500000000017
0 0.7900390625 0.2753906250000001 0.6416015625 0.27539062500000006 0.6416015625 0.2975260416666668 0.7900390625 0.2975260416666668
0 0.78759765625 0.39257812500000017 0.63818359375 0.39257812500000017 0.63818359375 0.4134114583333335 0.78759765625 0.4134114583333335
0 0.78857421875 0.3216145833333334 0.6416015625 0.3216145833333334 0.6416015625 0.34375000000000017 0.78857421875 0.34375000000000017
0 0.791015625 0.2526041666666668 0.64111328125 0.25260416666666674 0.64111328125 0.2740885416666668 0.791015625 0.2740885416666668
0 0.62451171875 0.2591145833333334 0.47216796875 0.2591145833333334 0.47216796875 0.28190104166666674 0.62451171875 0.28190104166666674
0 0.7939453125 0.2050781250000001 0.64404296875 0.20507812500000008 0.64404296875 0.22786458333333345 0.7939453125 0.22786458333333348
0 0.7900390625 0.2994791666666668 0.6416015625 0.29947916666666674 0.6416015625 0.3209635416666668 0.7900390625 0.3209635416666668
0 0.625 0.28320312500000006 0.47412109375 0.28320312500000006 0.47412109375 0.3059895833333334 0.625 0.3059895833333334
0 0.78564453125 0.41601562500000017 0.63916015625 0.41601562500000017 0.63916015625 0.4361979166666668 0.78564453125 0.4361979166666668
0 0.30029296875 0.5475260416666666 0.15234375000000006 0.5475260416666666 0.15234375000000006 0.5696614583333334 0.30029296875 0.5696614583333334
0 0.78271484375 0.6608072916666669 0.6357421875 0.6608072916666669 0.6357421875 0.6803385416666666 0.78271484375 0.6803385416666666
0 0.78173828125 0.5950520833333335 0.63525390625 0.5950520833333335 0.63525390625 0.6145833333333335 0.78173828125 0.6145833333333335
0 0.29541015625 0.4791666666666667 0.14892578125000006 0.4791666666666667 0.14892578125000006 0.5006510416666666 0.29541015625 0.5006510416666666
0 0.30029296875 0.5013020833333334 0.15136718750000006 0.5013020833333334 0.15136718750000006 0.5227864583333334 0.30029296875 0.5227864583333334
0 0.78662109375 0.43750000000000017 0.6376953125 0.43750000000000017 0.6376953125 0.45898437500000017 0.78662109375 0.45898437500000017
0 0.7822265625 0.681640625 0.6357421875 0.681640625 0.6357421875 0.701171875 0.7822265625 0.701171875
0 0.78369140625 0.4830729166666668 0.63720703125 0.4830729166666668 0.63720703125 0.5045572916666669 0.78369140625 0.5045572916666669
0 0.30078125 0.5234375 0.15283203125000006 0.5234375 0.15283203125000006 0.544921875 0.30078125 0.544921875
0 0.7861328125 0.46093750000000017 0.63916015625 0.46093750000000017 0.63916015625 0.4811197916666668 0.7861328125 0.4811197916666668
0 0.29931640625 0.4563802083333333 0.14892578125000006 0.4563802083333333 0.14892578125000006 0.4778645833333333 0.29931640625 0.4778645833333333
0 0.6259765625 0.23307291666666674 0.47119140625 0.23307291666666674 0.47119140625 0.25651041666666674 0.6259765625 0.25651041666666674
0 0.625 0.20963541666666674 0.47265625 0.20963541666666674 0.47265625 0.23307291666666674 0.625 0.23307291666666674
0 0.30273437500000006 0.5924479166666666 0.15380859375000006 0.5924479166666666 0.15380859375000006 0.6126302083333334 0.3027343750000001 0.6126302083333334
0 0.78369140625 0.5286458333333335 0.63818359375 0.5286458333333335 0.63818359375 0.5481770833333335 0.78369140625 0.5481770833333335
0 0.78125 0.6171875000000001 0.63525390625 0.6171875000000001 0.63525390625 0.6373697916666669 0.78125 0.6373697916666669
0 0.3007812500000001 0.61328125 0.15429687500000006 0.61328125 0.15429687500000006 0.6341145833333334 0.3007812500000001 0.6341145833333334
0 0.78466796875 0.5065104166666669 0.63818359375 0.5065104166666669 0.63818359375 0.5260416666666669 0.78466796875 0.5260416666666669
0 0.7841796875 0.5507812500000001 0.63818359375 0.5507812500000001 0.63818359375 0.5709635416666669 0.7841796875 0.5709635416666669
0 0.62646484375 0.1848958333333334 0.47021484375 0.1848958333333334 0.47021484375 0.2083333333333334 0.62646484375 0.2083333333333334
0 0.29736328125 0.3880208333333333 0.14208984375000006 0.3880208333333333 0.14208984375000006 0.4095052083333333 0.29736328125 0.4095052083333333
0 0.78125 0.6393229166666669 0.63623046875 0.6393229166666669 0.63623046875 0.6588541666666669 0.78125 0.6588541666666669
0 0.29443359375 0.4329427083333333 0.14648437500000006 0.4329427083333333 0.14648437500000006 0.455078125 0.29443359375 0.455078125
0 0.2978515625 0.33984375 0.14013671875000006 0.33984375 0.14013671875000006 0.361328125 0.2978515625 0.361328125
0 0.62646484375 0.15950520833333343 0.46826171875 0.1595052083333334 0.46826171875 0.18229166666666674 0.62646484375 0.18229166666666674
0 0.30224609375 0.5696614583333334 0.15429687500000006 0.5696614583333334 0.15429687500000006 0.5911458333333334 0.30224609375 0.5911458333333334
0 0.2978515625 0.41015625 0.14306640625000006 0.41015625 0.14306640625000006 0.431640625 0.2978515625 0.431640625
0 0.78173828125 0.7252604166666666 0.63525390625 0.7252604166666666 0.63525390625 0.748046875 0.78173828125 0.748046875
0 0.7919921875 0.18033854166666677 0.64013671875 0.18033854166666674 0.64013671875 0.20182291666666677 0.7919921875 0.20182291666666682
0 0.2978515625 0.3639322916666667 0.14062500000000006 0.3639322916666667 0.14062500000000006 0.3860677083333333 0.2978515625 0.3860677083333333
0 0.78173828125 0.703125 0.63623046875 0.703125 0.63623046875 0.72265625 0.78173828125 0.72265625
0 0.30607226562499995 0.6522939453125 0.305444494396941 0.6310140258328859 0.155034912109375 0.63890234375 0.155662683337434 0.660182263229614
0 0.30649072265625 0.6751708984375001 0.30586599943970727 0.6539348041734083 0.156256610381239 0.6617591731804838 0.15688133359778175 0.6829952674445757
0 0.3069091796875 0.6958157552083334 0.3062829903812342 0.6748288023810707 0.15792529296875 0.6826982421875 0.15855148227501578 0.7036851950147626
0 0.30889111328124996 0.7196930338541668 0.3084032791949228 0.6969329103457417 0.15935498046875 0.7026123046875 0.15984281455507718 0.7253724281959252
0 0.31115234375 0.7408024088541666 0.3107654685132103 0.7199742845447931 0.16116333007812497 0.7249143880208332 0.1615502053149147 0.7457425123302067
0 0.31233182816142846 0.7657184115891021 0.3116888531065055 0.740428059428802 0.161632080078125 0.7472102864583333 0.16227505513304788 0.7725006386186335
0 0.46543212890625 0.49150878906250006 0.4649835003080521 0.4688545200208309 0.30856591796875 0.4743613281250001 0.30901454656694793 0.49701559716666927
0 0.46616618473182625 0.5144875857612654 0.46565464245612553 0.4909481972280925 0.309353515625 0.49698665364583333 0.30986505790070074 0.5205260421790062
0 0.4659152832031249 0.5375859374999999 0.4654727592930534 0.5153774278680264 0.31084385304305345 0.5208549669305264 0.311286376953125 0.5430634765625
0 0.46671243272133867 0.5591601073514885 0.46610487402614686 0.5355620023590654 0.3109205174766832 0.5426649158409103 0.311528076171875 0.5662630208333334
0 0.4686685578700636 0.5816156062455714 0.4680501122992218 0.5596997862692489 0.311528076171875 0.5675520833333333 0.31214652174271684 0.5894679033096558
0 0.467606689453125 0.6046067708333335 0.4669267620443113 0.58140456053734 0.3122529296875 0.5894625651041666 0.3129328570963137 0.6126647754001601
0 0.4691203430938915 0.6270956638780537 0.468572998046875 0.6049290364583334 0.31223938621113073 0.6117916794356156 0.3127867312581472 0.633958306855336
0 0.4681883880253652 0.6512443947208332 0.46755738216203113 0.62715613611333 0.3132031250000001 0.6343444010416668 0.31383413086333417 0.65843265964917
0 0.46953955078125004 0.6735042317708334 0.4690286316137289 0.6509211717145148 0.31473964983162195 0.6571267433388076 0.31525056899914305 0.6797098033951262
0 0.4693339009766374 0.6966839285865705 0.4688146972656251 0.6725377604166667 0.31643165484148783 0.6783628643744738 0.31695085855250016 0.7025090325443776
0 0.4695843309326036 0.717001768144502 0.46905615234375003 0.6938040364583333 0.31715322614164004 0.6999526738846763 0.3176814047304936 0.723150405570845
0 0.46953955078125 0.738857421875 0.46908297909382135 0.7178933405959059 0.31859043259616576 0.7237200801497914 0.3190470042835944 0.7446841614288854
0 0.470641836664666 0.7626029749337354 0.46974401862506654 0.7368288118403233 0.31919287109375005 0.7461520182291667 0.32009068913334954 0.7719261813225788
0 0.6266791992187499 0.350470703125 0.6263106378451276 0.32662347237130096 0.4735558756255033 0.33082052191162925 0.47392443699912556 0.3546677526653283
0 0.6257807282957543 0.3739909201532845 0.62547119140625 0.3504707031249999 0.47391507248549564 0.35401656682588206 0.47422460937499994 0.3775367838541666
0 0.6256513320870181 0.3958888725408886 0.6251875264752365 0.37181420716525815 0.47424420220071845 0.3769839283743695 0.47470800781250005 0.40105859374999997
0 0.6261801662667277 0.4178109684438243 0.6257312510468533 0.3953369203136885 0.47452740313950065 0.40070629041153083 0.474976318359375 0.42318033854166665
0 0.6272889629537587 0.4410108921290816 0.6268518012981646 0.41780384053836395 0.474315768031906 0.42291208903428235 0.47475292968750005 0.446119140625
0 0.6265993373947324 0.4636832325242943 0.6262045898437502 0.4413525390625 0.4741347934646428 0.4461315461215391 0.47452954101562506 0.46846223958333333
0 0.6268243097510711 0.485983836463107 0.626427978515625 0.4636956380208333 0.47390982110830404 0.468517140099393 0.47430615234374995 0.49080533854166664
0 0.6257477347006414 0.5086638359107128 0.6255341407161016 0.48750026867820945 0.474529541015625 0.4902096354166667 0.47474313500016474 0.5113732026491701
0 0.626644686139647 0.5297459298634639 0.6261533663254972 0.5068927915208863 0.475537109375 0.5126494140625 0.4760284291891497 0.5355025524050776
0 0.6244838831978802 0.5523828226313888 0.6241874339033242 0.5307468290800371 0.47732348632812494 0.5343242187499999 0.47761993562268085 0.5559602123013516
0 0.6255901887486328 0.5738175232088046 0.62531103515625 0.5514905598958334 0.4771544401576172 0.5547837137703623 0.47743359375000005 0.5771106770833334
0 0.625937278576043 0.5943583264674502 0.6254889900491579 0.5725132253730907 0.47750219726562493 0.577912109375 0.4779504857925099 0.5997572104693596
0 0.6261420986659008 0.6167127764284942 0.6257567154605937 0.5955204025386633 0.47771813241969296 0.6003063240268358 0.478103515625 0.6214986979166667
0 0.6257785607728638 0.640686547664788 0.6255234048520784 0.6172077412096602 0.47732348632812505 0.6200709635416667 0.47757864224891033 0.6435497699967946
0 0.6258814757792716 0.6606952726952179 0.6254630808348035 0.6387046082251596 0.47827978515624997 0.6436829427083334 0.47869818010071796 0.6656736071783916
0 0.6250517578651975 0.6828247088896907 0.6246931152343749 0.6607532552083332 0.4781054686973023 0.664987791110309 0.478464111328125 0.6870592447916667
0 0.6257850876694762 0.7038871608630233 0.6254821777343749 0.6835517578124999 0.47897985619217776 0.6874313199600417 0.47928276612727894 0.7077667230105651
0 0.6257437405281064 0.7256301961822905 0.625470992496802 0.7033316431028843 0.4797519531250001 0.7065003255208334 0.4800247011563045 0.7287988786002395
0 0.6272037786670173 0.7490287598216802 0.6267971191406249 0.7245895182291666 0.4800325249155429 0.7289310401415346 0.4804391844419353 0.7533702817340481