0 0.87255859375 0.46093750000000017 0.74951171875 0.46093750000000017 0.74951171875 0.4850260416666668 0.87255859375 0.4850260416666668
0 0.87939453125 0.4069010416666668 0.75244140625 0.4069010416666668 0.75244140625 0.43164062500000017 0.87939453125 0.43164062500000017
0 0.86669921875 0.5384114583333335 0.74462890625 0.5384114583333335 0.74462890625 0.5638020833333335 0.86669921875 0.5638020833333335
0 0.70556640625 0.4427083333333335 0.5634765625 0.4427083333333335 0.5634765625 0.46875000000000017 0.70556640625 0.46875000000000017
0 0.869140625 0.5143229166666669 0.74658203125 0.5143229166666669 0.74658203125 0.5384114583333335 0.869140625 0.5384114583333335
0 0.88134765625 0.3795572916666668 0.75390625 0.3795572916666668 0.75390625 0.4055989583333335 0.88134765625 0.4055989583333335
0 0.70654296875 0.41406250000000017 0.5654296875 0.41406250000000017 0.5654296875 0.4401041666666668 0.70654296875 0.4401041666666668
0 0.87548828125 0.4342447916666668 0.75146484375 0.4342447916666668 0.75146484375 0.45898437500000017 0.87548828125 0.45898437500000017
0 0.88330078125 0.3248697916666668 0.75537109375 0.3248697916666668 0.75537109375 0.3483072916666668 0.88330078125 0.3483072916666668
0 0.51904296875 0.3528645833333334 0.3427734375 0.3528645833333333 0.3427734375 0.38281250000000006 0.51904296875 0.38281250000000017
0 0.29296875 0.466796875 0.08544921875000006 0.466796875 0.08544921875000006 0.4967447916666667 0.29296875 0.4967447916666667
0 0.5185546875 0.3860677083333334 0.345703125 0.3860677083333333 0.345703125 0.41601562500000006 0.5185546875 0.41601562500000017
0 0.88330078125 0.3528645833333335 0.75439453125 0.3528645833333335 0.75439453125 0.3776041666666668 0.88330078125 0.3776041666666668
0 0.70947265625 0.3548177083333335 0.5654296875 0.3548177083333335 0.5654296875 0.38281250000000017 0.70947265625 0.38281250000000017
0 0.5205078125 0.32096354166666674 0.3369140625 0.32096354166666674 0.3369140625 0.34960937500000006 0.5205078125 0.34960937500000017
0 0.51904296875 0.41861979166666674 0.341796875 0.4186197916666667 0.341796875 0.44726562500000006 0.51904296875 0.44726562500000017
0 0.70166015625 0.4700520833333335 0.5625 0.4700520833333335 0.5625 0.49609375000000017 0.70166015625 0.49609375000000017
0 0.87255859375 0.4876302083333335 0.74755859375 0.4876302083333335 0.74755859375 0.5123697916666669 0.87255859375 0.5123697916666669
0 0.5185546875 0.44921875000000006 0.34912109375 0.44921875 0.34912109375 0.47851562500000006 0.5185546875 0.47851562500000017
0 0.70849609375 0.3860677083333335 0.564453125 0.3860677083333335 0.564453125 0.4134114583333335 0.70849609375 0.4134114583333335
0 0.5185546875 0.47916666666666674 0.3505859375 0.4791666666666667 0.3505859375 0.5078125000000001 0.5185546875 0.5078125000000001
0 0.2900390625 0.3990885416666667 0.08056640625000003 0.3990885416666667 0.08056640625000003 0.4309895833333333 0.2900390625 0.4309895833333333
0 0.29296875 0.4329427083333333 0.08300781250000003 0.4329427083333333 0.08300781250000004 0.4661458333333333 0.29296875 0.4661458333333333
0 0.7109375 0.3281250000000001 0.560546875 0.32812500000000006 0.560546875 0.35156250000000017 0.7109375 0.35156250000000017
0 0.28759765625 0.3645833333333333 0.07714843750000003 0.3645833333333333 0.07714843750000003 0.3971354166666667 0.28759765625 0.3971354166666667
0 0.8646225673819011 0.5817185049159755 0.8634187156893305 0.5606424236141835 0.7462780819011794 0.5725375254690414 0.74748193359375 0.5936136067708334
0 0.8649759886641256 0.607954300627226 0.8636626748009347 0.5850259375333466 0.7418085123086842 0.5974342671144539 0.743121826171875 0.6203626302083333
0 0.8636683126741084 0.6327606142690844 0.8622621902325703 0.6112319155564333 0.742006231074087 0.6251952596206825 0.7434123535156251 0.6467239583333334
0 0.8606348358614566 0.655303810214955 0.8589422464237162 0.6338159092151578 0.7402663949372595 0.6504346250418697 0.741958984375 0.6719225260416669
0 0.860643344456445 0.6790108090137656 0.85910400390625 0.6595169270833332 0.7383849758560551 0.6764638003612343 0.7399243164062501 0.6959576822916668
0 0.8576658378975272 0.7021760450847664 0.8558308131322532 0.6815140589813717 0.7357636080472261 0.7004711519174386 0.7375986328125 0.7211331380208333
0 0.8574549109678632 0.7258205431862259 0.85561572265625 0.7048509114583333 0.7340155480165118 0.7238112927512743 0.735854736328125 0.7447809244791669
0 0.8573233241408904 0.7511885835970183 0.8546968437871529 0.726066273089978 0.7309028165212625 0.7490749551179595 0.733529296875 0.7741972656249999
0 0.7007322071127023 0.5200096973073739 0.6993480314876303 0.4922643287069283 0.5641080118749278 0.5042588631703877 0.5654921874999999 0.5320042317708333
0 0.6996286374345102 0.5473593426177247 0.698431640625 0.5205657552083334 0.5649551027998646 0.531166699048942 0.5661520996093748 0.5579602864583334
0 0.6988915956413978 0.5732625761312006 0.6977408719676189 0.5471413588699764 0.561702547810596 0.5577954494054425 0.5628532714843749 0.5839166666666666
0 0.6988614890555539 0.5951415783082706 0.69723413203944 0.5696053887598235 0.559906578530761 0.5851636802432194 0.5615339355468749 0.6106998697916666
0 0.6979796782584738 0.6236225505811142 0.696452392578125 0.5988216145833333 0.561325985804026 0.6136150796272191 0.562853271484375 0.6384160156249999
0 0.6966090106321706 0.6482924354771543 0.6947390545635846 0.6234900268676212 0.561642983384539 0.641329427327967 0.563512939453125 0.6661318359375001
0 0.6943996585993023 0.6730890190238973 0.6923543430685241 0.6480964994161835 0.5621275360317217 0.6670429621631196 0.5641728515625 0.6920354817708333
0 0.6946648273368837 0.700188018368373 0.6927224295028888 0.6748779315449965 0.5622304537285049 0.692681449634957 0.5641728515624999 0.7179915364583335
0 0.6949227407442038 0.7230381581186615 0.6926939198461302 0.6985268430771346 0.5606244505863014 0.7198763802709734 0.562853271484375 0.7443876953125
0 0.6948720016461005 0.7471575909044211 0.6924513180645655 0.7232911404835153 0.5614223339965903 0.746917403745761 0.5638430175781252 0.7707838541666668
0 0.6940062823374576 0.7715193782521027 0.6916515566678709 0.747803266193979 0.5539011337054133 0.7721178723168762 0.556255859375 0.7958339843750001
0 0.286935302734375 0.3264990234375001 0.07547631835937503 0.32649902343750004 0.07547631835937503 0.36068554687500004 0.286935302734375 0.36068554687500004
0 0.2924191157970887 0.5238529684012284 0.291138623803577 0.492547402848283 0.09193823242187499 0.5070325520833333 0.09321872441538666 0.5383381176362786
0 0.29120751953125 0.5584612630208333 0.28969921544143556 0.5237265357848976 0.09287011718749999 0.5389212239583333 0.09437842127731447 0.5736559511942692
0 0.292568573470193 0.587408528779407 0.2907169427357594 0.5551263108594214 0.09545703124999999 0.5750367838541667 0.09730866198443362 0.6073190017741522
0 0.29819873046875 0.6195211588541668 0.2959709693316164 0.5854375016588232 0.097529296875 0.60849609375 0.09975705801213361 0.6425797509453435
0 0.29870299433265557 0.6503987390298287 0.29648802802923474 0.6177230908875888 0.1013983149465792 0.6412332060244268 0.10361328125 0.6739088541666667
0 0.2984095920770676 0.6800507003428278 0.29624580918769594 0.648887087048207 0.1026147815637534 0.672788209622046 0.104778564453125 0.7039518229166668
0 0.295868408203125 0.7091315104166669 0.29351647148998405 0.6792219495832161 0.10622607421875 0.705404296875 0.10857801093189087 0.7353138577084507
0 0.297810302734375 0.7391435546875001 0.29514995648928516 0.7087466604329276 0.10872075727053515 0.7377534963704275 0.111381103515625 0.7681503906250001
0 0.30034343618978265 0.7686343426953351 0.29742515007401793 0.7376432190492398 0.11150634765625 0.7687669270833334 0.11442463377201474 0.7997580507294287
0 0.3018174932649304 0.7991413630030598 0.2989755859375 0.7697044270833332 0.11436512392256959 0.8013892359552733 0.11720703124999998 0.830826171875
0 0.30322841568733133 0.8275939500649238 0.300529052734375 0.7991673177083332 0.1160613792345437 0.8303083936850761 0.1187607421875 0.8587350260416667
0 0.3037820349753811 0.8532949206573606 0.30058426974200103 0.8246739083958022 0.11672801601661993 0.861192789821775 0.11992578125000002 0.8898138020833334
0 0.5184780980386421 0.8092801243394011 0.5154724580989214 0.7829969314769887 0.3568195553727793 0.8152509868250876 0.3598251953125 0.8415341796874999
0 0.5189798110477504 0.7835931709585949 0.516337158203125 0.7576197916666665 0.3568663803584996 0.7864647717497384 0.35950903320312505 0.8124381510416668
0 0.5197598279004555 0.7579794434796887 0.516969482421875 0.7293671875 0.35608611936516954 0.7572601398536446 0.35887646484375 0.7858723958333332
0 0.5156577398276786 0.7314783831700892 0.5131480930595548 0.703365227488748 0.3588963590912511 0.7278451776519921 0.361406005859375 0.7559583333333334
0 0.5179716458604466 0.7041901129015694 0.515704833984375 0.6763108723958333 0.3585068697645535 0.6990335199109308 0.36077368164062507 0.7269127604166669
0 0.5179347420095443 0.6755629168404346 0.5155713633428757 0.6468591099279374 0.35777797875520634 0.6699563493375029 0.3601413574218749 0.69866015625
0 0.5186773373032246 0.6469549944946643 0.5165801665481227 0.6179508386249108 0.357095700338648 0.6384515732969132 0.35919287109375 0.6674557291666665
0 0.5169937114284312 0.6175272711038787 0.5150684824153893 0.5894112366815846 0.357583804190083 0.6085822077652058 0.359509033203125 0.6366982421874999
0 0.5186145394903361 0.5906221807915748 0.5169694824218751 0.5625078125 0.35754781402528907 0.5790913608750919 0.35919287109375003 0.6072057291666667
0 0.5166110141757737 0.5628135364451782 0.5150306349818761 0.5322042555063184 0.3572960856498523 0.546682385727807 0.35887646484375 0.5772916666666668
0 0.5176339547068635 0.5333865367594538 0.5163146919295103 0.5030054136990049 0.3566849130859375 0.515328482421875 0.3580041758632907 0.545709605482324