0 0.9293967062101355 0.17205715581036568 0.9277161458333336 0.12864135742187502 0.288533646287153 0.1364698159872986 0.2902142066639549 0.17988561437578926
0 0.9277145640158131 0.21550364920823895 0.925997829861111 0.1745576171875 0.28677474085973115 0.18303747817689284 0.2884914750144333 0.22398351019763177
0 0.9208410497249084 0.2552000555227575 0.9191254340277779 0.21709033203125 0.29254603029342646 0.22601527361345475 0.29426164599055704 0.26412499710496223
0 0.9233162320632852 0.2966566233851611 0.9217026909722222 0.25859887695312506 0.29400995415044967 0.26701920707523824 0.2956234952415127 0.30507695350727426
0 0.9172873606210997 0.3382444432278432 0.9156806732365611 0.3009329837213762 0.2980329861111112 0.30934838867187503 0.29963967349564985 0.346659848178342
0 0.9101433557197373 0.3760110942361743 0.9088168402777779 0.341248291015625 0.3052967484469298 0.34853504834195076 0.30662326388888894 0.38329785156250007
0 0.9135304734044346 0.41546100996351143 0.9122530381944445 0.380311279296875 0.3065602160568001 0.38727617089505606 0.3078376512667902 0.42242590156169246
0 0.906770125166904 0.45024816760430475 0.9053806423611113 0.417527587890625 0.3165981197546857 0.42543860185201443 0.3179876025604787 0.4581591815656942
0 0.9038535727789512 0.48804876759733956 0.9028038194444444 0.45474389648437497 0.3167410452766044 0.4605886835745354 0.31779079861111115 0.4938935546875
0 0.898798958978944 0.5222966383807697 0.8976162189157194 0.4905601845272517 0.3125807291666667 0.497458740234375 0.31376346922989135 0.529195194087893
0 0.8993887507957743 0.5609528700009799 0.8985082465277776 0.528123046875 0.3194305051260029 0.533037156582793 0.3203110093939996 0.565866979708773
0 0.8960928725266982 0.5933420231333308 0.8949501748702153 0.5609142363675903 0.32466319444444447 0.567272705078125 0.32580589210092736 0.5997004918438655
0 0.8693007812500002 0.9996499023437498 0.8692363109006493 0.9778994013859318 0.3489834813360204 0.9783873232325299 0.34904795168537117 1.000137824190348
0 0.8772648794241633 0.977889977890829 0.8770321180555556 0.9513171386718751 0.34211879572761345 0.9527996615711879 0.34235155709622117 0.9793725007901418
0 0.8804683159722224 0.920384033203125 0.342703559027778 0.920384033203125 0.342703559027778 0.951317138671875 0.8804683159722224 0.951317138671875
0 0.8847634548611113 0.890417724609375 0.33754904513888906 0.890417724609375 0.33754904513888906 0.919417236328125 0.8847634548611113 0.919417236328125
0 0.8857873458585517 0.887983416000749 0.8856218396770461 0.8593130914171265 0.3352513020833333 0.860318359375 0.33541680826483883 0.8889886839586225
0 0.8869814186171818 0.8580089353742378 0.8864588487450229 0.8272001104564838 0.33181640625 0.8301767578125 0.3323389761221589 0.860985582730254
0 0.8816087691736688 0.8290894830246655 0.8813272569444446 0.795742919921875 0.33668198343327244 0.7971977255717256 0.3369634956624967 0.8305442886745161
0 0.8904525626992873 0.7952432589515314 0.889896279255955 0.7615632824012895 0.33112934027777774 0.7644833984374999 0.3316856237211099 0.7981633749877418
0 0.8916358506944443 0.7633598632812499 0.8910971223063032 0.7304875356793771 0.3306766493055555 0.7333935546874999 0.33121537769369674 0.7662658822893728
0 0.8905863518038734 0.7324805568325642 0.8899025259200725 0.6968811169641181 0.32151128472222223 0.700335693359375 0.32219511060602307 0.735935133227821
0 0.8902806334204167 0.6982218703869595 0.8899179687500001 0.66487646484375 0.3255174112932142 0.6668186996561046 0.32588007596363083 0.7001641051993142
0 0.8899179687500003 0.632493408203125 0.3246631944444445 0.632010009765625 0.324571754344634 0.6658414698985703 0.8898265286501896 0.6663248683360703
0 0.895527664502346 0.6300637342408896 0.8950720486111111 0.5962436523437499 0.32119483846390817 0.598689831381629 0.32165045435514306 0.6325099132787687