0 0.39947916666666666 0.5277777777777778 0.25000000000000006 0.5277777777777778 0.25000000000000006 0.562037037037037 0.39947916666666666 0.562037037037037
0 0.5635416666666667 0.24351851851851863 0.42135416666666664 0.24351851851851863 0.42135416666666664 0.2814814814814816 0.5635416666666667 0.2814814814814816
0 0.39947916666666666 0.46574074074074084 0.2510416666666667 0.46574074074074084 0.2510416666666667 0.5 0.39947916666666666 0.5
0 0.5619791666666667 0.3333333333333334 0.4166666666666667 0.3333333333333334 0.4166666666666667 0.36851851851851863 0.5619791666666667 0.36851851851851863
0 0.40520833333333334 0.32037037037037047 0.25677083333333334 0.32037037037037047 0.25677083333333334 0.35462962962962974 0.40520833333333334 0.35462962962962974
0 0.7208333333333333 0.14444444444444457 0.5802083333333333 0.14444444444444454 0.5802083333333333 0.17592592592592607 0.7208333333333333 0.1759259259259261
0 0.7171875 0.4861111111111113 0.5744791666666667 0.4861111111111113 0.5744791666666667 0.5203703703703706 0.7171875 0.5203703703703706
0 0.5588541666666667 0.5972222222222223 0.4125 0.5972222222222222 0.4125 0.6333333333333334 0.5588541666666667 0.6333333333333335
0 0.7192708333333333 0.25555555555555565 0.5765625 0.25555555555555565 0.5765625 0.288888888888889 0.7192708333333333 0.288888888888889
0 0.7208333333333333 0.22870370370370383 0.5786458333333333 0.2287037037037038 0.5786458333333333 0.2601851851851853 0.7208333333333333 0.2601851851851853
0 0.7166666666666667 0.5740740740740743 0.5703125 0.5740740740740743 0.5703125 0.6083333333333335 0.7166666666666667 0.6083333333333335
0 0.5630208333333333 0.39074074074074083 0.4171875 0.39074074074074083 0.4171875 0.4250000000000001 0.5630208333333333 0.4250000000000001
0 0.3984375 0.4935185185185185 0.24843750000000006 0.4935185185185185 0.24843750000000006 0.5324074074074074 0.3984375 0.5324074074074074
0 0.40729166666666666 0.20648148148148157 0.26145833333333335 0.20648148148148154 0.26145833333333335 0.23981481481481493 0.40729166666666666 0.23981481481481493
0 0.3921875 0.7407407407407407 0.24010416666666673 0.7407407407407407 0.24010416666666673 0.7787037037037037 0.3921875 0.7787037037037037
0 0.7151041666666667 0.602777777777778 0.5708333333333333 0.602777777777778 0.5708333333333333 0.6388888888888891 0.7151041666666667 0.6388888888888891
0 0.5666666666666667 0.1324074074074075 0.42291666666666666 0.1324074074074075 0.42291666666666666 0.16481481481481491 0.5666666666666667 0.16481481481481491
0 0.7166666666666667 0.5120370370370373 0.571875 0.5120370370370373 0.571875 0.5472222222222224 0.7166666666666667 0.5472222222222224
0 0.5598958333333334 0.42037037037037045 0.41458333333333336 0.42037037037037045 0.41458333333333336 0.45370370370370383 0.5598958333333334 0.45370370370370383
0 0.7197916666666667 0.39814814814814825 0.5744791666666667 0.39814814814814825 0.5744791666666667 0.4314814814814816 0.7197916666666667 0.4314814814814816
0 0.39739583333333334 0.587037037037037 0.2458333333333334 0.587037037037037 0.2458333333333334 0.625 0.39739583333333334 0.625
0 0.40729166666666666 0.17685185185185193 0.2609375 0.1768518518518519 0.2609375 0.21018518518518525 0.40729166666666666 0.21018518518518528
0 0.5583333333333333 0.625925925925926 0.4114583333333333 0.6259259259259259 0.4114583333333333 0.6611111111111112 0.5583333333333333 0.6611111111111113
0 0.4078125 0.15000000000000008 0.2640625 0.15000000000000005 0.2640625 0.1833333333333334 0.4078125 0.18333333333333343
0 0.7203125 0.31296296296296305 0.5770833333333333 0.31296296296296305 0.5770833333333333 0.3472222222222223 0.7203125 0.3472222222222223
0 0.396875 0.6185185185185185 0.2447916666666667 0.6185185185185185 0.2447916666666667 0.6537037037037037 0.396875 0.6537037037037037
0 0.7140625 0.6953703703703705 0.5708333333333333 0.6953703703703705 0.5708333333333333 0.727777777777778 0.7140625 0.727777777777778
0 0.559375 0.5083333333333334 0.41510416666666666 0.5083333333333333 0.41510416666666666 0.5444444444444445 0.559375 0.5444444444444446
0 0.4041666666666667 0.3787037037037038 0.25625 0.3787037037037038 0.25625 0.4148148148148149 0.4041666666666667 0.4148148148148149
0 0.71875 0.4287037037037038 0.5755208333333334 0.4287037037037038 0.5755208333333334 0.463888888888889 0.71875 0.463888888888889
0 0.7145833333333333 0.8490740740740743 0.5645833333333333 0.8490740740740743 0.5645833333333333 0.8870370370370373 0.7145833333333333 0.8870370370370373
0 0.7203125 0.34074074074074084 0.5755208333333334 0.34074074074074084 0.5755208333333334 0.3750000000000001 0.7203125 0.3750000000000001
0 0.40729166666666666 0.23333333333333342 0.2604166666666667 0.2333333333333334 0.2604166666666667 0.2685185185185186 0.40729166666666666 0.2685185185185186
0 0.5588541666666667 0.5666666666666668 0.4140625 0.5666666666666667 0.4140625 0.6027777777777779 0.5588541666666667 0.602777777777778
0 0.7197916666666667 0.17314814814814827 0.5802083333333333 0.17314814814814825 0.5802083333333333 0.20370370370370383 0.7197916666666667 0.20370370370370386
0 0.7197916666666667 0.2861111111111112 0.5776041666666667 0.2861111111111112 0.5776041666666667 0.3175925925925927 0.7197916666666667 0.3175925925925927
0 0.40208333333333335 0.4092592592592594 0.2526041666666667 0.4092592592592594 0.2526041666666667 0.44351851851851865 0.40208333333333335 0.44351851851851865
0 0.7166666666666667 0.5425925925925928 0.5729166666666666 0.5425925925925928 0.5729166666666666 0.5787037037037039 0.7166666666666667 0.5787037037037039
0 0.7177083333333333 0.45740740740740754 0.5739583333333333 0.45740740740740754 0.5739583333333333 0.49351851851851875 0.7177083333333333 0.49351851851851875
0 0.40572916666666664 0.2925925925925927 0.2578125 0.2925925925925927 0.2578125 0.325925925925926 0.40572916666666664 0.325925925925926
0 0.5645833333333333 0.275925925925926 0.421875 0.275925925925926 0.421875 0.30925925925925934 0.5645833333333333 0.30925925925925934
0 0.7130208333333333 0.6638888888888891 0.5708333333333333 0.6638888888888891 0.5708333333333333 0.7000000000000002 0.7130208333333333 0.7000000000000002
0 0.3932291666666667 0.6777777777777778 0.2411458333333334 0.6777777777777778 0.2411458333333334 0.7166666666666667 0.3932291666666667 0.7166666666666667
0 0.4046875 0.35092592592592603 0.25625 0.35092592592592603 0.25625 0.3833333333333334 0.4046875 0.3833333333333334
0 0.5588541666666667 0.539814814814815 0.4140625 0.5398148148148149 0.4140625 0.5740740740740742 0.5588541666666667 0.5740740740740743
0 0.5625 0.30462962962962975 0.4171875 0.30462962962962975 0.4171875 0.33703703703703713 0.5625 0.33703703703703713
0 0.55625 0.8444444444444446 0.40520833333333334 0.8444444444444444 0.4052083333333334 0.8805555555555556 0.55625 0.8805555555555558
0 0.565625 0.1601851851851853 0.425 0.1601851851851853 0.425 0.19444444444444456 0.565625 0.19444444444444456
0 0.7135416666666666 0.7250000000000002 0.5692708333333333 0.7250000000000002 0.5692708333333333 0.7620370370370373 0.7135416666666666 0.7620370370370373
0 0.7145833333333333 0.6324074074074076 0.5708333333333333 0.6324074074074076 0.5708333333333333 0.6703703703703706 0.7145833333333333 0.6703703703703706
0 0.7140625 0.7537037037037039 0.5692708333333333 0.7537037037037039 0.5692708333333333 0.7916666666666669 0.7140625 0.7916666666666669
0 0.40520833333333334 0.26481481481481495 0.2598958333333333 0.26481481481481495 0.2598958333333333 0.29722222222222233 0.40520833333333334 0.29722222222222233
0 0.7192708333333333 0.3712962962962964 0.5734375 0.3712962962962964 0.5734375 0.40462962962962973 0.7192708333333333 0.40462962962962973
0 0.715625 0.7870370370370372 0.565625 0.7870370370370372 0.565625 0.8222222222222224 0.715625 0.8222222222222224
0 0.5598958333333334 0.4805555555555557 0.41510416666666666 0.48055555555555557 0.41510416666666666 0.514814814814815 0.5598958333333334 0.5148148148148151
0 0.5578125 0.7185185185185187 0.4083333333333333 0.7185185185185186 0.4083333333333333 0.7537037037037038 0.5578125 0.7537037037037039
0 0.38958333333333334 0.8064814814814815 0.23593750000000005 0.8064814814814815 0.23593750000000005 0.8435185185185186 0.38958333333333334 0.8435185185185186
0 0.38906250000000003 0.8361111111111111 0.23385416666666672 0.8361111111111111 0.23385416666666672 0.8768518518518519 0.38906250000000014 0.8768518518518519
0 0.7197916666666667 0.20000000000000012 0.5786458333333333 0.2000000000000001 0.5786458333333333 0.23055555555555568 0.7197916666666667 0.2305555555555557
0 0.4 0.5555555555555556 0.24531250000000007 0.5555555555555556 0.24531250000000007 0.5935185185185186 0.4 0.5935185185185186
0 0.39427083333333335 0.7092592592592593 0.2411458333333334 0.7092592592592593 0.2411458333333334 0.7462962962962963 0.39427083333333335 0.7462962962962963
0 0.5645833333333333 0.2175925925925927 0.4203125 0.2175925925925927 0.4203125 0.25185185185185194 0.5645833333333333 0.25185185185185194
0 0.5604166666666667 0.4500000000000001 0.4140625 0.4500000000000001 0.4140625 0.48333333333333345 0.5604166666666667 0.48333333333333356
0 0.5557291666666667 0.8120370370370371 0.4041666666666667 0.812037037037037 0.4041666666666667 0.8490740740740742 0.5557291666666667 0.8490740740740743
0 0.4088541666666667 0.11944444444444452 0.26197916666666665 0.11944444444444449 0.26197916666666665 0.150925925925926 0.4088541666666667 0.15092592592592602
0 0.390625 0.7722222222222223 0.2369791666666667 0.7722222222222223 0.2369791666666667 0.8111111111111111 0.390625 0.8111111111111111
0 0.5583333333333333 0.6601851851851853 0.4125 0.6601851851851852 0.4125 0.6953703703703705 0.5583333333333333 0.6953703703703705
0 0.4015625 0.4361111111111112 0.25312500000000004 0.4361111111111112 0.25312500000000004 0.4712962962962964 0.4015625 0.4712962962962964
0 0.7145833333333333 0.8185185185185188 0.5671875 0.8185185185185188 0.5671875 0.8555555555555557 0.7145833333333333 0.8555555555555557
0 0.39427083333333335 0.6472222222222223 0.24322916666666672 0.6472222222222223 0.24322916666666672 0.6842592592592592 0.39427083333333335 0.6842592592592592
0 0.5557291666666667 0.7500000000000001 0.4083333333333333 0.75 0.4083333333333333 0.7861111111111112 0.5557291666666667 0.7861111111111113
0 0.5588541666666667 0.6870370370370371 0.40989583333333335 0.687037037037037 0.40989583333333335 0.7222222222222223 0.5588541666666667 0.7222222222222224
0 0.55625 0.7796296296296298 0.40677083333333336 0.7796296296296297 0.40677083333333336 0.8175925925925926 0.55625 0.8175925925925928
0 0.5630208333333333 0.36203703703703716 0.4192708333333333 0.36203703703703716 0.4192708333333333 0.3962962962962964 0.5630208333333333 0.3962962962962964
0 0.5645833333333333 0.1898148148148149 0.421875 0.1898148148148149 0.421875 0.22314814814814826 0.5645833333333333 0.22314814814814826
0 0.7129819150811169 0.8956366941454668 0.5634153796875 0.878885437037037 0.5623794302111461 0.9081189192756143 0.7119459656047626 0.924870176384044
0 0.5559716936328396 0.884284938878178 0.4043215247986118 0.8775864754667024 0.40389929270833336 0.9077980870370372 0.5555494615425612 0.9144965504485129
0 0.3879873109375001 0.8781738268518521 0.2320887922001907 0.8724956577892312 0.2317328611899311 0.903381144057627 0.3876313799272405 0.9090593131202478
0 0.407773628952475 0.09534905090261325 0.2619321827599374 0.08853852203167378 0.26154964583333334 0.11442830648148153 0.407391092025871 0.12123883535242098
0 0.5662072380208333 0.11237590000000011 0.4243128933786178 0.1028995597250375 0.4238076791666667 0.1268082037037038 0.5657020238088821 0.1362845439786664
0 0.7183802938240418 0.12013559612004569 0.580016471875 0.11154403518518531 0.5795048593995406 0.13758436902392657 0.7178686813485823 0.14617592995878698