0 0.7544593222656252 0.9381062441406252 0.7506676808203618 0.8979212431044421 0.31480940087244497 0.9210541976942858 0.3186010423177083 0.9612391987304688
0 0.7422132962239582 0.8958195981445312 0.7388330431929676 0.859548471487797 0.3185697691044262 0.881579366019047 0.3219500221354166 0.9178504926757811
0 0.7370128834635418 0.8563478984375 0.7327045409246465 0.809584414134278 0.3151653130600633 0.8312227158920903 0.31947365559895835 0.8779862001953124
0 0.7333299231770832 0.8081182998046874 0.7292378331031327 0.7710328204706369 0.31100533115000784 0.7969914400995431 0.3150974212239583 0.8340769194335936
0 0.7261391282552084 0.7697859409179686 0.7222984062842697 0.7337873092809091 0.3077097109717697 0.7586682536168466 0.31155043294270834 0.7946668852539062
0 0.7182927565104165 0.7319638588867188 0.7143754541963646 0.6974682878530448 0.30536101344115646 0.7235950095327321 0.3092783157552083 0.7580905805664061
0 0.7147844303385416 0.6976091958007815 0.7112939963602843 0.6635584852130978 0.30458638503215935 0.6870093074787229 0.30807681901041667 0.7210600180664065
0 0.7097459049479165 0.6607381640624999 0.7056653476402787 0.6210364532970936 0.30279511326527886 0.6443279806408436 0.30687567057291665 0.6840296914062499
0 0.693259537109375 0.6165569399414064 0.6870174112422006 0.5764593321677718 0.28653239040886713 0.6115282901755843 0.29277451627604173 0.6516258979492189
0 0.6964608743489583 0.59066743359375 0.694035323493554 0.5595745048550084 0.2931495142487624 0.5771655629604773 0.2955750651041667 0.6082584916992189
0 0.6951667597656251 0.5587712290039064 0.6929219272005481 0.5248621734908773 0.29392649360679807 0.5397201173385334 0.296171326171875 0.5736291728515626
0 0.6880717617187501 0.5219810039062501 0.6858623626097918 0.49269178102827 0.29343617966708346 0.5093430305399886 0.2956455787760417 0.5386322534179688
0 0.6868130611979167 0.49066027294921877 0.684585733573947 0.46050212725961476 0.2936451372197802 0.47674312725961476 0.29587246484375 0.5069012729492187
0 0.683400517578125 0.45784749414062503 0.6808331863466716 0.42700585835263444 0.2919385118675048 0.44521540034482193 0.2945058430989583 0.4760570361328125
0 0.6779618587239583 0.4255988457031251 0.6757175244746308 0.39733471988877944 0.2920165121048392 0.41447300846299806 0.2942608463541667 0.44273713427734374
0 0.673176869140625 0.392809212890625 0.6705043883361902 0.3614531699740176 0.2916366096903567 0.3796168374544864 0.29430909049479165 0.41097288037109375
0 0.6671591790056831 0.3606129892083224 0.6645172610677083 0.33083205273437494 0.28860490172348346 0.34959020708074 0.2912468196614583 0.3793711435546875
0 0.6343737565104167 0.044677708984375064 0.6323537752034395 0.02364242114570029 0.2773195512451061 0.04281990552070024 0.2793395325520833 0.063855193359375
0 0.637341169921875 0.07032482128906253 0.6345513884078721 0.04524155013300457 0.2777887210901638 0.06756122933222329 0.28057850260416667 0.09264450048828125
0 0.6362803397507483 0.10075933531148805 0.6332604908854167 0.07100046630859375 0.2771278666294601 0.09132886048929321 0.28014771549479167 0.12108772949218752
0 0.6431651634114584 0.1308985385742187 0.6404208159465271 0.10208620361560095 0.2781194663371521 0.12149743652575722 0.2808638138020833 0.15030977148437497
0 0.6442022597656251 0.15865191552734378 0.6412082443712055 0.1298844882088716 0.27532293317328876 0.15130453947840283 0.27831694856770833 0.180071966796875
0 0.64951128125 0.18881367773437505 0.6465254001867023 0.15847049745231992 0.2776917445877441 0.17888620692497612 0.28067762565104165 0.20922938720703124
0 0.6545986985677082 0.21540808593750008 0.651441551973352 0.18442798414349376 0.27813478504626865 0.20582732008099372 0.281291931640625 0.23680742187500003
0 0.6585068248697916 0.2451403784179687 0.6554469800488737 0.21218967362571503 0.27996808421554037 0.23180261600852756 0.28302792903645835 0.26475332080078123
0 0.6589841419270835 0.2749461650390626 0.6559664412938139 0.24361805174374418 0.28451088514330175 0.26374469268630146 0.2875285857765713 0.2950728059816199
0 0.6629564654947918 0.30570653369140627 0.6604592065730683 0.27536911852473056 0.28689660175535986 0.29266612389582436 0.28939386067708334 0.3230035390625
0 0.665955478515625 0.3318677041015626 0.6633018629596397 0.30254716332645587 0.2884762425169313 0.3216288967248933 0.29112985807291664 0.3509494375