0 0.6110183617703422 0.19316275224888751 0.6058508807084532 0.15515587960800992 0.19357457552083335 0.1866861474609375 0.1987420565827224 0.2246930201018151
0 0.6063340672050799 0.2290174534037399 0.6020768951822916 0.1970902978515625 0.20179939468383765 0.2271126474060016 0.2060565667066259 0.25903980295817897
0 0.6132174675503773 0.266657878587438 0.6089252532552084 0.23252906640624998 0.20799910647520645 0.26089173759375983 0.21229132077037535 0.29502054977494785
0 0.6171657040841494 0.3012731542677163 0.6128666243489583 0.26770407958984377 0.21954567606160616 0.296037938971411 0.22384475579679727 0.32960701364928346
0 0.6182137617956355 0.33451464415603965 0.6138739950032134 0.3024233413265251 0.22715564127604168 0.3318402041015625 0.23149540806846378 0.36393150693107706
0 0.6225075161494595 0.3664100476778269 0.6183071513236436 0.33590361667679924 0.23563874609375 0.3655410605468751 0.23983911091956603 0.3960474915479028
0 0.6224621134129095 0.39921753856755254 0.6185744414741591 0.37041291855265407 0.24009028776041666 0.3991470244140626 0.24397795969916716 0.42795164442896105
0 0.6252688119394362 0.4295699051176545 0.620920633742804 0.399100669012285 0.24409103776041663 0.42934982763671886 0.24843921595704865 0.45981906374208836
0 0.6300662623292574 0.46093579083222347 0.6259492025447513 0.4315144865187786 0.25172450976562494 0.46097092382812505 0.25584156955013115 0.4903922281415699
0 0.630752239896313 0.490964486437668 0.6264359583333333 0.4622809018554689 0.2611363584654633 0.49320151280237523 0.26545264002844293 0.5218850973845743
0 0.6314028415473824 0.520501770912298 0.6276832350260417 0.49337634082031256 0.26658033317679747 0.5212294622647184 0.270299939698138 0.5483548923567039
0 0.6602905814970487 0.8319220657842599 0.6571612780275673 0.8137117666874131 0.32509258919270834 0.8458099946289063 0.32822189266218976 0.8640202937257531
0 0.6586651599142778 0.8089586656900359 0.6553367070312499 0.7888578657226561 0.3205061952007777 0.8200450829544567 0.3238346480838055 0.8401458829218365
0 0.6583228358501091 0.7847859329981934 0.6547942220052082 0.7630830961914061 0.31697519223636844 0.7939785277573633 0.32050380608126927 0.8156813645641506
0 0.6538071834822033 0.759851766059656 0.6501318606770833 0.7387265576171875 0.3129713642759318 0.7717219804287873 0.31664668708105187 0.7928471888712557
0 0.6500312668826657 0.73707053998066 0.6461095514322918 0.7137789541015626 0.3105745808965259 0.7455577425991878 0.3144962963468998 0.7688493284782852
0 0.6515135229777517 0.7122233808844816 0.647697275390625 0.6878268256835938 0.30181965459792265 0.7182604043802099 0.3056359021850492 0.7426569595810977
0 0.6487950128512477 0.6856184397270295 0.6450432262405132 0.6624588505372204 0.2964015123697917 0.6942282607421876 0.3001532989805262 0.7173878499319967
0 0.6459334073630977 0.6573628314961308 0.6417533938940917 0.6327827172108044 0.2942525757237023 0.6660235688201421 0.2984325891927084 0.6906036831054686
0 0.6402657167952867 0.6325782468383855 0.6362871158854166 0.6071087607421876 0.28660447676868245 0.6378348150197147 0.29058307767855235 0.6633043011159127
0 0.6392341547264858 0.6058683650191342 0.6357530234375002 0.5813973530273437 0.28232146003761865 0.6096784552466574 0.2858025913266043 0.6341494672384479
0 0.6391685544309567 0.5762533378128019 0.635362684471254 0.5514169094084567 0.2771088995715474 0.5822969680800298 0.28091476953125 0.607133396484375
0 0.6347676270618913 0.5497460575599902 0.6309113886718749 0.5231670747070312 0.27240575470673806 0.5524250338232513 0.27626199309675437 0.5790040166762103