0 0.7074099711464721 0.12544841927510963 0.22748603125000003 0.0997316123046875 0.22216898197852802 0.1311273800412967 0.702092921875 0.15684418701171882
0 0.7041796277249797 0.1562049255407672 0.22755404774305557 0.13118083154296875 0.2227019816612897 0.1604217321534394 0.6993275616432137 0.18544582615123786
0 0.7066196241287798 0.1863078605990087 0.2262773723958334 0.16120098828125004 0.22157733246844247 0.1896524626431789 0.7019195842013889 0.21475933496093755
0 0.7038657259016688 0.21570393813011463 0.22686349826388894 0.1908733291015625 0.22180598555327125 0.221614122486204 0.6988082131910511 0.2464447315147561
0 0.7008040793344018 0.24482551937972435 0.22132948611111114 0.22313956201171875 0.21699418687280747 0.2534680760769547 0.6964687800960981 0.2751540334449603
0 0.6990489826388889 0.2752998330078126 0.22197741406250004 0.25380739013671877 0.21780047135727643 0.283143419112386 0.6948720399336652 0.3046358619834798
0 0.700119064655654 0.30268378338518465 0.2225850086805556 0.2838325517578126 0.21860259241210897 0.3157520698980817 0.6961366483872073 0.33460330152545376
0 0.6971387977818471 0.3332983975155697 0.21707291579861113 0.3164518413085938 0.21358634817647607 0.347888244704655 0.6936522301597121 0.36473480091163096
0 0.6938924357638889 0.3621392641601563 0.2196480815972223 0.347809794921875 0.21682434362475325 0.3773791268553257 0.6910686977914199 0.391708596093607
0 0.6900476074463273 0.3899295561099333 0.2177429698238527 0.3789145926307467 0.2153931423611112 0.41079472949218754 0.6876977799835858 0.4218096929713741
0 0.6900600368849333 0.4201432186412956 0.21476592013888898 0.4108070498046876 0.21292983422759126 0.44038252922969584 0.6882239509736356 0.4497186980663039
0 0.6924859272125224 0.45292557903859 0.21478750954861123 0.44150843359375 0.21247154394145568 0.4721685238046168 0.6901699616053669 0.4835856692494568
0 0.6898405982033654 0.481732588916023 0.21483362239583348 0.47260484082031257 0.21303434139820643 0.5022313435750637 0.6880413172057384 0.5113590916707741
0 0.6880570086805556 0.5108668808593749 0.20544688541666678 0.5035120410156249 0.20394697477271276 0.5346531194200136 0.6865570980366016 0.5420079592637637
0 0.6850345147569447 0.5396774086914063 0.20744083767361127 0.5356304028320312 0.20655109338041028 0.568853108604533 0.6841447704637437 0.5729001144639081
0 0.6929780847253864 0.5953368566022839 0.6914509776690972 0.5649916005930098 0.21162233506944444 0.5726318916015625 0.21314944212573358 0.6029771476108365
0 0.6960228645833334 0.6256226948242187 0.6941581762583982 0.5966796999294357 0.21435044878472223 0.6064605156250001 0.2162151371096575 0.6354035105197832
0 0.6963269268055641 0.6538228558598441 0.6941616318900307 0.6262876815735635 0.2150654184027777 0.6382082514648436 0.21723071331831112 0.6657434257511242
0 0.6960740004362012 0.6841929985305844 0.6934527593383334 0.6559459523580621 0.2151540503472222 0.6699895439453125 0.21777529144509003 0.6982365901178348
0 0.6967523627365336 0.7141838305135318 0.6939302187903322 0.6866419719606014 0.21652078038194442 0.7021202260742188 0.21934292432814576 0.7296620846271492
0 0.6992070700169148 0.7437911389357467 0.6961733306760264 0.7159999516942994 0.21584799763827808 0.7325901550437091 0.21888173697916669 0.7603813422851563
0 0.6984285525508213 0.7738382492116833 0.6948965040643006 0.7445971942221732 0.215438319569035 0.7629215792878337 0.2189703680555556 0.7921626342773438
0 0.6986754281141415 0.8034347154158095 0.6945936409649216 0.7742399424505297 0.21502103403133566 0.7954550224448764 0.21910282118055557 0.8246497954101562
0 0.7007037049157293 0.8348154814058761 0.6962438862700939 0.8043611340738148 0.21352231416686454 0.8267282332343449 0.21798213281249998 0.8571825805664062
0 0.7022945717120757 0.8700331693056031 0.6972664955759104 0.8374282401398271 0.21583815823883457 0.8609189038420365 0.220866234375 0.8935238330078126