0 0.77783203125 0.5950520833333335 0.65283203125 0.5950520833333335 0.65283203125 0.6223958333333335 0.77783203125 0.6223958333333335
0 0.23144531250000006 0.5944010416666666 0.15234375000000006 0.5944010416666666 0.15234375000000006 0.6145833333333334 0.23144531250000006 0.6145833333333334
0 0.6142578125 0.6145833333333335 0.5078125 0.6145833333333335 0.5078125 0.6386718750000001 0.6142578125 0.6386718750000001
0 0.6142578125 0.5533854166666669 0.5107421875 0.5533854166666669 0.5107421875 0.5761718750000001 0.6142578125 0.5761718750000001
0 0.615234375 0.5924479166666669 0.50927734375 0.5924479166666669 0.50927734375 0.6178385416666669 0.615234375 0.6178385416666669
0 0.47509765625 0.5481770833333334 0.38525390625 0.5481770833333334 0.38525390625 0.5696614583333334 0.47509765625 0.5696614583333335
0 0.34570312500000006 0.5989583333333334 0.2578125 0.5989583333333334 0.25781250000000006 0.6204427083333334 0.3457031250000001 0.6204427083333334
0 0.349609375 0.5442708333333334 0.2626953125 0.5442708333333334 0.2626953125 0.5657552083333334 0.349609375 0.5657552083333334
0 0.77685546875 0.5319010416666669 0.65576171875 0.5319010416666669 0.65576171875 0.5579427083333335 0.77685546875 0.5579427083333335
0 0.77734375 0.44921875000000017 0.6552734375 0.44921875000000017 0.6552734375 0.47656250000000017 0.77734375 0.47656250000000017
0 0.23730468750000006 0.5234375 0.15869140625000006 0.5234375 0.15869140625000006 0.5455729166666666 0.23730468750000006 0.5455729166666666
0 0.61376953125 0.4733072916666668 0.51416015625 0.4733072916666668 0.51416015625 0.49609375000000017 0.61376953125 0.49609375000000017
0 0.3564453125 0.4752604166666667 0.271484375 0.4752604166666667 0.271484375 0.4947916666666667 0.3564453125 0.4947916666666667
0 0.4755859375 0.5299479166666667 0.38427734375 0.5299479166666666 0.38427734375 0.5507812500000001 0.4755859375 0.5507812500000001
0 0.7763671875 0.4700520833333335 0.654296875 0.4700520833333335 0.654296875 0.49609375000000017 0.7763671875 0.49609375000000017
0 0.23974609375000006 0.4752604166666667 0.16796875000000006 0.4752604166666667 0.16796875000000006 0.494140625 0.23974609375000006 0.494140625
0 0.77880859375 0.6171875000000001 0.6513671875 0.6171875000000001 0.6513671875 0.6432291666666669 0.77880859375 0.6432291666666669
0 0.615234375 0.5729166666666669 0.51025390625 0.5729166666666669 0.51025390625 0.5957031250000001 0.615234375 0.5957031250000001
0 0.47363281250000006 0.5872395833333334 0.3837890625 0.5872395833333334 0.38378906250000006 0.6100260416666667 0.4736328125000001 0.6100260416666669
0 0.61376953125 0.5130208333333335 0.5126953125 0.5130208333333335 0.5126953125 0.5358072916666669 0.61376953125 0.5358072916666669
0 0.23095703125000006 0.5768229166666666 0.15576171875000006 0.5768229166666666 0.15576171875000006 0.5963541666666666 0.23095703125000006 0.5963541666666666
0 0.35009765625 0.5266927083333334 0.2646484375 0.5266927083333334 0.2646484375 0.546875 0.35009765625 0.546875
0 0.23291015625000006 0.5611979166666666 0.15771484375000006 0.5611979166666666 0.15771484375000006 0.580078125 0.23291015625000006 0.580078125
0 0.77734375 0.5748697916666669 0.654296875 0.5748697916666669 0.654296875 0.6009114583333335 0.77734375 0.6009114583333335
0 0.23828125000000006 0.5084635416666666 0.16113281250000006 0.5084635416666666 0.16113281250000006 0.5286458333333334 0.23828125000000006 0.5286458333333334
0 0.6142578125 0.4928385416666668 0.513671875 0.4928385416666668 0.513671875 0.5169270833333335 0.6142578125 0.5169270833333335
0 0.478515625 0.5104166666666667 0.3876953125 0.5104166666666666 0.3876953125 0.5325520833333334 0.478515625 0.5325520833333335
0 0.34716796875 0.5631510416666666 0.26171875 0.5631510416666666 0.26171875 0.583984375 0.34716796875 0.583984375
0 0.23486328125000006 0.5436197916666666 0.15722656250000006 0.5436197916666666 0.15722656250000006 0.5625 0.23486328125000006 0.5625
0 0.77587890625 0.5123697916666669 0.6552734375 0.5123697916666669 0.6552734375 0.5384114583333335 0.77587890625 0.5384114583333335
0 0.35400390625 0.4921875 0.26904296875 0.4921875 0.26904296875 0.5123697916666666 0.35400390625 0.5123697916666666
0 0.77587890625 0.49023437500000017 0.6552734375 0.49023437500000017 0.6552734375 0.5162760416666669 0.77587890625 0.5162760416666669
0 0.35205078125 0.5104166666666666 0.26708984375 0.5104166666666666 0.26708984375 0.5299479166666666 0.35205078125 0.5299479166666666
0 0.34619140625 0.5807291666666666 0.259765625 0.5807291666666666 0.259765625 0.6022135416666666 0.34619140625 0.6022135416666666
0 0.3583984375 0.4401041666666667 0.27490234375 0.4401041666666667 0.27490234375 0.4602864583333333 0.3583984375 0.4602864583333333
0 0.4814453125 0.47526041666666674 0.3896484375 0.4752604166666667 0.3896484375 0.49674479166666674 0.4814453125 0.4967447916666668
0 0.77734375 0.6386718750000001 0.650390625 0.6386718750000001 0.650390625 0.6673177083333334 0.77734375 0.6673177083333334
0 0.35693359375 0.45703125 0.271484375 0.45703125 0.271484375 0.4778645833333333 0.35693359375 0.4778645833333333
0 0.3603515625 0.4225260416666667 0.27783203125 0.4225260416666667 0.27783203125 0.4420572916666667 0.3603515625 0.4420572916666667
0 0.474609375 0.5664062500000001 0.384765625 0.56640625 0.384765625 0.5891927083333334 0.474609375 0.5891927083333335
0 0.775390625 0.5533854166666669 0.6552734375 0.5533854166666669 0.6552734375 0.5794270833333335 0.775390625 0.5794270833333335
0 0.4721679687500001 0.6263020833333334 0.3740234375000001 0.6263020833333334 0.3740234375000001 0.6490885416666667 0.4721679687500001 0.6490885416666669
0 0.3427734375000001 0.6178385416666666 0.2553710937500001 0.6178385416666666 0.2553710937500001 0.6393229166666666 0.3427734375000001 0.6393229166666666
0 0.47802734375 0.49283854166666674 0.38818359375 0.4928385416666667 0.38818359375 0.5136718750000001 0.47802734375 0.5136718750000001
0 0.61474609375 0.5332031250000001 0.51220703125 0.5332031250000001 0.51220703125 0.5566406250000001 0.61474609375 0.5566406250000001
0 0.23974609375000006 0.490234375 0.16503906250000006 0.490234375 0.16503906250000006 0.5110677083333334 0.23974609375000006 0.5110677083333334
0 0.6123046875 0.6354166666666669 0.50390625 0.6354166666666669 0.50390625 0.6588541666666669 0.6123046875 0.6588541666666669
0 0.4726562500000001 0.6061197916666667 0.3774414062500001 0.6061197916666666 0.3774414062500001 0.6308593750000001 0.4726562500000001 0.6308593750000001
0 0.23249027081934398 0.616008761717477 0.15190868505859384 0.61151948828125 0.15136433123143744 0.6288902356783564 0.23194591699218758 0.6333795091145834
0 0.2411490676462185 0.47598481625636757 0.24103442529296873 0.4589163763020832 0.16812746018581273 0.4597869343946739 0.1682421025390625 0.47685537434895825
0 0.24139846378450863 0.4581584305783806 0.24102336474609376 0.4401616835937501 0.16903998103971013 0.44282892098411947 0.169415080078125 0.4608256679687501
0 0.24281254343566822 0.44049944492429693 0.2424211162109375 0.4251458697916666 0.16997207521667554 0.42842948020591126 0.17036350244140624 0.4437830553385416
0 0.24478244810889263 0.4257970992412175 0.24437308593750004 0.4081418730468751 0.1718535474965762 0.41113115531607436 0.17226290966796878 0.42878638151041676
0 0.24680722683274722 0.408082711418348 0.24631629638671879 0.39147237630208326 0.1749783112531903 0.395220724128527 0.17546924169921874 0.41183105924479174
0 0.24726010215653976 0.3924451856485547 0.24672803515624997 0.3757482962239583 0.1758420462809602 0.3797640643514452 0.17637411328125 0.39646095377604157
0 0.25181420278050815 0.37582630806848005 0.2511624443359375 0.3598454720052083 0.17788134458277308 0.36515867760860327 0.17853310302734374 0.381139513671875
0 0.2558573176331338 0.3595487941654705 0.25511431494140624 0.34376236718750003 0.17771889965202245 0.3502382540116129 0.17846190234374998 0.36602468098958335
0 0.3673933150904165 0.3529813714520256 0.3668729116615496 0.33558428112077204 0.2832092000867581 0.3400334422208297 0.283729603515625 0.3574305325520833
0 0.3665532538514404 0.3702195138088313 0.36617885498046876 0.3530002382812499 0.27994818706652835 0.35633341913387695 0.2803225859375 0.3735526946614583
0 0.36486808683644456 0.3869921113156662 0.3644852255859375 0.370183958984375 0.2792487920698054 0.37363558855412543 0.2796316533203125 0.3904437408854166
0 0.36347922620343526 0.4042412434237959 0.3632584768875238 0.3880817748221564 0.27800036201221356 0.39015232371606884 0.27822111132812505 0.40631179231770836
0 0.36212880866483727 0.4227477188685799 0.3620746254882812 0.40525311458333335 0.2777243876242252 0.4057175487095451 0.2777785708007813 0.42321215299479165
0 0.49332673569207625 0.3490626134860432 0.49286265380859373 0.33038041210937497 0.3931607604016737 0.33478339953479014 0.3936248422851562 0.35346560091145834
0 0.48617096484374994 0.3673823795572917 0.48575469079902805 0.3502395394950135 0.39813132556465314 0.3540221703543885 0.398547599609375 0.37116501041666666
0 0.48539713527343614 0.3856425594080457 0.4851268266601563 0.3686887122395834 0.39648590818359514 0.3712011964513293 0.396756216796875 0.38815504361979164
0 0.4845587958984375 0.40323460286458324 0.48423166095114956 0.38513006379940135 0.3956228797011496 0.38797644921606816 0.39595001464843754 0.40608098828125
0 0.48296047881461907 0.42233601535680276 0.4828657065429688 0.4036177454427083 0.39540898749397474 0.4044049475338222 0.395503759765625 0.4231232174479167
0 0.4817224916140341 0.4408278144822913 0.48169979296875004 0.42242774023437507 0.39551542932669076 0.4226167509015646 0.3955381279719748 0.4410168251494808
0 0.48157826171875 0.43993141080729176 0.39125113782952964 0.43960863904098907 0.3912133212890626 0.4584226725260417 0.481540445178283 0.4587454442923444
0 0.4807485688476564 0.4587544511718751 0.38943952762746353 0.4583803893067358 0.38939720592430843 0.4767462361146246 0.4807062471445013 0.4771202979797638
0 0.620492831403221 0.3369923204480277 0.6196389172808863 0.3195800479129826 0.5138279296276654 0.32880506079828814 0.51468184375 0.3462173333333333
0 0.6206279480678529 0.35604677459903217 0.6199100576171875 0.33762947070312505 0.5135135060337095 0.3450023504009678 0.5142313964843749 0.363419654296875
0 0.6190114024810687 0.37489984600574927 0.6183893843398287 0.35771632862421393 0.5170360438704786 0.36423871504033967 0.5176580620117186 0.381422232421875
0 0.6177063101975775 0.39686069024636655 0.6173804375632614 0.37773598057278357 0.5166044857641213 0.3807887037378754 0.5169303583984374 0.39991341341145836
0 0.617128720083684 0.4151156033703331 0.6166759798928539 0.3959665897269737 0.5154809092232324 0.4002200215128906 0.5159336494140625 0.41936903515625
0 0.6179420718928474 0.43421470746259017 0.6176182958984374 0.4158418209635417 0.51343013806809 0.41910591818845155 0.5137539140625 0.4374788046875
0 0.615738434306042 0.4537764751927673 0.615413302734375 0.4349254882812501 0.5124320818072393 0.43808311334889943 0.5127572133789063 0.45693410026041664
0 0.6150132274710365 0.4741517523554601 0.6148614750476917 0.4546867390175262 0.514798340838374 0.4560735986412328 0.5149500932617187 0.4755386119791667
0 0.7759369643580092 0.32674307142852727 0.7751660302223217 0.3082793920431817 0.6567816122510314 0.31706700746361277 0.6575525463867189 0.3355306868489583
0 0.7757593056640625 0.3479804348958333 0.7751669901651128 0.3280982639027548 0.6597751690727476 0.3342096791430796 0.6603674845716972 0.35409185013615807
0 0.7751084532495638 0.3667531890679514 0.774424524469821 0.3458498192484238 0.6579066317671323 0.35262724346172236 0.658590560546875 0.37353061328125
0 0.7733147724423469 0.38743478694664274 0.7727676222405359 0.3684544058201879 0.6579318815364701 0.3743395374933369 0.6584790317382812 0.39331991861979176
0 0.773415920891578 0.40905104045861723 0.7730704047851564 0.38854768098958337 0.6568219689878155 0.39203031520320164 0.6571674850942371 0.4125336746722355
0 0.7730013788056538 0.4300295574502217 0.7727204213867188 0.4096830520833334 0.6571625411162213 0.41251984554457005 0.6574434985351563 0.43286635091145836
0 0.7738765625 0.4509414967447916 0.7738284658004344 0.43082096605247755 0.6560181966296637 0.431321618640949 0.6560662933292293 0.45144214933326304