0 0.7304043803108601 0.0621422481250761 0.7248487908869818 0.025601776080096478 0.14961328124999998 0.053274169921875 0.15516887067387822 0.08981464196685462
0 0.7334400932540196 0.09924466621712472 0.7283166237706444 0.06542108338838579 0.1479418402777778 0.0932373046875 0.15306530976115296 0.12706088751623892
0 0.7386918539671536 0.1371354357325599 0.7336180555555555 0.10237670898437501 0.1559694926180271 0.1290562343801363 0.16104329102962525 0.1638149611283212
0 0.7443259068451987 0.17283766251996296 0.7398888888888889 0.13880029296875002 0.15237145220585005 0.16303294858292572 0.15680847016215982 0.19707031813413867
0 0.746887289496572 0.21016804647317858 0.7430243055555557 0.177023193359375 0.16425324815739406 0.19836635054330062 0.1681162320984104 0.2315112036571042
0 0.7581279746069689 0.2472661291931488 0.7534166242561651 0.21119184377602068 0.16047916666666667 0.23569384765624998 0.16519051701747062 0.2717681330733781
0 0.7575533168497689 0.28441656814275995 0.7532107904503929 0.24950110928793293 0.17218055555555556 0.272365966796875 0.1765230819549316 0.307281425651702
0 0.7533380319312256 0.3199464967222932 0.7492730327537025 0.2873242385981058 0.17468836805555557 0.30997827148437496 0.17875336723307866 0.34260052960856235
0 0.8160824872927873 0.922793228814208 0.8127945490585702 0.8843193558356303 0.24809765625000002 0.8995886230468751 0.2513855944842171 0.9380624960254529
0 0.8128092506284126 0.8847698981058701 0.8109544270833333 0.8499790039062501 0.23760743739116005 0.8596506322469077 0.2394622609362394 0.8944415264465277
0 0.8099774042846498 0.8468781875344291 0.8068838748265054 0.8129838263622114 0.2317651909722222 0.8295922851562502 0.23485872043036668 0.8634866463284678
0 0.8006561741144085 0.8115931816742841 0.7983116319444444 0.780553466796875 0.2354773749443052 0.7940048176876012 0.23782191711426925 0.8250445325650103
0 0.7990547737197135 0.7758715602488013 0.7962700451779512 0.7455765752431223 0.2239878472222222 0.762220947265625 0.22677257576398446 0.792515932271304
0 0.805905872503798 0.7423765938669133 0.8031740451388889 0.7088737792968749 0.22374628609710387 0.7238229227150126 0.22647811346201305 0.757325737285051
0 0.7942043020662353 0.7075322090314599 0.79150390625 0.6755288085937499 0.21842605704240026 0.6908287573665446 0.22112645285863552 0.7228321578042546
0 0.7902197838080027 0.6724897163263752 0.7876137152777779 0.6416042480468749 0.21063732894012152 0.6570082914769738 0.21324339747034637 0.6878937597564742
0 0.7875342756844588 0.6368360514841297 0.7846961805555556 0.6060705566406253 0.2089481606142589 0.6228756353184863 0.2117862557431621 0.6536411301619908
0 0.7810839066553978 0.6017930387648912 0.77779529802688 0.5696595755250167 0.2089626736111111 0.588079345703125 0.21225128223962894 0.6202128089429996
0 0.777276175465981 0.5662931854390195 0.7738275643764657 0.5345212531215113 0.20215494791666666 0.554154541015625 0.20560355900618194 0.5859264733331332
0 0.775348851002827 0.5339749998598304 0.7720005812514183 0.5011408781725242 0.19631987847222224 0.519715576171875 0.1996681482236309 0.5525496978591813
0 0.7730610175252878 0.500892300819972 0.7701085069444444 0.46831396484375 0.19590290934820623 0.48477946928027454 0.19885541992904962 0.5173578052564966
0 0.76959252835355 0.4640033911055873 0.7662183159722222 0.43055908203125004 0.18799454930789633 0.4490173598532155 0.1913687616892241 0.48246166892755277
0 0.7678484514809969 0.428778044802522 0.7642734374999999 0.39560546874999997 0.18095074051117185 0.415496279015887 0.1845257544921689 0.44866885506840903
0 0.7610225902884074 0.3927234933161191 0.7574657118055557 0.36007177734375 0.1834017034307285 0.37985825052929334 0.18695858191358022 0.41250996650166244
0 0.760649044841393 0.3555262207294479 0.7564771111964794 0.32273870585182945 0.1742131076388889 0.3461806640625 0.17838504128380228 0.3789681789401184