0 0.8779171006944444 0.10019360351562498 0.2807808159722222 0.080176513671875 0.276439422657771 0.12115413170706049 0.8735757073799931 0.14117122155081047
0 0.8652118055555558 0.14022753906250007 0.2896744791666667 0.12235522460937504 0.28580412325691823 0.16179084298299998 0.8613414496458073 0.17966315743612501
0 0.8626710069444443 0.17954663085937503 0.2876037326388889 0.15999145507812504 0.283364570433452 0.1994355520274416 0.8584318447390076 0.21899072780869158
0 0.8538493923611112 0.21724877929687506 0.28107725694444446 0.19937841796875 0.2773910940572597 0.2367608992090862 0.8501632294739264 0.25463126053721125
0 0.8493315972222221 0.253474365234375 0.2793836805555556 0.23652392578124998 0.27577141392580357 0.27495469356895996 0.8457193305924701 0.291905133022085
0 0.8425546875000002 0.2896999511718751 0.2776905381944445 0.2736691894531251 0.2742751638151401 0.3117471099573773 0.8391393131206957 0.3277778716761273
0 0.8323897569444446 0.32656127929687506 0.27769053819444456 0.31176708984375007 0.27463624432960065 0.3480015880726677 0.8293354630796007 0.3627957775257927
0 0.8290013020833333 0.3621513671875 0.2759973958333334 0.3479599609375 0.2731027510724302 0.3836496770560878 0.8261066573224302 0.39784108330608786
0 0.8224674479166666 0.39701660156250007 0.2769188368055556 0.381889892578125 0.27377661332534636 0.4177466593018591 0.8193252244364574 0.4328733682862342
0 0.8126306423611112 0.43145751953125006 0.27596310763888904 0.42161718750000005 0.2739658529709429 0.45608185314683664 0.8106333876931651 0.46592218517808665
0 0.8049796006944445 0.46466870117187503 0.27377690972222235 0.4529833984375001 0.271336711968463 0.4880820453847984 0.8025394029406852 0.49976734811917334
0 0.8038867187500002 0.49849487304687506 0.2687261284722223 0.4841982421875 0.26587273761998803 0.5179935758386255 0.8010333278977659 0.5322902066980005
0 0.7984214409722223 0.528630859375 0.26708723958333347 0.5183010253906248 0.2649240771150107 0.5535063718618641 0.7962582785038995 0.5638362058462392
0 0.7918632812500002 0.5612270507812501 0.27036458333333346 0.5496386718750002 0.26794444751776264 0.5840986766968885 0.7894431454344294 0.5956870556031385
0 0.7885412326388892 0.5944667968750001 0.26522352430555574 0.5815771484375001 0.26255175980501533 0.6158987533245256 0.7858694681383487 0.6287884017620257
0 0.7852187500000001 0.6262475585937499 0.2614878472222223 0.6144965820312499 0.25916760412636497 0.6472165434413184 0.7828985069041428 0.6589675200038184
0 0.7810655381944447 0.6584956054687501 0.26024262152777794 0.6460153808593752 0.25781984078201103 0.6780063097870267 0.7786427574486777 0.6904865343964016
0 0.7752517361111112 0.6879396972656249 0.2589973958333334 0.6775339355468749 0.25697240456347625 0.7093215581264478 0.7732267448412541 0.7197273198451978
0 0.7710985243055557 0.718233642578125 0.26028125000000013 0.70888623046875 0.2584730694370976 0.7401514177935863 0.7692903437426533 0.7494988299029613
0 0.7678374841864433 0.7486437218368792 0.2536367187500002 0.739264892578125 0.25186739902803607 0.7699576184958364 0.7660681644644791 0.7793364477545907
0 0.7658655785825145 0.7789996517728067 0.25650737847222244 0.7713894042968751 0.255095358917486 0.8012920962740685 0.764453559027778 0.8089023437500001
0 0.7592889914112205 0.8094864030665322 0.25775260416666684 0.80150732421875 0.2562726405332242 0.8309410871678429 0.7578090277777778 0.838920166015625
0 0.7561475694444447 0.8403222656250001 0.25277170138888905 0.8309245605468751 0.2510911950271492 0.8594055973016965 0.7544670630827048 0.8688033023798215
0 0.7519223552912256 0.8688610316923334 0.2552621527777779 0.8596416015625 0.2534920137497609 0.8898138527787487 0.7501522162632086 0.8990332829085821
0 0.7519947916666668 0.89547119140625 0.2528059895833335 0.8893955078125 0.2516770113038726 0.9187449820595975 0.7508658133872059 0.9248206656533475
0 0.7453498263888891 0.922578369140625 0.25114496527777797 0.9183720703125 0.2504395757839892 0.9445949830864302 0.7446444368951003 0.9488012819145552
0 0.7486723090277779 0.95015283203125 0.25031423611111125 0.9440771484375 0.24905855890761291 0.9766660267328364 0.7474166318242794 0.9827417103265864