0 0.78125 0.8822916666666668 0.584375 0.8822916666666667 0.584375 0.9083333333333334 0.78125 0.9083333333333335
0 0.5328125 0.8125 0.3382812500000001 0.8125 0.3382812500000001 0.8416666666666667 0.5328125 0.8416666666666667
0 0.80546875 0.5489583333333334 0.59921875 0.5489583333333333 0.59921875 0.5822916666666668 0.80546875 0.5822916666666669
0 0.2695312500000001 0.6125 0.06250000000000007 0.6125 0.06250000000000007 0.64375 0.2695312500000001 0.64375
0 0.79453125 0.6854166666666668 0.5921875 0.6854166666666667 0.5921875 0.7177083333333335 0.79453125 0.7177083333333336
0 0.26640625000000007 0.5760416666666667 0.05859375000000004 0.5760416666666667 0.058593750000000056 0.609375 0.26640625000000007 0.609375
0 0.5375 0.609375 0.3343750000000001 0.609375 0.3343750000000001 0.6416666666666667 0.5375 0.6416666666666667
0 0.2640625 0.3541666666666667 0.042968750000000035 0.3541666666666667 0.042968750000000035 0.39166666666666666 0.2640625 0.39166666666666666
0 0.2734375000000001 0.746875 0.07187500000000006 0.746875 0.07187500000000006 0.7770833333333333 0.2734375000000001 0.7770833333333333
0 0.82734375 0.2437500000000001 0.60859375 0.2437500000000001 0.60859375 0.2822916666666668 0.82734375 0.2822916666666668
0 0.53203125 0.846875 0.3382812500000001 0.846875 0.3382812500000001 0.8760416666666667 0.53203125 0.8760416666666667
0 0.2750000000000001 0.7802083333333333 0.07343750000000007 0.7802083333333333 0.07343750000000007 0.8104166666666667 0.2750000000000001 0.8104166666666667
0 0.53203125 0.7802083333333333 0.3375000000000001 0.7802083333333333 0.3375000000000001 0.809375 0.53203125 0.809375
0 0.26562500000000006 0.46770833333333334 0.050000000000000044 0.46770833333333334 0.050000000000000044 0.5020833333333333 0.2656250000000001 0.5020833333333333
0 0.80859375 0.5114583333333335 0.6 0.5114583333333335 0.6 0.5468750000000001 0.80859375 0.5468750000000002
0 0.540625 0.5020833333333334 0.3304687500000001 0.5020833333333333 0.3304687500000001 0.534375 0.540625 0.534375
0 0.81875 0.3625000000000001 0.6046875 0.3625000000000001 0.6046875 0.39895833333333347 0.81875 0.39895833333333347
0 0.2671875000000001 0.5385416666666667 0.05859375000000004 0.5385416666666667 0.05859375000000004 0.571875 0.2671875000000001 0.571875
0 0.796875 0.6520833333333335 0.59140625 0.6520833333333333 0.59140625 0.6833333333333335 0.796875 0.6833333333333336
0 0.5328125 0.7458333333333333 0.33671875000000007 0.7458333333333333 0.33671875000000007 0.7770833333333333 0.5328125 0.7770833333333333
0 0.54140625 0.4645833333333334 0.3296875 0.46458333333333335 0.3296875 0.49791666666666673 0.54140625 0.4979166666666668
0 0.53984375 0.38854166666666673 0.3265625 0.3885416666666667 0.3265625 0.42500000000000004 0.53984375 0.4250000000000001
0 0.53984375 0.27083333333333337 0.3234375 0.2708333333333333 0.3234375 0.31041666666666673 0.53984375 0.3104166666666668
0 0.53984375 0.5385416666666667 0.3320312500000001 0.5385416666666667 0.3320312500000001 0.5708333333333333 0.53984375 0.5708333333333333
0 0.540625 0.34895833333333337 0.32578125 0.3489583333333333 0.32578125 0.3864583333333334 0.540625 0.38645833333333346
0 0.53515625 0.6791666666666667 0.3359375000000001 0.6791666666666667 0.3359375000000001 0.7104166666666667 0.53515625 0.7104166666666667
0 0.26328125 0.31354166666666666 0.03828125000000003 0.31354166666666666 0.03828125000000003 0.35 0.26328125 0.35
0 0.5328125 0.7135416666666666 0.3359375000000001 0.7135416666666666 0.3359375000000001 0.7447916666666666 0.5328125 0.7447916666666666
0 0.53828125 0.571875 0.3343750000000001 0.571875 0.3343750000000001 0.6072916666666667 0.53828125 0.6072916666666667
0 0.81328125 0.40000000000000013 0.6015625 0.40000000000000013 0.6015625 0.4375000000000001 0.81328125 0.4375000000000001
0 0.2757812500000001 0.8145833333333333 0.07578125000000006 0.8145833333333333 0.07578125000000006 0.8447916666666667 0.2757812500000001 0.8447916666666667
0 0.265625 0.43020833333333336 0.047656250000000046 0.43020833333333336 0.047656250000000046 0.46458333333333335 0.265625 0.46458333333333335
0 0.540625 0.3114583333333334 0.32265625 0.31145833333333334 0.32265625 0.3479166666666667 0.540625 0.34791666666666676
0 0.8125 0.4375000000000001 0.6015625 0.4375000000000001 0.6015625 0.4739583333333334 0.8125 0.4739583333333334
0 0.803125 0.5843750000000001 0.5953125 0.584375 0.5953125 0.6166666666666668 0.803125 0.6166666666666669
0 0.809375 0.4739583333333334 0.60078125 0.4739583333333334 0.60078125 0.5093750000000001 0.809375 0.5093750000000001
0 0.79765625 0.6166666666666668 0.59296875 0.6166666666666667 0.59296875 0.6500000000000001 0.79765625 0.6500000000000002
0 0.2710937500000001 0.68125 0.06875000000000006 0.68125 0.06875000000000006 0.7125 0.2710937500000001 0.7125
0 0.2726562500000001 0.7145833333333333 0.06796875000000006 0.7145833333333333 0.06796875000000006 0.7447916666666666 0.2726562500000001 0.7447916666666666
0 0.825 0.28333333333333344 0.60703125 0.28333333333333344 0.60703125 0.32083333333333347 0.825 0.32083333333333347
0 0.79296875 0.7208333333333334 0.5921875 0.7208333333333333 0.5921875 0.7520833333333334 0.79296875 0.7520833333333335
0 0.784375 0.8187500000000001 0.58671875 0.81875 0.58671875 0.8510416666666668 0.784375 0.8510416666666669
0 0.2671875000000001 0.503125 0.055468750000000046 0.503125 0.055468750000000046 0.5354166666666667 0.2671875000000001 0.5354166666666667
0 0.83125 0.20000000000000012 0.60625 0.20000000000000012 0.60625 0.24166666666666678 0.83125 0.24166666666666678
0 0.78984375 0.7531250000000002 0.59140625 0.753125 0.59140625 0.7854166666666668 0.78984375 0.7854166666666669
0 0.81953125 0.3229166666666668 0.60703125 0.3229166666666668 0.60703125 0.3604166666666668 0.81953125 0.3604166666666668
0 0.7859375 0.7854166666666668 0.58984375 0.7854166666666667 0.58984375 0.8166666666666668 0.7859375 0.8166666666666669
0 0.540625 0.42708333333333337 0.32890625 0.4270833333333333 0.32890625 0.4625000000000001 0.540625 0.46250000000000013
0 0.53515625 0.6458333333333334 0.3351562500000001 0.6458333333333334 0.3351562500000001 0.6770833333333334 0.53515625 0.6770833333333334
0 0.2773437500000001 0.8802083333333334 0.08203125000000008 0.8802083333333334 0.08203125000000008 0.90625 0.2773437500000001 0.90625
0 0.540625 0.2291666666666667 0.32109375 0.2291666666666667 0.32109375 0.2677083333333334 0.540625 0.26770833333333344
0 0.7828125 0.8510416666666668 0.58671875 0.8510416666666667 0.58671875 0.8812500000000001 0.7828125 0.8812500000000002
0 0.27031250000000007 0.6458333333333334 0.06562500000000007 0.6458333333333334 0.06562500000000007 0.678125 0.27031250000000007 0.678125
0 0.53359375 0.8802083333333334 0.3359375000000001 0.8802083333333334 0.3359375000000001 0.9052083333333333 0.53359375 0.9052083333333333
0 0.2640625 0.39166666666666666 0.04609375000000003 0.39166666666666666 0.04609375000000004 0.428125 0.2640625 0.428125
0 0.2773437500000001 0.846875 0.0789062500000001 0.846875 0.0789062500000001 0.8760416666666667 0.2773437500000001 0.8760416666666667