0 0.7212111111111112 0.9241473959960937 0.21367314843750018 0.9197447915039061 0.21299363123164072 0.9445306731203675 0.7205315939052518 0.9489332776125552
0 0.7260962960069447 0.8952854165039063 0.20793564843750018 0.8927989584960936 0.20752904300623948 0.9196092494258284 0.725689690575684 0.9220957074336411
0 0.7273180555555557 0.8691723959960937 0.2081129626736113 0.8625182290039063 0.20702607747387816 0.8893515222380928 0.7262311703558226 0.8960056892302802
0 0.7280949071180557 0.8402114584960938 0.19968194444444465 0.8368747397460937 0.19920277617072799 0.8608844528084189 0.7276157388443392 0.8642211715584189
0 0.8006004626736112 0.05672291650390631 0.13342453732638893 0.053503125000000006 0.13269439486159226 0.10137332894216106 0.7998703202088145 0.10459312044606736
0 0.8067074071180556 0.10207734375000005 0.14150833333333332 0.10207734375000002 0.14150833333333335 0.14468281250000004 0.8067074071180556 0.14468281250000006
0 0.7969365737847224 0.14880598974609377 0.14580185156250003 0.14691145849609377 0.14538643512807664 0.19208642186809563 0.7965211573502989 0.19398095311809563
0 0.7310560182291669 0.8126544272460938 0.20090370399305574 0.8073255209960939 0.2000533599517012 0.8340926818047003 0.7302056741878123 0.8394215880547002
0 0.7419745373263891 0.7812125 0.19892500000000013 0.7767411459960938 0.19819013896665166 0.8049802339286931 0.7412396762930407 0.8094515879325993
0 0.7444171293402779 0.7503302084960938 0.19819583333333352 0.7440343749999999 0.19711746521135834 0.7736368136079277 0.7433387612183028 0.7799326471040215
0 0.7419745373263891 0.7180322915039064 0.18991111111111128 0.7132221352539063 0.18900212707911393 0.7462310389126962 0.7410655532943918 0.7510411951626962
0 0.7944935182291668 0.19205781249999998 0.14399675954861116 0.19181822900390624 0.1439452898611852 0.2360347759020857 0.7944420485417408 0.23627435939817942
0 0.7883865737847222 0.2347356772460938 0.15381203732638893 0.23473567724609376 0.15381203732638893 0.27649973974609376 0.7883865737847222 0.27649973974609376
0 0.7847226848958334 0.27847890625 0.15591203732638897 0.2780151040039062 0.15581805423476167 0.3183315109555868 0.7846287018042061 0.3187953132016806
0 0.7419745373263891 0.68779609375 0.18876759288194458 0.6808752602539062 0.1875984646726398 0.7104442451419387 0.7408054091170843 0.7173650786380324
0 0.7456384262152779 0.6541651040039063 0.1857439817708335 0.6489403647460936 0.18477043022397754 0.68195036602992 0.7446648746684219 0.6871751052877326
0 0.7517453706597224 0.6212210937500001 0.18276527777777793 0.6156067709960937 0.18177721428353455 0.6472900122019182 0.750757307165479 0.6529043349558246
0 0.7566310182291667 0.5848411459960938 0.18257175954861127 0.5810072915039064 0.18185307251219945 0.6150564171976882 0.7559123311927549 0.6188902716898756
0 0.7615166666666667 0.5491895834960936 0.17944398177083343 0.5483848959960936 0.17929381437269187 0.5827541949777822 0.7613664992685252 0.5835588824777822
0 0.779837037326389 0.32039739599609374 0.15522685156250005 0.31783489599609377 0.15472764916460158 0.3563354434066073 0.7793378349284904 0.35889794340660724
0 0.774951388888889 0.36025416650390624 0.1629416666666667 0.35858229150390625 0.16260337648664805 0.3977645046053132 0.7746130987088704 0.3994363796053132
0 0.7712875000000001 0.4014854165039063 0.16523518489583344 0.3967263022460938 0.16426925564050143 0.4356464388959671 0.7703215707446681 0.4404055531537796
0 0.7627379626736112 0.5141841147460938 0.17783564843750013 0.5117239584960939 0.17739202244982508 0.5450959928158144 0.7622943366859363 0.5475561490658144
0 0.7664018515625002 0.43928072900390625 0.16737178042408235 0.43446611517203415 0.16646475982110295 0.47017278690894504 0.7654948309595206 0.47498740074081713
0 0.7651805555555558 0.47913776025390636 0.17397824045138902 0.4740505209960938 0.17304949339053766 0.5082009739728893 0.7642518084947043 0.5132882132307018
0 0.7224324071180557 0.95094765625 0.21768935156250016 0.9447098959960938 0.21656362953864086 0.9735314829563354 0.7213066850941963 0.9797692432102416
0 0.8079287039930557 0.0017479165039062565 0.11677962934027779 8.023096076392733e-18 0.11635386599695854 0.05326775198317894 0.8075029406497365 0.05501566848708519