0 0.9711918402777778 0.068727783203125 0.2849796006944444 0.0002158203125000105 0.27055850772878437 0.04591782807931241 0.956770747312118 0.11442979096993741
0 0.9558315972222223 0.11798754882812507 0.2665542534722222 0.04789160156250001 0.2521823442641663 0.09260736120763703 0.9414596880141664 0.1627033084732621
0 0.9466158854166665 0.16201049804687498 0.2604123263888889 0.099713134765625 0.2476043574867862 0.1443515346657851 0.9338079165145639 0.20664889794703506
0 0.9373997395833332 0.20349243164062503 0.2604123263888889 0.14946166992187504 0.24930282884440885 0.19350488100979593 0.9262902420388532 0.24753564272854592
0 0.925111545138889 0.24843139648437507 0.2505855034722223 0.19644653320312502 0.23954187066158442 0.24178625250661487 0.9140679123282511 0.2937711157878649
0 0.9174314236111114 0.2907775878906251 0.23953038194444456 0.24274047851562502 0.22966390444105292 0.2867956218819615 0.9075649461077197 0.3348327312569616
0 0.8959275173611112 0.3313435058593751 0.23216015625000008 0.2904160156250001 0.2240012432991701 0.3322836220537211 0.8877686044102812 0.3732111122880961
0 0.8805672743055556 0.37109716796875 0.23338845486111115 0.33601904296875 0.22700822231801046 0.37326417220783903 0.8741870417624549 0.408342297207839
0 0.8744231770833335 0.4072905273437501 0.22929991319444454 0.38050024414062505 0.22455812737469005 0.4166289483839602 0.8696813912635789 0.44341923158708524
0 0.8605993923611113 0.4496367187500001 0.22847526041666683 0.41893334960937506 0.22218202828193434 0.4599287508448877 0.8543061602263787 0.49063211998551276
0 0.8498472222222224 0.485933349609375 0.2260182291666667 0.4645361328125 0.22212881689061623 0.5004148826760999 0.8459578099461719 0.5218120994729749
0 0.8437031250000001 0.5222302246093748 0.21373480902777786 0.5039206542968749 0.2104355800751404 0.5398374896035658 0.8404038960473627 0.5581470599160657
0 0.8329509548611111 0.56020361328125 0.20513628472222237 0.543995849609375 0.20216578395864285 0.5804026980633803 0.8299804540975316 0.5966104617352553
0 0.8252712673611112 0.593856201171875 0.2026796875000001 0.584071044921875 0.20098644317861364 0.6181589380270929 0.8235780230397247 0.6279440942770929
0 0.8191271701388891 0.6301528320312502 0.19653776041666682 0.6255283203125 0.19572122438438191 0.6603104565979453 0.8183106341066042 0.6649349683166954
0 0.7278020050950782 0.9853464520153347 0.7254305555555557 0.95666845703125 0.1547339333829774 0.9716003703179215 0.15710538292249987 1.000278365302006
0 0.7380249304926066 0.9557886949817509 0.7346467013888889 0.925556884765625 0.14758531256294882 0.9463133557994993 0.15096354166666667 0.9765451660156251
0 0.7442660119423259 0.9239551485965257 0.7406760474130434 0.8925783573339885 0.14737357713738414 0.9140568024874627 0.15096354166666665 0.9454335937499999
0 0.7501335151211712 0.8895256622988506 0.746652945144887 0.8582081794975834 0.15231684027777778 0.87910791015625 0.15579741025406207 0.9104253929575171
0 0.7613321444541358 0.8593950233541913 0.7587477925673941 0.8271644364769691 0.1547734375 0.842487548828125 0.15735778938674166 0.8747181357053472
0 0.7644254624337488 0.8267301481015205 0.7621534924595194 0.7929627381972922 0.15600173611111112 0.805866943359375 0.15827370608534064 0.8396343532636033
0 0.7757548702823986 0.7948964141530085 0.7744392449838859 0.7602147910470967 0.17093142361111113 0.76745849609375 0.1722470489096239 0.8021401191996619
0 0.7828773747715094 0.7630334731802266 0.782200357937072 0.7269586133460313 0.17688411458333336 0.7305529785156251 0.17756113141777072 0.7666278383498204
0 0.7976228298611113 0.696645263671875 0.18425390625000015 0.696645263671875 0.18425390625000015 0.728620849609375 0.7976228298611113 0.728620849609375
0 0.8022309027777779 0.6620769042968752 0.19040184300295043 0.6613142164758498 0.19026895139619066 0.6950449585065178 0.802098011171018 0.6958076463275432