0 0.4846298970137471 0.4921477371290401 0.48436064843749993 0.46809713525390617 0.07182949539956707 0.469558401223687 0.07209874397581421 0.49360900309882094
0 0.48592446680852674 0.5182397384882276 0.4859064817708332 0.4938932290039062 0.07453379304539932 0.49398938030274586 0.07455177808309282 0.5183358897870673
0 0.4735398151041669 0.7756208334960938 0.09978547762716224 0.7745031886619617 0.0995937043074317 0.7947947593887266 0.4733480417844363 0.7959124042228587
0 0.47363959162763103 0.7741714594919744 0.47353981510416676 0.7538825522460938 0.09809154579669166 0.7544667567101804 0.09819132232015595 0.774755663956061
0 0.47668105229873764 0.7530117512990824 0.47663148177083325 0.73330390625 0.09396685043991998 0.7336084486612023 0.09401642096782435 0.7533162937102847
0 0.4786925928819447 0.7109859375000002 0.0947553823011969 0.7101708567166535 0.09460172879321448 0.7330714684994627 0.4785389393739622 0.7338865492828094
0 0.4797231484375002 0.6895375000000001 0.09229823171522006 0.6893544275044861 0.09226749781900684 0.7099335627192577 0.4796924145412869 0.7101166352147718
0 0.47880520337798455 0.6875066685051843 0.4786925928819444 0.6663499999999999 0.09036297176440483 0.6670039991182487 0.09047558226044503 0.6881606676234331
0 0.48047225925985004 0.6646046261180758 0.48023842621527774 0.6437421874999999 0.08933730202607698 0.6451284733342286 0.08957113507064933 0.6659909119523045
0 0.48651004807397424 0.5431638484318664 0.48642175954861105 0.5196893227539063 0.07594341738651986 0.5201777982003915 0.07603170591188296 0.5436523238783515
0 0.48525316457361156 0.5666200080648058 0.484302381774233 0.542252802358336 0.07942916666666666 0.5472513022460936 0.08037994946604517 0.5716185079525635
0 0.48332520483729435 0.5915407574663499 0.4822129032013254 0.567055402855695 0.08200231510416668 0.5728078125000001 0.0831146167401357 0.597293167110655
0 0.4828148151041666 0.61852578125 0.4826934960709641 0.5933079909753093 0.08533081777355993 0.5939128498260652 0.08545213680676235 0.6191306401007559
0 0.4825266171648141 0.6428719612799261 0.48229953732638886 0.6193953125 0.08829586326994551 0.6206011472600779 0.0885229431083707 0.6440777960400039
0 0.9927074071180554 0.1480380209960938 0.5385277777777777 0.13760390625000005 0.5363030954642002 0.16824364788215387 0.9904827248044779 0.17867776262824764
0 0.8627405906072131 0.7681476441964001 0.8624054928851903 0.7484509064884121 0.4993046293402778 0.7504054687500001 0.4996397270623006 0.7701022064579882
0 0.8676450242801117 0.749346823441707 0.8675643515624999 0.7300643227539062 0.49886192016433273 0.730552395308293 0.4989425928819446 0.7498348959960938
0 0.8709935182291669 0.7079690102539062 0.5006569444444446 0.7079690102539062 0.5006569444444446 0.7286177084960938 0.8709935182291669 0.7286177084960938
0 0.8788840657271508 0.7097930596691815 0.8787008680478682 0.6876353881447658 0.5030455063137729 0.6886181097255842 0.5032287039930555 0.71077578125
0 0.8838523151041667 0.6664127602539063 0.5034097622747492 0.6658141117694486 0.5032994160447356 0.6880021933205503 0.8837419688741531 0.688600841805008
0 0.8853273151041667 0.6447989584960937 0.5065975809608695 0.6443987010680163 0.5065275133633764 0.6653761311682675 0.8852572475066737 0.6657763885963449
0 0.8918370373263892 0.6221627602539064 0.5088040925690483 0.6219577066384047 0.5087680414171575 0.6432652262782897 0.8918009861744984 0.6434702798937915
0 0.8942041666666669 0.6011908852539063 0.5101319505999506 0.5990002969043678 0.5097796293402779 0.6185453125 0.8938518454069941 0.6207359008495384
0 0.9807055555555555 0.17745286474609379 0.5409513888888889 0.16966171875 0.5393548144880024 0.1981747136051676 0.9791089811546692 0.2059658596012614
0 0.9790083333333336 0.20879635400390625 0.5395134262152778 0.19922916650390626 0.5375319988251057 0.22802918569024905 0.9770269059431614 0.23759637319024904
0 0.9712930555555557 0.23772890625000007 0.5369416666666668 0.23008802099609377 0.5352841024421677 0.25990152040579867 0.9696354913310565 0.267542405659705
0 0.9670064817708334 0.2652148437500001 0.5351291482497699 0.26010374424650623 0.5340902777777781 0.28787864599609375 0.9659676112988416 0.2929897454995876
0 0.9588092487776172 0.29415271693267636 0.5310060372798107 0.28808237255447317 0.5297736400646935 0.31556298911789066 0.9575768515625 0.32163333349609385
0 0.9550050928819444 0.32259765625000003 0.5336611111111111 0.31618072900390626 0.5322614447511688 0.34525971498186786 0.9536054265220019 0.35167664222796163
0 0.9481467595486114 0.34815468750000006 0.5312275855379641 0.3453298196045226 0.5306487814271176 0.37235884499793587 0.9475679554377648 0.37518371289341335
0 0.8995300928819447 0.5768903647460938 0.5085696877756862 0.5756268768370492 0.5083348961223458 0.5986142525073711 0.8992953012286041 0.5998777404164157
0 0.9036726848958335 0.5532554687500002 0.5124254626736113 0.5513403647460939 0.5120543469339127 0.5753294302564769 0.903301569156135 0.5772445342603831
0 0.9089990737847224 0.5292877602539063 0.5158597222222223 0.5264619790039062 0.5153192345724317 0.5502544093294062 0.9084585861349317 0.5530801905794063
0 0.9447180555555555 0.37612291650390633 0.5262151072447204 0.37259632825190137 0.5255175928819446 0.39878671875000005 0.9440205411927796 0.402313307002005
0 0.9385888888888891 0.40445572900390625 0.5229513888888889 0.3987046875 0.5218378394878821 0.42416846110285417 0.9374753394878823 0.42991950260676043
0 0.9303037039930557 0.4297549477539063 0.5223208333333336 0.4274791665039063 0.5218877516974763 0.45204470205349917 0.9298706223571984 0.45432048330349917
0 0.9161004626736111 0.5073171875000001 0.5166453706597225 0.50396328125 0.5160784385682645 0.5253278011329197 0.9155335305821534 0.5286817073829196
0 0.9214268515625 0.48235078125000014 0.5184986111111112 0.4800893227539063 0.518084543356216 0.5034322625948011 0.921012783807605 0.5056937210908948
0 0.9255694444444446 0.4567187500000001 0.5211843686539693 0.4538183910415384 0.5206435182291668 0.47767812500000006 0.9250285940196421 0.48057848395846176
0 0.4838453706597222 0.46577838525390625 0.4836217614171757 0.4405594836028223 0.06771620399305556 0.4417263022460937 0.06793981323560201 0.46694520389717764
0 0.9987083333333335 0.1138013022460938 0.5405391338456966 0.10393934894008451 0.5383029538850809 0.13681048796732706 0.9964721533727177 0.14667244127333637
0 0.8609825819246754 0.7898144904863338 0.8607064817708333 0.7686408852539062 0.4985748554497118 0.7701349979135538 0.49885095560355386 0.7913086031459814