0 0.6845417346937639 0.8169713466270265 0.22305992272893113 0.7891899577396191 0.2185074550781252 0.8317272685546875 0.6799892670429579 0.8595086574420949
0 0.6853680521447192 0.7753294761723001 0.22989114146590983 0.7503844811695716 0.22609671692535738 0.7893563643722716 0.6815736276041666 0.8143013593750001
0 0.6860648175982097 0.7356812251534092 0.23504119219838526 0.7089000853755586 0.23103405624080073 0.7468601409838683 0.6820576816406252 0.7736412807617189
0 0.6876581715411404 0.699618391852349 0.24463063629216542 0.6717092822120562 0.24054862034998328 0.7081579753206447 0.6835761555989585 0.7360670849609375
0 0.6862442276890991 0.6603150808034295 0.2534894049183496 0.6359915851228418 0.24998924428654234 0.6710204794170687 0.6827440670572918 0.6953439750976563
0 0.6899374845508749 0.6223453119871394 0.25499392983047736 0.5969296565116583 0.25120141988897776 0.6334370510674877 0.6861449746093752 0.6588527065429688
0 0.6937062147467913 0.5872998063100687 0.2653884867862268 0.5631823097509719 0.2620298417008939 0.5967344682846534 0.6903475696614585 0.6208519648437502
0 0.6941882579320208 0.5515982218740063 0.2716001551765879 0.5247483541566915 0.2676450808383173 0.5597632060131541 0.6902331835937502 0.5866130737304689
0 0.6973289960898349 0.5166080001903371 0.2753309883347529 0.49025022639709903 0.2717741771407515 0.5222822970075433 0.6937721848958335 0.5486400708007814
0 0.6997040001400586 0.4819794730160568 0.2815039839985592 0.45730557142705675 0.2780900444053757 0.4898535915750625 0.696290060546875 0.5145274931640625
0 0.6963511028645833 0.45003256494140625 0.28902480432622385 0.42340055972296575 0.2853428183593751 0.4550775009765625 0.6926691168977346 0.481709506195003
0 0.7027664524739586 0.41666298779296884 0.2952965080757401 0.39042808657246575 0.2917383928413651 0.42151364565449695 0.6992083372395835 0.44774854687500004
0 0.7051516449032998 0.3830683836633409 0.30037498437500004 0.3576243720703125 0.2968324196153412 0.38932517068184036 0.701609080143641 0.41476918227486875
0 0.7046049428329032 0.3513250099453732 0.30679974221787265 0.32767208021500804 0.3036173137078862 0.35777902583604115 0.7014225143229168 0.3814319555664063
0 0.7087481593270738 0.3207856968505347 0.3139292050781251 0.2973105737304688 0.31095782960521806 0.3254211776611842 0.7057767838541668 0.3488963007812501
0 0.7081021302083336 0.2884794125976563 0.3148605539417915 0.265561828407707 0.3119440218359521 0.29371192446832667 0.705185598102494 0.316629508658276
0 0.7085812420829081 0.2592354998513929 0.3207566317813373 0.23558442437469176 0.31780954882812507 0.2627675478515624 0.7056341591296958 0.28641862332826357
0 0.7080208952961744 0.22797846650533587 0.32332400015312807 0.20597859672679067 0.3205634779038287 0.23313125473317362 0.705260373046875 0.2551311245117188
0 0.718951743056897 0.09271696252535774 0.34314010763066033 0.06798852099050823 0.34035347135416655 0.09181041503906252 0.7161651067804032 0.11653885657391203
0 0.7148502910156251 0.11676279248046878 0.3413934016927083 0.09483716796875002 0.3385576991922237 0.12200604549830368 0.7120145885151405 0.14393167001002244
0 0.7148589960937498 0.14504309960937506 0.33882953599384 0.12396088822967427 0.33626997165919664 0.14964084477458756 0.7122994317591066 0.17072305615428832
0 0.7137357154947916 0.1712843940429688 0.33343334090129867 0.1499839082369385 0.3305316585240909 0.17912540991369305 0.7108340331175839 0.20042589571972336
0 0.7128638929292276 0.19899497410880504 0.3275122479376962 0.18096746291760124 0.3252517104772185 0.20814785257832755 0.7106033554687499 0.22617536376953135