0 0.70166015625 0.1210937500000001 0.5068359375 0.12109375000000007 0.5068359375 0.15234375000000008 0.70166015625 0.1523437500000001
0 0.6953125 0.6940104166666666 0.4990234375000001 0.6940104166666666 0.4990234375000001 0.7259114583333334 0.6953125 0.7259114583333334
0 0.7001953125 0.6627604166666669 0.5009765625 0.6627604166666669 0.5009765625 0.6953125 0.7001953125 0.6953125
0 0.2578125000000001 0.7578125 0.04443359375000007 0.7578125 0.04443359375000007 0.7923177083333334 0.2578125000000001 0.7923177083333334
0 0.9140625 0.16210937500000014 0.72265625 0.1621093750000001 0.72265625 0.19401041666666682 0.9140625 0.19401041666666682
0 0.2553710937500001 0.7877604166666666 0.04736328125000007 0.7877604166666666 0.04736328125000007 0.8209635416666666 0.2553710937500001 0.8209635416666666
0 0.6982421875 0.8203125 0.4985351562500001 0.8203125 0.4985351562500001 0.8522135416666666 0.6982421875 0.8522135416666666
0 0.48291015625000006 0.5983072916666667 0.2734375 0.5983072916666666 0.27343750000000006 0.6328125000000001 0.4829101562500001 0.6328125000000001
0 0.6953125 0.4212239583333335 0.50146484375 0.4212239583333335 0.50146484375 0.45312500000000017 0.6953125 0.45312500000000017
0 0.2592773437500001 0.6920572916666666 0.05078125000000007 0.6920572916666666 0.05078125000000007 0.7239583333333334 0.2592773437500001 0.7239583333333334
0 0.69873046875 0.4518229166666668 0.50146484375 0.4518229166666668 0.50146484375 0.4830729166666668 0.69873046875 0.4830729166666668
0 0.2568359375000001 0.7233072916666666 0.04980468750000007 0.7233072916666666 0.04980468750000007 0.755859375 0.2568359375000001 0.755859375
0 0.68701171875 0.3326822916666668 0.52001953125 0.33268229166666674 0.52001953125 0.36523437500000017 0.68701171875 0.36523437500000017
0 0.68603515625 0.3626302083333335 0.52001953125 0.3626302083333335 0.52001953125 0.3951822916666668 0.68603515625 0.3951822916666668
0 0.2524414062500001 0.8196614583333334 0.04785156250000007 0.8196614583333334 0.047851562500000076 0.8528645833333334 0.2524414062500001 0.8528645833333334
0 0.26171875000000006 0.5970052083333334 0.056152343750000056 0.5970052083333334 0.056152343750000056 0.6302083333333334 0.2617187500000001 0.6302083333333334
0 0.4843750000000001 0.728515625 0.2729492187500001 0.728515625 0.2729492187500001 0.7630208333333334 0.4843750000000001 0.7630208333333334
0 0.2558593750000001 0.6595052083333334 0.051757812500000056 0.6595052083333334 0.05175781250000006 0.693359375 0.2558593750000001 0.693359375
0 0.267578125 0.34765625 0.06542968750000003 0.34765625 0.06542968750000003 0.3815104166666667 0.267578125 0.3815104166666667
0 0.25830078125 0.5338541666666666 0.054687500000000056 0.5338541666666666 0.054687500000000056 0.5670572916666666 0.25830078125 0.5670572916666666
0 0.90576171875 0.42578125000000017 0.7197265625 0.42578125000000017 0.7197265625 0.45898437500000017 0.90576171875 0.45898437500000017
0 0.69873046875 0.3912760416666668 0.50634765625 0.3912760416666668 0.50634765625 0.4231770833333335 0.69873046875 0.4231770833333335
0 0.26123046875 0.5032552083333334 0.05712890625000004 0.5032552083333334 0.05712890625000005 0.5364583333333334 0.26123046875 0.5364583333333334
0 0.4848632812500001 0.6295572916666667 0.2729492187500001 0.6295572916666666 0.2729492187500001 0.6647135416666667 0.4848632812500001 0.6647135416666669
0 0.4814453125000001 0.7610677083333334 0.2719726562500001 0.7610677083333334 0.2719726562500001 0.796875 0.4814453125000001 0.796875
0 0.2563476562500001 0.6282552083333334 0.053222656250000056 0.6282552083333334 0.053222656250000056 0.6614583333333334 0.2563476562500001 0.6614583333333334
0 0.90869140625 0.39648437500000017 0.72314453125 0.39648437500000017 0.72314453125 0.42968750000000017 0.90869140625 0.42968750000000017
0 0.4848632812500001 0.6621093750000001 0.2700195312500001 0.662109375 0.2700195312500001 0.697265625 0.4848632812500001 0.697265625
0 0.69775390625 0.5429687500000001 0.501953125 0.5429687500000001 0.501953125 0.5755208333333335 0.69775390625 0.5755208333333335
0 0.912109375 0.8893229166666669 0.7158203125 0.8893229166666666 0.7158203125 0.9231770833333335 0.912109375 0.9231770833333336
0 0.48291015625 0.5338541666666667 0.2763671875 0.5338541666666666 0.2763671875 0.5683593750000001 0.48291015625 0.5683593750000001
0 0.6982421875 0.5091145833333335 0.50439453125 0.5091145833333335 0.50439453125 0.5423177083333335 0.6982421875 0.5423177083333335
0 0.70361328125 0.4811197916666668 0.50390625 0.4811197916666668 0.50390625 0.5136718750000001 0.70361328125 0.5136718750000001
0 0.4843750000000001 0.6953125 0.2744140625000001 0.6953125 0.2744140625000001 0.7291666666666666 0.4843750000000001 0.7291666666666666
0 0.70361328125 0.15169270833333343 0.5068359375 0.1516927083333334 0.5068359375 0.1855468750000001 0.70361328125 0.18554687500000014
0 0.2607421875 0.564453125 0.057617187500000056 0.564453125 0.057617187500000056 0.5983072916666666 0.2607421875 0.5983072916666666
0 0.48681640625 0.5657552083333334 0.2763671875 0.5657552083333334 0.2763671875 0.5996093750000001 0.48681640625 0.5996093750000001
0 0.9111328125 0.7916666666666669 0.716796875 0.7916666666666666 0.716796875 0.8235677083333335 0.9111328125 0.8235677083333336
0 0.90966796875 0.4563802083333335 0.72216796875 0.4563802083333335 0.72216796875 0.48828125000000017 0.90966796875 0.48828125000000017
0 0.69970703125 0.6035156250000001 0.5009765625 0.6035156250000001 0.5009765625 0.6360677083333335 0.69970703125 0.6360677083333335
0 0.263671875 0.4088541666666667 0.06445312500000003 0.4088541666666667 0.06445312500000003 0.4427083333333333 0.263671875 0.4427083333333333
0 0.26708984375 0.3802083333333333 0.06201171875000004 0.3802083333333333 0.06201171875000004 0.4134114583333333 0.26708984375 0.4134114583333333
0 0.7001953125 0.5722656250000001 0.501953125 0.5722656250000001 0.501953125 0.6054687500000001 0.7001953125 0.6054687500000001
0 0.701171875 0.21158854166666677 0.50634765625 0.21158854166666674 0.50634765625 0.24544270833333345 0.701171875 0.24544270833333348
0 0.6962890625 0.7890625 0.4990234375000001 0.7890625 0.4990234375000001 0.8209635416666666 0.6962890625 0.8209635416666666
0 0.69677734375 0.6334635416666669 0.4985351562500001 0.6334635416666669 0.4985351562500001 0.6647135416666669 0.69677734375 0.6647135416666669
0 0.2509765625000001 0.849609375 0.04541015625000008 0.849609375 0.04541015625000008 0.8834635416666666 0.2509765625000001 0.8834635416666666
0 0.4824218750000001 0.8626302083333334 0.2705078125000001 0.8626302083333334 0.2705078125000001 0.8977864583333334 0.4824218750000001 0.8977864583333334
0 0.6962890625 0.8522135416666666 0.4980468750000001 0.8522135416666666 0.4980468750000001 0.8854166666666666 0.6962890625 0.8854166666666666
0 0.91015625 0.7005208333333335 0.7158203125 0.7005208333333334 0.7158203125 0.7343750000000001 0.91015625 0.7343750000000003
0 0.2626953125 0.4713541666666667 0.05908203125000004 0.4713541666666667 0.05908203125000004 0.5045572916666666 0.2626953125 0.5045572916666666
0 0.90625 0.5149739583333335 0.7158203125 0.5149739583333335 0.7158203125 0.5488281250000001 0.90625 0.5488281250000001
0 0.90625 0.5462239583333335 0.71630859375 0.5462239583333335 0.71630859375 0.5794270833333335 0.90625 0.5794270833333335
0 0.90625 0.6067708333333335 0.71435546875 0.6067708333333335 0.71435546875 0.6399739583333335 0.90625 0.6399739583333335
0 0.69580078125 0.7571614583333334 0.5 0.7571614583333334 0.5 0.7897135416666666 0.69580078125 0.7897135416666666
0 0.263671875 0.4407552083333333 0.05859375000000004 0.4407552083333333 0.05859375000000004 0.4733072916666667 0.263671875 0.4733072916666667
0 0.90966796875 0.7324218750000001 0.71484375 0.732421875 0.71484375 0.7656250000000001 0.90966796875 0.7656250000000003
0 0.90966796875 0.5755208333333335 0.71484375 0.5755208333333335 0.71484375 0.6087239583333335 0.90966796875 0.6087239583333335
0 0.912109375 0.7623697916666669 0.71435546875 0.7623697916666666 0.71435546875 0.7955729166666669 0.912109375 0.795572916666667
0 0.90966796875 0.6373697916666669 0.7158203125 0.6373697916666669 0.7158203125 0.6712239583333335 0.90966796875 0.6712239583333336
0 0.70068359375 0.3014322916666668 0.5078125 0.30143229166666674 0.5078125 0.33398437500000017 0.70068359375 0.33398437500000017
0 0.9111328125 0.18945312500000014 0.72265625 0.18945312500000014 0.72265625 0.22395833333333348 0.9111328125 0.22395833333333348
0 0.9140625 0.6712239583333335 0.7138671875 0.6712239583333334 0.7138671875 0.7050781250000001 0.9140625 0.7050781250000003
0 0.69921875 0.7265625 0.5 0.7265625 0.5 0.7584635416666666 0.69921875 0.7584635416666666
0 0.7001953125 0.2714843750000001 0.505859375 0.27148437500000006 0.505859375 0.3046875000000001 0.7001953125 0.30468750000000017
0 0.9072265625 0.4850260416666668 0.71630859375 0.4850260416666668 0.71630859375 0.5188802083333335 0.9072265625 0.5188802083333335
0 0.9130859375 0.22070312500000014 0.724609375 0.22070312500000014 0.724609375 0.2532552083333335 0.9130859375 0.2532552083333335
0 0.9111328125 0.8248697916666669 0.71630859375 0.8248697916666666 0.71630859375 0.8567708333333335 0.9111328125 0.8567708333333336
0 0.4833984375000001 0.7955729166666666 0.2685546875000001 0.7955729166666666 0.2685546875000001 0.8294270833333334 0.4833984375000001 0.8294270833333334
0 0.9091796875 0.33593750000000017 0.724609375 0.33593750000000017 0.724609375 0.3697916666666668 0.9091796875 0.3697916666666668
0 0.70166015625 0.18294270833333345 0.5068359375 0.1829427083333334 0.5068359375 0.2148437500000001 0.70166015625 0.21484375000000014
0 0.4809570312500001 0.828125 0.2680664062500001 0.828125 0.2680664062500001 0.86328125 0.4809570312500001 0.86328125
0 0.7001953125 0.2421875000000001 0.50390625 0.24218750000000008 0.50390625 0.2753906250000001 0.7001953125 0.27539062500000017
0 0.912109375 0.8561197916666669 0.71484375 0.8561197916666666 0.71484375 0.8880208333333335 0.912109375 0.8880208333333336
0 0.69970703125 0.8854166666666666 0.4965820312500001 0.8854166666666666 0.4965820312500001 0.9231770833333334 0.69970703125 0.9231770833333334
0 0.2763671875 0.31640625000000006 0.06298828125000003 0.31640625 0.06298828125000003 0.3489583333333333 0.2763671875 0.3489583333333333
0 0.9111328125 0.24804687500000014 0.72265625 0.24804687500000014 0.72265625 0.2805989583333335 0.9111328125 0.2805989583333335
0 0.9130859375 0.27734375000000017 0.716796875 0.27734375000000017 0.716796875 0.3118489583333335 0.9130859375 0.3118489583333335
0 0.91162109375 0.30664062500000017 0.72314453125 0.30664062500000017 0.72314453125 0.33984375000000017 0.91162109375 0.33984375000000017
0 0.49072265625 0.5026041666666667 0.27685546875 0.5026041666666666 0.27685546875 0.5345052083333334 0.49072265625 0.5345052083333335
0 0.4833984375000001 0.8951822916666666 0.2626953125000001 0.8951822916666666 0.2626953125000001 0.93359375 0.4833984375000001 0.93359375
0 0.24951171875000008 0.8860677083333334 0.04248046875000008 0.8860677083333334 0.04248046875000008 0.9231770833333334 0.2495117187500001 0.9231770833333334
0 0.89794921875 0.3658854166666668 0.72314453125 0.3658854166666668 0.72314453125 0.3990885416666668 0.89794921875 0.3990885416666668