0 0.638671875 0.41357421875000006 0.36328125 0.41357421875 0.36328125 0.43994140625000006 0.638671875 0.4399414062500001
0 0.6412760416666669 0.46826171875000006 0.36328125000000017 0.46826171875 0.36328125000000017 0.49462890625000006 0.6412760416666669 0.4946289062500001
0 0.6289062500000001 0.6318359375 0.3658854166666668 0.6318359375 0.3658854166666668 0.65771484375 0.6289062500000001 0.65771484375
0 0.6328125000000001 0.578125 0.36132812500000017 0.578125 0.36132812500000017 0.603515625 0.6328125000000001 0.603515625
0 0.6315104166666669 0.52392578125 0.3606770833333335 0.52392578125 0.3606770833333335 0.55029296875 0.6315104166666669 0.55029296875
0 0.6445312500000001 0.44140625000000006 0.3639322916666667 0.44140625 0.36393229166666674 0.46728515625000006 0.6445312500000001 0.4672851562500001
0 0.6328125000000001 0.55126953125 0.3606770833333335 0.55126953125 0.3606770833333335 0.57568359375 0.6328125000000001 0.57568359375
0 0.6380208333333335 0.49609375000000006 0.36132812500000017 0.49609375 0.36132812500000017 0.52294921875 0.6380208333333335 0.52294921875
0 0.6328125000000001 0.60400390625 0.3645833333333335 0.60400390625 0.3645833333333335 0.6298828125 0.6328125000000001 0.6298828125
0 0.6295572916666669 0.71044921875 0.3626302083333335 0.71044921875 0.3626302083333335 0.73486328125 0.6295572916666669 0.73486328125
0 0.6302083333333335 0.6845703125 0.3645833333333335 0.6845703125 0.3645833333333335 0.71044921875 0.6302083333333335 0.71044921875
0 0.6510416666666666 0.32470703125000006 0.3600260416666667 0.32470703125 0.3600260416666667 0.35302734375000006 0.6510416666666666 0.3530273437500001
0 0.6477864583333334 0.29589843750000006 0.3606770833333333 0.2958984375 0.3606770833333333 0.32324218750000006 0.6477864583333334 0.3232421875000001
0 0.6171875000000001 0.65771484375 0.37500000000000017 0.65771484375 0.37500000000000017 0.6826171875 0.6171875000000001 0.6826171875
0 0.6451822916666666 0.35400390625000006 0.3600260416666667 0.35400390625 0.3600260416666667 0.38232421875000006 0.6451822916666666 0.3823242187500001
0 0.6451822916666666 0.38378906250000006 0.3606770833333333 0.3837890625 0.3606770833333333 0.41210937500000006 0.6451822916666666 0.4121093750000001
0 0.6510416666666666 0.26562500000000006 0.3619791666666667 0.265625 0.3619791666666667 0.29394531250000006 0.6510416666666666 0.2939453125000001
0 0.6263020833333335 0.7373046875 0.3561197916666668 0.7373046875 0.3561197916666668 0.759765625 0.6263020833333335 0.759765625
0 0.6487249348958334 0.23595556640625 0.352451171875 0.2315556640625 0.3516525351047764 0.2618054276429557 0.6479262981256098 0.26620532998670576