0 0.7241808287651391 0.7832969535049356 0.27603287325904446 0.7667102232399755 0.2725760329861113 0.7962620957031251 0.720723988492206 0.8128488259680852
0 0.7274004219670255 0.7554075797168789 0.27981320953963207 0.7384182995026873 0.2765682821180557 0.7654673940429687 0.7241554945454491 0.7824566742571603
0 0.7571484125430815 0.17884696857878632 0.37430042402351854 0.1615166298669968 0.37119489429293706 0.18322364273352304 0.7540428828125 0.20055398144531256
0 0.7541882597863503 0.20049690386432656 0.3712011072557664 0.1850746320290702 0.36846406535136056 0.20658076625068122 0.7514512178819445 0.22200303808593758
0 0.7534967736295718 0.2246540549295768 0.3697382230902778 0.20521982177734377 0.36622212502108886 0.2271881338696019 0.749980675560383 0.24662236702183493
0 0.750779972726342 0.2439045968903248 0.3622912596389674 0.22767879377771577 0.35950999045138887 0.24874858740234376 0.7479987035387634 0.26497439051495275
0 0.7480769665772109 0.2671694437359119 0.35799898797268154 0.2505902057897934 0.35504443402777786 0.27258519970703127 0.745122412632307 0.28916443765314975
0 0.7471382378682129 0.2912563514959208 0.35663775868055564 0.2735464423828125 0.35353230826149507 0.29521225047918 0.7440327874491524 0.31292215959228825
0 0.7449124516884006 0.31278850202358566 0.35482294533752096 0.2965161525847219 0.3517980130208334 0.3194604477539063 0.741887519371713 0.33573279719277005
0 0.7454869488710749 0.33680768478381873 0.3480724974635405 0.3200695245371643 0.34501844444444457 0.34301291308593757 0.7424328958519788 0.35975107333259204
0 0.7279315206977482 0.7247152599696363 0.287888384759404 0.7093514465960444 0.28480040277777796 0.7373358491210938 0.7248435387161222 0.7526996624946857
0 0.7291291499789154 0.6954661090854762 0.28866306915101103 0.67912294758763 0.28534337326388903 0.7074316362304687 0.7258094540917934 0.7237747977283149
0 0.7311286630412452 0.6671041490935489 0.29503730902777797 0.6515784008789063 0.2920306125049583 0.6782998241571521 0.7281219665184256 0.6938255723717947
0 0.7310049814785746 0.6403171578053107 0.29830354687769856 0.6239075255705185 0.295213240451389 0.6496906821289063 0.7279146750522651 0.6661003143636985
0 0.7305488666061812 0.6128489434835952 0.30227853140442407 0.5975419299785053 0.29929356510416677 0.6239667485351563 0.727563900305924 0.6392737620402462
0 0.73213239545606 0.5851700490431776 0.30830464782441397 0.5696941164303405 0.305255623263889 0.5961144643554688 0.729083370895535 0.6115903969683059
0 0.7354354892779038 0.5575449268086805 0.31419902354537815 0.5441689246961862 0.3116263563160854 0.5698036282585995 0.7328628220486112 0.5831796303710939
0 0.7441832844643615 0.3609099430393103 0.34481319618055567 0.34521520703125 0.342081737792903 0.3672070264852953 0.741451826076709 0.38290176249335556
0 0.7426671884789946 0.38625238360425723 0.33969218539419566 0.368688602868579 0.3366186901041668 0.3910005620117188 0.7395936931889656 0.408564342747397
0 0.7419623575296038 0.40773148383350005 0.33809015717306395 0.3929208801572859 0.33533380571984917 0.4167030154644108 0.7392060060763891 0.431513619140625
0 0.7409523983599116 0.43284474285211705 0.3320100338541667 0.41637261914062507 0.32897353417746755 0.440224948699823 0.7379158986832124 0.45669707241131496
0 0.7393263470503234 0.45953100426638854 0.3321345663181665 0.44096715751550863 0.3284681796875001 0.46641285400390625 0.7356599604196571 0.48497670075478616
0 0.7365438220382229 0.5334768177616387 0.3175691015625002 0.51713969921875 0.3143556797698976 0.5432147490922211 0.7333304002456204 0.5595518676351098
0 0.738240391610843 0.5087671683218334 0.3222051763754128 0.4926871449156851 0.3193628802083335 0.5159550776367189 0.7353980954437637 0.5320351010428671
0 0.7383927171172974 0.4836202290328208 0.32838197048611123 0.4673378642578126 0.3255825337507584 0.4896424145218668 0.7355932803819445 0.505924779296875
0 0.7250511668547941 0.8134087988079552 0.2708114654986218 0.7977595056513068 0.2673244774632724 0.8297842649488205 0.7215641788194448 0.8454335581054689
0 0.7591572010387494 0.15529731810051936 0.3776875590277778 0.1379868994140625 0.374626370462843 0.15933147606639725 0.7560960124738146 0.1766418947528541