0 0.7355109999999999 0.05179875000000007 0.30092666666666673 0.04919550000000002 0.3004829267846718 0.09086412592700199 0.7350672601180052 0.09346737592700204
0 0.7320413333333332 0.09149700000000004 0.299093 0.08712725000000002 0.2983737552580418 0.12721195608453395 0.731322088591375 0.13158170608453398
0 0.7303066666666668 0.13184600000000002 0.3068956666666667 0.12516400000000003 0.30552458943622274 0.17403374924213794 0.7289355894362228 0.18071574924213793
0 0.725102 0.17935350000000003 0.3016940000000001 0.17197850000000003 0.3004026138676242 0.21368230487994347 0.7238106138676241 0.22105730487994346
0 0.7180314040783219 0.220401190275029 0.30124533333333336 0.20923325000000007 0.2993707566686455 0.24858516275373385 0.716156827413634 0.25975310302876276
0 0.7162586666666666 0.258877 0.30250566666666673 0.24704625000000002 0.3005641510031373 0.28524000025352575 0.7143171510031373 0.29707075025352575
0 0.7128956666666667 0.2935705 0.299985 0.28485949999999993 0.29857521667220166 0.32244869156548356 0.7114858833388683 0.33115969156548364
0 0.7061693333333333 0.3295255 0.30250566666666673 0.3217275 0.30102963174256764 0.36470642910288814 0.7046932984092341 0.37250442910288817
0 0.6960160000000001 0.37331625 0.29579966666666674 0.35472375 0.29213836181159053 0.3990555573108344 0.6923546951449239 0.41764805731083443
0 0.7023046666666667 0.3998560000000001 0.2981563333333334 0.39980075000000004 0.2981480197281842 0.4340081787165768 0.7022963530615175 0.4340634287165769
0 0.6999463333333334 0.434063 0.30060400000000004 0.4328835 0.30042441115627116 0.46708532551175924 0.6997667444896045 0.46826482551175924
0 0.6975880000000001 0.4676802500000001 0.3005133333333334 0.4660905 0.3002712173596507 0.5001069756999041 0.6973458840263174 0.5016967256999041
0 0.6968020000000003 0.502477 0.3005133333333334 0.4987935 0.299985494950245 0.5307364096213936 0.6962741616169117 0.5344199096213936
0 0.6952300000000001 0.5355042500000001 0.30287033333333346 0.5314962500000001 0.3022950082870682 0.5631767809755284 0.694654674953735 0.5671847809755284
0 0.6936413333333334 0.56634775 0.30399133333333345 0.562493 0.3034158866862206 0.5952124544786869 0.6930658866862206 0.5990672044786869
0 0.6950949999999999 0.5985192500000001 0.3029016666666668 0.5935457500000001 0.3021635548364982 0.6262860592819341 0.6943568881698314 0.6312595592819341
0 0.6921876666666669 0.6301455 0.30399133333333345 0.62459875 0.303187223301463 0.656254371464347 0.6913835566347964 0.661801121464347
0 0.691461 0.6617717500000001 0.3029016666666668 0.6556515000000002 0.30204567934989734 0.6862202752778844 0.6906050126832306 0.6923405252778844
0 0.6885536666666668 0.69176225 0.3083496666666668 0.68507025 0.3072552855508269 0.7200447783538296 0.6874592855508269 0.7267367783538297
0 0.6864873834130033 0.7239706596444256 0.3113443333333335 0.7179357500000001 0.310502287905768 0.7473788939069798 0.6856453379854379 0.7534138035514053
0 0.6819436154326465 0.7530673784565333 0.3115996666666668 0.7474012500000001 0.310764134601901 0.7781200668587871 0.6811080833678806 0.7837861953153202
0 0.6810484305737764 0.7844043952802554 0.31131533333333355 0.7781285000000002 0.3104855126005081 0.8056276613149228 0.6802186098409511 0.811903556595178
0 0.6796704026640376 0.8113603696459231 0.3128510000000002 0.8037142500000001 0.3117578219873379 0.8332144271945896 0.6785772246513754 0.8408605468405126
0 0.6801663911020038 0.8407653553841826 0.3103483333333335 0.8356252500000002 0.3096212755646633 0.8650496446158178 0.6794393333333336 0.8701897500000002
0 0.6794393333333334 0.870816 0.3121500000000002 0.86643225 0.3115911800740674 0.8927686825982779 0.6788805134074006 0.8971524325982779
0 0.6769350000000002 0.9015032500000001 0.31285100000000016 0.8891227500000001 0.311204460624666 0.9163596738790967 0.675288460624666 0.9287401738790967
0 0.6777696666666668 0.9265539999999999 0.3128510000000001 0.9154022499999999 0.31129804880967293 0.9439869334574916 0.6762167154763397 0.9551386834574916
0 0.6761003333333334 0.9509785 0.3171583333333335 0.9440895 0.316162878824861 0.9732645788360176 0.675104878824861 0.9801535788360175