0 0.403125 0.1864583333333334 0.2359375 0.1864583333333334 0.2359375 0.21979166666666672 0.403125 0.21979166666666672
0 0.61640625 0.2062500000000001 0.44921875 0.20625000000000007 0.44921875 0.23958333333333343 0.61640625 0.23958333333333345
0 0.61171875 0.29270833333333346 0.446875 0.29270833333333346 0.446875 0.3260416666666668 0.61171875 0.3260416666666668
0 0.834375 0.22395833333333345 0.6671875 0.22395833333333345 0.6671875 0.25625000000000014 0.834375 0.25625000000000014
0 0.4 0.21250000000000005 0.2328125 0.21250000000000005 0.2328125 0.2489583333333334 0.4 0.2489583333333334
0 0.60703125 0.7322916666666667 0.41875 0.7322916666666667 0.41875 0.771875 0.60703125 0.771875
0 0.39765625 0.29687500000000006 0.2234375 0.296875 0.2234375 0.33541666666666675 0.39765625 0.3354166666666668
0 0.83515625 0.3645833333333334 0.6640625 0.3645833333333334 0.6640625 0.40000000000000013 0.83515625 0.40000000000000013
0 0.84453125 0.6760416666666668 0.65390625 0.6760416666666667 0.65390625 0.7166666666666668 0.84453125 0.7166666666666669
0 0.6140625 0.26250000000000007 0.446875 0.26250000000000007 0.446875 0.29583333333333345 0.6140625 0.29583333333333345
0 0.61328125 0.23541666666666675 0.44921875 0.23541666666666672 0.44921875 0.2687500000000001 0.61328125 0.2687500000000001
0 0.834375 0.28020833333333345 0.665625 0.28020833333333345 0.665625 0.31458333333333344 0.834375 0.31458333333333344
0 0.61875 0.18020833333333341 0.45 0.1802083333333334 0.45 0.21145833333333341 0.61875 0.21145833333333344
0 0.60703125 0.5958333333333333 0.42734375 0.5958333333333333 0.42734375 0.6354166666666666 0.60703125 0.6354166666666666
0 0.834375 0.25208333333333344 0.66640625 0.25208333333333344 0.66640625 0.28541666666666676 0.834375 0.28541666666666676
0 0.60859375 0.4697916666666668 0.43359375 0.4697916666666668 0.43359375 0.5072916666666668 0.60859375 0.5072916666666668
0 0.60625 0.6302083333333334 0.425 0.6302083333333334 0.425 0.6697916666666667 0.60625 0.6697916666666667
0 0.60703125 0.6947916666666667 0.4203125 0.6947916666666667 0.4203125 0.7375 0.60703125 0.7375
0 0.60625 0.5645833333333333 0.42890625 0.5645833333333333 0.42890625 0.603125 0.60625 0.603125
0 0.8359375 0.1968750000000001 0.66796875 0.1968750000000001 0.66796875 0.2281250000000001 0.8359375 0.2281250000000001
0 0.39453125 0.32812500000000006 0.21953125 0.328125 0.21953125 0.36458333333333337 0.39453125 0.3645833333333334
0 0.60859375 0.5010416666666668 0.43125 0.5010416666666668 0.43125 0.5385416666666667 0.60859375 0.5385416666666667
0 0.60859375 0.4385416666666668 0.4359375 0.4385416666666668 0.4359375 0.4760416666666668 0.60859375 0.4760416666666668
0 0.8359375 0.42395833333333344 0.6609375 0.42395833333333344 0.6609375 0.4604166666666668 0.8359375 0.4604166666666668
0 0.60625 0.5322916666666668 0.4296875 0.5322916666666668 0.4296875 0.5708333333333333 0.60625 0.5708333333333333
0 0.61171875 0.37916666666666676 0.43984375 0.37916666666666676 0.43984375 0.4135416666666668 0.61171875 0.4135416666666668
0 0.83828125 0.39479166666666676 0.66328125 0.39479166666666676 0.66328125 0.43020833333333347 0.83828125 0.43020833333333347
0 0.39921875 0.24166666666666672 0.22890625 0.24166666666666672 0.22890625 0.27604166666666674 0.39921875 0.2760416666666668
0 0.61328125 0.31875000000000014 0.44375 0.31875000000000014 0.44375 0.35520833333333346 0.61328125 0.35520833333333346
0 0.6078125 0.4093750000000001 0.4375 0.4093750000000001 0.4375 0.4447916666666668 0.6078125 0.4447916666666668
0 0.3726562500000001 0.603125 0.18515625000000005 0.603125 0.18515625000000005 0.6427083333333333 0.3726562500000001 0.6427083333333333
0 0.8390625 0.4541666666666668 0.6609375 0.4541666666666668 0.6609375 0.4916666666666668 0.8390625 0.4916666666666668
0 0.84140625 0.6093750000000001 0.6578125 0.609375 0.6578125 0.6489583333333334 0.84140625 0.6489583333333335
0 0.3734375000000001 0.5708333333333333 0.18984375000000003 0.5708333333333333 0.18984375000000003 0.6114583333333333 0.3734375000000001 0.6114583333333333
0 0.83359375 0.3093750000000001 0.66484375 0.3093750000000001 0.66484375 0.34270833333333345 0.83359375 0.34270833333333345
0 0.840625 0.5760416666666668 0.6578125 0.5760416666666667 0.6578125 0.6156250000000001 0.840625 0.6156250000000002
0 0.84453125 0.6416666666666668 0.65703125 0.6416666666666667 0.65703125 0.6812500000000001 0.84453125 0.6812500000000002
0 0.6078125 0.6625 0.421875 0.6625 0.421875 0.703125 0.6078125 0.703125
0 0.83828125 0.4843750000000001 0.66015625 0.4843750000000001 0.66015625 0.5229166666666668 0.83828125 0.5229166666666668
0 0.6109375 0.3489583333333334 0.4421875 0.3489583333333334 0.4421875 0.38437500000000013 0.6109375 0.38437500000000013
0 0.83984375 0.5447916666666668 0.65859375 0.5447916666666667 0.65859375 0.5833333333333335 0.83984375 0.5833333333333336
0 0.38281250000000006 0.4770833333333334 0.2015625 0.47708333333333336 0.20156250000000003 0.5156250000000001 0.3828125000000001 0.5156250000000001
0 0.3804687500000001 0.5083333333333334 0.19765625000000003 0.5083333333333333 0.19765625000000003 0.546875 0.3804687500000001 0.546875
0 0.3671875000000001 0.7041666666666667 0.17343750000000005 0.7041666666666667 0.17343750000000008 0.7479166666666667 0.3671875000000001 0.7479166666666667
0 0.3765625000000001 0.5395833333333333 0.19453125000000004 0.5395833333333333 0.19453125000000004 0.5791666666666667 0.3765625000000001 0.5791666666666667
0 0.38515625 0.4156250000000001 0.20859375 0.415625 0.20859375 0.45312500000000006 0.38515625 0.4531250000000001
0 0.834375 0.3354166666666668 0.6640625 0.3354166666666668 0.6640625 0.3718750000000001 0.834375 0.3718750000000001
0 0.840625 0.5145833333333335 0.659375 0.5145833333333335 0.659375 0.5520833333333335 0.840625 0.5520833333333336
0 0.39140625 0.3552083333333334 0.215625 0.35520833333333335 0.215625 0.3927083333333334 0.39140625 0.39270833333333344
0 0.3875 0.38541666666666674 0.2109375 0.3854166666666667 0.2109375 0.4239583333333334 0.3875 0.42395833333333344
0 0.38515625000000003 0.4458333333333334 0.20390625 0.44583333333333336 0.20390625000000004 0.48437500000000006 0.3851562500000001 0.4843750000000001
0 0.3703125000000001 0.6697916666666667 0.17968750000000006 0.6697916666666667 0.17968750000000006 0.7114583333333333 0.3703125000000001 0.7114583333333333
0 0.396875 0.2677083333333334 0.2265625 0.2677083333333333 0.2265625 0.3052083333333334 0.396875 0.30520833333333347
0 0.3710937500000001 0.6364583333333333 0.18281250000000004 0.6364583333333333 0.18281250000000004 0.6770833333333334 0.3710937500000001 0.6770833333333334
0 0.3632812500000001 0.7395833333333334 0.1726562500000001 0.7395833333333334 0.1726562500000001 0.7802083333333333 0.3632812500000001 0.7802083333333333
0 0.40341785318890694 0.16718175859854217 0.23975926721740612 0.14910861931779198 0.23781744921875006 0.18036877916666674 0.4014760351902509 0.19844191844741696