0 0.9107217881944444 0.0515009765625 0.24821093750000006 0.023963867187500015 0.24219663995896562 0.06974690538871398 0.90470749065341 0.09728401476371397
0 0.9036675347222225 0.09581958007812501 0.24633072916666673 0.07367675781250002 0.24160907638670975 0.11802680398044367 0.8989458819422654 0.14016962624606866
0 0.8966137152777777 0.140137939453125 0.24727083333333338 0.12338940429687503 0.24369970202189112 0.16719686985262935 0.8930425839663355 0.18394540500887935
0 0.8895594618055556 0.18379492187500002 0.2455994218771339 0.165120720180636 0.24174971206374543 0.20712464970745165 0.8857097519921671 0.22579885140181566
0 0.8766271701388891 0.22799462890625008 0.24727083333333338 0.20906445312500005 0.2434642934768534 0.2491066039936357 0.872820630282409 0.26803677977488577
0 0.8719244791666667 0.2676828613281251 0.24999609375000004 0.25511499023437506 0.24746764002921795 0.29470437237152375 0.8693960254458847 0.3072722434652738
0 0.8648706597222223 0.30869384765625013 0.2519717881944445 0.29791284179687505 0.24987084822698064 0.3357038289303532 0.8627697197547585 0.3464848347897283
0 0.8601679687500001 0.346397705078125 0.2500726789197171 0.3390941087900267 0.24876709507782602 0.37360138919805747 0.858862384908109 0.38090498548615576
0 0.8531137152777779 0.384061767578125 0.2510316840277778 0.37935717773437494 0.25016607622503856 0.4144081537470515 0.8522481074750385 0.41911274359080153
0 0.8472356770833334 0.42242700195312505 0.2538524305555556 0.420608154296875 0.2535126397118044 0.4556829928782387 0.8468958862395821 0.4575018405344888
0 0.8448841145833335 0.45939013671875006 0.2566727430555557 0.45604174804687503 0.256053517888682 0.49046018982302325 0.8442648894164599 0.4938085784948983
0 0.836654513888889 0.494447998046875 0.2566727430555557 0.49411938476562495 0.25661587640101996 0.5258758360336323 0.8365976472343533 0.5262044493148823
0 0.8312255326658481 0.5599039895492665 0.8307527948715624 0.5279337275525545 0.25855338541666667 0.53061083984375 0.2590261232109523 0.562581101840462
0 0.8280056189189633 0.5922512427682401 0.8272131675818075 0.5618203499311262 0.25822569444444443 0.566508544921875 0.25901814578160026 0.5969394377589889
0 0.8222684994052848 0.6273102528998674 0.8213710937500002 0.5975976562500002 0.26130634292776217 0.6029498458306104 0.26220374858304674 0.6326624424804776
0 0.773348039334263 0.9569664772325731 0.7708172743055555 0.9280949707031251 0.26157340163795917 0.9422188255018019 0.26410416666666664 0.97109033203125
0 0.7717662473811144 0.9259697655292585 0.7696414930555554 0.898990234375 0.25755801337077716 0.9117505125635955 0.25968276769633625 0.938730043717854
0 0.7801539945192135 0.8968683200392168 0.7774656531144332 0.8682093009498076 0.2602400440118863 0.8835607074730909 0.2629283854166667 0.9122197265625
0 0.7845789478560874 0.8692550537616939 0.7822854584789891 0.8390468558410521 0.25710798631734616 0.8516628958293582 0.2594014756944445 0.88187109375
0 0.7900275259353143 0.8427412948253097 0.7884522569444443 0.8124169921874999 0.2556067426170316 0.8211750996439434 0.25718201160790155 0.8514994022817532
0 0.7961701906594784 0.812328891691164 0.7941356648536967 0.7817057285284376 0.25501538738866275 0.7930387020716487 0.25704991319444453 0.8236618652343751
0 0.8030843112259816 0.7838831954091385 0.8012693964050539 0.7507847443969002 0.26228925184573904 0.7601359239877619 0.2641041666666667 0.7932343750000002
0 0.8026038305128791 0.7515207675145078 0.8013630588595039 0.722658315065653 0.2605118325132916 0.7300149889573952 0.2617526041666667 0.75887744140625
0 0.8125027120800782 0.7210032092206378 0.810639995273037 0.6866588678027261 0.2610656686096255 0.6960899847539633 0.26292838541666674 0.730434326171875
0 0.8104956684238448 0.690115692714268 0.8096141493055558 0.6577517089843751 0.2566355383004333 0.6625173700096176 0.2575170574187224 0.6948813537395105
0 0.8149544932642899 0.6597114029763641 0.8143104526200721 0.6256635305956326 0.25758165380022663 0.6289955846505185 0.25822569444444443 0.66304345703125