0 0.84609375 0.054166666666666786 0.64609375 0.05416666666666677 0.64609375 0.0854166666666668 0.84609375 0.08541666666666682
0 0.3437500000000001 0.6072916666666667 0.15625000000000006 0.6072916666666667 0.15625000000000006 0.6385416666666667 0.3437500000000001 0.6385416666666667
0 0.3460937500000001 0.640625 0.15390625000000005 0.640625 0.15390625000000005 0.671875 0.3460937500000001 0.671875
0 0.59375 0.4343750000000001 0.40546875 0.4343750000000001 0.40546875 0.4666666666666668 0.59375 0.4666666666666668
0 0.59375 0.6072916666666667 0.40546875 0.6072916666666667 0.40546875 0.6385416666666667 0.59375 0.6385416666666667
0 0.34453125000000007 0.571875 0.15625000000000006 0.571875 0.15625000000000006 0.603125 0.34453125000000007 0.603125
0 0.3453125 0.36875 0.15625000000000006 0.36875 0.15625000000000006 0.4010416666666667 0.3453125 0.4010416666666667
0 0.34453125 0.40208333333333335 0.15625000000000006 0.40208333333333335 0.15625000000000006 0.434375 0.34453125 0.434375
0 0.83984375 0.6791666666666668 0.646875 0.6791666666666667 0.646875 0.7114583333333334 0.83984375 0.7114583333333335
0 0.84140625 0.5083333333333334 0.64609375 0.5083333333333334 0.64609375 0.5395833333333334 0.84140625 0.5395833333333335
0 0.3453125 0.334375 0.15625000000000006 0.334375 0.15625000000000006 0.365625 0.3453125 0.365625
0 0.59453125 0.40000000000000013 0.40546875 0.40000000000000013 0.40546875 0.4322916666666668 0.59453125 0.4322916666666668
0 0.59296875 0.640625 0.4046875 0.640625 0.4046875 0.671875 0.59296875 0.671875
0 0.3453125000000001 0.5395833333333333 0.15546875000000004 0.5395833333333333 0.15546875000000004 0.5697916666666667 0.3453125000000001 0.5697916666666667
0 0.34609375 0.19687500000000002 0.153125 0.196875 0.153125 0.23020833333333338 0.34609375 0.2302083333333334
0 0.59296875 0.571875 0.40625 0.571875 0.40625 0.603125 0.59296875 0.603125
0 0.840625 0.5416666666666667 0.64609375 0.5416666666666666 0.64609375 0.5739583333333335 0.840625 0.5739583333333336
0 0.59453125 0.08437500000000007 0.39609375 0.08437500000000006 0.39609375 0.11562500000000007 0.59453125 0.11562500000000009
0 0.59296875 0.22708333333333341 0.40234375 0.2270833333333334 0.40234375 0.2593750000000001 0.59296875 0.25937500000000013
0 0.59296875 0.4697916666666668 0.4046875 0.4697916666666668 0.4046875 0.5010416666666668 0.59296875 0.5010416666666668
0 0.59296875 0.5385416666666667 0.40546875 0.5385416666666667 0.40546875 0.5697916666666667 0.59296875 0.5697916666666667
0 0.59375 0.26041666666666674 0.403125 0.26041666666666674 0.403125 0.29270833333333346 0.59375 0.29270833333333346
0 0.84375 0.37083333333333346 0.646875 0.37083333333333346 0.646875 0.40208333333333346 0.84375 0.40208333333333346
0 0.84609375 0.2656250000000001 0.64921875 0.2656250000000001 0.64921875 0.29895833333333344 0.84609375 0.29895833333333344
0 0.5953125 0.3645833333333334 0.40234375 0.3645833333333334 0.40234375 0.39687500000000014 0.5953125 0.39687500000000014
0 0.84375 0.3354166666666668 0.64765625 0.3354166666666668 0.64765625 0.36770833333333347 0.84375 0.36770833333333347
0 0.84375 0.0885416666666668 0.64765625 0.08854166666666678 0.64765625 0.12395833333333346 0.84375 0.12395833333333348
0 0.83984375 0.6104166666666668 0.64765625 0.6104166666666667 0.64765625 0.6427083333333334 0.83984375 0.6427083333333335
0 0.8453125 0.19583333333333344 0.64921875 0.19583333333333344 0.64921875 0.2281250000000001 0.8453125 0.2281250000000001
0 0.84609375 0.1260416666666668 0.64921875 0.12604166666666677 0.64921875 0.15833333333333346 0.84609375 0.15833333333333346
0 0.84375 0.4062500000000001 0.646875 0.4062500000000001 0.646875 0.4385416666666668 0.84375 0.4385416666666668
0 0.59296875 0.6770833333333334 0.40546875 0.6770833333333334 0.40546875 0.709375 0.59296875 0.709375
0 0.5921875 0.11875000000000008 0.3984375 0.11875000000000006 0.3984375 0.15520833333333342 0.5921875 0.15520833333333345
0 0.346875 0.43645833333333334 0.15468750000000003 0.43645833333333334 0.15468750000000003 0.46770833333333334 0.346875 0.46770833333333334
0 0.59453125 0.29583333333333345 0.4015625 0.29583333333333345 0.4015625 0.3291666666666668 0.59453125 0.3291666666666668
0 0.5921875 0.5031250000000002 0.40546875 0.5031250000000002 0.40546875 0.5354166666666667 0.5921875 0.5354166666666667
0 0.34609375 0.23333333333333336 0.153125 0.23333333333333334 0.153125 0.26458333333333334 0.34609375 0.2645833333333334
0 0.3484375 0.1635416666666667 0.15078125 0.16354166666666667 0.15078125 0.1947916666666667 0.3484375 0.19479166666666672
0 0.8421875 0.47291666666666676 0.646875 0.47291666666666676 0.646875 0.5052083333333335 0.8421875 0.5052083333333335
0 0.34453125000000007 0.6760416666666667 0.15625000000000006 0.6760416666666667 0.15625000000000006 0.7072916666666667 0.34453125000000007 0.7072916666666667
0 0.840625 0.5781250000000001 0.646875 0.578125 0.646875 0.6093750000000001 0.840625 0.6093750000000002
0 0.83984375 0.6458333333333335 0.64765625 0.6458333333333334 0.64765625 0.6781250000000001 0.83984375 0.6781250000000002
0 0.5921875 0.15625000000000008 0.3984375 0.15625000000000006 0.3984375 0.1895833333333334 0.5921875 0.18958333333333346
0 0.3460937500000001 0.5041666666666667 0.15625000000000006 0.5041666666666667 0.15625000000000006 0.5354166666666667 0.3460937500000001 0.5354166666666667
0 0.3453125 0.30104166666666665 0.15546875000000004 0.30104166666666665 0.15546875000000004 0.3333333333333333 0.3453125 0.3333333333333333
0 0.8453125 0.23020833333333346 0.65 0.23020833333333346 0.65 0.26458333333333345 0.8453125 0.26458333333333345
0 0.8421875 0.4406250000000001 0.646875 0.4406250000000001 0.646875 0.47083333333333344 0.8421875 0.47083333333333344
0 0.34609375000000003 0.471875 0.15625000000000006 0.471875 0.15625000000000006 0.503125 0.3460937500000001 0.503125
0 0.3453125 0.26666666666666666 0.15546875000000004 0.26666666666666666 0.15546875000000004 0.29791666666666666 0.3453125 0.29791666666666666
0 0.3453125000000001 0.709375 0.15859375000000003 0.709375 0.15859375000000006 0.740625 0.3453125000000001 0.740625
0 0.59296875 0.1895833333333334 0.40078125 0.18958333333333338 0.40078125 0.22291666666666676 0.59296875 0.2229166666666668
0 0.84609375 0.1604166666666668 0.64921875 0.1604166666666668 0.64921875 0.19270833333333345 0.84609375 0.19270833333333345
0 0.84609375 0.3020833333333334 0.6484375 0.3020833333333334 0.6484375 0.3333333333333334 0.84609375 0.3333333333333334
0 0.59453125 0.3312500000000001 0.40234375 0.3312500000000001 0.40234375 0.3645833333333334 0.59453125 0.3645833333333334
0 0.5921875 0.7114583333333333 0.40546875 0.7114583333333333 0.40546875 0.740625 0.5921875 0.740625
0 0.840625 0.7166666666666668 0.646875 0.7166666666666667 0.646875 0.7458333333333335 0.840625 0.7458333333333336