0 0.923828125 0.30664062500000017 0.76171875 0.30664062500000017 0.76171875 0.3365885416666668 0.923828125 0.3365885416666668
0 0.712890625 0.33398437500000017 0.54345703125 0.33398437500000017 0.54345703125 0.3645833333333335 0.712890625 0.3645833333333335
0 0.4921875 0.28125000000000006 0.32373046875 0.28125000000000006 0.32373046875 0.31054687500000006 0.4921875 0.31054687500000006
0 0.4921875 0.33593750000000006 0.32275390625 0.3359375 0.32275390625 0.36718750000000006 0.4921875 0.36718750000000017
0 0.93310546875 0.36132812500000017 0.7646484375 0.36132812500000017 0.7646484375 0.39257812500000017 0.93310546875 0.39257812500000017
0 0.26171875 0.4453125 0.07031250000000003 0.4453125 0.07031250000000004 0.4817708333333333 0.26171875 0.4817708333333333
0 0.9267578125 0.33203125000000017 0.7626953125 0.33203125000000017 0.7626953125 0.36328125000000017 0.9267578125 0.36328125000000017
0 0.49365234375 0.30859375000000006 0.32275390625 0.30859375000000006 0.32275390625 0.33854166666666674 0.49365234375 0.3385416666666668
0 0.26123046875 0.478515625 0.06689453125000006 0.478515625 0.06689453125000006 0.5149739583333334 0.26123046875 0.5149739583333334
0 0.265625 0.3834635416666667 0.07763671875000003 0.3834635416666667 0.07763671875000003 0.41796875 0.265625 0.41796875
0 0.9736328125 0.6666666666666669 0.794921875 0.6666666666666666 0.794921875 0.7044270833333335 0.9736328125 0.7044270833333336
0 0.70654296875 0.2786458333333334 0.54052734375 0.2786458333333334 0.54052734375 0.3079427083333334 0.70654296875 0.3079427083333335
0 0.26611328125 0.32421875000000006 0.08349609375000003 0.32421875 0.08349609375000003 0.3561197916666667 0.26611328125 0.3561197916666667
0 0.712890625 0.3645833333333335 0.5439453125 0.3645833333333335 0.5439453125 0.39453125000000017 0.712890625 0.39453125000000017
0 0.4985351562500001 0.6770833333333334 0.3071289062500001 0.6770833333333334 0.3071289062500001 0.71484375 0.4985351562500001 0.71484375
0 0.267578125 0.353515625 0.08007812500000003 0.353515625 0.08007812500000003 0.38671875 0.267578125 0.38671875
0 0.263671875 0.4140625 0.07470703125000003 0.4140625 0.07470703125000003 0.44921875 0.263671875 0.44921875
0 0.94775390625 0.47851562500000017 0.77734375 0.47851562500000017 0.77734375 0.5104166666666669 0.94775390625 0.5104166666666669
0 0.73046875 0.5768229166666669 0.5498046875 0.5768229166666669 0.5498046875 0.6119791666666669 0.73046875 0.6119791666666669
0 0.275390625 0.2389322916666667 0.09375000000000003 0.23893229166666666 0.09375000000000003 0.26888020833333337 0.275390625 0.2688802083333334
0 0.95361328125 0.5078125000000001 0.779296875 0.5078125000000001 0.779296875 0.5403645833333335 0.95361328125 0.5403645833333335
0 0.734375 0.6100260416666669 0.55078125 0.6100260416666669 0.55078125 0.6464843750000001 0.734375 0.6464843750000001
0 0.72705078125 0.5442708333333335 0.5478515625 0.5442708333333335 0.5478515625 0.5794270833333335 0.72705078125 0.5794270833333335
0 0.4960937500000001 0.6412760416666667 0.3095703125000001 0.6412760416666666 0.3095703125000001 0.6790364583333334 0.4960937500000001 0.6790364583333334
0 0.24951171875000006 0.6471354166666666 0.048828125000000056 0.6471354166666666 0.04882812500000006 0.685546875 0.24951171875000006 0.685546875
0 0.943359375 0.44726562500000017 0.77294921875 0.44726562500000017 0.77294921875 0.4798177083333335 0.943359375 0.4798177083333335
0 0.93359375 0.3899739583333335 0.767578125 0.3899739583333335 0.767578125 0.4212239583333335 0.93359375 0.4212239583333335
0 0.72509765625 0.5117187500000001 0.546875 0.5117187500000001 0.546875 0.5468750000000001 0.72509765625 0.5468750000000001
0 0.4995117187500001 0.7115885416666666 0.3056640625000001 0.7115885416666666 0.3056640625000001 0.7506510416666666 0.4995117187500001 0.7506510416666666
0 0.4931640625 0.36393229166666674 0.32080078125 0.3639322916666667 0.32080078125 0.39518229166666674 0.4931640625 0.3951822916666668
0 0.98046875 0.6998697916666669 0.79736328125 0.6998697916666666 0.79736328125 0.7382812500000001 0.98046875 0.7382812500000003
0 0.49560546875 0.5117187500000001 0.31494140625 0.51171875 0.31494140625 0.5455729166666667 0.49560546875 0.5455729166666669
0 0.7177734375 0.4205729166666668 0.54541015625 0.4205729166666668 0.54541015625 0.45312500000000017 0.7177734375 0.45312500000000017
0 0.49560546875 0.5436197916666667 0.31396484375 0.5436197916666666 0.31396484375 0.5787760416666667 0.49560546875 0.5787760416666669
0 0.736328125 0.6438802083333335 0.55126953125 0.6438802083333335 0.55126953125 0.6803385416666666 0.736328125 0.6803385416666666
0 0.95947265625 0.5716145833333335 0.78564453125 0.5716145833333335 0.78564453125 0.6041666666666669 0.95947265625 0.6041666666666669
0 0.24853515625000006 0.6822916666666666 0.04541015625000007 0.6822916666666666 0.04541015625000007 0.7213541666666666 0.24853515625000006 0.7213541666666666
0 0.919921875 0.2786458333333335 0.759765625 0.2786458333333335 0.759765625 0.3072916666666668 0.919921875 0.3072916666666668
0 0.73876953125 0.6770833333333334 0.5537109375 0.6770833333333334 0.5537109375 0.71484375 0.73876953125 0.71484375
0 0.71533203125 0.39257812500000017 0.54443359375 0.39257812500000017 0.54443359375 0.42382812500000017 0.71533203125 0.42382812500000017
0 0.259765625 0.51171875 0.06445312500000006 0.51171875 0.06445312500000006 0.5481770833333334 0.259765625 0.5481770833333334
0 0.49365234375 0.3919270833333334 0.3203125 0.3919270833333333 0.3203125 0.42447916666666674 0.49365234375 0.4244791666666668
0 0.966796875 0.6334635416666669 0.78955078125 0.6334635416666669 0.78955078125 0.6699218750000001 0.966796875 0.6699218750000003
0 0.95751953125 0.5390625000000001 0.78173828125 0.5390625000000001 0.78173828125 0.5735677083333335 0.95751953125 0.5735677083333335
0 0.9365234375 0.41796875000000017 0.76904296875 0.41796875000000017 0.76904296875 0.4498697916666668 0.9365234375 0.4498697916666668
0 0.4956054687500001 0.6093750000000001 0.3120117187500001 0.609375 0.3120117187500001 0.6451822916666667 0.4956054687500001 0.6451822916666669
0 0.26806640625 0.2955729166666667 0.08837890625000003 0.2955729166666667 0.08837890625000003 0.32812500000000006 0.26806640625 0.32812500000000006
0 0.25732421875 0.5436197916666666 0.062011718750000056 0.5436197916666666 0.062011718750000056 0.5813802083333334 0.25732421875 0.5813802083333334
0 0.49462890625 0.42187500000000006 0.31787109375 0.421875 0.31787109375 0.45507812500000006 0.49462890625 0.45507812500000017
0 0.720703125 0.4505208333333335 0.5458984375 0.4505208333333335 0.5458984375 0.48437500000000017 0.720703125 0.48437500000000017
0 0.49609375 0.48307291666666674 0.31591796875 0.4830729166666667 0.31591796875 0.5149739583333334 0.49609375 0.5149739583333335
0 0.49560546875000006 0.5748697916666667 0.31298828125 0.5748697916666666 0.31298828125000006 0.6113281250000001 0.4956054687500001 0.6113281250000001
0 0.921875 0.25195312500000017 0.7578125 0.25195312500000017 0.7578125 0.27929687500000017 0.921875 0.27929687500000017
0 0.49560546875 0.4524739583333334 0.31591796875 0.4524739583333333 0.31591796875 0.4856770833333334 0.49560546875 0.4856770833333335
0 0.70751953125 0.3046875000000001 0.5419921875 0.30468750000000006 0.5419921875 0.3365885416666668 0.70751953125 0.3365885416666668
0 0.7236328125 0.4811197916666668 0.546875 0.4811197916666668 0.546875 0.5143229166666669 0.7236328125 0.5143229166666669
0 0.25390625000000006 0.578125 0.055175781250000056 0.578125 0.055175781250000056 0.615234375 0.2539062500000001 0.615234375
0 0.74072265625 0.7122395833333334 0.5546875 0.7122395833333334 0.5546875 0.7513020833333334 0.74072265625 0.7513020833333334
0 0.2529296875000001 0.6100260416666666 0.053222656250000056 0.6100260416666666 0.053222656250000056 0.6497395833333334 0.2529296875000001 0.6497395833333334
0 0.24511718750000006 0.71875 0.04003906250000007 0.71875 0.04003906250000007 0.7571614583333334 0.24511718750000006 0.7571614583333334
0 0.96142578125 0.6009114583333335 0.78564453125 0.6009114583333335 0.78564453125 0.6354166666666669 0.96142578125 0.6354166666666669
0 0.26953125 0.2662760416666667 0.09179687500000003 0.2662760416666667 0.09179687500000003 0.29882812500000006 0.26953125 0.29882812500000006
0 0.7060546875 0.2519531250000001 0.54052734375 0.25195312500000006 0.54052734375 0.2786458333333334 0.7060546875 0.2786458333333335
0 0.98681640625 0.7363281250000001 0.7958984375 0.736328125 0.7958984375 0.7721354166666669 0.98681640625 0.772135416666667
0 0.24560546875000006 0.7545572916666666 0.04101562500000007 0.7545572916666666 0.04101562500000007 0.7955729166666666 0.24560546875000006 0.7955729166666666
0 0.4951171875 0.25390625000000006 0.32470703125 0.25390625000000006 0.32470703125 0.28190104166666674 0.4951171875 0.28190104166666674
0 0.74365234375 0.748046875 0.5576171875 0.748046875 0.5576171875 0.7858072916666666 0.74365234375 0.7858072916666666
0 0.50146484375 0.74609375 0.3041992187500001 0.74609375 0.3041992187500001 0.7838541666666666 0.50146484375 0.7838541666666666