0 0.38750000000000007 0.7625 0.22031250000000008 0.7625 0.22031250000000008 0.7958333333333333 0.38750000000000007 0.7958333333333333
0 0.6015625 0.7635416666666667 0.434375 0.7635416666666667 0.434375 0.796875 0.6015625 0.796875
0 0.6015625 0.6770833333333334 0.43671875 0.6770833333333334 0.43671875 0.7104166666666667 0.6015625 0.7104166666666667
0 0.81953125 0.7666666666666668 0.65234375 0.7666666666666667 0.65234375 0.7989583333333334 0.81953125 0.7989583333333335
0 0.3859375000000001 0.7333333333333333 0.21875000000000008 0.7333333333333333 0.21875000000000008 0.7697916666666667 0.3859375000000001 0.7697916666666667
0 0.6203125 0.23020833333333343 0.43203125 0.2302083333333334 0.43203125 0.26979166666666676 0.6203125 0.26979166666666676
0 0.3882812500000001 0.646875 0.2140625000000001 0.646875 0.2140625000000001 0.6854166666666667 0.3882812500000001 0.6854166666666667
0 0.828125 0.6229166666666668 0.65703125 0.6229166666666667 0.65703125 0.6583333333333334 0.828125 0.6583333333333335
0 0.8546875 0.30833333333333346 0.6640625 0.30833333333333346 0.6640625 0.3489583333333334 0.8546875 0.3489583333333334
0 0.60234375 0.7072916666666667 0.43515625 0.7072916666666667 0.43515625 0.740625 0.60234375 0.740625
0 0.6 0.734375 0.4359375 0.734375 0.4359375 0.7677083333333333 0.6 0.7677083333333333
0 0.82265625 0.7093750000000001 0.65390625 0.709375 0.65390625 0.7437500000000001 0.82265625 0.7437500000000002
0 0.60234375 0.7916666666666666 0.43359375 0.7916666666666666 0.43359375 0.8229166666666666 0.60234375 0.8229166666666666
0 0.61328125 0.3666666666666668 0.43359375 0.3666666666666668 0.43359375 0.4062500000000001 0.61328125 0.4062500000000001
0 0.82109375 0.7375000000000002 0.653125 0.7375 0.653125 0.7708333333333335 0.82109375 0.7708333333333336
0 0.6078125 0.4947916666666668 0.4328125 0.4947916666666668 0.4328125 0.5322916666666668 0.6078125 0.5322916666666668
0 0.6140625 0.33229166666666676 0.4328125 0.33229166666666676 0.4328125 0.3718750000000001 0.6140625 0.3718750000000001
0 0.61796875 0.26458333333333345 0.43125 0.2645833333333334 0.43125 0.3072916666666668 0.61796875 0.3072916666666668
0 0.6109375 0.39895833333333347 0.43359375 0.39895833333333347 0.43359375 0.4375000000000001 0.6109375 0.4375000000000001
0 0.8203125 0.7947916666666668 0.65234375 0.7947916666666667 0.65234375 0.8260416666666668 0.8203125 0.8260416666666669
0 0.3867187500000001 0.6177083333333333 0.2117187500000001 0.6177083333333333 0.2117187500000001 0.6541666666666667 0.3867187500000001 0.6541666666666667
0 0.609375 0.4635416666666668 0.43203125 0.4635416666666668 0.43203125 0.5010416666666668 0.609375 0.5010416666666668
0 0.60625 0.5260416666666667 0.43359375 0.5260416666666667 0.43359375 0.5635416666666667 0.60625 0.5635416666666667
0 0.83203125 0.5625000000000001 0.65703125 0.5625 0.65703125 0.5989583333333335 0.83203125 0.5989583333333336
0 0.60859375 0.43125000000000013 0.43203125 0.43125000000000013 0.43203125 0.4697916666666668 0.60859375 0.4697916666666668
0 0.60625 0.5885416666666666 0.434375 0.5885416666666666 0.434375 0.6229166666666667 0.60625 0.6229166666666667
0 0.8328125 0.5927083333333335 0.6578125 0.5927083333333333 0.6578125 0.6281250000000002 0.8328125 0.6281250000000003
0 0.3867187500000001 0.7072916666666667 0.21640625000000008 0.7072916666666667 0.21640625000000008 0.7416666666666667 0.3867187500000001 0.7416666666666667
0 0.6046875 0.646875 0.43515625 0.646875 0.43515625 0.6833333333333333 0.6046875 0.6833333333333333
0 0.60390625 0.5572916666666666 0.43359375 0.5572916666666666 0.43359375 0.5927083333333333 0.60390625 0.5927083333333333
0 0.3796875 0.3375000000000001 0.19218750000000004 0.3375 0.19218750000000004 0.3770833333333334 0.3796875 0.37708333333333344
0 0.83671875 0.5312500000000001 0.65859375 0.5312500000000001 0.65859375 0.5687500000000001 0.83671875 0.5687500000000002
0 0.846875 0.3750000000000001 0.66328125 0.3750000000000001 0.66328125 0.41458333333333347 0.846875 0.41458333333333347
0 0.378125 0.36979166666666674 0.19453125000000004 0.3697916666666667 0.19453125000000004 0.4104166666666667 0.378125 0.41041666666666676
0 0.8234375 0.6812500000000001 0.6546875 0.68125 0.6546875 0.7145833333333335 0.8234375 0.7145833333333336
0 0.84453125 0.40833333333333344 0.66171875 0.40833333333333344 0.66171875 0.4479166666666668 0.84453125 0.4479166666666668
0 0.85234375 0.3437500000000001 0.66484375 0.3437500000000001 0.66484375 0.38333333333333347 0.85234375 0.38333333333333347
0 0.6171875 0.29895833333333344 0.43125 0.29895833333333344 0.43125 0.33958333333333346 0.6171875 0.33958333333333346
0 0.8375 0.5000000000000001 0.659375 0.5000000000000001 0.659375 0.5385416666666668 0.8375 0.5385416666666669
0 0.60390625 0.61875 0.43515625 0.61875 0.43515625 0.6541666666666667 0.60390625 0.6541666666666667
0 0.8421875 0.43958333333333344 0.6609375 0.43958333333333344 0.6609375 0.47812500000000013 0.8421875 0.47812500000000013
0 0.38281250000000006 0.46562500000000007 0.2015625 0.465625 0.20156250000000003 0.5041666666666668 0.3828125000000001 0.5041666666666668
0 0.38203125 0.43437500000000007 0.19921875000000006 0.434375 0.19921875000000006 0.4729166666666667 0.38203125 0.47291666666666676
0 0.3796875 0.23229166666666673 0.1859375 0.23229166666666673 0.18593750000000003 0.27604166666666674 0.3796875 0.2760416666666668
0 0.3796875 0.4020833333333334 0.19765625000000003 0.40208333333333335 0.19765625000000003 0.4416666666666667 0.3796875 0.44166666666666676
0 0.3820312500000001 0.5281250000000001 0.2054687500000001 0.528125 0.2054687500000001 0.565625 0.3820312500000001 0.565625
0 0.82578125 0.6510416666666667 0.65546875 0.6510416666666666 0.65546875 0.6875000000000001 0.82578125 0.6875000000000002
0 0.84140625 0.47083333333333344 0.66015625 0.47083333333333344 0.66015625 0.5083333333333334 0.84140625 0.5083333333333334
0 0.3851562500000001 0.5885416666666666 0.2093750000000001 0.5885416666666666 0.2093750000000001 0.6260416666666667 0.3851562500000001 0.6260416666666667
0 0.3828125000000001 0.5572916666666666 0.2062500000000001 0.5572916666666666 0.2062500000000001 0.5958333333333333 0.3828125000000001 0.5958333333333333
0 0.38359375000000007 0.49687500000000007 0.2023437500000001 0.496875 0.2023437500000001 0.5354166666666667 0.38359375000000007 0.5354166666666667
0 0.38125 0.26875000000000004 0.19062500000000004 0.26875 0.19062500000000004 0.31041666666666673 0.38125 0.3104166666666668
0 0.3859375000000001 0.6770833333333334 0.2156250000000001 0.6770833333333334 0.2156250000000001 0.7145833333333333 0.3859375000000001 0.7145833333333333
0 0.38046875 0.30312500000000003 0.19218750000000004 0.303125 0.19218750000000004 0.34375000000000006 0.38046875 0.3437500000000001
0 0.37734375 0.1989583333333334 0.18671875 0.1989583333333334 0.18671875 0.2395833333333334 0.37734375 0.2395833333333334
0 0.38624095292152355 0.8230245307694494 0.3859393131248542 0.7916599140656153 0.22173385312500002 0.794467375 0.22203549292166938 0.825831991703834