0 0.6896408466694501 0.06790280216351663 0.6869908498263889 0.026234803710937497 0.12636913814633283 0.037516065665869465 0.129019134989394 0.0791840641184486
0 0.6881256613281058 0.10696714247071508 0.6861934644097222 0.06975073535156248 0.13505912990017674 0.07880429698104051 0.13699132681856035 0.1160207041001931
0 0.6891387159727455 0.14591489427665985 0.6877882352430555 0.109677451171875 0.1414841323137398 0.11611929750624708 0.14283461304342976 0.15235674061103194
0 0.6889561047360306 0.18364676965119947 0.6877882352430554 0.1473612744140625 0.14786726765084288 0.15285967663226954 0.14903513714381808 0.18914517186940652
0 0.6841563862554938 0.2208690207225898 0.6830039218749999 0.1854401962890625 0.15192492565079718 0.19090626326114438 0.153077390031291 0.22633508769467167
0 0.682146644175833 0.2549595788467504 0.6814091501736111 0.22177818603515628 0.16122392808780509 0.2254363818165139 0.161961422090027 0.25861777462810803
0 0.6838814241946214 0.28989289601557705 0.6830031618316519 0.2580349302942387 0.16552113281249997 0.2625487744140625 0.16639939517546942 0.29440674013540086
0 0.6783111867432897 0.32535220365892487 0.6782196076388889 0.29305465673828124 0.16949492659374563 0.2935110662807388 0.16958650569814643 0.32580861320138244
0 0.6798143793402778 0.32804681396484375 0.1798732022569445 0.32804681396484375 0.17987320225694453 0.359001470703125 0.6798143793402778 0.359001470703125
0 0.6782196076388889 0.36071544140625 0.17987320225694456 0.36071544140625 0.17987320225694456 0.38852965673828127 0.6782196076388889 0.38852965673828127
0 0.6761307909557782 0.3930304857678925 0.1875049596409016 0.3913726679116155 0.18720205496984577 0.4196208584132544 0.6758278862847225 0.4212786762695314
0 0.6734357300347222 0.422624509765625 0.1934283220486112 0.422624509765625 0.1934283220486112 0.4499901962890625 0.6734357300347222 0.4499901962890625
0 0.6774226579861113 0.4540279414062501 0.19821263628472233 0.4526818627929688 0.19798580686906744 0.47823239173486676 0.6771958285704565 0.47957847034814804
0 0.6734357300347225 0.48318799023437503 0.20219912847222232 0.4822906860351563 0.2020371247936119 0.5092103258585143 0.6732737263561119 0.5101076300577331
0 0.6734357300347222 0.5131649511718749 0.20898948756888525 0.5104707993141241 0.2085204798076811 0.5360530332111787 0.6729667222735181 0.5387471850689295
0 0.6717147189090198 0.5423311110582612 0.2104252725694446 0.5381308823242188 0.20975412657709158 0.5614527126722079 0.6710435729166667 0.5656529414062502
0 0.6685533103834742 0.5692566843471512 0.21256470572916683 0.5647558823242188 0.211824927501849 0.5884702024615246 0.6678135321561565 0.5929710044844569
0 0.6659371492196758 0.5952792344259746 0.22133594791666675 0.5925700981445312 0.22086110772476877 0.6172266478982441 0.6654623090277778 0.6199357841796875
0 0.6702461875000001 0.6230492646484375 0.21998997829861128 0.618475 0.21924041544062303 0.6418198740464566 0.6694966246420119 0.646394138694894
0 0.6718896633006683 0.6486929321418277 0.2284031990100256 0.6436843104882753 0.22755710862602405 0.6673884369401978 0.6710435729166668 0.6723970585937501
0 0.6593398383836765 0.795289950955364 0.23848191753472245 0.7827502451171876 0.2365944944595613 0.8027932333021608 0.6574524153085153 0.8153329391403372
0 0.6590970898204856 0.77105846518386 0.23857960125340183 0.7614853124927381 0.23697096455791636 0.7838432686955968 0.6574884531250001 0.7934164213867188
0 0.66799945965571 0.7477660287952388 0.2364854027777779 0.7364421567382812 0.23462906457313876 0.7588243246904217 0.6661431214510708 0.7701481967473793
0 0.6632578590977727 0.7235173471252562 0.2332962960069446 0.71266544140625 0.2315138179855609 0.7350110845153689 0.6614753810763889 0.7458629902343751
0 0.6582784504574625 0.6974460791945418 0.23081145353825783 0.6884035231647003 0.2292240707891288 0.7121466597904709 0.6566910677083334 0.7211892158203124
0 0.6669334858055792 0.6728096924204501 0.2301067534722224 0.6642416665039063 0.2286355766944211 0.68797388570455 0.6654623090277779 0.6965419116210938