0 0.37158203125 0.4401041666666667 0.24560546875000006 0.4401041666666667 0.24560546875000006 0.4602864583333333 0.37158203125 0.4602864583333333
0 0.83056640625 0.3483072916666668 0.76171875 0.3483072916666668 0.76171875 0.36328125000000017 0.83056640625 0.36328125000000017
0 0.37109375 0.41796875 0.24560546875000006 0.41796875 0.24560546875000006 0.4375 0.37109375 0.4375
0 0.6298828125 0.34765625000000017 0.54345703125 0.34765625000000017 0.54345703125 0.36523437500000017 0.6298828125 0.36523437500000017
0 0.62744140625 0.3854166666666668 0.5439453125 0.3854166666666668 0.5439453125 0.4036458333333335 0.62744140625 0.4036458333333335
0 0.73828125 0.3841145833333335 0.66064453125 0.3841145833333335 0.66064453125 0.3997395833333335 0.73828125 0.3997395833333335
0 0.7373046875 0.40234375000000017 0.65966796875 0.40234375000000017 0.65966796875 0.4186197916666668 0.7373046875 0.4186197916666668
0 0.37109375 0.4602864583333333 0.24755859375000006 0.4602864583333333 0.24755859375000006 0.4811197916666667 0.37109375 0.4811197916666667
0 0.82763671875 0.39843750000000017 0.7607421875 0.39843750000000017 0.7607421875 0.4127604166666668 0.82763671875 0.4127604166666668
0 0.62744140625 0.4251302083333335 0.54345703125 0.4251302083333335 0.54345703125 0.4420572916666668 0.62744140625 0.4420572916666668
0 0.5107421875 0.40885416666666674 0.40966796875 0.4088541666666667 0.40966796875 0.4270833333333334 0.5107421875 0.4270833333333335
0 0.62548828125 0.44335937500000017 0.54248046875 0.44335937500000017 0.54248046875 0.46093750000000017 0.62548828125 0.46093750000000017
0 0.73828125 0.3489583333333335 0.66015625 0.3489583333333335 0.66015625 0.3645833333333335 0.73828125 0.3645833333333335
0 0.8271484375 0.41406250000000017 0.76025390625 0.41406250000000017 0.76025390625 0.4283854166666668 0.8271484375 0.4283854166666668
0 0.62890625 0.3665364583333335 0.54345703125 0.3665364583333335 0.54345703125 0.3834635416666668 0.62890625 0.3834635416666668
0 0.51318359375 0.3450520833333334 0.40869140625 0.3450520833333333 0.40869140625 0.3645833333333334 0.51318359375 0.3645833333333335
0 0.83203125 0.3815104166666668 0.76171875 0.3815104166666668 0.76171875 0.3958333333333335 0.83203125 0.3958333333333335
0 0.37109375 0.3736979166666667 0.24462890625000006 0.3736979166666667 0.24462890625000006 0.3932291666666667 0.37109375 0.3932291666666667
0 0.37060546875 0.3958333333333333 0.24462890625000006 0.3958333333333333 0.24462890625000006 0.4153645833333333 0.37060546875 0.4153645833333333
0 0.73828125 0.3665364583333335 0.6611328125 0.3665364583333335 0.6611328125 0.3821614583333335 0.73828125 0.3821614583333335
0 0.51025390625 0.3665364583333334 0.40966796875 0.3665364583333333 0.40966796875 0.38671875000000006 0.51025390625 0.38671875000000017
0 0.51025390625 0.38867187500000006 0.40966796875 0.388671875 0.40966796875 0.40690104166666674 0.51025390625 0.4069010416666668
0 0.8330078125 0.3645833333333335 0.76220703125 0.3645833333333335 0.76220703125 0.37890625000000017 0.8330078125 0.37890625000000017
0 0.6240234375 0.4635416666666668 0.54248046875 0.4635416666666668 0.54248046875 0.4798177083333335 0.6240234375 0.4798177083333335
0 0.728515625 0.4720052083333335 0.654296875 0.4720052083333335 0.654296875 0.4876302083333335 0.728515625 0.4876302083333335
0 0.73486328125 0.43750000000000017 0.658203125 0.43750000000000017 0.658203125 0.45507812500000017 0.73486328125 0.45507812500000017
0 0.37158203125 0.3502604166666667 0.24267578125000006 0.3502604166666667 0.24267578125000006 0.3717447916666667 0.37158203125 0.3717447916666667
0 0.7353515625 0.4192708333333335 0.65869140625 0.4192708333333335 0.65869140625 0.4348958333333335 0.7353515625 0.4348958333333335
0 0.513671875 0.32421875000000006 0.40869140625 0.32421875000000006 0.40869140625 0.3430989583333334 0.513671875 0.3430989583333335
0 0.5107421875 0.4290364583333334 0.4111328125 0.4290364583333333 0.4111328125 0.4485677083333334 0.5107421875 0.4485677083333335
0 0.38037109375 0.32617187500000006 0.23974609375000006 0.32617187500000006 0.23974609375000006 0.3470052083333333 0.38037109375 0.3470052083333333
0 0.6328125 0.32877604166666674 0.54345703125 0.32877604166666674 0.54345703125 0.3450520833333335 0.6328125 0.3450520833333335
0 0.62744140625 0.4055989583333335 0.54248046875 0.4055989583333335 0.54248046875 0.4231770833333335 0.62744140625 0.4231770833333335
0 0.74072265625 0.3307291666666668 0.66162109375 0.33072916666666674 0.66162109375 0.3470052083333335 0.74072265625 0.3470052083333335
0 0.73095703125 0.4544270833333335 0.65673828125 0.4544270833333335 0.65673828125 0.4713541666666668 0.73095703125 0.4713541666666668
0 0.83203125 0.3313802083333335 0.7607421875 0.3313802083333335 0.7607421875 0.34570312500000017 0.83203125 0.34570312500000017
0 0.8226008809958589 0.4440005227870432 0.8218271344147745 0.42890866182550996 0.7607145346689156 0.4344787770593 0.76148828125 0.4495706380208333
0 0.8206756824221215 0.4591124811575717 0.819844447925511 0.44376544605175233 0.7582944979252646 0.4496920273941807 0.7591257324218751 0.46503906250000004
0 0.8193631128079252 0.47455534952843315 0.8182919102603075 0.4590761586439707 0.7582691294836322 0.46646058776137095 0.75934033203125 0.4819397786458333
0 0.8186960591087562 0.4905123992824592 0.8177401765336403 0.4770355133514665 0.756236744378009 0.4847906921940073 0.757192626953125 0.4982675781250001
0 0.8163130633967369 0.5061703615350944 0.8151529452709776 0.49270148081785353 0.7547436904679907 0.5019516921994258 0.7559038085937501 0.5154205729166668
0 0.8155746442817484 0.5208453995731036 0.8143954671037125 0.5077939817243257 0.753650656806339 0.5175507956928888 0.754829833984375 0.5306022135416667
0 0.8148408957210487 0.5362415585852167 0.813613502171777 0.5232925612897695 0.7518841787163534 0.5336945573920527 0.753111572265625 0.5466435546874999
0 0.8136992286252407 0.5502907194702229 0.812196600840957 0.5375271528353099 0.7516089444813413 0.5502077875317537 0.753111572265625 0.5629713541666667
0 0.812734356592712 0.5666820879958249 0.8112787308582389 0.5537146638183299 0.7510116594217771 0.5657415601975051 0.7524672851562502 0.5787089843750001
0 0.8115694114116241 0.5810967605214 0.8101972542192584 0.5688282398932759 0.7487323349951344 0.5810495132260426 0.7501044921875001 0.5933180338541667
0 0.8094795029199082 0.5940627348041562 0.8083122558593752 0.5835787760416666 0.745500721689467 0.5960111584250106 0.7466679687500001 0.6064951171875002
0 0.7245168589274623 0.6123099170171772 0.7232659101996065 0.6003901828538837 0.6471032993190192 0.6146001226075399 0.648354248046875 0.6265198567708334
0 0.7254657420225108 0.5985822737499035 0.7241127998657458 0.5851798327795259 0.648541100811985 0.5987420902796226 0.64989404296875 0.6121445312500001
0 0.7271142724827686 0.5834547152558544 0.7258576626620432 0.569026216365543 0.6499848452573995 0.5807736495471887 0.6512414550781249 0.5952021484375001
0 0.7280430354393342 0.5673324213867522 0.726886474609375 0.5531184895833334 0.6512396794044158 0.5640611333007478 0.652396240234375 0.5782750651041667
0 0.7277036667101578 0.5511732248132327 0.7265014018850845 0.5354755670939534 0.6517713679874267 0.5456506495723873 0.6529736328125001 0.5613483072916666
0 0.7278369272084593 0.5347017171615441 0.7267068604565323 0.5190941910370314 0.653190978169948 0.528557187417154 0.6543210449218749 0.5441647135416666
0 0.7283239825092378 0.5188112651944203 0.7273829456414959 0.5032985162607874 0.6541500275853831 0.511196235441367 0.655091064453125 0.526708984375
0 0.7292651502944715 0.5027153020838595 0.72861865234375 0.48744889322916657 0.6552143418930285 0.49297512760364043 0.65586083984375 0.5082415364583334
0 0.6220352335331792 0.6327886605767536 0.620529541015625 0.6159085286458332 0.5335695027949459 0.629698318589913 0.5350751953125 0.6465784505208334
0 0.6215739954890905 0.6153443988862456 0.6201574707031251 0.5999453124999999 0.5343530064640346 0.6139772156970875 0.53576953125 0.6293763020833332
0 0.6224503363934144 0.5979126372490154 0.621040283203125 0.5818160807291667 0.5354185600909606 0.5951501882718179 0.5368286132812501 0.6112467447916667
0 0.6226566229104964 0.580182405717269 0.6212685745456564 0.5641583133745884 0.5386185434320351 0.5768860639073196 0.540006591796875 0.59291015625
0 0.6220419502329405 0.5637581623911476 0.6207896950123749 0.5472102720181427 0.5387543365763094 0.5582467059811617 0.540006591796875 0.5747945963541666
0 0.6209298269462492 0.5476196893306996 0.6197677552629213 0.5302309634952999 0.5395505748010471 0.5397613392687671 0.540712646484375 0.5571500651041668
0 0.6225696477847595 0.5294750090323052 0.6215629570513019 0.5130090966140309 0.5402354967665423 0.5218485407067258 0.5412421874999999 0.538314453125
0 0.6229303920103838 0.5111417153664597 0.6218350445202985 0.4933441127162333 0.5412061661817896 0.5021659390164404 0.542301513671875 0.5199635416666667
0 0.6236884765624999 0.49359342447916665 0.6228189743905157 0.4766425023011424 0.5401961716561406 0.48417700750947573 0.5410656738281249 0.5011279296875
0 0.511946277649845 0.655185040066898 0.5101005859374999 0.6375934244791666 0.4071984977407798 0.6567869651414351 0.40904418945312493 0.6743785807291666
0 0.5119395538567748 0.6369043164965675 0.5100024446960401 0.6186099209128638 0.40853359396426525 0.6377104872287964 0.410470703125 0.6560048828125001
0 0.5093425661509099 0.6179129684547989 0.5074766908648684 0.5993505745183216 0.40955599971395845 0.6168490643968562 0.41142187499999994 0.6354114583333335
0 0.509969294081355 0.599949471513953 0.5083092439631625 0.5813703534246859 0.41071299675680734 0.5968730303482329 0.412373046875 0.6154521484375001
0 0.5103797579452923 0.5796396586181081 0.50891162109375 0.562494140625 0.41114270299220773 0.5773772684652253 0.4126108398437501 0.5945227864583335
0 0.5128086789097179 0.5613292409447297 0.5115116446784486 0.5439129168938956 0.41155159858123075 0.557147152511666 0.4128486328125001 0.5745634765625001
0 0.5139894486372161 0.5429358041483932 0.5125391778429909 0.5226368017352957 0.41068498311202484 0.5355737189410691 0.41213525390625005 0.5558727213541667
0 0.5118298649958132 0.5236548661488515 0.5104060475107274 0.5037018589980784 0.41142481532741415 0.5162585813908935 0.41284863281249995 0.5362115885416666
0 0.5114551701173514 0.5047127512382638 0.5101922138311972 0.48441119222312684 0.4115856765263458 0.495316605047363 0.4128486328125 0.5156181640624999
0 0.5134208583739712 0.4854502670947937 0.5123912308134084 0.46505873175658724 0.4130079700956871 0.47397988393262686 0.41403759765625 0.4943714192708333
0 0.51081396484375 0.4664654947916666 0.509979075083746 0.44552240410544913 0.411538157114996 0.45249896660544914 0.412373046875 0.4734420572916666
0 0.3777657713592225 0.6845441178191723 0.3756093197512469 0.6638258460074399 0.2529307065951493 0.6865261943341011 0.25508715820312494 0.7072444661458336
0 0.37505569674979866 0.6637511657445908 0.3731276861065238 0.6438852461006876 0.25418429404422516 0.6644071923352636 0.2561123046875 0.6842731119791668
0 0.37421439404484197 0.6438274571718307 0.3725586377248161 0.6254885702613963 0.25507178274247416 0.6443463344437322 0.2567275390625 0.6626852213541666
0 0.3719556390283338 0.6243867160090321 0.3702480002829758 0.6040445411080064 0.254609744067142 0.6213020308281411 0.25631738281249994 0.6416442057291667
0 0.37178800297926146 0.6041204602098461 0.370328125 0.5847620442708333 0.25362728022386355 0.6004078601026538 0.255087158203125 0.6197662760416666
0 0.3714321194078257 0.5830715840848274 0.36988183513144235 0.562696036982328 0.25415186416111657 0.5783500388350006 0.2557021484375 0.5987255859375
0 0.37453207326170856 0.5626516791031893 0.373198974609375 0.5415862630208333 0.2541642158007915 0.5549782037093107 0.255497314453125 0.5760436197916666
0 0.37396036229581847 0.5419643826356071 0.3727615444095295 0.5219889031717108 0.25327310594183605 0.5347374111611037 0.254471923828125 0.554712890625
0 0.37463427734375 0.5208186848958333 0.3732915415410774 0.4980171350260471 0.25302856445312505 0.510607421875 0.2543713002557976 0.5334089717447862
0 0.37196875000000007 0.49950423177083336 0.37094022150684214 0.47836121189306463 0.2507776238505921 0.48875313897639794 0.25180615234375 0.5098961588541667