0 0.6333333333333333 0.48203125 0.39270833333333344 0.48203125 0.39270833333333344 0.50625 0.6333333333333333 0.50625
0 0.3156250000000001 0.43125 0.07083333333333339 0.43125 0.0708333333333334 0.45625 0.3156250000000001 0.45625
0 0.6364583333333333 0.40625 0.39270833333333344 0.40625 0.39270833333333344 0.43125 0.6364583333333333 0.43125
0 0.6322916666666667 0.53125 0.3937500000000001 0.53125 0.3937500000000001 0.55546875 0.6322916666666667 0.55546875
0 0.30833333333333346 0.7 0.06562500000000011 0.7 0.06562500000000011 0.72421875 0.30833333333333346 0.72421875
0 0.959375 0.3687500000000001 0.7135416666666666 0.3687500000000001 0.7135416666666666 0.3945312500000001 0.959375 0.3945312500000001
0 0.9489583333333333 0.46796875 0.7104166666666667 0.46796875 0.7104166666666667 0.49296875 0.9489583333333333 0.49296875
0 0.6385416666666667 0.38125000000000003 0.3937500000000001 0.38125 0.3937500000000001 0.40625 0.6385416666666667 0.40625
0 0.3135416666666668 0.50625 0.07395833333333342 0.50625 0.07395833333333342 0.5296875 0.3135416666666668 0.5296875
0 0.9322916666666666 0.6625 0.6958333333333333 0.6625 0.6958333333333333 0.6859375 0.9322916666666666 0.6859375
0 0.628125 0.63125 0.3854166666666668 0.63125 0.3854166666666668 0.65390625 0.628125 0.65390625
0 0.3072916666666668 0.74921875 0.06562500000000011 0.74921875 0.06562500000000013 0.7734375 0.3072916666666668 0.7734375
0 0.30625000000000013 0.725 0.08020833333333345 0.725 0.08020833333333345 0.7484375 0.30625000000000013 0.7484375
0 0.9375 0.61484375 0.696875 0.61484375 0.696875 0.6375 0.9375 0.6375
0 0.6322916666666667 0.50703125 0.39479166666666676 0.50703125 0.39479166666666676 0.53125 0.6322916666666667 0.53125
0 0.625 0.68046875 0.3854166666666668 0.68046875 0.3854166666666668 0.703125 0.625 0.703125
0 0.9510416666666667 0.44375 0.7114583333333333 0.44375 0.7114583333333333 0.46875 0.9510416666666667 0.46875
0 0.6218750000000003 0.72734375 0.38645833333333346 0.72734375 0.38645833333333346 0.75 0.6218750000000003 0.75
0 0.634375 0.43125 0.39270833333333344 0.43125 0.39270833333333344 0.45625 0.634375 0.45625
0 0.3104166666666668 0.65234375 0.06666666666666679 0.65234375 0.06666666666666679 0.675 0.3104166666666668 0.675
0 0.3135416666666668 0.5546875 0.07395833333333342 0.5546875 0.07395833333333342 0.5796875 0.3135416666666668 0.5796875
0 0.30833333333333346 0.77421875 0.06562500000000013 0.77421875 0.06562500000000013 0.79609375 0.30833333333333346 0.79609375
0 0.93125 0.6859375 0.69375 0.6859375 0.69375 0.71015625 0.93125 0.71015625
0 0.9291666666666668 0.71171875 0.696875 0.71171875 0.6968750000000001 0.734375 0.9291666666666669 0.734375
0 0.6322916666666667 0.55625 0.38958333333333345 0.55625 0.38958333333333345 0.58125 0.6322916666666667 0.58125
0 0.6260416666666667 0.65546875 0.3875000000000001 0.65546875 0.3875000000000001 0.6796875 0.6260416666666667 0.6796875
0 0.628125 0.60625 0.3875000000000001 0.60625 0.3875000000000001 0.63046875 0.628125 0.63046875
0 0.9250000000000003 0.7578125 0.7000000000000003 0.7578125 0.7000000000000003 0.78125 0.9250000000000003 0.78125
0 0.3125000000000001 0.6046875 0.07604166666666676 0.6046875 0.07604166666666676 0.628125 0.3125000000000001 0.628125
0 0.6229166666666668 0.70234375 0.38645833333333346 0.70234375 0.38645833333333346 0.72578125 0.6229166666666669 0.72578125
0 0.9458333333333333 0.49296875 0.7072916666666667 0.49296875 0.7072916666666667 0.51796875 0.9458333333333333 0.51796875
0 0.31458333333333344 0.5796875 0.06875000000000009 0.5796875 0.06875000000000009 0.603125 0.31458333333333344 0.603125
0 0.634375 0.4578125 0.38958333333333345 0.4578125 0.38958333333333345 0.48125 0.634375 0.48125
0 0.6229166666666669 0.775 0.38333333333333347 0.775 0.38333333333333347 0.7984375 0.6229166666666669 0.7984375
0 0.9218750000000002 0.78046875 0.6906250000000003 0.78046875 0.6906250000000003 0.80390625 0.9218750000000002 0.80390625
0 0.6197916666666669 0.7515625 0.3822916666666668 0.7515625 0.3822916666666668 0.77421875 0.6197916666666669 0.77421875
0 0.940625 0.56796875 0.6979166666666666 0.56796875 0.6979166666666666 0.59140625 0.940625 0.59140625
0 0.9291666666666669 0.7328125 0.6937500000000002 0.7328125 0.6937500000000002 0.75625 0.9291666666666669 0.75625
0 0.94375 0.5421875 0.7052083333333333 0.5421875 0.7052083333333333 0.56640625 0.94375 0.56640625
0 0.3177083333333334 0.48046875 0.06875000000000009 0.48046875 0.06875000000000009 0.5046875 0.3177083333333334 0.5046875
0 0.63125 0.58125 0.3916666666666668 0.58125 0.3916666666666668 0.60546875 0.63125 0.60546875
0 0.31458333333333344 0.53046875 0.06875000000000009 0.53046875 0.06875000000000009 0.5546875 0.31458333333333344 0.5546875
0 0.9239583333333335 0.8046875 0.6864583333333336 0.8046875 0.6864583333333336 0.82734375 0.9239583333333335 0.82734375
0 0.9458333333333333 0.51796875 0.70625 0.51796875 0.70625 0.54140625 0.9458333333333333 0.54140625
0 0.9364583333333333 0.63671875 0.696875 0.63671875 0.696875 0.66171875 0.9364583333333333 0.66171875
0 0.9541666666666667 0.41875 0.7125 0.41875 0.7125 0.44375 0.9541666666666667 0.44375
0 0.2968750000000001 0.79921875 0.06875000000000012 0.79921875 0.06875000000000013 0.82109375 0.2968750000000001 0.82109375
0 0.30833333333333346 0.6765625 0.06458333333333344 0.6765625 0.06458333333333345 0.69921875 0.30833333333333346 0.69921875
0 0.6250000000000002 0.8015625 0.3802083333333334 0.8015625 0.3802083333333334 0.821875 0.6250000000000002 0.821875
0 0.9395833333333333 0.5921875 0.7 0.5921875 0.7 0.61484375 0.9395833333333333 0.61484375
0 0.9604166666666667 0.3429687500000001 0.7125 0.3429687500000001 0.7125 0.3671875000000001 0.9604166666666667 0.3671875000000001
0 0.31666666666666676 0.45625 0.06875000000000009 0.45625 0.06875000000000009 0.48046875 0.31666666666666676 0.48046875
0 0.3125000000000001 0.628125 0.06458333333333344 0.628125 0.06458333333333344 0.65078125 0.3125000000000001 0.65078125
0 0.9583333333333334 0.3937500000000001 0.7104166666666667 0.3937500000000001 0.7104166666666667 0.41796875 0.9583333333333334 0.41796875
0 0.6239583333333333 0.35703125 0.39791666666666664 0.35703125 0.39791666666666675 0.37812500000000004 0.6239583333333333 0.3781250000000001
0 0.316144565748261 0.4071830869898031 0.06891035367902751 0.40419811319817267 0.06836995459743327 0.4293751824583697 0.31560416666666674 0.4323601562500001