0 0.9010416666666666 0.59130859375 0.5553385416666669 0.59130859375 0.5553385416666669 0.6240234375 0.9010416666666666 0.6240234375
0 0.4635416666666668 0.74951171875 0.14583333333333345 0.74951171875 0.14583333333333345 0.77783203125 0.4635416666666668 0.77783203125
0 0.8990885416666666 0.62353515625 0.5540364583333335 0.62353515625 0.5540364583333335 0.65673828125 0.8990885416666666 0.65673828125
0 0.46484375000000017 0.71875 0.14322916666666677 0.71875 0.14322916666666677 0.748046875 0.46484375000000017 0.748046875
0 0.4700520833333335 0.779296875 0.1523437500000001 0.779296875 0.15234375000000014 0.80859375 0.4700520833333335 0.80859375
0 0.45898437500000017 0.5615234375 0.13281250000000008 0.5615234375 0.13281250000000008 0.5927734375 0.45898437500000017 0.5927734375
0 0.91015625 0.48828125000000006 0.5553385416666669 0.48828125 0.5553385416666669 0.5244140625 0.91015625 0.5244140625
0 0.908203125 0.5244140625 0.5716145833333335 0.5244140625 0.5716145833333335 0.5556640625 0.908203125 0.5556640625
0 0.4641927083333335 0.65625 0.14322916666666677 0.65625 0.14322916666666677 0.6865234375 0.4641927083333335 0.6865234375
0 0.4596354166666668 0.52734375 0.12174479166666674 0.52734375 0.12174479166666674 0.56005859375 0.4596354166666668 0.56005859375
0 0.46875000000000017 0.80859375 0.15625000000000014 0.80859375 0.15625000000000014 0.83642578125 0.46875000000000017 0.83642578125
0 0.888671875 0.72216796875 0.5598958333333335 0.72216796875 0.5598958333333335 0.75390625 0.888671875 0.75390625
0 0.8821614583333334 0.8134765625 0.5553385416666669 0.8134765625 0.5553385416666669 0.84033203125 0.8821614583333334 0.84033203125
0 0.4602864583333335 0.59375 0.1328125000000001 0.59375 0.1328125000000001 0.6240234375 0.4602864583333335 0.6240234375
0 0.8854166666666666 0.75537109375 0.5592447916666669 0.75537109375 0.5592447916666669 0.78369140625 0.8854166666666666 0.78369140625
0 0.8912760416666666 0.68994140625 0.5579427083333335 0.68994140625 0.5579427083333335 0.72216796875 0.8912760416666666 0.72216796875
0 0.896484375 0.6572265625 0.5572916666666669 0.6572265625 0.5572916666666669 0.69140625 0.896484375 0.69140625
0 0.4615885416666668 0.625 0.14778645833333345 0.625 0.14778645833333345 0.65576171875 0.4615885416666668 0.65576171875
0 0.46484375000000017 0.68798828125 0.14973958333333345 0.68798828125 0.14973958333333345 0.7177734375 0.46484375000000017 0.7177734375
0 0.9049479166666666 0.55615234375 0.5566406250000001 0.55615234375 0.5566406250000001 0.59033203125 0.9049479166666666 0.59033203125
0 0.45703125000000017 0.494140625 0.1341145833333334 0.494140625 0.1341145833333334 0.52587890625 0.45703125000000017 0.52587890625
0 0.8841145833333334 0.78564453125 0.5533854166666669 0.78564453125 0.5533854166666669 0.8115234375 0.8841145833333334 0.8115234375
0 0.45898437500000017 0.46044921875 0.13541666666666674 0.46044921875 0.13541666666666674 0.49267578125 0.45898437500000017 0.49267578125
0 0.9205729166666666 0.38085937500000006 0.5592447916666666 0.380859375 0.5592447916666666 0.41699218750000006 0.9205729166666666 0.4169921875000001
0 0.45898437500000006 0.42578125 0.10872395833333341 0.42578125 0.10872395833333341 0.46142578125 0.45898437500000017 0.46142578125
0 0.92578125 0.34228515625000006 0.5618489583333334 0.34228515625 0.5618489583333334 0.38037109375000006 0.92578125 0.3803710937500001
0 0.916015625 0.45214843750000006 0.5592447916666666 0.4521484375 0.5592447916666667 0.48779296875000006 0.916015625 0.4877929687500001
0 0.9205729166666666 0.41650390625000006 0.5625 0.41650390625 0.5625 0.45068359375000006 0.9205729166666666 0.4506835937500001
0 0.4563802083333333 0.35107421875 0.11848958333333341 0.35107421875 0.11848958333333341 0.38427734375 0.4563802083333333 0.38427734375
0 0.44140625 0.38818359375 0.11132812500000007 0.38818359375 0.11132812500000007 0.42578125 0.44140625 0.42578125
0 0.9251302083333334 0.30322265625000006 0.568359375 0.30322265625 0.568359375 0.33593750000000006 0.9251302083333334 0.3359375000000001
0 0.8862057291666666 0.83898974609375 0.5533831380208335 0.83898974609375 0.5533831380208335 0.869696533203125 0.8862057291666666 0.869696533203125
0 0.4794228515625001 0.8617722167968752 0.4786017718563807 0.831966549905019 0.1532041015625 0.8370087890625002 0.15402518126861936 0.8668144559543565
0 0.45336014522642887 0.3456828346170478 0.45300813802083334 0.310039794921875 0.0934194771694045 0.31203738022670224 0.09377148437499999 0.34768041992187504