0 0.802777777777778 0.49270833333333336 0.28703703703703715 0.49270833333333336 0.28703703703703715 0.525 0.802777777777778 0.525
0 0.7898148148148151 0.6833333333333333 0.2879629629629631 0.6833333333333333 0.2879629629629631 0.7135416666666666 0.7898148148148151 0.7135416666666666
0 0.7833333333333335 0.7729166666666667 0.2879629629629632 0.7729166666666667 0.2879629629629632 0.8052083333333333 0.7833333333333335 0.8052083333333333
0 0.7787037037037039 0.8046875 0.28703703703703726 0.8046875 0.28703703703703726 0.8354166666666667 0.7787037037037039 0.8354166666666667
0 0.7953703703703706 0.5890625 0.2842592592592594 0.5890625 0.2842592592592594 0.6203125 0.7953703703703706 0.6203125
0 0.7944444444444446 0.6208333333333333 0.2842592592592594 0.6208333333333333 0.2842592592592594 0.6520833333333333 0.7944444444444446 0.6520833333333333
0 0.7833333333333335 0.7432291666666667 0.2879629629629632 0.7432291666666667 0.2879629629629632 0.7734375 0.7833333333333335 0.7734375
0 0.8055555555555556 0.39375 0.28703703703703715 0.39375 0.28703703703703715 0.4270833333333333 0.8055555555555556 0.4270833333333333
0 0.812037037037037 0.3255208333333333 0.2842592592592594 0.3255208333333333 0.2842592592592594 0.359375 0.812037037037037 0.359375
0 0.7759259259259261 0.8619791666666666 0.2861111111111113 0.8619791666666666 0.2861111111111113 0.8932291666666666 0.7759259259259261 0.8932291666666666
0 0.8037037037037037 0.4270833333333333 0.28518518518518526 0.4270833333333333 0.28518518518518526 0.4635416666666667 0.8037037037037037 0.4635416666666667
0 0.8027777777777779 0.46145833333333336 0.29074074074074086 0.46145833333333336 0.29074074074074086 0.49322916666666666 0.802777777777778 0.49322916666666666
0 0.7935185185185187 0.6520833333333333 0.28703703703703715 0.6520833333333333 0.28703703703703715 0.6828125 0.7935185185185187 0.6828125
0 0.8083333333333333 0.36041666666666666 0.28518518518518526 0.36041666666666666 0.28518518518518526 0.39375 0.8083333333333333 0.39375
0 0.7722222222222225 0.890625 0.2842592592592595 0.890625 0.2842592592592595 0.921875 0.7722222222222225 0.921875
0 0.8000000000000002 0.5572916666666666 0.2842592592592594 0.5572916666666666 0.2842592592592594 0.5895833333333333 0.8000000000000002 0.5895833333333333
0 0.802777777777778 0.525 0.2861111111111112 0.525 0.2861111111111112 0.55625 0.802777777777778 0.55625
0 0.7787037037037039 0.8338541666666667 0.28703703703703726 0.8338541666666667 0.28703703703703726 0.8635416666666667 0.7787037037037039 0.8635416666666667
0 0.8138888888888889 0.2911458333333333 0.28333333333333344 0.2911458333333333 0.28333333333333344 0.3255208333333333 0.8138888888888889 0.3255208333333333
0 0.7879629629629632 0.7140625 0.28703703703703715 0.7140625 0.2870370370370372 0.7447916666666666 0.7879629629629632 0.7447916666666666
0 0.8166666666666667 0.25364583333333335 0.28518518518518526 0.25364583333333335 0.28518518518518526 0.290625 0.8166666666666667 0.290625
0 0.7731481481481484 0.9213541666666667 0.2861111111111113 0.9213541666666667 0.2861111111111113 0.9515625 0.7731481481481484 0.9515625
0 0.8194444444444444 0.21770833333333336 0.28055555555555556 0.21770833333333334 0.2805555555555556 0.25520833333333337 0.8194444444444444 0.25520833333333337
0 0.8212962962962963 0.14687500000000003 0.2851851851851852 0.146875 0.2851851851851852 0.1854166666666667 0.8212962962962963 0.18541666666666673
0 0.8222222222222222 0.1854166666666667 0.2824074074074074 0.18541666666666667 0.2824074074074074 0.21927083333333336 0.8222222222222222 0.2192708333333334
0 0.8185185185185185 0.11250000000000004 0.2814814814814815 0.11250000000000003 0.2814814814814815 0.14843750000000003 0.8185185185185185 0.14843750000000006