0 0.4736328125000001 0.7506510416666666 0.3212890625000001 0.7506510416666666 0.3212890625000001 0.7734375 0.4736328125000001 0.7734375
0 0.48583984375 0.40234375000000006 0.31201171875 0.40234375 0.31201171875 0.42643229166666674 0.48583984375 0.4264322916666668
0 0.47998046875 0.5325520833333334 0.31787109375 0.5325520833333334 0.31787109375 0.5559895833333334 0.47998046875 0.5559895833333335
0 0.4833984375 0.43033854166666674 0.3115234375 0.4303385416666667 0.3115234375 0.45377604166666674 0.4833984375 0.4537760416666668
0 0.8662109375 0.6569010416666669 0.68701171875 0.6569010416666669 0.68701171875 0.6822916666666666 0.8662109375 0.6822916666666666
0 0.48779296875 0.5058593750000001 0.3173828125 0.505859375 0.3173828125 0.5299479166666667 0.48779296875 0.5299479166666669
0 0.4785156250000001 0.6783854166666666 0.3227539062500001 0.6783854166666666 0.3227539062500001 0.701171875 0.4785156250000001 0.701171875
0 0.8681640625 0.6315104166666669 0.68505859375 0.6315104166666669 0.68505859375 0.6555989583333335 0.8681640625 0.6555989583333335
0 0.66162109375 0.7252604166666666 0.4936523437500001 0.7252604166666666 0.4936523437500001 0.7506510416666666 0.66162109375 0.7506510416666666
0 0.48388671875 0.48046875000000006 0.3173828125 0.48046875 0.3173828125 0.5039062500000001 0.48388671875 0.5039062500000001
0 0.4726562500000001 0.796875 0.3281250000000001 0.796875 0.3281250000000001 0.8209635416666666 0.4726562500000001 0.8209635416666666
0 0.48681640625 0.45312500000000006 0.3134765625 0.453125 0.3134765625 0.47721354166666674 0.48681640625 0.4772135416666668
0 0.8896484375 0.41406250000000017 0.69921875 0.41406250000000017 0.69921875 0.4401041666666668 0.8896484375 0.4401041666666668
0 0.4721679687500001 0.7734375 0.3212890625000001 0.7734375 0.3212890625000001 0.796875 0.4721679687500001 0.796875
0 0.66455078125 0.7513020833333334 0.4897460937500001 0.7513020833333334 0.4897460937500001 0.775390625 0.66455078125 0.775390625
0 0.88134765625 0.4967447916666668 0.6943359375 0.4967447916666668 0.6943359375 0.5227864583333335 0.88134765625 0.5227864583333335
0 0.66162109375 0.775390625 0.4902343750000001 0.775390625 0.4902343750000001 0.798828125 0.66162109375 0.798828125
0 0.87451171875 0.6054687500000001 0.69140625 0.6054687500000001 0.69140625 0.6308593750000001 0.87451171875 0.6308593750000001
0 0.4755859375000001 0.7259114583333334 0.3193359375000001 0.7259114583333334 0.3193359375000001 0.748046875 0.4755859375000001 0.748046875
0 0.87109375 0.5774739583333335 0.69091796875 0.5774739583333335 0.69091796875 0.6022135416666669 0.87109375 0.6022135416666669
0 0.4760742187500001 0.6542968750000001 0.3203125000000001 0.654296875 0.3203125000000001 0.677734375 0.4760742187500001 0.677734375
0 0.478515625 0.5540364583333334 0.3154296875 0.5540364583333334 0.3154296875 0.5768229166666667 0.478515625 0.5768229166666669
0 0.86474609375 0.6809895833333334 0.68359375 0.6809895833333334 0.68359375 0.7057291666666666 0.86474609375 0.7057291666666666
0 0.89306640625 0.35742187500000017 0.705078125 0.35742187500000017 0.705078125 0.3854166666666668 0.89306640625 0.3854166666666668
0 0.88427734375 0.4700520833333335 0.6953125 0.4700520833333335 0.6953125 0.4967447916666668 0.88427734375 0.4967447916666668
0 0.8603515625 0.732421875 0.68359375 0.732421875 0.68359375 0.7578125 0.8603515625 0.7578125
0 0.87890625 0.5240885416666669 0.69287109375 0.5240885416666669 0.69287109375 0.5501302083333335 0.87890625 0.5501302083333335
0 0.4799804687500001 0.6302083333333334 0.3203125000000001 0.6302083333333334 0.3203125000000001 0.6536458333333334 0.4799804687500001 0.6536458333333335
0 0.4731445312500001 0.703125 0.3198242187500001 0.703125 0.3198242187500001 0.7265625 0.4731445312500001 0.7265625
0 0.48095703125000006 0.6041666666666667 0.3154296875 0.6041666666666666 0.31542968750000006 0.6282552083333334 0.4809570312500001 0.6282552083333335
0 0.666015625 0.6953125 0.4877929687500001 0.6953125 0.4877929687500001 0.7239583333333334 0.666015625 0.7239583333333334
0 0.87646484375 0.5514322916666669 0.6904296875 0.5514322916666669 0.6904296875 0.5768229166666669 0.87646484375 0.5768229166666669
0 0.904296875 0.26953125000000017 0.7080078125 0.26953125000000017 0.7080078125 0.2981770833333335 0.904296875 0.2981770833333335
0 0.89892578125 0.32812500000000017 0.70361328125 0.32812500000000017 0.70361328125 0.35546875000000017 0.89892578125 0.35546875000000017
0 0.89990234375 0.29882812500000017 0.70751953125 0.29882812500000017 0.70751953125 0.32617187500000017 0.89990234375 0.32617187500000017
0 0.48095703125000006 0.5820312500000001 0.3173828125 0.58203125 0.31738281250000006 0.6054687500000001 0.4809570312500001 0.6054687500000001
0 0.90576171875 0.23958333333333348 0.7099609375 0.23958333333333348 0.7099609375 0.2682291666666668 0.90576171875 0.2682291666666668
0 0.888671875 0.44335937500000017 0.69775390625 0.44335937500000017 0.69775390625 0.47070312500000017 0.888671875 0.47070312500000017
0 0.890625 0.38671875000000017 0.705078125 0.38671875000000017 0.705078125 0.4134114583333335 0.890625 0.4134114583333335
0 0.90966796875 0.20703125000000014 0.70751953125 0.20703125000000014 0.70751953125 0.23372395833333348 0.90966796875 0.23372395833333348
0 0.86376953125 0.7057291666666666 0.6826171875 0.7057291666666666 0.6826171875 0.7317708333333334 0.86376953125 0.7317708333333334
0 0.6783547363281252 0.5727620442708334 0.49092822265625014 0.5614121093750001 0.49001986982614504 0.5880788356708817 0.67744638349802 0.5994287705667151
0 0.676703125 0.6006204427083334 0.494010498046875 0.5895911458333333 0.4930355418994759 0.6183013148396524 0.6757281688526008 0.6293306117146525
0 0.6757366315156467 0.6263767525895396 0.49489086914062513 0.6113121744791669 0.4935718756007272 0.6394617276059108 0.6744176379757486 0.6545263057162836
0 0.6728774809020273 0.6799683297342879 0.4930102551620308 0.6658649592720894 0.49171215820312514 0.6952965494791669 0.6715793839431217 0.7093999199413652
0 0.47464453125000006 0.8538958333333334 0.31965380859375 0.8338076171874998 0.3177437999041293 0.8600061606462278 0.4727345225603794 0.8800943767920613
0 0.47676414497040626 0.8318104499710214 0.3178925781250001 0.8132607421875001 0.31636346409627625 0.8365430728097487 0.4752350309416824 0.85509278059327
0 0.6667271649824106 0.8092875151297525 0.4915528883350879 0.7926892897702994 0.4901872956183024 0.818310954328047 0.665361572265625 0.8349091796875001
0 0.6645094974142627 0.8329021592942604 0.49092822265625014 0.8150218098958333 0.48953167809188997 0.8391241463359415 0.6631129528499025 0.8570044957343685
0 0.6639776702321516 0.8570709888570857 0.49028100585937506 0.840048828125 0.48884058658849244 0.8661790554302904 0.662537250961269 0.883201216162376
0 0.6637099609374999 0.8819016927083334 0.4904880371093751 0.8602252604166667 0.48832216487065294 0.8909951092068039 0.6615440886987778 0.9126715414984706
0 0.85280078125 0.8850325520833335 0.6744167480468751 0.8674104817708335 0.6728837940609189 0.8949975558715763 0.8512678272640438 0.9126196261840763
0 0.863428883952142 0.7668883850296302 0.6802548828125 0.7486839192708334 0.6787989637453457 0.7747274943315093 0.8619729648849876 0.7929319600903062
0 0.85940771484375 0.7895791015625001 0.682896728515625 0.7768629557291669 0.681764538897782 0.8048020860320784 0.858275525225907 0.8175182318654116
0 0.8590794162384835 0.8147218504750627 0.6828967285156252 0.7979970703125002 0.6815731716521418 0.8227840088999376 0.8577558593750001 0.8395087890625001
0 0.8565819142455798 0.8402812626199513 0.68134182371418 0.82618472621983 0.6803136204061002 0.8489083464123787 0.8555537109375001 0.8630048828125001
0 0.85517927868674 0.8608185966712565 0.6772960973546132 0.8441385055753092 0.6760189182772484 0.8683524609873864 0.8539020996093752 0.8850325520833336
0 0.6716499023437501 0.6542171223958335 0.490490478515625 0.6399918619791668 0.48927998610998097 0.6673975208431676 0.6704394099381061 0.6816227812598344