0 0.7701330677083333 0.05287825000000004 0.1856919340277778 0.045834146484375 0.18403354534672603 0.08936993588036449 0.7684746790272815 0.09641403939598954
0 0.7670844335329774 0.09729142273365125 0.18320753906250004 0.08847203027343752 0.18136613106196575 0.1270445224591949 0.7652430255324432 0.13586391491940866
0 0.7606782751736111 0.1364820649414063 0.18837826215277778 0.12882310546875003 0.18678352630655615 0.16652713737233352 0.7590835393273895 0.17418609684498979
0 0.765730046875 0.17198021435546879 0.19229792100694454 0.16662482373046877 0.19110688959250008 0.2069762728783784 0.7645390154605556 0.2123316635033784
0 0.7613564149305556 0.21020902587890633 0.19965500260416671 0.20574218554687507 0.19871397540450383 0.24318360604389488 0.7604153877308928 0.24765044637592615
0 0.7596920269097223 0.24763294726562501 0.20168737500000006 0.24462312402343753 0.20104777223581652 0.2821422068714782 0.7590524241455386 0.2851520301136657
0 0.7578809678819446 0.28393015673828126 0.20288761631944452 0.2802974360351563 0.20211315215090295 0.3177345321657369 0.757106503713403 0.32136725286886186
0 0.7545104774305558 0.3201060966796875 0.20515695572916673 0.316639634765625 0.2044372517252126 0.3527277708999482 0.7537907734266016 0.3561942328140107
0 0.7465101284722223 0.35741829199218755 0.20861321614583342 0.3523804526367188 0.20759545418532324 0.38676362979309276 0.7454923665117121 0.3918014691485615
0 0.7423666119791669 0.3897532226562501 0.21117776128472232 0.38554950292968754 0.21027185059701262 0.4217692685064846 0.7414607012914571 0.4259729882330472
0 0.7345888932291667 0.4246712294921875 0.21349278125000007 0.42140140771484375 0.21283901435357377 0.45436706434164176 0.7339351263327404 0.4576368861189855
0 0.7350347586805556 0.457685166015625 0.21148659461805563 0.4550720859374999 0.21096362187900924 0.48822548236185975 0.7345117859415091 0.4908385624399848
0 0.7331286571180555 0.48890548144531243 0.2141694184027779 0.4869716381835937 0.21374900293657953 0.5226689665594045 0.7327082416518572 0.5246028098211233
0 0.7313979508784624 0.5511012276297869 0.7313590052083333 0.5200374072265624 0.2154869263983871 0.5202420476334298 0.21552587206851617 0.5513058680366543
0 0.7332953033190183 0.5821851728651071 0.7331131573005313 0.5509508383762498 0.21490563975694443 0.5519070107421875 0.21508778577543136 0.5831413452310448
0 0.7267312465963547 0.6126982872687657 0.726718953125 0.5833352124023438 0.21871650614507765 0.583402507566827 0.21872879961643232 0.612765582433249
0 0.7259803160584375 0.6419149295619067 0.7257465243535259 0.6112427029576913 0.21831177430555554 0.6124664990234374 0.21854556601046715 0.6431387256276527
0 0.7206155819407494 0.6724423607967782 0.7200348346877609 0.6404909713553912 0.22448321701388896 0.6433408828125001 0.22506396426687741 0.6752922722538871
0 0.7240438318863118 0.7011286979575699 0.7235504609375 0.6719407587890625 0.2240121924192437 0.6746124358314926 0.22450556336805555 0.703800375
0 0.7196844527839087 0.7310631643412387 0.7188457383971342 0.7010066681573979 0.23228269965277779 0.705302625 0.2331214140395523 0.7353591211838408
0 0.7208476381942184 0.7576971844209155 0.7199242543402778 0.7290590141601564 0.23172175858107233 0.7340396186804639 0.23264514243501294 0.762677788941223
0 0.718193339372694 0.7848501245845094 0.7171949645575949 0.7555140302626563 0.23390588368055557 0.7607181030273438 0.23490425849565463 0.7900541973491969
0 0.7158385104940798 0.8147074956008287 0.7146422552083334 0.7844359526367186 0.2352915530894484 0.7904295523276846 0.23648780837519492 0.8207010952917947
0 0.7150168393033036 0.8403960425871636 0.7136871192760943 0.8129120543142474 0.2385442083333334 0.8201856601562503 0.2398739283605427 0.8476696484291665
0 0.7161048348186534 0.8684169235854655 0.7147175677083334 0.8395407885742187 0.23916734798524159 0.846769526278017 0.24055461509556178 0.8756456612892639
0 0.7180874282663234 0.8949794883012621 0.7170428958333335 0.8691757363281251 0.23902868201478478 0.8752981819268557 0.2400732144477748 0.9011019338999927
0 0.7125894720631852 0.9152090990836171 0.7113803971320779 0.8915753905065098 0.24136333767361112 0.8991835571289063 0.2425724126047185 0.9228172657060136