0 0.638671875 0.36621093750000006 0.5065104166666666 0.3662109375 0.5065104166666666 0.38281250000000006 0.638671875 0.3828125000000001
0 0.6529947916666669 0.49072265625000006 0.5169270833333335 0.49072265625 0.5169270833333335 0.5078125 0.6529947916666669 0.5078125
0 0.48242187500000017 0.63720703125 0.34375000000000017 0.63720703125 0.34375000000000017 0.65576171875 0.48242187500000017 0.65576171875
0 0.6458333333333334 0.42089843750000006 0.51171875 0.4208984375 0.51171875 0.43798828125000006 0.6458333333333334 0.4379882812500001
0 0.8111979166666666 0.3754882812500001 0.6803385416666666 0.3754882812500001 0.6803385416666666 0.3920898437500001 0.8111979166666666 0.3920898437500001
0 0.4654947916666667 0.40478515625 0.3372395833333333 0.40478515625 0.3372395833333333 0.42041015625 0.4654947916666667 0.42041015625
0 0.2962239583333334 0.4638671875 0.15820312500000008 0.4638671875 0.15820312500000008 0.482421875 0.2962239583333334 0.482421875
0 0.4680989583333335 0.4580078125 0.3404947916666668 0.4580078125 0.3404947916666668 0.47509765625 0.4680989583333335 0.47509765625
0 0.29492187500000006 0.4501953125 0.15690104166666674 0.4501953125 0.15690104166666674 0.4677734375 0.29492187500000006 0.4677734375
0 0.4837239583333335 0.6513671875 0.3430989583333335 0.6513671875 0.3430989583333335 0.6708984375 0.4837239583333335 0.6708984375
0 0.4739583333333335 0.525390625 0.3430989583333335 0.525390625 0.3430989583333335 0.54248046875 0.4739583333333335 0.54248046875
0 0.29752604166666674 0.5751953125 0.16276041666666677 0.5751953125 0.16276041666666677 0.5927734375 0.29752604166666674 0.5927734375
0 0.29947916666666674 0.61767578125 0.16276041666666677 0.61767578125 0.16276041666666677 0.63623046875 0.29947916666666674 0.63623046875
0 0.30078125000000006 0.6318359375 0.16341145833333345 0.6318359375 0.16341145833333345 0.64990234375 0.30078125000000006 0.64990234375
0 0.6529947916666669 0.47607421875000006 0.5149739583333335 0.47607421875 0.5149739583333335 0.49414062500000006 0.6529947916666669 0.4941406250000001
0 0.8313802083333334 0.537109375 0.6927083333333334 0.537109375 0.6927083333333334 0.55517578125 0.8313802083333334 0.55517578125
0 0.2981770833333334 0.51904296875 0.1614583333333334 0.51904296875 0.1614583333333334 0.53662109375 0.2981770833333334 0.53662109375
0 0.8235677083333334 0.4692382812500001 0.6888020833333334 0.4692382812500001 0.6888020833333334 0.4863281250000001 0.8235677083333334 0.4863281250000001
0 0.29361979166666674 0.41015625 0.15625000000000008 0.41015625 0.15625000000000008 0.427734375 0.29361979166666674 0.427734375
0 0.462890625 0.3642578125 0.333984375 0.3642578125 0.333984375 0.38134765625 0.462890625 0.38134765625
0 0.29752604166666674 0.505859375 0.16080729166666674 0.505859375 0.16080729166666674 0.5234375 0.29752604166666674 0.5234375
0 0.4661458333333333 0.4306640625 0.3385416666666667 0.4306640625 0.3385416666666667 0.44775390625 0.4661458333333333 0.44775390625
0 0.3014322916666668 0.6748046875 0.16080729166666677 0.6748046875 0.16080729166666677 0.69384765625 0.3014322916666668 0.69384765625
0 0.2942708333333334 0.39697265625 0.1575520833333334 0.39697265625 0.1575520833333334 0.41357421875 0.2942708333333334 0.41357421875
0 0.833984375 0.56396484375 0.6946614583333334 0.56396484375 0.6946614583333334 0.5830078125 0.833984375 0.5830078125
0 0.48632812500000017 0.68115234375 0.3470052083333335 0.68115234375 0.3470052083333335 0.69970703125 0.48632812500000017 0.69970703125
0 0.29882812500000006 0.58935546875 0.16276041666666677 0.58935546875 0.16276041666666677 0.607421875 0.29882812500000006 0.607421875
0 0.8294270833333334 0.4956054687500001 0.6907552083333334 0.4956054687500001 0.6907552083333334 0.51318359375 0.8294270833333334 0.51318359375
0 0.4895833333333335 0.6962890625 0.3489583333333335 0.6962890625 0.3489583333333335 0.71533203125 0.4895833333333335 0.71533203125
0 0.30143229166666674 0.646484375 0.16276041666666677 0.646484375 0.16276041666666677 0.66455078125 0.30143229166666674 0.66455078125
0 0.4720052083333335 0.498046875 0.34179687500000017 0.498046875 0.34179687500000017 0.51416015625 0.4720052083333335 0.51416015625
0 0.30143229166666674 0.66064453125 0.1621093750000001 0.66064453125 0.1621093750000001 0.6787109375 0.30143229166666674 0.6787109375
0 0.46679687500000006 0.44482421875 0.3391927083333333 0.44482421875 0.3391927083333334 0.46142578125 0.46679687500000017 0.46142578125
0 0.6471354166666666 0.43457031250000006 0.5130208333333334 0.4345703125 0.5130208333333334 0.45214843750000006 0.6471354166666666 0.4521484375000001
0 0.8131510416666666 0.3891601562500001 0.681640625 0.3891601562500001 0.681640625 0.4062500000000001 0.8131510416666666 0.4062500000000001
0 0.4694010416666668 0.47119140625 0.3411458333333335 0.47119140625 0.3411458333333335 0.48779296875 0.4694010416666668 0.48779296875
0 0.8294270833333334 0.5234375 0.693359375 0.5234375 0.693359375 0.54150390625 0.8294270833333334 0.54150390625
0 0.47656250000000017 0.552734375 0.34179687500000017 0.552734375 0.34179687500000017 0.5703125 0.47656250000000017 0.5703125
0 0.4811197916666668 0.62353515625 0.3444010416666668 0.62353515625 0.3444010416666668 0.64208984375 0.4811197916666668 0.64208984375
0 0.29687500000000006 0.546875 0.1634114583333334 0.546875 0.1634114583333334 0.56494140625 0.29687500000000006 0.56494140625
0 0.640625 0.39355468750000006 0.5071614583333334 0.3935546875 0.5071614583333334 0.41113281250000006 0.640625 0.4111328125000001
0 0.8177083333333334 0.4287109375000001 0.685546875 0.4287109375000001 0.685546875 0.4458007812500001 0.8177083333333334 0.4458007812500001
0 0.6399739583333334 0.37988281250000006 0.5071614583333334 0.3798828125 0.5071614583333334 0.39746093750000006 0.6399739583333334 0.3974609375000001
0 0.8248697916666666 0.4819335937500001 0.6888020833333334 0.4819335937500001 0.6888020833333334 0.5 0.8248697916666666 0.5
0 0.4700520833333335 0.484375 0.3411458333333335 0.484375 0.3411458333333335 0.501953125 0.4700520833333335 0.501953125
0 0.8072916666666666 0.3623046875000001 0.6783854166666666 0.3623046875000001 0.6783854166666666 0.3789062500000001 0.8072916666666666 0.3789062500000001
0 0.8203125 0.4550781250000001 0.6881510416666666 0.4550781250000001 0.6881510416666666 0.4731445312500001 0.8203125 0.4731445312500001
0 0.4778645833333335 0.56591796875 0.33984375000000017 0.56591796875 0.33984375000000017 0.583984375 0.4778645833333335 0.583984375
0 0.4635416666666667 0.39111328125 0.3365885416666667 0.39111328125 0.3365885416666667 0.40771484375 0.4635416666666667 0.40771484375
0 0.29752604166666674 0.4921875 0.16080729166666674 0.4921875 0.16080729166666674 0.51025390625 0.29752604166666674 0.51025390625
0 0.29752604166666674 0.560546875 0.16210937500000008 0.560546875 0.16210937500000008 0.5791015625 0.29752604166666674 0.5791015625
0 0.4654947916666667 0.41796875 0.3372395833333333 0.41796875 0.3372395833333333 0.43408203125 0.4654947916666667 0.43408203125
0 0.8307291666666666 0.50927734375 0.6927083333333334 0.50927734375 0.6927083333333334 0.52734375 0.8307291666666666 0.52734375
0 0.6503906250000001 0.46289062500000006 0.5143229166666669 0.462890625 0.5143229166666669 0.48046875000000006 0.6503906250000001 0.4804687500000001
0 0.3040364583333335 0.689453125 0.16276041666666677 0.689453125 0.16276041666666677 0.708984375 0.3040364583333335 0.708984375
0 0.2942708333333334 0.42333984375 0.15885416666666674 0.42333984375 0.15885416666666674 0.4404296875 0.2942708333333334 0.4404296875
0 0.4817708333333335 0.60888671875 0.3450520833333335 0.60888671875 0.3450520833333335 0.62744140625 0.4817708333333335 0.62744140625
0 0.4791666666666668 0.59423828125 0.3424479166666668 0.59423828125 0.3424479166666668 0.6123046875 0.4791666666666668 0.6123046875
0 0.8333333333333334 0.55078125 0.6946614583333334 0.55078125 0.6946614583333334 0.5693359375 0.8333333333333334 0.5693359375
0 0.6497395833333334 0.44824218750000006 0.513671875 0.4482421875 0.5136718750000001 0.46630859375000006 0.6497395833333335 0.4663085937500001
0 0.29296875000000006 0.3828125 0.1575520833333334 0.3828125 0.1575520833333334 0.400390625 0.29296875000000006 0.400390625
0 0.6373697916666666 0.35351562500000006 0.505859375 0.353515625 0.505859375 0.36962890625000006 0.6373697916666666 0.3696289062500001
0 0.29752604166666674 0.53271484375 0.16276041666666674 0.53271484375 0.16276041666666674 0.55078125 0.29752604166666674 0.55078125
0 0.8177083333333334 0.4414062500000001 0.6861979166666666 0.4414062500000001 0.6861979166666666 0.4584960937500001 0.8177083333333334 0.4584960937500001
0 0.63671875 0.33789062500000006 0.5032552083333334 0.337890625 0.5032552083333334 0.35546875000000006 0.63671875 0.3554687500000001
0 0.8151041666666666 0.4155273437500001 0.68359375 0.4155273437500001 0.68359375 0.4326171875000001 0.8151041666666666 0.4326171875000001
0 0.4622395833333333 0.3779296875 0.3346354166666667 0.3779296875 0.3346354166666667 0.39453125 0.4622395833333333 0.39453125
0 0.29557291666666674 0.4365234375 0.1575520833333334 0.4365234375 0.1575520833333334 0.4541015625 0.29557291666666674 0.4541015625
0 0.64453125 0.40673828125000006 0.5084635416666666 0.40673828125 0.5084635416666666 0.42480468750000006 0.64453125 0.4248046875000001
0 0.4752604166666668 0.5390625 0.3411458333333335 0.5390625 0.3411458333333335 0.556640625 0.4752604166666668 0.556640625
0 0.8131510416666666 0.4023437500000001 0.6822916666666666 0.4023437500000001 0.6822916666666666 0.4194335937500001 0.8131510416666666 0.4194335937500001
0 0.4850260416666668 0.66650390625 0.3450520833333335 0.66650390625 0.3450520833333335 0.68505859375 0.4850260416666668 0.68505859375
0 0.4739583333333335 0.51171875 0.3411458333333335 0.51171875 0.3411458333333335 0.529296875 0.4739583333333335 0.529296875
0 0.47851562500000017 0.580078125 0.34179687500000017 0.580078125 0.34179687500000017 0.59814453125 0.47851562500000017 0.59814453125
0 0.8072916666666666 0.3481445312500001 0.6770833333333334 0.3481445312500001 0.6770833333333334 0.3657226562500001 0.8072916666666666 0.3657226562500001
0 0.2981770833333334 0.60302734375 0.1621093750000001 0.60302734375 0.1621093750000001 0.6220703125 0.2981770833333334 0.6220703125
0 0.29296875000000006 0.35595703125 0.15625000000000008 0.35595703125 0.15625000000000008 0.373046875 0.29296875000000006 0.373046875
0 0.2981770833333334 0.47802734375 0.16080729166666674 0.47802734375 0.16080729166666674 0.49560546875 0.2981770833333334 0.49560546875
0 0.8059895833333334 0.3354492187500001 0.6751302083333334 0.3354492187500001 0.6751302083333334 0.3525390625000001 0.8059895833333334 0.3525390625000001
0 0.4622395833333333 0.3515625 0.3333333333333333 0.3515625 0.3333333333333333 0.36669921875 0.4622395833333333 0.36669921875
0 0.6542968750000001 0.50439453125 0.5156250000000001 0.50439453125 0.5156250000000001 0.52392578125 0.6542968750000001 0.52392578125
0 0.29296875000000006 0.3701171875 0.15625000000000008 0.3701171875 0.15625000000000008 0.38671875 0.29296875000000006 0.38671875
0 0.8352864583333334 0.57958984375 0.69140625 0.57958984375 0.69140625 0.59716796875 0.8352864583333334 0.59716796875