0 0.8495572916666667 0.12037182617187503 0.25897395833333337 0.11406494140625 0.25759185419454966 0.15501477221988072 0.8481751875278829 0.16132165698550574
0 0.8407452256944444 0.16210009765625003 0.2646675989909751 0.15666953694355518 0.26349650028496163 0.1959769886952054 0.8395741269884309 0.20140754940790026
0 0.8370737847222223 0.20341528320312507 0.2630846354166667 0.19697607421875 0.26177822487487123 0.23382254459924642 0.8357673741804268 0.2402617535836215
0 0.8334019097222221 0.241375732421875 0.2630846354166667 0.23496337890625 0.2617893792673128 0.2714135679711126 0.8321066535728682 0.2778259214867376
0 0.8260590277777778 0.28186450195312507 0.2630846354166667 0.27427197265625 0.26167283354089804 0.3073943097370593 0.8246472259020092 0.3149868390339344
0 0.8201844618055555 0.3177841796875 0.26425911458333334 0.31126806640625 0.2630636027711625 0.3435401328655609 0.8189889499933848 0.3500562461468109
0 0.8165125868055556 0.3528525390625 0.2624973958333334 0.34661279296875 0.2612745904257397 0.380965198937419 0.8152897813979618 0.387204945031169
0 0.8099040798611112 0.38918530273437507 0.26425911458333345 0.382948486328125 0.26318222647251904 0.4127585448218243 0.8088271917502968 0.41899536122807435
0 0.8040295138888889 0.42347680664062504 0.26778255208333335 0.415980712890625 0.2664117033870659 0.4470094723100887 0.8026586651926214 0.45450556606008874
0 0.7981549479166667 0.458132080078125 0.2654335937500001 0.451325439453125 0.2641135885946864 0.48401341055298186 0.796834942761353 0.4908200511779819
0 0.7922803819444445 0.4915974121093751 0.2648463541666668 0.48270605468750005 0.2632775527362727 0.5121511596423952 0.7907115805140504 0.5210425170642703
0 0.7900772569444446 0.522583740234375 0.26778255208333346 0.5167294921875 0.26674235815081204 0.5460927252976396 0.7890370630119232 0.5519469733445147
0 0.7864058159722221 0.556412841796875 0.2681082499667549 0.5507500721583611 0.26712285175415995 0.5792869921878655 0.7854204177596272 0.5849497618263794
0 0.7812656250000002 0.5873745117187501 0.26543359375000014 0.5801516113281251 0.26409878557354083 0.6103136430887389 0.7799308168235409 0.6175365434793639
0 0.7797968750000002 0.618336181640625 0.26719531250000017 0.612853759765625 0.2661885696770805 0.6426369400073112 0.7787901321770806 0.6481193618823112
0 0.7730796643889021 0.6501586656571893 0.2648463541666668 0.64225244140625 0.2634858738055425 0.6699238538740607 0.7717191840277777 0.677830078125
0 0.7702508680555556 0.67987109375 0.26602083333333343 0.671981689453125 0.2646507744977887 0.6996873666688708 0.7688808092200108 0.7075767709657458
0 0.7364717881944446 0.90615478515625 0.25916449652777795 0.892520751953125 0.2565117886133679 0.9219045688024735 0.7338190802800346 0.9355386020055986
0 0.7379405381944447 0.8784736328125001 0.25626654860661824 0.8657777395744091 0.2540638576343961 0.8922193899650339 0.7357378472222226 0.904915283203125
0 0.742949079965999 0.8516592536552356 0.25662500000000016 0.838795166015625 0.25435101207149863 0.8659958604785061 0.7406750920374975 0.8788599481181167
0 0.7445494791666668 0.82357373046875 0.2572122395833335 0.8126994628906249 0.25534352592972576 0.8391977252682782 0.7426807655130591 0.8500719928464033
0 0.7533559732284186 0.7947204239865522 0.2583867187500002 0.7826401367187501 0.25618916566047073 0.811129673669698 0.7511584201388892 0.8232099609375001
0 0.7518927951388891 0.7633029785156251 0.26272867470727035 0.7524433775821083 0.2605255497072703 0.7838430357852332 0.749689670138889 0.79470263671875
0 0.7629075520833335 0.7360349121093749 0.26191015625000014 0.7268154296874999 0.26017798416027094 0.7565981949098609 0.7611753799936042 0.7658176773317359
0 0.7636419270833334 0.7062880859375 0.2654335937500002 0.697746826171875 0.2637290634937246 0.7292053851774918 0.7619373968270579 0.7377466449431168