0 0.751953125 0.08463541666666675 0.53759765625 0.08463541666666674 0.53759765625 0.1132812500000001 0.751953125 0.11328125000000011
0 0.96142578125 0.8548177083333335 0.763671875 0.8548177083333334 0.763671875 0.8860677083333335 0.96142578125 0.8860677083333336
0 0.97900390625 0.11132812500000012 0.7724609375 0.11132812500000011 0.7724609375 0.1412760416666668 0.97900390625 0.14127604166666682
0 0.53076171875 0.49869791666666674 0.31982421875 0.4986979166666667 0.31982421875 0.5299479166666667 0.53076171875 0.5299479166666669
0 0.7470703125 0.8268229166666666 0.55224609375 0.8268229166666666 0.55224609375 0.853515625 0.7470703125 0.853515625
0 0.97021484375 0.20768229166666682 0.77392578125 0.20768229166666682 0.77392578125 0.23632812500000014 0.97021484375 0.23632812500000014
0 0.74755859375 0.6158854166666669 0.55029296875 0.6158854166666669 0.55029296875 0.6438802083333335 0.74755859375 0.6438802083333335
0 0.75048828125 0.7063802083333334 0.546875 0.7063802083333334 0.546875 0.7350260416666666 0.75048828125 0.7350260416666666
0 0.30908203125 0.5651041666666666 0.10791015625000006 0.5651041666666666 0.10791015625000006 0.5950520833333334 0.30908203125 0.5950520833333334
0 0.30322265625000006 0.5963541666666666 0.10595703125000006 0.5963541666666666 0.10595703125000006 0.6263020833333334 0.3032226562500001 0.6263020833333334
0 0.748046875 0.6744791666666666 0.55029296875 0.6744791666666666 0.55029296875 0.7037760416666666 0.748046875 0.7037760416666666
0 0.74560546875 0.2799479166666668 0.54248046875 0.27994791666666674 0.54248046875 0.3092447916666668 0.74560546875 0.3092447916666668
0 0.751953125 0.4309895833333335 0.5458984375 0.4309895833333335 0.5458984375 0.4602864583333335 0.751953125 0.4602864583333335
0 0.7509765625 0.46289062500000017 0.54638671875 0.46289062500000017 0.54638671875 0.49218750000000017 0.7509765625 0.49218750000000017
0 0.96337890625 0.6718750000000001 0.76708984375 0.671875 0.76708984375 0.6985677083333335 0.96337890625 0.6985677083333336
0 0.52880859375 0.5273437500000001 0.3232421875 0.52734375 0.3232421875 0.5579427083333334 0.52880859375 0.5579427083333335
0 0.966796875 0.6100260416666669 0.76806640625 0.6100260416666669 0.76806640625 0.6380208333333335 0.966796875 0.6380208333333335
0 0.751953125 0.3066406250000001 0.54248046875 0.30664062500000006 0.54248046875 0.33593750000000017 0.751953125 0.33593750000000017
0 0.5361328125 0.5911458333333334 0.326171875 0.5911458333333334 0.32617187500000006 0.6204427083333334 0.5361328125 0.6204427083333335
0 0.96630859375 0.6399739583333335 0.76904296875 0.6399739583333335 0.76904296875 0.6686197916666669 0.96630859375 0.668619791666667
0 0.7490234375 0.3385416666666668 0.54833984375 0.3385416666666668 0.54833984375 0.3678385416666668 0.7490234375 0.3678385416666668
0 0.74755859375 0.796875 0.5478515625 0.796875 0.5478515625 0.8235677083333334 0.74755859375 0.8235677083333334
0 0.7509765625 0.4934895833333335 0.54931640625 0.4934895833333335 0.54931640625 0.5221354166666669 0.7509765625 0.5221354166666669
0 0.30810546875 0.5345052083333334 0.10839843750000006 0.5345052083333334 0.10839843750000006 0.564453125 0.30810546875 0.564453125
0 0.74755859375 0.40039062500000017 0.5458984375 0.40039062500000017 0.5458984375 0.42968750000000017 0.74755859375 0.42968750000000017
0 0.75048828125 0.7662760416666666 0.55078125 0.7662760416666666 0.55078125 0.7936197916666666 0.75048828125 0.7936197916666666
0 0.75 0.1171875000000001 0.54931640625 0.11718750000000007 0.54931640625 0.14713541666666677 0.75 0.14713541666666677
0 0.96533203125 0.7024739583333335 0.7666015625 0.7024739583333334 0.7666015625 0.7291666666666669 0.96533203125 0.729166666666667
0 0.74951171875 0.736328125 0.548828125 0.736328125 0.548828125 0.763671875 0.74951171875 0.763671875
0 0.7509765625 0.5247395833333335 0.55322265625 0.5247395833333335 0.55322265625 0.5533854166666669 0.7509765625 0.5533854166666669
0 0.53271484375 0.6542968750000001 0.3237304687500001 0.654296875 0.3237304687500001 0.6829427083333334 0.53271484375 0.6829427083333334
0 0.3085937500000001 0.7493489583333334 0.11425781250000006 0.7493489583333334 0.11425781250000007 0.7766927083333334 0.3085937500000001 0.7766927083333334
0 0.7490234375 0.6451822916666669 0.55029296875 0.6451822916666669 0.55029296875 0.6744791666666666 0.7490234375 0.6744791666666666
0 0.3081054687500001 0.6575520833333334 0.11181640625000006 0.6575520833333334 0.11181640625000006 0.6861979166666666 0.3081054687500001 0.6861979166666666
0 0.74658203125 0.36914062500000017 0.548828125 0.36914062500000017 0.548828125 0.39843750000000017 0.74658203125 0.39843750000000017
0 0.31103515625 0.31575520833333337 0.09570312500000003 0.3157552083333333 0.09570312500000003 0.345703125 0.31103515625 0.345703125
0 0.3046875 0.4733072916666667 0.10449218750000006 0.4733072916666667 0.10449218750000006 0.50390625 0.3046875 0.50390625
0 0.74658203125 0.24479166666666677 0.5478515625 0.24479166666666674 0.5478515625 0.2740885416666668 0.74658203125 0.2740885416666668
0 0.75390625 0.8515625 0.55126953125 0.8515625 0.55126953125 0.8841145833333334 0.75390625 0.8841145833333334
0 0.96533203125 0.7623697916666669 0.767578125 0.7623697916666666 0.767578125 0.7903645833333335 0.96533203125 0.7903645833333336
0 0.74853515625 0.14713541666666677 0.54736328125 0.14713541666666674 0.54736328125 0.17708333333333345 0.74853515625 0.17708333333333348
0 0.53564453125 0.7799479166666666 0.3305664062500001 0.7799479166666666 0.3305664062500001 0.8072916666666666 0.53564453125 0.8072916666666666
0 0.3105468750000001 0.7180989583333334 0.11279296875000006 0.7180989583333334 0.11279296875000006 0.7454427083333334 0.3105468750000001 0.7454427083333334
0 0.3071289062500001 0.6881510416666666 0.11230468750000006 0.6881510416666666 0.11230468750000006 0.7154947916666666 0.3071289062500001 0.7154947916666666
0 0.9638671875 0.7324218750000001 0.77001953125 0.732421875 0.77001953125 0.7604166666666669 0.9638671875 0.760416666666667
0 0.74755859375 0.2128906250000001 0.54443359375 0.21289062500000008 0.54443359375 0.24283854166666677 0.74755859375 0.24283854166666682
0 0.9697265625 0.30078125000000017 0.7724609375 0.30078125000000017 0.7724609375 0.3313802083333335 0.9697265625 0.3313802083333335
0 0.966796875 0.4876302083333335 0.76904296875 0.4876302083333335 0.76904296875 0.5169270833333335 0.966796875 0.5169270833333335
0 0.30615234375 0.5052083333333334 0.10546875000000006 0.5052083333333334 0.10546875000000006 0.5345052083333334 0.30615234375 0.5345052083333334
0 0.96533203125 0.5781250000000001 0.76708984375 0.5781250000000001 0.76708984375 0.6061197916666669 0.96533203125 0.6061197916666669
0 0.3076171875 0.3489583333333333 0.09912109375000003 0.3489583333333333 0.09912109375000003 0.3795572916666667 0.3076171875 0.3795572916666667
0 0.3090820312500001 0.6276041666666666 0.11035156250000006 0.6276041666666666 0.11035156250000006 0.6549479166666666 0.3090820312500001 0.6549479166666666
0 0.7509765625 0.18033854166666677 0.5458984375 0.18033854166666674 0.5458984375 0.2109375000000001 0.7509765625 0.21093750000000014
0 0.533203125 0.5598958333333334 0.326171875 0.5598958333333334 0.326171875 0.5891927083333334 0.533203125 0.5891927083333335
0 0.96630859375 0.4563802083333335 0.7724609375 0.4563802083333335 0.7724609375 0.48632812500000017 0.96630859375 0.48632812500000017
0 0.75146484375 0.5553385416666669 0.552734375 0.5553385416666669 0.552734375 0.5846354166666669 0.75146484375 0.5846354166666669
0 0.53076171875 0.6217447916666667 0.3232421875000001 0.6217447916666666 0.3232421875000001 0.6510416666666667 0.53076171875 0.6510416666666669
0 0.96435546875 0.5481770833333335 0.76806640625 0.5481770833333335 0.76806640625 0.5781250000000001 0.96435546875 0.5781250000000001
0 0.7470703125 0.5865885416666669 0.55029296875 0.5865885416666669 0.55029296875 0.6139322916666669 0.7470703125 0.6139322916666669
0 0.96630859375 0.7916666666666669 0.76513671875 0.7916666666666666 0.76513671875 0.8203125000000001 0.96630859375 0.8203125000000003
0 0.3076171875000001 0.7799479166666666 0.11035156250000008 0.7799479166666666 0.11035156250000008 0.8072916666666666 0.3076171875000001 0.8072916666666666
0 0.96923828125 0.4264322916666668 0.771484375 0.4264322916666668 0.771484375 0.45507812500000017 0.96923828125 0.45507812500000017
0 0.97412109375 0.23763020833333348 0.7724609375 0.23763020833333348 0.7724609375 0.2688802083333335 0.97412109375 0.2688802083333335
0 0.97119140625 0.26953125000000017 0.7705078125 0.26953125000000017 0.7705078125 0.3001302083333335 0.97119140625 0.3001302083333335
0 0.97265625 0.14648437500000014 0.7724609375 0.1464843750000001 0.7724609375 0.17708333333333348 0.97265625 0.17708333333333348
0 0.96533203125 0.8216145833333335 0.76708984375 0.8216145833333334 0.76708984375 0.8489583333333335 0.96533203125 0.8489583333333336
0 0.533203125 0.8079427083333334 0.3281250000000001 0.8079427083333334 0.3281250000000001 0.8365885416666666 0.533203125 0.8365885416666666
0 0.96875 0.3645833333333335 0.77001953125 0.3645833333333335 0.77001953125 0.3938802083333335 0.96875 0.3938802083333335
0 0.3100585937500001 0.8092447916666666 0.11572265625000008 0.8092447916666666 0.11572265625000008 0.837890625 0.3100585937500001 0.837890625
0 0.533203125 0.685546875 0.3266601562500001 0.685546875 0.3266601562500001 0.7141927083333334 0.533203125 0.7141927083333334
0 0.5380859375 0.83984375 0.3291015625000001 0.83984375 0.3291015625000001 0.8684895833333334 0.5380859375 0.8684895833333334
0 0.96826171875 0.33203125000000017 0.771484375 0.33203125000000017 0.771484375 0.3619791666666668 0.96826171875 0.3619791666666668
0 0.533203125 0.7473958333333334 0.3295898437500001 0.7473958333333334 0.3295898437500001 0.7760416666666666 0.533203125 0.7760416666666666
0 0.966796875 0.3958333333333335 0.77294921875 0.3958333333333335 0.77294921875 0.4251302083333335 0.966796875 0.4251302083333335
0 0.3056640625 0.4108072916666667 0.10351562500000003 0.4108072916666667 0.10351562500000003 0.4407552083333333 0.3056640625 0.4407552083333333
0 0.97265625 0.17773437500000014 0.77490234375 0.17773437500000014 0.77490234375 0.20703125000000014 0.97265625 0.20703125000000014
0 0.96533203125 0.5182291666666669 0.76708984375 0.5182291666666669 0.76708984375 0.5462239583333335 0.96533203125 0.5462239583333335
0 0.302734375 0.4420572916666667 0.10498046875000003 0.4420572916666667 0.10498046875000004 0.47265625 0.302734375 0.47265625
0 0.30419921875 0.3795572916666667 0.10058593750000003 0.3795572916666667 0.10058593750000003 0.41015625 0.30419921875 0.41015625
0 0.3090820312500001 0.8704427083333334 0.11718750000000008 0.8704427083333334 0.11718750000000008 0.9029947916666666 0.3090820312500001 0.9029947916666666
0 0.3100585937500001 0.8391927083333334 0.11425781250000008 0.8391927083333334 0.11425781250000008 0.8671875 0.3100585937500001 0.8671875
0 0.53271484375 0.7161458333333334 0.3286132812500001 0.7161458333333334 0.3286132812500001 0.744140625 0.53271484375 0.744140625
0 0.53759765625 0.87109375 0.3281250000000001 0.87109375 0.3281250000000001 0.9055989583333334 0.53759765625 0.9055989583333334