0 0.7609069513888888 0.8343979609375001 0.7605232809960905 0.7916817604743934 0.1339162959516858 0.7934625227883265 0.13429996634448407 0.8361787232514332
0 0.7604422430555555 0.7894673237304689 0.7599147329409189 0.7469016375368097 0.1363990341561967 0.7493465515993096 0.1369265442708333 0.7919122377929688
0 0.7543343003472223 0.7449723701171875 0.753794262220766 0.7052225979493805 0.13303105208333335 0.7078910585937499 0.13357109020978963 0.747640830761557
0 0.7544531805555555 0.7036807744140626 0.7540718443504036 0.6656616357405565 0.1376706759476259 0.6676178403304002 0.13805201215277782 0.7056369790039063
0 0.7509845926245456 0.6299951980120357 0.1404098793402263 0.6262680007430577 0.13965408593750014 0.6654426020507812 0.7502287992218195 0.6691697993197593
0 0.7477176988598061 0.5913874766582512 0.14790644531250013 0.5854345717773437 0.14669598765714834 0.6240250643012907 0.7465072412044543 0.6299779691821982
0 0.7456465750342458 0.553917176470975 0.1505514088541668 0.5485476625976564 0.1495157739756987 0.5848640947739505 0.7446109401557777 0.5902336086472691
0 0.7419588927537344 0.5170021969847888 0.1521876562500001 0.5116574526367189 0.1512487747809881 0.5444377185425554 0.7410200112847224 0.5497824628906253
0 0.741689539908518 0.4824713631685341 0.15230458762850044 0.47593768251507473 0.15115028906250014 0.5088838081054687 0.7405352413425177 0.5154174887589281
0 0.733962477812347 0.44439296746383256 0.15766990847527101 0.4390762219172902 0.15671496104486854 0.4718270029886139 0.7330075303819445 0.4771437485351563
0 0.7361751256744684 0.4114717538244396 0.15453042021990004 0.40443778675416564 0.15340188975694458 0.4339645463867188 0.7350465952115129 0.44099851345699276
0 0.7323903917546702 0.37636198485548156 0.1638019800347223 0.3665192470703125 0.16197017840132047 0.4000007993168037 0.7305585901212683 0.40984353710197274
0 0.7293085374711104 0.34570755752484666 0.1664528142361112 0.3301999848632812 0.16369436187286 0.3618784260993712 0.7265500851078591 0.37738599876093665
0 0.7292947647822878 0.3083023424569422 0.1671210086805556 0.2972800014648438 0.1652252727334423 0.32787282939761564 0.7273990288351745 0.33889517038971406
0 0.7237235992063433 0.2753479429613594 0.1698192447916667 0.26550167236328126 0.16819471701938554 0.2944174719560547 0.722099071434062 0.30426374255413285
0 0.7246992347947288 0.24360198750151832 0.17148590017361115 0.23155141308593752 0.16937796043205974 0.26217021098395193 0.7225912950531774 0.2742207853995327
0 0.7211055260416668 0.21064519091796877 0.17416021875000007 0.19750273974609378 0.17179098598594256 0.2287002769839527 0.7187362932776094 0.2418427281558277
0 0.7223267680764918 0.17779938342190554 0.17788478472222224 0.1674308974609375 0.1760953838332304 0.19716049060153198 0.7205373671874999 0.20752897656250002
0 0.7183630710437985 0.14769873224328461 0.1805591024305556 0.13338222363281252 0.1779846835474187 0.16398149955044292 0.7157886521606616 0.178298008160915
0 0.7009554596563612 0.004631162182944359 0.18471702486772595 -0.0009772748205257318 0.18389219021136471 0.023045349129342457 0.700130625 0.028653786132812546
0 0.7047313998422765 0.03076666298812849 0.17997449378100894 0.014804497283844956 0.17729746720262135 0.04265057843634151 0.7020543732638889 0.05861274414062505
0 0.7174356584658966 0.05999475363175168 0.18364442708333334 0.041504989257812513 0.18049515971210575 0.07027199405449781 0.7142863910946692 0.08876175842843698
0 0.718958852550503 0.08995208074726656 0.1869939131944445 0.0727352373046875 0.18421701204897467 0.09988305678692254 0.7161819514050332 0.11709990022950159
0 0.7135074312276831 0.11706864341103347 0.1812343038194445 0.1010975361328125 0.17838512891406622 0.1311419459993642 0.7106582563223047 0.14711305327758517