0 0.8741686154513888 0.9013154951171874 0.8706672818939203 0.8573037583754607 0.2575526074147537 0.872736807691867 0.26105394097222223 0.9167485444335938
0 0.8613351857638888 0.8579860629882813 0.8573928717594416 0.8162376963396598 0.25458971898166377 0.8342484668474721 0.2585320329861111 0.8759968334960936
0 0.852851993923611 0.8163631811523439 0.8484488879531128 0.7750742081643558 0.24593436711977956 0.7954042198831057 0.2503374730902778 0.8366931928710938
0 0.8390793602430555 0.7721359047851561 0.8343370854712394 0.7327824066754084 0.24246967574901732 0.7553493558941584 0.24721195052083336 0.7947028540039062
0 0.8331364305555558 0.7309710971679688 0.8279100617607364 0.6938320178516328 0.23930855134406961 0.720040106230539 0.2445349201388889 0.757179185546875
0 0.8207064314236111 0.6908882338867187 0.8156966119457718 0.6574701914358086 0.24217718833466081 0.6846742846975274 0.2471870078125 0.7180923271484375
0 0.8122061892361112 0.6557884477539063 0.8070345548983279 0.6186632223560578 0.23782446722471665 0.6437518180591828 0.2429961015625 0.6808770434570314
0 0.807144818576389 0.615057583984375 0.8010538947865835 0.580468590457511 0.2322309260365835 0.612161887332511 0.23832184982638888 0.646750880859375
0 0.7952335130208334 0.5791488466796875 0.7892695687018942 0.5450170279717579 0.23192505047272752 0.5758306632256641 0.23788899479166664 0.6099624819335937
0 0.7849124765625 0.5427170283203125 0.7795807297993115 0.5111257414854226 0.22996308043404945 0.5404757290215332 0.23529482719723782 0.5720670158564232
0 0.6670754518388615 0.06887985789577714 0.6579993685453976 0.042857344662155725 0.182988164970425 0.09527748041872233 0.19206424826388885 0.12129999365234374
0 0.6808504243809529 0.09725064817183943 0.6726324006909156 0.07340880653470408 0.18540548238635152 0.12654664908552093 0.1936235060763889 0.15038849072265628
0 0.6931123057960855 0.13043227273918612 0.6828338015389419 0.099823474030503 0.1828335756039675 0.1529484674045982 0.19311207986111112 0.1835572661132813
0 0.7067194952850918 0.15784547833454593 0.6979404679109604 0.13031124466945582 0.17903788929253528 0.18265975070990995 0.18781691666666664 0.21019398437500006
0 0.713921674290799 0.1855503890292663 0.7055655208333333 0.15728975830078126 0.19229410435503425 0.2053091539394837 0.20065025781249998 0.23356978466796874
0 0.7120227339393748 0.21724467872122155 0.7035402074652778 0.18761691113281254 0.19708687456756965 0.23349557713815353 0.2055694010416666 0.2631233447265625
0 0.7190531311659806 0.24816896811463654 0.7106332951388888 0.21805307666015625 0.1976000111951304 0.26343663100645714 0.20601984722222222 0.29355252246093744
0 0.7273046736111112 0.27894738818359377 0.7190600066460023 0.24788563903025954 0.20466997452794689 0.29108574449900954 0.2129146414930556 0.3221474936523438
0 0.7325668843987911 0.30967202593157017 0.7249032150551685 0.2805271218770105 0.2018935815244329 0.32404110815247167 0.20955725086805554 0.35318601220703133
0 0.7407955112847221 0.3408878618164063 0.733025960968194 0.31034024465269155 0.20815601999597166 0.35257940725034775 0.21592557031249995 0.3831270244140625
0 0.7461924030548786 0.37408731473082535 0.7385452608290719 0.3430116577500104 0.2118212527394711 0.3840232863785601 0.21946839496527779 0.4150989433593751
0 0.7567450165951536 0.4095595754922979 0.7494007213541667 0.37683236621093746 0.2136792455576242 0.41487103095301453 0.2210235407986111 0.44759824023437494
0 0.7605362523281253 0.44098958024654306 0.7534691082536237 0.4096573594519539 0.21617997050883173 0.44800210684212954 0.22324711458333335 0.4793343276367187
0 0.770146943576389 0.4771788803710938 0.7624918341957279 0.43968661987601326 0.22385169704294994 0.47448456030570074 0.2315068064236111 0.5119768208007812
0 0.7807121319444444 0.5089151845703125 0.7749122164475541 0.47832599992383423 0.22062168519755415 0.5115794169160217 0.22642160069444447 0.5421686015624999