0 0.8162953932486253 0.759459549368297 0.1386193652346682 0.7478961961686027 0.13629254143048755 0.7910428264878059 0.8139685694444447 0.8026061796875001
0 0.8032248982741899 0.7125568495226198 0.15329135463127708 0.7067926757694839 0.15211531052375415 0.7487493013445206 0.8020488541666669 0.7545134750976564
0 0.798167533800685 0.6715348633135989 0.16543099349660317 0.6684313189024516 0.16484295622369624 0.7063641152568215 0.797579496527778 0.7094676596679689
0 0.7903207748834109 0.6334074476054029 0.17206088642912976 0.6294510850249878 0.17132855468750016 0.6656610327148438 0.7895884431417813 0.6696173952952589
0 0.7864006781365426 0.5976910002439725 0.17968819155993337 0.5921956925354065 0.17861971961805567 0.6295206303710936 0.7853322061946649 0.6350159380796596
0 0.7789320911756531 0.5616810223044082 0.19247460794032267 0.5589394005946573 0.19196498958333344 0.5934314594726562 0.7784224728186638 0.5961730811824071
0 0.7721869385925575 0.5315322174553289 0.20391579220284436 0.5278753752163952 0.20332884114583347 0.556735375 0.7715999875355466 0.5603922172389337
0 0.7678318454861112 0.5254186254882812 0.7675978782071977 0.4971710298831132 0.21504420025580875 0.4986191119143632 0.2152781675347222 0.5268667075195311
0 0.7655612161458333 0.49283851757812497 0.7652073279981161 0.4657846154268006 0.21588632105367161 0.46805818036820684 0.21624020920138887 0.4951120825195312
0 0.7582900721213846 0.463136143057385 0.7578865703125 0.4375929282226563 0.22674271433694873 0.44024769971605254 0.22714621614583333 0.46579091455078125
0 0.7561246433793568 0.43355566917213323 0.7555938532331672 0.40817374038791054 0.23546959353436592 0.41161526115718355 0.2360003836805556 0.43699718994140624
0 0.7492499956597222 0.3565750107421875 0.7482433660987593 0.3293697866121398 0.25072967686264824 0.33519440477620227 0.2517363064236111 0.36239962890625
0 0.7499868488514381 0.38381793583998025 0.7497050659722222 0.35798136914062495 0.24496876052356187 0.35972313349595714 0.24525054340277772 0.38555970019531244
0 0.7586699835069445 0.4087086040039063 0.7581980438587274 0.38143932919457463 0.23811716538650504 0.38428725595238705 0.23858910503472222 0.4115565307617187