0 0.702777777777778 0.5916666666666667 0.2981481481481483 0.5916666666666667 0.2981481481481483 0.6213541666666667 0.702777777777778 0.6213541666666667
0 0.7000000000000002 0.5651041666666666 0.29907407407407416 0.5651041666666666 0.29907407407407416 0.5953125 0.7000000000000002 0.5953125
0 0.6787037037037037 0.27708333333333335 0.29722222222222233 0.27708333333333335 0.29722222222222233 0.30520833333333336 0.6787037037037037 0.30520833333333336
0 0.7037037037037039 0.615625 0.2981481481481483 0.615625 0.2981481481481483 0.6458333333333334 0.7037037037037039 0.6458333333333334
0 0.7222222222222224 0.7822916666666667 0.29166666666666685 0.7822916666666667 0.29166666666666685 0.8135416666666667 0.7222222222222224 0.8135416666666667
0 0.7157407407407409 0.7239583333333334 0.2962962962962964 0.7239583333333334 0.29629629629629645 0.75625 0.7157407407407409 0.75625
0 0.7064814814814817 0.6421875 0.29722222222222233 0.6421875 0.29722222222222233 0.6734375 0.7064814814814817 0.6734375
0 0.6981481481481484 0.5385416666666667 0.29722222222222233 0.5385416666666667 0.29722222222222233 0.5697916666666667 0.6981481481481484 0.5697916666666667
0 0.687037037037037 0.4171875 0.2981481481481483 0.4171875 0.2981481481481483 0.44635416666666666 0.687037037037037 0.44635416666666666
0 0.6814814814814815 0.30104166666666665 0.2981481481481483 0.30104166666666665 0.2981481481481483 0.32916666666666666 0.6814814814814815 0.32916666666666666
0 0.7101851851851854 0.66875 0.29537037037037045 0.66875 0.29537037037037045 0.7005208333333334 0.7101851851851854 0.7005208333333334
0 0.6722222222222223 0.23177083333333337 0.29444444444444445 0.23177083333333334 0.2944444444444445 0.25781250000000006 0.6722222222222223 0.25781250000000006
0 0.6972222222222224 0.5161458333333333 0.29722222222222233 0.5161458333333333 0.29722222222222233 0.5453125 0.6972222222222224 0.5453125
0 0.6842592592592592 0.37083333333333335 0.29907407407407416 0.37083333333333335 0.29907407407407416 0.4 0.6842592592592592 0.4
0 0.6953703703703705 0.465625 0.29907407407407416 0.465625 0.29907407407407416 0.49583333333333335 0.6953703703703705 0.49583333333333335
0 0.6962962962962965 0.4921875 0.29907407407407416 0.4921875 0.29907407407407416 0.5208333333333334 0.6962962962962965 0.5208333333333334
0 0.7138888888888891 0.6973958333333333 0.2962962962962964 0.6973958333333333 0.29629629629629645 0.7291666666666666 0.7138888888888891 0.7291666666666666
0 0.7194444444444447 0.7546875 0.29907407407407427 0.7546875 0.29907407407407427 0.7848958333333333 0.7194444444444447 0.7848958333333333
0 0.6824074074074075 0.35 0.29907407407407416 0.35 0.29907407407407416 0.37604166666666666 0.6824074074074075 0.37604166666666666
0 0.7250000000000002 0.8083333333333333 0.29351851851851873 0.8083333333333333 0.29351851851851873 0.8421875 0.7250000000000002 0.8421875
0 0.6685185185185185 0.20937500000000003 0.2916666666666667 0.209375 0.2916666666666667 0.2354166666666667 0.6685185185185185 0.23541666666666672
0 0.6898148148148148 0.4432291666666667 0.2981481481481483 0.4432291666666667 0.2981481481481483 0.4713541666666667 0.6898148148148148 0.4713541666666667
0 0.6768518518518518 0.2546875 0.29444444444444456 0.2546875 0.29444444444444456 0.28177083333333336 0.6768518518518518 0.28177083333333336
0 0.6805555555555556 0.325 0.29907407407407416 0.325 0.29907407407407416 0.353125 0.6805555555555556 0.353125
0 0.6861111111111111 0.39375 0.2981481481481483 0.39375 0.2981481481481483 0.42239583333333336 0.6861111111111111 0.42239583333333336
0 0.6685185185185185 0.18958333333333335 0.2916666666666667 0.18958333333333333 0.2916666666666667 0.2151041666666667 0.6685185185185185 0.21510416666666674
0 0.6648148148148149 0.16406250000000003 0.29074074074074074 0.1640625 0.29074074074074074 0.19270833333333337 0.6648148148148149 0.1927083333333334