0 0.7201645311062398 0.3652833766999417 0.520218849609375 0.34907250325520844 0.5184149771945414 0.3886263661386002 0.7183606586914062 0.40483723958333345
0 0.2527159603399503 0.3247080469668819 0.10248442431640631 0.30845994726562503 0.100654122179581 0.33854555524666 0.25088565820312503 0.35479365494791676
0 0.24753209186006347 0.35557710892265176 0.104290526240456 0.3377255513978265 0.10225007305226755 0.36683252515746645 0.24549163867187504 0.3846840826822917
0 0.24842687319319537 0.3881928339454537 0.10919432128906253 0.36912434895833335 0.10689422446305469 0.3989814876691298 0.24612677636718752 0.4180499726562501
0 0.25280696746353076 0.42056060567794723 0.11237370263671878 0.39921430859375 0.1099320354661568 0.42777122960851116 0.2503653002929688 0.4491175266927084
0 0.2520497405993722 0.45152931322798157 0.11661222656250003 0.43028186328125 0.11417783459594041 0.4578685878136852 0.24961534863281254 0.4791160377604167
0 0.25393574021367277 0.4837105198350502 0.11837534228515628 0.45938591731770834 0.11580535060663978 0.4848481377170331 0.25136574853515625 0.509172740234375
0 0.2541316614488363 0.5134274544073408 0.11938040478515632 0.488580427734375 0.11656032585585127 0.5157696718947425 0.2513115825195313 0.5406166985677084
0 0.2549755613668111 0.5434398540269872 0.11941320068359379 0.5165834928385417 0.11643424576209525 0.5433156101657212 0.2519966064453126 0.5701719713541668
0 0.2561731586666265 0.5742884582656972 0.12083142041015629 0.5447265755208334 0.11729623977087364 0.5734998138697196 0.2526379780273438 0.6030616966145835
0 0.25912640161457057 0.6072477847570519 0.12115932080078128 0.5742735364583333 0.11786898803386701 0.5987482640710732 0.2558360688476563 0.6317225123697917
0 0.2589536282105718 0.6350668724706989 0.12363668310546883 0.6033942135416668 0.12012629512927211 0.6300566757063845 0.25544324023437504 0.6617293346354166
0 0.2557649188093056 0.663719872844971 0.12550178417968755 0.6316476497395834 0.12196073499928829 0.6572159520248207 0.2522238696289063 0.6892881751302083
0 0.2597252080247534 0.6933098321498999 0.12718137500000007 0.6601734967447918 0.12358014695571547 0.6857819380323918 0.25612397998046876 0.7189182734375
0 0.2546629197444926 0.7242216030422868 0.12978198925781256 0.6880857246093751 0.12624380730628876 0.7098235024264633 0.25112473779296884 0.7459593808593751
0 0.26017701970404195 0.7526587635322711 0.13290047167968755 0.7146211868489584 0.12880120490533314 0.7390059871187704 0.25607775292968754 0.7770435638020832
0 0.25893635557394196 0.7815559921061658 0.13434986816406252 0.7403827962239583 0.1300580038010582 0.7634704512532092 0.25464449121093763 0.8046436471354167
0 0.2604757777516542 0.8081422035275896 0.13436145263671884 0.7668042819010417 0.13034291902568967 0.7885994820192855 0.25645724414062504 0.8299374036458335
0 0.4716786099904606 0.33583264462807483 0.29245058203125 0.31814265299479166 0.2905096219431332 0.35310272972088347 0.46973764990234373 0.37079272135416663
0 0.46170448357255844 0.37343427968396464 0.29777006671063494 0.35547522104932355 0.2958990084310452 0.3858386881101507 0.4598334252929687 0.40379774674479174
0 0.46220012800014904 0.40731353515373225 0.29652971630859387 0.38736758333333343 0.29415691692172613 0.42240472591397626 0.4598273286132813 0.4423506777343751
0 0.4589241263267293 0.4457946467114782 0.2992947421875 0.4221495618489584 0.29676376869280197 0.45252601279373034 0.45639315283203125 0.4761710976562501
0 0.46489653760051025 0.47810785723142796 0.30062625195312503 0.4552632890625001 0.2981668969698023 0.48670272545086374 0.4624371826171875 0.5095472936197917
0 0.46139868104487974 0.5126737957229995 0.30270919384765627 0.4865531783854167 0.2998068526465266 0.5178997941207505 0.4584963398437501 0.5440204114583335
0 0.46289639282189815 0.5479596626034754 0.3032624477539064 0.5204663997395834 0.30042077954138335 0.5497989487246498 0.46005472460937513 0.5772922115885418
0 0.4620862317489183 0.5805002685634976 0.30485563085937506 0.5510800761718749 0.30134899090733175 0.5843966409417108 0.458579591796875 0.6138168333333335
0 0.45902587476463624 0.6138209183441184 0.30442066699218756 0.5843054837239582 0.30107346605567636 0.6154752964996314 0.45567867382812505 0.6449907311197917
0 0.45893962012634354 0.6479839354555562 0.30353968359375005 0.6135322727864584 0.29985247411193783 0.6430998633725687 0.4552524106445313 0.6775515260416666
0 0.4600394979618986 0.6813702009122388 0.30511546972656256 0.6454748483072916 0.3008468379756015 0.6782275191398445 0.45577086621093754 0.7141228717447916
0 0.46074070653604376 0.7151993230860031 0.3046892026367188 0.67803596875 0.3008230312569251 0.706896985507747 0.4568745351562501 0.7440603398437502
0 0.461441367381623 0.744395485689544 0.30332716113281255 0.7059219329427083 0.2988238245129084 0.7388237955604563 0.45693803076171885 0.7772973483072919
0 0.45883099324895965 0.7757585940179922 0.3039584638671876 0.7338546145833332 0.299181980383853 0.7652383675705495 0.45405450976562506 0.8071423470052084
0 0.45766861562677397 0.8085688301566849 0.3030513872070313 0.76507458984375 0.2985473570294761 0.793539177655815 0.4531645854492188 0.8370334179687501
0 0.45784566669294074 0.8700221135223093 0.3063336875000001 0.8189925143229169 0.3007546477914828 0.8484409167837216 0.45226662698442344 0.899470515983114
0 0.46171233607715145 0.8416833848245977 0.3026686186523438 0.794312974609375 0.2981976468330048 0.8209993000712358 0.4572413642578125 0.8683697102864585
0 0.7196623080149157 0.40712000097827605 0.5259608999023437 0.384271376953125 0.52365675973287 0.41899772350439274 0.7173581678454419 0.44184634752954377
0 0.7145550473632813 0.44365954427083354 0.5271115166999304 0.4191081269995414 0.524261486426493 0.45779118819745807 0.7117050170898439 0.48234260546875013
0 0.7126701212354447 0.4839662020790179 0.5268865576171875 0.4567915917968752 0.5240412552293991 0.49137357266056575 0.7098248188476564 0.5185481829427085
0 0.7023756310561241 0.5198481076978086 0.5268478666992188 0.4955400826822917 0.5239493874985636 0.5327487236823999 0.6994771518554689 0.5570567486979169
0 0.7028258779258203 0.5580390421489275 0.524831290364407 0.5283904870989383 0.5214684158565556 0.5642819696895941 0.6994630034179689 0.5939305247395835
0 0.7002245188825298 0.5952467957439624 0.5240820849609376 0.5635993704427085 0.5204950773088766 0.5990917719643712 0.6966375112304688 0.6307391972656252
0 0.6999511966303797 0.6313539344686415 0.5218150034179687 0.59354596875 0.5180841646977452 0.6247961690469835 0.6962203579101562 0.6626041347656252
0 0.699434761120073 0.6669799198379489 0.5189334129861384 0.6271893690680703 0.5147513867293467 0.6609153606884549 0.6952527348632813 0.7007059114583335
0 0.6992313924660063 0.7041739366550707 0.51485613671875 0.6596330338541666 0.5103762001674268 0.6926010608112753 0.694751455914683 0.7371419636121791
0 0.6957189791117058 0.7386382348426502 0.5144062685546876 0.6939969401041668 0.510236885146107 0.7241020887250583 0.691549595703125 0.7687433834635419
0 0.69424741678772 0.7729745735373917 0.5167761645507813 0.7278013763020835 0.5121981457122803 0.759775763702192 0.6896693979492189 0.8049489609375001
0 0.6940625359932604 0.8095062262097836 0.5140570058593751 0.7564875885416669 0.5091230898301069 0.7862677131518166 0.6891286199639922 0.8392863508199332
0 0.6932988590221039 0.8437380755417713 0.5149883916015626 0.7927586009114584 0.5099743978138338 0.8239362057082288 0.688284865234375 0.8749156803385416
0 0.692740276697487 0.8775636742897005 0.5155410703125001 0.8221460546875 0.5101834737907947 0.8526012495384246 0.6873826801757814 0.9080188691406251
0 0.691475460896994 0.9104224064538439 0.5142113461914064 0.8521144680989585 0.5087642988686312 0.8815540583899063 0.6860284135742187 0.9398619967447917
0 0.6916926971908521 0.9448196278256685 0.5119780317711308 0.8822628433395033 0.5063404952248098 0.9110551159044599 0.6860551606445312 0.9736119003906252