0 0.5791015625 0.5097656250000001 0.4521484375 0.509765625 0.4521484375 0.5319010416666667 0.5791015625 0.5319010416666669
0 0.73486328125 0.6686197916666666 0.61328125 0.6686197916666666 0.61328125 0.6868489583333334 0.73486328125 0.6868489583333334
0 0.740234375 0.5794270833333335 0.61572265625 0.5794270833333335 0.61572265625 0.6002604166666669 0.740234375 0.6002604166666669
0 0.24023437500000006 0.673828125 0.10302734375000006 0.673828125 0.10302734375000006 0.6946614583333334 0.24023437500000006 0.6946614583333334
0 0.40966796875 0.361328125 0.27294921875 0.361328125 0.27294921875 0.3834635416666667 0.40966796875 0.3834635416666667
0 0.4150390625 0.556640625 0.27978515625 0.556640625 0.27978515625 0.5774739583333334 0.4150390625 0.5774739583333334
0 0.4140625 0.5325520833333334 0.27734375 0.5325520833333334 0.27734375 0.5546875 0.4140625 0.5546875
0 0.73779296875 0.6035156250000001 0.6171875 0.6035156250000001 0.6171875 0.6236979166666669 0.73779296875 0.6236979166666669
0 0.57861328125 0.5345052083333334 0.453125 0.5345052083333334 0.453125 0.5546875000000001 0.57861328125 0.5546875000000001
0 0.57275390625 0.70703125 0.4516601562500001 0.70703125 0.4516601562500001 0.724609375 0.57275390625 0.724609375
0 0.90283203125 0.5572916666666669 0.78515625 0.5572916666666669 0.78515625 0.5768229166666669 0.90283203125 0.5768229166666669
0 0.7431640625 0.5572916666666669 0.6181640625 0.5572916666666669 0.6181640625 0.5781250000000001 0.7431640625 0.5781250000000001
0 0.89111328125 0.6432291666666669 0.77880859375 0.6432291666666669 0.77880859375 0.6621093750000001 0.89111328125 0.6621093750000001
0 0.4165039062500001 0.6920572916666666 0.2851562500000001 0.6920572916666666 0.2851562500000001 0.7115885416666666 0.4165039062500001 0.7115885416666666
0 0.904296875 0.5364583333333335 0.7861328125 0.5364583333333335 0.7861328125 0.5559895833333335 0.904296875 0.5559895833333335
0 0.900390625 0.5787760416666669 0.7841796875 0.5787760416666669 0.7841796875 0.5989583333333335 0.900390625 0.5989583333333335
0 0.4140625 0.5794270833333334 0.2802734375 0.5794270833333334 0.2802734375 0.6002604166666666 0.4140625 0.6002604166666666
0 0.580078125 0.4876302083333335 0.4541015625 0.4876302083333335 0.4541015625 0.5084635416666669 0.580078125 0.5084635416666669
0 0.57275390625 0.6432291666666667 0.4516601562500001 0.6432291666666666 0.4516601562500001 0.6621093750000001 0.57275390625 0.6621093750000001
0 0.24169921875000006 0.697265625 0.10498046875000006 0.697265625 0.10498046875000006 0.7174479166666666 0.24169921875000006 0.7174479166666666
0 0.5751953125 0.6217447916666667 0.4521484375000001 0.6217447916666666 0.4521484375000001 0.6412760416666667 0.5751953125 0.6412760416666669
0 0.576171875 0.5996093750000001 0.45263671875 0.599609375 0.45263671875000006 0.6191406250000001 0.576171875 0.6191406250000001
0 0.736328125 0.6464843750000001 0.61376953125 0.6464843750000001 0.61376953125 0.6660156250000001 0.736328125 0.6660156250000001
0 0.41357421875 0.484375 0.27587890625 0.484375 0.27587890625 0.505859375 0.41357421875 0.505859375
0 0.23095703125000006 0.3893229166666667 0.08154296875000003 0.3893229166666667 0.08154296875000003 0.4127604166666667 0.23095703125000006 0.4127604166666667
0 0.572265625 0.6861979166666666 0.4531250000000001 0.6861979166666666 0.4531250000000001 0.7044270833333334 0.572265625 0.7044270833333334
0 0.4145507812500001 0.6484375 0.2836914062500001 0.6484375 0.2836914062500001 0.6673177083333334 0.4145507812500001 0.6673177083333334
0 0.90625 0.5130208333333335 0.78857421875 0.5130208333333335 0.78857421875 0.5338541666666669 0.90625 0.5338541666666669
0 0.57763671875 0.5553385416666669 0.45361328125 0.5553385416666669 0.45361328125 0.5748697916666669 0.57763671875 0.5748697916666669
0 0.732421875 0.6888020833333334 0.61328125 0.6888020833333334 0.61328125 0.7076822916666666 0.732421875 0.7076822916666666
0 0.41259765625 0.4615885416666667 0.27587890625 0.4615885416666667 0.27587890625 0.4830729166666667 0.41259765625 0.4830729166666667
0 0.7529296875 0.4440104166666668 0.62451171875 0.4440104166666668 0.62451171875 0.4641927083333335 0.7529296875 0.4641927083333335
0 0.4150390625 0.5084635416666666 0.27783203125 0.5084635416666666 0.27783203125 0.53125 0.4150390625 0.53125
0 0.24218750000000006 0.71875 0.10742187500000006 0.71875 0.10742187500000006 0.73828125 0.24218750000000006 0.73828125
0 0.4169921875000001 0.7135416666666666 0.2866210937500001 0.7135416666666666 0.2866210937500001 0.7337239583333334 0.4169921875000001 0.7337239583333334
0 0.4155273437500001 0.6256510416666666 0.2841796875000001 0.6256510416666666 0.2841796875000001 0.6458333333333334 0.4155273437500001 0.6458333333333334
0 0.8828125 0.7063802083333334 0.7763671875 0.7063802083333334 0.7763671875 0.7239583333333334 0.8828125 0.7239583333333334
0 0.73291015625 0.7109375 0.61328125 0.7109375 0.61328125 0.728515625 0.73291015625 0.728515625
0 0.23193359375000006 0.4147135416666667 0.08544921875000003 0.4147135416666667 0.08544921875000003 0.4375 0.23193359375000006 0.4375
0 0.23291015625000006 0.439453125 0.08740234375000003 0.439453125 0.08740234375000004 0.4622395833333333 0.23291015625000006 0.4622395833333333
0 0.41406250000000006 0.6022135416666666 0.28125 0.6022135416666666 0.28125000000000006 0.623046875 0.4140625000000001 0.623046875
0 0.91259765625 0.4446614583333335 0.794921875 0.4446614583333335 0.794921875 0.4661458333333335 0.91259765625 0.4661458333333335
0 0.23632812500000006 0.5592447916666666 0.09570312500000006 0.5592447916666666 0.09570312500000006 0.5813802083333334 0.23632812500000006 0.5813802083333334
0 0.58056640625 0.46549479166666674 0.45263671875 0.4654947916666667 0.45263671875 0.4856770833333334 0.58056640625 0.4856770833333335
0 0.23828125000000006 0.65234375 0.10009765625000006 0.65234375 0.10009765625000006 0.6725260416666666 0.23828125000000006 0.6725260416666666
0 0.412109375 0.4375 0.27587890625 0.4375 0.27587890625 0.458984375 0.412109375 0.458984375
0 0.23437500000000006 0.583984375 0.09765625000000006 0.583984375 0.09765625000000006 0.6041666666666666 0.23437500000000006 0.6041666666666666
0 0.58203125 0.3938802083333334 0.45263671875 0.3938802083333333 0.45263671875 0.41666666666666674 0.58203125 0.4166666666666668
0 0.75390625 0.41992187500000017 0.62255859375 0.41992187500000017 0.62255859375 0.4420572916666668 0.75390625 0.4420572916666668
0 0.23388671875000006 0.51171875 0.09277343750000006 0.51171875 0.09277343750000006 0.5345052083333334 0.23388671875000006 0.5345052083333334
0 0.4145507812500001 0.6705729166666666 0.2846679687500001 0.6705729166666666 0.2846679687500001 0.6888020833333334 0.4145507812500001 0.6888020833333334
0 0.91650390625 0.4212239583333335 0.79541015625 0.4212239583333335 0.79541015625 0.4420572916666668 0.91650390625 0.4420572916666668
0 0.75048828125 0.4661458333333335 0.6201171875 0.4661458333333335 0.6201171875 0.48828125000000017 0.75048828125 0.48828125000000017
0 0.888671875 0.6653645833333335 0.77783203125 0.6653645833333335 0.77783203125 0.68359375 0.888671875 0.68359375
0 0.40869140625 0.4127604166666667 0.2744140625 0.4127604166666667 0.2744140625 0.4348958333333333 0.40869140625 0.4348958333333333
0 0.76123046875 0.37109375000000017 0.6259765625 0.37109375000000017 0.6259765625 0.3938802083333335 0.76123046875 0.3938802083333335
0 0.74560546875 0.5358072916666669 0.6201171875 0.5358072916666669 0.6201171875 0.5559895833333335 0.74560546875 0.5559895833333335
0 0.572265625 0.6640625000000001 0.4531250000000001 0.6640625 0.4531250000000001 0.6829427083333334 0.572265625 0.6829427083333334
0 0.58154296875 0.44335937500000017 0.4541015625 0.44335937500000017 0.4541015625 0.4635416666666668 0.58154296875 0.4635416666666668
0 0.89306640625 0.6223958333333335 0.78076171875 0.6223958333333335 0.78076171875 0.6406250000000001 0.89306640625 0.6406250000000001
0 0.23144531250000006 0.4641927083333333 0.08935546875000006 0.4641927083333333 0.08935546875000006 0.4869791666666667 0.23144531250000006 0.4869791666666667
0 0.23730468750000006 0.60546875 0.09912109375000006 0.60546875 0.09912109375000006 0.6276041666666666 0.23730468750000006 0.6276041666666666
0 0.23388671875000006 0.5364583333333334 0.09472656250000006 0.5364583333333334 0.09472656250000006 0.5579427083333334 0.23388671875000006 0.5579427083333334
0 0.5771484375 0.5774739583333334 0.45166015625 0.5774739583333334 0.45166015625 0.5970052083333334 0.5771484375 0.5970052083333335
0 0.8857421875 0.685546875 0.7763671875 0.685546875 0.7763671875 0.703125 0.8857421875 0.703125
0 0.58203125 0.4173177083333335 0.45361328125 0.4173177083333335 0.45361328125 0.43945312500000017 0.58203125 0.43945312500000017
0 0.73779296875 0.6250000000000001 0.61474609375 0.6250000000000001 0.61474609375 0.6451822916666669 0.73779296875 0.6451822916666669
0 0.57470703125 0.7291666666666666 0.4531250000000001 0.7291666666666666 0.4531250000000001 0.7467447916666666 0.57470703125 0.7467447916666666
0 0.23388671875000006 0.4876302083333333 0.09082031250000006 0.4876302083333333 0.09082031250000006 0.509765625 0.23388671875000006 0.509765625
0 0.9091796875 0.4680989583333335 0.79248046875 0.4680989583333335 0.79248046875 0.48828125000000017 0.9091796875 0.48828125000000017
0 0.75439453125 0.39648437500000017 0.623046875 0.39648437500000017 0.623046875 0.4186197916666668 0.75439453125 0.4186197916666668
0 0.8955078125 0.6009114583333335 0.7822265625 0.6009114583333335 0.7822265625 0.6204427083333335 0.8955078125 0.6204427083333335
0 0.91748046875 0.3971354166666668 0.79296875 0.3971354166666668 0.79296875 0.4192708333333335 0.91748046875 0.4192708333333335
0 0.22998046875000006 0.3645833333333333 0.07763671875000003 0.3645833333333333 0.07763671875000003 0.3873697916666667 0.22998046875000006 0.3873697916666667
0 0.908203125 0.4915364583333335 0.7890625 0.4915364583333335 0.7890625 0.5117187500000001 0.908203125 0.5117187500000001
0 0.7451171875 0.5123697916666669 0.6201171875 0.5123697916666669 0.6201171875 0.5332031250000001 0.7451171875 0.5332031250000001
0 0.748046875 0.49023437500000017 0.62109375 0.49023437500000017 0.62109375 0.5110677083333335 0.748046875 0.5110677083333335
0 0.41015625 0.38671875 0.27294921875 0.38671875 0.27294921875 0.4108072916666667 0.41015625 0.4108072916666667
0 0.23779296875000006 0.6295572916666666 0.10009765625000006 0.6295572916666666 0.10009765625000006 0.6497395833333334 0.23779296875000006 0.6497395833333334
0 0.24462890625000006 0.7415364583333334 0.11035156250000006 0.7415364583333334 0.11035156250000007 0.759765625 0.24462890625000006 0.759765625
0 0.880859375 0.7265625 0.7744140625 0.7265625 0.7744140625 0.7447916666666666 0.880859375 0.7447916666666666
0 0.921875 0.37304687500000017 0.79541015625 0.37304687500000017 0.79541015625 0.3938802083333335 0.921875 0.3938802083333335
0 0.4165039062500001 0.7356770833333334 0.2875976562500001 0.7356770833333334 0.2875976562500001 0.75390625 0.4165039062500001 0.75390625
0 0.732421875 0.7317708333333334 0.61181640625 0.7317708333333334 0.61181640625 0.748046875 0.732421875 0.748046875
0 0.58203125 0.37174479166666674 0.4521484375 0.3717447916666667 0.4521484375 0.39062500000000006 0.58203125 0.39062500000000017