0 0.6745055555555556 0.32126614599609377 0.2589347222222223 0.32126614599609377 0.2589347222222223 0.3473158852539063 0.6745055555555556 0.3473158852539063
0 0.6718972222222224 0.35061796875000006 0.261503240451389 0.35034505224609375 0.26145177609507897 0.37483133064487034 0.6718457578659123 0.37510424714877666
0 0.6699412039930557 0.4004716147460938 0.6697410181030293 0.37625532766573677 0.26086968512079506 0.3773247706172478 0.2610698710108214 0.4015410576976048
0 0.66695299852969 0.42576196935041777 0.6666805555555555 0.40228411474609377 0.2622442323821322 0.403769066729939 0.26251667535626677 0.427246921334263
0 0.6426236740679173 0.6589255860999469 0.6419004626736111 0.6362315102539061 0.27273836239041593 0.6399538406578654 0.2734615737847222 0.6626479165039062
0 0.6473614389035643 0.6343570294888087 0.6463653754972009 0.6132204243446443 0.2731178254825253 0.6187857908519294 0.2741138888888889 0.6399223959960938
0 0.6672524252901129 0.4492202594087648 0.6666666547569015 0.42707446270588095 0.2668828706597222 0.4304203125 0.2674686411929337 0.45256610920288387
0 0.6640548132598829 0.47673657783040096 0.6633778107915995 0.4513128935586153 0.2696865737847222 0.4546299477539062 0.2703635762530056 0.48005363202569185
0 0.6590325233612563 0.5020503250039144 0.6588550928819444 0.4804109375 0.2689260779432869 0.48142254925650935 0.2691035084225988 0.5030619367604237
0 0.6568990737847222 0.5042151040039062 0.26958888888888893 0.50359921875 0.26948377169945753 0.5245151837110478 0.6567939565952909 0.525131068964954
0 0.6532123495717749 0.5478706318995542 0.6529861111111112 0.5265958334960937 0.2695733250514056 0.5278859015738381 0.2697995635120693 0.5491606999772985
0 0.6477694444444444 0.6146067709960937 0.6473861252861324 0.5951760090520457 0.2716430555555555 0.5975213540039062 0.27202637471386754 0.6169521159479542
0 0.6491098212741608 0.594448102560521 0.6490736111111111 0.5724356772460938 0.27235940995248664 0.5726317510754609 0.27239562011553636 0.5946441763898882
0 0.6515626783721675 0.5695064656228036 0.6509845949475394 0.5484172621720764 0.27148441657537187 0.5517087130531791 0.2720625 0.5727979165039063
0 0.6764620373263889 0.2919145834960938 0.2570861111111112 0.29167786474609375 0.2570379093095723 0.31869748006644644 0.67641383552485 0.31893419881644647