0 0.8424683767361113 0.9080289511718751 0.2977408081597224 0.9011113422851563 0.296267889470646 0.937809746324451 0.8409954580470349 0.9447273552111698
0 0.8438117708333336 0.8717738159179689 0.3000446230400171 0.8672605950451082 0.29914393835893616 0.901596160785806 0.8429110861522527 0.9061093816586666
0 0.8508584515622313 0.8370083713956428 0.29996086758883445 0.8315248417414565 0.2988763845486113 0.8659977949218751 0.849773968522008 0.8714813245760614
0 0.852676929922533 0.8022561010548803 0.2998185039484971 0.7986942221167391 0.29915959572735307 0.8310539423509213 0.852018021701389 0.8346158212890625
0 0.8530314835069447 0.7664610283203124 0.2989924103758059 0.7619327756290745 0.29806803239215385 0.79771805292439 0.8521071055232926 0.8022463056156279
0 0.8548904911669184 0.7322068960428378 0.30338823858624114 0.7267056480882162 0.30230575520833347 0.7610418583984375 0.8538080077890108 0.7665431063530591
0 0.853586779906664 0.6964663588070353 0.3009521835899966 0.691929725571594 0.3000375581972217 0.7271824517254963 0.8526721545138891 0.7317190849609376
0 0.8548665792689486 0.6621527678439372 0.3054059334178351 0.65762257044578 0.304549767343331 0.6904791639299678 0.8540104131944445 0.695009361328125
0 0.8548277993600509 0.6254145803287402 0.30817118347384437 0.6194545591881805 0.3069872673611112 0.6538129482421874 0.8536438832473179 0.6597729693827471
0 0.8537645798611112 0.5881908764648438 0.3063715616885449 0.5856034351277292 0.30585866035689013 0.6199361085009779 0.8532516785294564 0.6225235498380925
0 0.8542646258680556 0.5534461210937501 0.3096083527750058 0.5507879670728484 0.3090939065944503 0.584140388459567 0.8537501796875001 0.5867985424804687
0 0.8556637249200286 0.5215561968785244 0.30917470472525516 0.5184796086319642 0.30862454751355983 0.5493999249370335 0.8551135677083334 0.5524765131835937
0 0.8560852776688651 0.48577824700508987 0.3073887645035895 0.4832053472568151 0.30691607016805783 0.5151012418532878 0.8556125833333335 0.5176741416015627
0 0.85836421875 0.451475640625 0.30789402650822956 0.44745234732018274 0.30713417881944455 0.4803468793945313 0.8576043710612151 0.48437017269934857
0 0.8593412074502007 0.413294871379419 0.30473956872647584 0.41244913398303407 0.30457653141516405 0.44627723916611506 0.8591781701388889 0.4471229765625
0 0.8627891805555555 0.38092166308593756 0.3103752673611112 0.378379453125 0.3099184811602272 0.4097853515372486 0.8623323943546716 0.41232756149818617
0 0.8606815425347224 0.3432854404296875 0.30516472011302964 0.3411843288246857 0.3047717285597353 0.37406013134854593 0.860288550981428 0.37616124295354775
0 0.8611555625000001 0.3060663212890626 0.30618981944444457 0.3059490478515625 0.3061668967878546 0.34027135885437165 0.8611326398434103 0.3403886322918717
0 0.8693763498263891 0.27027185058593756 0.3050975778001702 0.2682170869282624 0.3047024014714221 0.3025545189434777 0.868981173497641 0.30460928260115283
0 0.8748093506944445 0.04803072900390626 0.3141787214874889 0.04792427905785387 0.3141560943736644 0.08562985601015427 0.87478672358062 0.08573630595620665
0 0.8712840538194445 0.12247740234375 0.8709141319444444 0.0867112890625 0.30801092070513586 0.08855340536376922 0.30838084258013587 0.12431951864501922
0 0.871673974826389 0.160177109375 0.871272168996818 0.12563150238534362 0.30768426708709584 0.12770560443612494 0.3080860729166667 0.1622512114257813
0 0.8699956519097222 0.16404943164062505 0.30230592179107624 0.16395366126250824 0.30228703906250004 0.19936885644531252 0.869976769181146 0.19946462682342933
0 0.8683477546916933 0.23507148967251706 0.8677605988515096 0.19786358039640126 0.30232144659037186 0.200686828516853 0.30290860243055556 0.2378947377929688
0 0.8633534939236112 0.2693825942382813 0.8630035651041668 0.23554958642578125 0.30268021430269854 0.23738326359488504 0.30303014312214294 0.2712162714073851