0 0.8427734375 0.6705729166666666 0.6494140625 0.6705729166666666 0.6494140625 0.7018229166666666 0.8427734375 0.7018229166666666
0 0.857421875 0.4205729166666668 0.65478515625 0.4205729166666668 0.65478515625 0.4544270833333335 0.857421875 0.4544270833333335
0 0.841796875 0.7037760416666666 0.6484375 0.7037760416666666 0.6484375 0.7337239583333334 0.841796875 0.7337239583333334
0 0.85009765625 0.5299479166666669 0.65283203125 0.5299479166666669 0.65283203125 0.5625000000000001 0.85009765625 0.5625000000000001
0 0.83447265625 0.837890625 0.646484375 0.837890625 0.646484375 0.8678385416666666 0.83447265625 0.8678385416666666
0 0.8291015625 0.9348958333333334 0.64453125 0.9348958333333334 0.64453125 0.9635416666666666 0.8291015625 0.9635416666666666
0 0.5927734375 0.5305989583333334 0.388671875 0.5305989583333334 0.388671875 0.5651041666666667 0.5927734375 0.5651041666666669
0 0.83203125 0.8697916666666666 0.6455078125 0.8697916666666666 0.6455078125 0.900390625 0.83203125 0.900390625
0 0.8291015625 0.9029947916666666 0.64794921875 0.9029947916666666 0.64794921875 0.9329427083333334 0.8291015625 0.9329427083333334
0 0.59326171875 0.6393229166666667 0.3916015625000001 0.6393229166666666 0.3916015625000001 0.673828125 0.59326171875 0.673828125
0 0.84423828125 0.6354166666666669 0.65087890625 0.6354166666666669 0.65087890625 0.6673177083333334 0.84423828125 0.6673177083333334
0 0.3300781250000001 0.6953125 0.11328125000000006 0.6953125 0.11328125000000006 0.7298177083333334 0.3300781250000001 0.7298177083333334
0 0.84765625 0.5664062500000001 0.65283203125 0.5664062500000001 0.65283203125 0.5983072916666669 0.84765625 0.5983072916666669
0 0.85888671875 0.3841145833333335 0.6572265625 0.3841145833333335 0.6572265625 0.4186197916666668 0.85888671875 0.4186197916666668
0 0.59375 0.41861979166666674 0.38525390625 0.4186197916666667 0.38525390625 0.45507812500000006 0.59375 0.45507812500000017
0 0.845703125 0.6009114583333335 0.65185546875 0.6009114583333335 0.65185546875 0.6334635416666669 0.845703125 0.6334635416666669
0 0.8408203125 0.7369791666666666 0.64794921875 0.7369791666666666 0.64794921875 0.7688802083333334 0.8408203125 0.7688802083333334
0 0.83642578125 0.8046875 0.6474609375 0.8046875 0.6474609375 0.8359375 0.83642578125 0.8359375
0 0.3286132812500001 0.904296875 0.12451171875000008 0.904296875 0.12451171875000008 0.9401041666666666 0.3286132812500001 0.9401041666666666
0 0.85302734375 0.49414062500000017 0.65576171875 0.49414062500000017 0.65576171875 0.5266927083333335 0.85302734375 0.5266927083333335
0 0.8564453125 0.45898437500000017 0.6552734375 0.45898437500000017 0.6552734375 0.49218750000000017 0.8564453125 0.49218750000000017
0 0.5947265625 0.45768229166666674 0.388671875 0.4576822916666667 0.388671875 0.4934895833333334 0.5947265625 0.4934895833333335
0 0.3310546875000001 0.9381510416666666 0.1264648437500001 0.9381510416666666 0.1264648437500001 0.9720052083333334 0.3310546875000001 0.9720052083333334
0 0.32910156250000006 0.5859375 0.10986328125000006 0.5859375 0.10986328125000006 0.6197916666666666 0.3291015625000001 0.6197916666666666
0 0.59375 0.34179687500000006 0.38134765625 0.341796875 0.38134765625 0.37760416666666674 0.59375 0.3776041666666668
0 0.5927734375 0.7122395833333334 0.3930664062500001 0.7122395833333334 0.3930664062500001 0.744140625 0.5927734375 0.744140625
0 0.5927734375 0.78125 0.3916015625000001 0.78125 0.3916015625000001 0.8157552083333334 0.5927734375 0.8157552083333334
0 0.3281250000000001 0.65625 0.11035156250000006 0.65625 0.11035156250000006 0.6920572916666666 0.3281250000000001 0.6920572916666666
0 0.5947265625 0.38151041666666674 0.3837890625 0.3815104166666667 0.3837890625 0.41666666666666674 0.5947265625 0.4166666666666668
0 0.3291015625000001 0.7643229166666666 0.11718750000000008 0.7643229166666666 0.11718750000000008 0.8001302083333334 0.3291015625000001 0.8001302083333334
0 0.84033203125 0.7721354166666666 0.64794921875 0.7721354166666666 0.64794921875 0.802734375 0.84033203125 0.802734375
0 0.326171875 0.546875 0.10595703125000006 0.546875 0.10595703125000006 0.58203125 0.326171875 0.58203125
0 0.59130859375 0.953125 0.3974609375000001 0.953125 0.3974609375000001 0.986328125 0.59130859375 0.986328125
0 0.5947265625 0.4954427083333334 0.3896484375 0.4954427083333333 0.3896484375 0.5286458333333334 0.5947265625 0.5286458333333335
0 0.59228515625 0.7467447916666666 0.3911132812500001 0.7467447916666666 0.3911132812500001 0.7799479166666666 0.59228515625 0.7799479166666666
0 0.859375 0.3470052083333335 0.6572265625 0.3470052083333335 0.6572265625 0.3815104166666668 0.859375 0.3815104166666668
0 0.5947265625 0.5677083333333334 0.39111328125 0.5677083333333334 0.39111328125 0.6028645833333334 0.5947265625 0.6028645833333335
0 0.59228515625 0.9173177083333334 0.3964843750000001 0.9173177083333334 0.3964843750000001 0.953125 0.59228515625 0.953125
0 0.5927734375 0.673828125 0.3911132812500001 0.673828125 0.3911132812500001 0.7083333333333334 0.5927734375 0.7083333333333334
0 0.5927734375 0.8509114583333334 0.3959960937500001 0.8509114583333334 0.3959960937500001 0.884765625 0.5927734375 0.884765625
0 0.326171875 0.5104166666666666 0.10351562500000006 0.5104166666666666 0.10351562500000006 0.5462239583333334 0.326171875 0.5462239583333334
0 0.59521484375 0.6041666666666667 0.392578125 0.6041666666666666 0.39257812500000006 0.6393229166666667 0.59521484375 0.6393229166666669
0 0.3251953125 0.47265625 0.10058593750000006 0.47265625 0.10058593750000006 0.5084635416666666 0.3251953125 0.5084635416666666
0 0.3286132812500001 0.6204427083333334 0.10937500000000006 0.6204427083333334 0.10937500000000006 0.6569010416666666 0.3286132812500001 0.6569010416666666
0 0.59326171875 0.8177083333333334 0.3945312500000001 0.8177083333333334 0.3945312500000001 0.849609375 0.59326171875 0.849609375
0 0.3295898437500001 0.7981770833333334 0.12060546875000008 0.7981770833333334 0.12060546875000008 0.83203125 0.3295898437500001 0.83203125
0 0.5908203125 0.8834635416666666 0.3945312500000001 0.8834635416666666 0.3945312500000001 0.916015625 0.5908203125 0.916015625
0 0.3305664062500001 0.8326822916666666 0.12207031250000008 0.8326822916666666 0.12207031250000008 0.8678385416666666 0.3305664062500001 0.8678385416666666
0 0.83056640625 0.9680989583333334 0.6416015625 0.9680989583333334 0.6416015625 0.994140625 0.83056640625 0.994140625
0 0.3295898437500001 0.9733072916666666 0.1293945312500001 0.9733072916666666 0.1293945312500001 1 0.3295898437500001 1
0 0.862072452065943 0.3417199332685282 0.861938232421875 0.306466796875 0.6609395108246819 0.3078272672523052 0.66107373046875 0.3430804036458333
0 0.32208774802048473 0.4686001310722525 0.32179350388960304 0.43085848436810686 0.10041796875 0.43392675781249995 0.1007122128808817 0.47166840451664566
0 0.3330078125000001 0.728515625 0.11669921875000006 0.728515625 0.11669921875000007 0.7649739583333334 0.3330078125000001 0.7649739583333334
0 0.32497839507459414 0.8980626862437712 0.32368261718749997 0.8601399739583334 0.12438000336290587 0.8722465585478957 0.12567578125 0.9101692708333334